Epoch	AverageEpRet	StdEpRet	MaxEpRet	MinEpRet	AverageTestEpRet	StdTestEpRet	MaxTestEpRet	MinTestEpRet	EpLen	TestEpLen	TotalEnvInteracts	AverageQ1Vals	StdQ1Vals	MaxQ1Vals	MinQ1Vals	AverageQ2Vals	StdQ2Vals	MaxQ2Vals	MinQ2Vals	AverageVVals	StdVVals	MaxVVals	MinVVals	AverageLogPi	StdLogPi	MaxLogPi	MinLogPi	LossPi	LossQ1	LossQ2	LossV	Time
1	-288.5732	43.044346	-240.50388	-366.86844	-471.15836	41.96216	-431.14005	-576.18524	1000.0	1000.0	5000	6.0666647	5.859328	30.724907	-5.150662	6.066638	5.859982	30.847172	-5.1212893	7.2032156	6.092127	32.32564	-14.078543	-1.4299289	3.0345497	98.12392	-13.054565	-7.4513025	0.13399237	0.12749851	0.27659726	40.32025218009949
2	-345.202	69.789635	-234.69328	-409.06903	-569.118	164.7366	-304.35385	-843.4841	1000.0	1000.0	10000	36.848507	14.326161	83.64331	1.7886703	36.848644	14.326493	84.97101	1.8748538	39.344524	14.736773	89.09472	3.8716617	2.3080568	3.7059746	26.228207	-14.399689	-40.155994	0.4844941	0.46042958	0.96556807	79.8060073852539
3	9.161005	385.84692	646.8901	-408.85526	558.04474	434.14337	1292.8984	-73.30097	1000.0	1000.0	15000	65.64139	13.735556	103.84353	25.305246	65.64167	13.73567	105.899765	26.696665	66.82562	13.886126	104.390495	26.375557	0.50830674	3.4066029	34.429665	-15.555687	-67.78415	0.830079	0.7910841	1.5154973	123.20458817481995
4	1381.5476	255.38159	1730.0242	992.15137	2449.2896	31.330683	2513.9255	2413.912	1000.0	1000.0	20000	68.05018	19.435644	114.1244	21.496284	68.05058	19.435377	113.48146	21.917124	68.6896	19.345284	112.29011	24.058823	-0.9043003	2.6921408	22.660843	-13.761263	-69.46828	0.60118693	0.5772584	1.08104	166.00574851036072
5	2310.4565	223.81854	2591.2852	1980.9402	3108.535	450.8098	3622.7798	1903.0945	1000.0	1000.0	25000	79.46672	26.331772	151.16338	20.233948	79.466736	26.332207	152.09714	20.39091	80.19612	26.049353	150.02097	21.588364	-0.051080555	3.129854	32.571247	-12.081172	-81.005684	1.0031561	0.96610606	1.5276088	208.6914839744568
6	3039.0322	337.98157	3346.0334	2399.5815	3725.7163	138.50726	3959.3484	3490.8757	1000.0	1000.0	30000	100.74359	35.169327	182.62149	18.228222	100.74409	35.170597	182.48549	17.148737	101.49643	34.688625	181.57994	16.871616	0.91182715	3.5131319	47.531162	-16.274143	-102.43803	1.7266705	1.6201494	2.3829622	251.2091748714447
7	3390.2144	74.42382	3489.896	3288.8516	3720.9624	144.1533	3923.7231	3525.346	1000.0	1000.0	35000	125.72854	42.849907	216.15266	16.70306	125.728745	42.851467	216.6076	14.727569	126.42883	42.22277	215.37314	17.769281	1.5465916	3.727444	36.505234	-14.265153	-127.5211	2.1544335	2.0490556	2.8987613	294.3523995876312
8	3569.507	164.54706	3721.7463	3263.2466	4148.3467	173.04079	4413.183	3869.7798	1000.0	1000.0	40000	150.82219	48.230354	239.93042	14.806764	150.82253	48.232506	240.32922	15.735733	151.44562	47.49769	241.09889	14.431867	1.9337215	3.8109467	46.888348	-15.252102	-152.59811	2.4221306	2.2419946	3.2269588	337.6104669570923
9	3827.295	71.625656	3952.0815	3733.948	4599.931	74.40023	4756.0933	4497.913	1000.0	1000.0	45000	173.5153	51.915718	260.29327	12.951519	173.51547	51.9174	261.17944	13.296305	174.01709	51.140034	260.2903	15.080238	2.0812013	3.796954	41.814713	-13.316004	-175.19469	2.475997	2.3125496	3.3686347	380.87735867500305
10	4060.689	149.51608	4270.113	3826.546	3814.4739	984.17285	4663.709	1793.3121	1000.0	1000.0	50000	194.20872	55.353687	281.9985	12.043597	194.2085	55.355526	282.4158	12.888426	194.62971	54.54801	279.68552	14.301668	2.2061136	3.7856977	43.58836	-13.449154	-195.8089	2.5686922	2.4349554	3.521146	423.98511576652527
11	4235.0845	60.10979	4351.759	4186.5967	4424.458	388.52493	4863.6772	3424.5642	1000.0	1000.0	55000	213.24228	58.112083	303.1519	10.9651165	213.24265	58.113605	303.498	12.383373	213.598	57.29686	303.09213	14.000156	2.3386924	3.7977192	43.418304	-13.860376	-214.77776	2.8405123	2.7010958	3.8373153	466.94509625434875
12	3626.5715	1554.2623	4564.3496	525.0892	5023.084	89.897606	5181.4697	4896.2915	1000.0	1000.0	60000	226.86444	65.97138	318.48505	6.9027343	226.86472	65.972466	321.00803	3.880616	227.17363	65.271965	318.74728	7.4689627	2.3480885	3.7947505	41.472336	-15.880686	-228.34457	3.0681264	2.9493299	4.1192327	510.2235469818115
13	3797.5261	1493.2853	4736.9604	823.77844	4559.497	1337.0259	5162.5664	558.59015	1000.0	1000.0	65000	240.18604	72.47643	343.58243	-1.3671926	240.18643	72.47725	341.68372	-6.7279286	240.48067	71.78822	343.68686	-2.0467505	2.422807	3.8489923	40.13267	-14.5427685	-241.66685	3.3817828	3.2008004	4.410281	553.0122981071472
14	3965.9224	1394.543	4856.779	1198.2621	5115.374	65.38122	5236.289	5024.2617	1000.0	1000.0	70000	252.41162	79.243515	368.76526	-10.334851	252.41174	79.24411	369.19266	-8.987427	252.68474	78.57309	369.96866	-3.6244347	2.5653596	3.9382021	47.835865	-16.409018	-253.8924	3.840529	3.7632737	5.0154967	596.8063232898712
15	4988.458	118.25707	5173.779	4811.4385	4851.5044	506.38623	5210.7974	3391.195	1000.0	1000.0	75000	266.48996	81.640785	389.31363	-8.184755	266.4903	81.64129	387.49432	-8.203018	266.72086	80.94468	383.78494	-6.304044	2.6453266	3.910184	42.554977	-15.992022	-267.94305	4.022968	3.9186344	5.1416564	640.9673216342926
16	5080.592	319.17358	5415.3086	4605.034	5807.556	162.71274	6091.1953	5544.4497	1000.0	1000.0	80000	279.99017	83.9584	397.47708	-12.922489	279.99066	83.95723	398.21347	-21.808712	280.1808	83.25075	399.39587	-13.558006	2.7614374	3.9311976	50.109486	-13.660701	-281.41296	4.176393	4.1015444	5.3561163	684.4696984291077
17	5190.327	263.0392	5623.233	4828.537	6066.7837	105.03461	6208.982	5904.3936	1000.0	1000.0	85000	292.99713	85.576035	413.53748	-27.800055	292.9973	85.575966	416.17572	-17.664295	293.15338	84.8329	413.85846	-8.591794	2.9186254	3.9449382	52.048195	-12.930643	-294.4097	4.5582438	4.414681	5.721018	728.2411916255951
18	5400.54	388.18423	5781.2363	4688.6406	6297.6616	260.59885	6768.731	5865.654	1000.0	1000.0	90000	305.18234	87.950134	449.26324	-112.92794	305.18246	87.95054	449.38712	-101.23868	305.33664	87.198425	445.5136	-103.78423	3.1066892	3.995711	50.783974	-15.343224	-306.62204	4.869699	4.8012753	6.0991497	771.4766111373901
19	5732.6475	282.61655	6010.2266	5271.706	6064.314	97.638214	6210.1777	5911.0957	1000.0	1000.0	95000	317.49164	90.74282	460.05862	-124.39058	317.49142	90.74272	458.17596	-124.11007	317.63666	89.996574	455.3296	-128.65018	3.3167937	3.9833753	40.27953	-13.283231	-318.9545	5.3131557	5.2514343	6.5554	815.5360286235809
20	5604.966	241.4203	5996.0503	5336.024	6404.1494	151.17305	6585.99	6108.716	1000.0	1000.0	100000	330.9179	92.31133	471.94562	-131.04422	330.9181	92.31093	470.33795	-123.1529	331.0921	91.53071	470.25943	-129.42899	3.525507	4.036317	61.70537	-14.456228	-332.42654	5.6319704	5.522806	6.9242954	858.4560062885284
21	5942.9805	163.60837	6102.849	5638.4966	6478.683	97.76206	6615.525	6243.8467	1000.0	1000.0	105000	343.56393	93.8558	485.55725	-116.24024	343.56454	93.854935	485.43723	-116.40352	343.69553	93.049515	482.47705	-121.5341	3.6603525	4.067783	42.655327	-15.344127	-345.05054	6.223682	6.1158514	7.5310445	902.1112742424011
22	6051.519	420.54788	6552.487	5295.8867	6327.9844	810.1017	6738.0166	3921.756	1000.0	1000.0	110000	355.02817	95.09747	491.9477	-112.55548	355.0287	95.09676	491.42166	-110.38626	355.13467	94.264854	490.648	-120.47384	3.7068515	4.036566	44.09785	-13.621805	-356.49905	6.1831083	6.0716453	7.432278	946.1580865383148
23	6174.072	183.01877	6391.1963	5857.401	7003.737	111.56022	7142.102	6823.342	1000.0	1000.0	115000	366.3009	95.71096	506.3997	-118.34692	366.30127	95.710915	504.31183	-112.94884	366.38184	94.85368	503.21188	-121.4368	3.7703981	4.03377	42.077137	-12.838394	-367.74402	6.222793	6.050458	7.502598	989.9995238780975
24	6464.026	250.12186	6680.5903	6059.896	7290.8843	120.479126	7557.57	7057.144	1000.0	1000.0	120000	376.83173	96.8986	518.648	-110.157104	376.8321	96.89771	521.2911	-111.89251	376.88132	96.04152	518.23865	-112.545586	3.8729568	4.0354557	44.96603	-12.652702	-378.24524	6.1320834	6.0806084	7.393103	1033.537668466568
25	6505.9795	255.8809	6820.438	6117.961	6991.4844	164.27437	7309.701	6818.093	1000.0	1000.0	125000	387.5193	97.78541	533.75195	-91.74782	387.51926	97.78552	538.48096	-94.419525	387.58777	96.90265	530.9562	-93.67343	4.045406	4.0719657	49.800205	-15.093285	-388.95578	6.355528	6.2315526	7.6434093	1077.3494398593903
26	6493.236	147.89867	6634.251	6246.746	7049.514	164.19681	7474.404	6844.9263	1000.0	1000.0	130000	398.26688	98.53254	544.91565	-84.146935	398.26715	98.53083	544.71594	-90.80127	398.29248	97.641266	541.329	-83.57013	4.0379367	4.050738	52.35182	-14.053181	-399.65854	6.4292884	6.427453	7.785006	1121.6642699241638
27	6989.819	431.42303	7545.2935	6473.263	7293.65	123.02765	7466.65	7053.856	1000.0	1000.0	135000	408.07956	100.44714	565.61066	-85.33978	408.0797	100.44647	566.907	-85.9213	408.13907	99.53422	562.8285	-88.742836	4.1146374	4.090469	51.409718	-13.87171	-409.50885	6.581883	6.6244154	7.9647264	1165.4630212783813
28	7025.9893	179.65259	7204.0073	6758.638	7230.8525	805.114	7871.479	4892.919	1000.0	1000.0	140000	419.37213	101.44494	584.33936	-95.21886	419.3728	101.44376	580.5911	-94.04982	419.4407	100.51497	580.7687	-95.05867	4.2379985	4.108231	60.159176	-15.064355	-420.8247	6.8836265	6.810143	8.19438	1209.2866451740265
29	7364.215	242.8886	7624.944	6905.3105	6789.0146	126.91861	6987.6826	6594.206	1000.0	1000.0	145000	430.25937	103.27198	601.5808	-112.943016	430.25983	103.26968	604.17444	-108.84334	430.3278	102.32716	600.86523	-110.24345	4.421265	4.138658	52.337994	-12.379202	-431.7432	7.081786	7.072081	8.464006	1253.7359912395477
30	7424.603	462.7797	7728.203	6505.617	7737.671	760.83453	8232.129	5501.526	1000.0	1000.0	150000	441.34286	104.82532	614.423	-122.111336	441.34305	104.82444	613.52094	-123.50514	441.40973	103.87622	611.6042	-125.54078	4.560855	4.159224	52.352703	-14.005768	-442.84555	7.4876966	7.5115094	8.966464	1297.5995028018951
31	7560.7407	177.74294	7752.1733	7245.9053	7181.673	2110.9243	8026.012	855.9319	1000.0	1000.0	155000	452.4875	106.6177	628.4801	-112.55874	452.4881	106.61709	626.6775	-113.79345	452.56732	105.623215	623.84424	-117.241356	4.700505	4.1907516	53.108204	-13.509366	-454.02896	7.775727	7.7978125	9.196209	1342.020474910736
32	7554.04	143.6997	7809.1865	7376.0522	7462.3384	111.80409	7653.317	7272.8135	1000.0	1000.0	160000	463.89725	108.52702	635.82355	-104.47969	463.89734	108.525215	635.51917	-99.20624	463.98538	107.52304	635.8546	-106.493164	4.8622255	4.200576	51.20083	-12.61043	-465.4646	8.199956	8.308633	9.705856	1386.505845785141
33	7723.6484	470.18484	8261.668	7054.099	8494.073	205.81984	8827.361	8070.739	1000.0	1000.0	165000	474.93665	109.10592	651.163	-110.758606	474.9366	109.10441	650.7028	-108.24172	474.9936	108.07841	656.50494	-110.649315	4.961227	4.223607	50.63772	-16.346525	-476.4854	8.783822	8.795659	10.29931	1430.275601387024
34	8187.8564	135.40794	8373.223	7973.542	8977.168	226.54477	9386.4795	8684.467	1000.0	1000.0	170000	484.91772	111.35387	670.49054	-103.97891	484.91782	111.352844	669.05963	-102.76141	484.9724	110.32427	668.43085	-115.18053	5.092104	4.234649	54.34121	-14.450638	-486.4929	9.1663885	9.218497	10.536881	1473.6676228046417
35	8055.6885	339.1262	8404.156	7437.6777	8982.924	109.60343	9184.023	8828.693	1000.0	1000.0	175000	494.83142	113.040855	685.77704	-108.35739	494.83167	113.03898	684.3091	-112.34882	494.86417	111.974304	677.0953	-108.48708	5.186533	4.2443476	48.60575	-12.116478	-496.3962	9.07883	9.062487	10.302952	1517.86310505867
36	8246.721	296.06827	8549.844	7728.1177	8721.986	245.37465	9101.551	8324.693	1000.0	1000.0	180000	504.44992	114.830124	688.5056	-113.17833	504.44992	114.8306	690.1143	-107.326965	504.48856	113.75771	687.8948	-108.560356	5.307845	4.3164	58.65886	-12.199611	-506.02234	9.305509	9.241302	10.683279	1561.5731613636017
37	8317.4	143.40103	8417.474	8035.554	8476.002	454.64874	8811.043	7173.4243	1000.0	1000.0	185000	514.9184	115.971375	698.10815	-104.40603	514.9189	115.9697	697.4911	-105.68898	514.9608	114.89596	696.0245	-110.34311	5.5034275	4.3194385	50.69006	-13.353165	-516.524	9.6577215	9.713398	11.113828	1605.3574199676514
38	8563.646	177.18518	8796.259	8349.224	7712.2656	2034.6826	8584.369	1615.3528	1000.0	1000.0	190000	524.2382	117.895386	710.06213	-98.471596	524.2382	117.89285	708.15466	-105.513565	524.24536	116.79285	710.2263	-111.074295	5.622223	4.3414154	58.506218	-13.088766	-525.8614	10.344264	10.256031	11.694794	1647.8419830799103
39	8193.475	295.01083	8594.991	7792.92	9061.343	195.26059	9394.2	8816.503	1000.0	1000.0	195000	533.107	118.815834	714.11835	-113.160484	533.1074	118.81561	714.3805	-119.95455	533.14374	117.68931	717.487	-118.20515	5.747189	4.3553686	52.392723	-11.60267	-534.7455	10.492441	10.413164	11.4970255	1689.982884645462
40	8775.253	332.61688	9231.905	8281.916	8688.97	353.3583	9617.814	8222.883	1000.0	1000.0	200000	541.6696	120.10238	736.32544	-124.90378	541.6696	120.10264	735.3444	-123.71108	541.6509	118.970825	737.9028	-116.8303	5.8593087	4.3517237	55.898903	-12.523944	-543.2662	10.830149	10.80413	12.16607	1732.6436831951141
41	8760.2	393.55438	9275.968	8060.293	9395.885	170.28395	9606.668	9126.532	1000.0	1000.0	205000	549.72723	120.70879	745.66785	-112.76392	549.7271	120.707954	747.3958	-107.82204	549.69727	119.55222	739.12506	-112.157974	5.8895297	4.339123	51.494617	-17.397623	-551.3008	10.718865	10.552862	11.961745	1775.2153582572937
42	8912.547	182.7732	9102.745	8619.504	8813.105	183.44524	9090.984	8405.301	1000.0	1000.0	210000	558.15607	122.23222	751.034	-94.574646	558.15656	122.231926	753.8979	-91.80358	558.12823	121.061134	746.5984	-98.457825	5.935857	4.354596	54.89174	-12.753023	-559.7428	10.802188	10.668931	11.9652195	1818.4460372924805
43	8938.502	625.94885	9315.412	7692.166	9571.57	115.15383	9769.284	9356.349	1000.0	1000.0	215000	566.18427	122.323006	757.3176	-81.29829	566.18414	122.32306	760.5661	-77.82582	566.1097	121.15205	753.88586	-84.68888	6.0454984	4.37439	55.89777	-11.59533	-567.7385	10.932795	10.837524	11.95824	1861.7494106292725
44	8620.311	674.4628	9211.765	7345.2793	8406.031	1911.5353	9285.65	2699.7844	1000.0	1000.0	220000	573.4458	124.00464	763.4477	-87.66683	573.44617	124.00339	762.0738	-88.07142	573.39014	122.80139	761.1878	-90.644905	6.064424	4.36311	49.119225	-13.877665	-575.0132	11.317828	11.173048	12.225217	1904.4400506019592
45	9102.858	330.03952	9519.519	8510.837	9682.421	143.00508	9942.016	9497.914	1000.0	1000.0	225000	580.5367	124.83788	769.09125	-90.84709	580.53705	124.8372	768.63306	-93.45182	580.4508	123.623795	764.95807	-96.631905	6.131638	4.4180303	56.67662	-13.7318325	-582.1176	11.574922	11.327635	12.527949	1948.46901512146
46	9338.75	227.34007	9605.597	8976.07	9747.935	191.24168	10093.399	9530.056	1000.0	1000.0	230000	587.6992	125.28533	776.58075	-102.135864	587.6996	125.28492	777.5765	-99.74584	587.5942	124.04724	776.7518	-99.38758	6.205025	4.414561	48.08075	-12.421224	-589.25464	11.596128	11.511011	12.684347	1993.0585820674896
47	8209.463	1972.5013	9568.768	4300.6562	9873.971	157.42012	10203.885	9582.655	1000.0	1000.0	235000	593.08435	128.09682	784.4619	-101.799034	593.0845	128.09679	783.83746	-97.938934	592.97107	126.87307	778.41595	-103.13193	6.2748055	4.427219	51.614887	-12.833474	-594.6313	12.120419	11.927208	13.225261	2037.705843925476
48	9385.144	142.35211	9575.399	9155.572	9938.479	176.99622	10168.883	9526.772	1000.0	1000.0	240000	599.52454	129.57681	795.38055	-101.20626	599.5246	129.57657	795.9695	-95.77847	599.3749	128.35768	796.846	-98.2815	6.346197	4.422175	51.420647	-13.59787	-601.0497	12.497842	12.259831	13.562867	2082.792434692383
49	9010.874	660.42096	9961.402	8129.826	8823.125	1809.4352	9621.223	3417.0112	1000.0	1000.0	245000	605.9533	130.14883	799.6889	-90.0275	605.9541	130.14816	801.98004	-86.07742	605.8168	128.90494	798.2711	-103.18645	6.461375	4.430642	53.15699	-12.073417	-607.4933	13.1118	12.924568	13.720444	2128.07200050354
50	9504.248	462.0106	9936.547	8756.66	9637.396	188.29633	9888.633	9187.178	1000.0	1000.0	250000	611.9616	130.45206	804.99286	-89.47884	611.9617	130.45178	804.0214	-81.838844	611.78644	129.20811	808.6138	-88.152725	6.4501123	4.4262276	60.154083	-12.507643	-613.4418	12.581489	12.415127	13.345987	2173.3894588947296
51	9534.225	338.615	9912.519	8942.954	9815.701	136.62036	10093.831	9612.399	1000.0	1000.0	255000	617.4166	131.78926	808.573	-98.48567	617.4171	131.78882	810.0518	-102.39003	617.2171	130.52455	807.9711	-99.266365	6.543178	4.450828	58.12907	-11.995178	-618.912	13.007134	12.8923645	13.544912	2218.1810824871063
52	9487.135	294.50455	9919.948	9049.739	9960.316	195.41171	10313.026	9627.877	1000.0	1000.0	260000	623.07007	131.76952	816.84973	-103.67487	623.07007	131.76888	815.26263	-94.71032	622.85925	130.49052	815.08093	-100.89856	6.579843	4.457783	63.40816	-13.533507	-624.53546	12.664101	12.471789	13.400739	2262.9292407035828
53	9531.135	211.14992	9912.326	9325.433	10020.089	166.11282	10222.478	9676.702	1000.0	1000.0	265000	628.8066	132.69656	821.6419	-105.15149	628.80676	132.6964	820.2126	-106.1565	628.5958	131.41315	816.5396	-105.07994	6.561003	4.470261	58.19881	-11.92569	-630.2554	12.748827	12.630158	13.4144535	2308.1110892295837
54	9757.605	249.00424	10077.286	9421.643	9831.637	741.8958	10258.613	7627.4546	1000.0	1000.0	270000	633.6606	133.37584	834.91656	-112.5086	633.6615	133.37587	836.53094	-108.52923	633.418	132.06985	831.49756	-115.463425	6.622773	4.455708	57.12287	-11.190418	-635.0908	13.424661	13.070687	14.02999	2353.251023054123
55	9720.081	277.03336	10030.502	9331.8	10270.005	152.6604	10505.515	9988.788	1000.0	1000.0	275000	638.6447	133.1245	846.9009	-112.57446	638.6447	133.12433	851.0682	-110.286575	638.3708	131.80266	841.1851	-119.88152	6.656703	4.467185	55.880886	-12.903278	-640.05005	12.746241	12.585564	13.191017	2398.418028354645
56	9390.923	965.2199	10178.522	7492.4766	9618.525	1601.7439	10428.347	4832.952	1000.0	1000.0	280000	643.03845	134.25069	848.39087	-132.58423	643.03894	134.25003	843.7406	-128.06383	642.7654	132.92531	843.6397	-135.25636	6.7140546	4.4694004	58.692467	-13.210122	-644.4408	13.043331	12.712036	13.509234	2444.0093858242035
57	9678.717	333.05872	10037.462	9047.617	9463.178	587.9678	9973.6045	7794.3926	1000.0	1000.0	285000	648.1423	134.722	851.82666	-158.16699	648.14246	134.72266	851.2191	-157.25703	647.8231	133.40839	846.8497	-159.68428	6.742541	4.4442077	59.83981	-11.818375	-649.4934	13.754684	13.557072	14.201172	2488.94633102417
58	9897.08	382.26743	10559.999	9513.139	9418.521	910.74603	10018.205	6725.321	1000.0	1000.0	290000	651.9708	135.6674	853.8759	-170.52197	651.97144	135.66754	854.28577	-164.24611	651.64526	134.35266	848.6123	-164.56277	6.83053	4.467873	65.52471	-12.570759	-653.3266	13.713211	13.4877	14.045281	2533.524870634079
59	9640.014	277.01712	10058.21	9275.469	10071.59	132.02333	10380.636	9885.433	1000.0	1000.0	295000	656.5957	135.10971	855.1899	-164.85248	656.596	135.11052	856.63025	-163.2264	656.21545	133.78825	854.1604	-164.74591	6.835059	4.448694	68.35839	-12.731977	-657.89197	14.072341	13.827475	14.3917	2579.6028406620026
60	9809.205	267.41464	10277.173	9534.959	10618.494	91.520454	10761.984	10457.229	1000.0	1000.0	300000	660.8339	135.42747	861.14886	-180.50478	660.83417	135.42859	858.21484	-167.07263	660.4837	134.08728	857.0191	-173.87677	6.856504	4.440412	75.508965	-12.892	-662.16943	14.093817	13.821525	14.202384	2625.1627366542816
61	9944.057	148.25839	10113.915	9686.535	9354.732	1688.5317	10161.872	4308.2334	1000.0	1000.0	305000	665.451	136.13556	866.7181	-167.2986	665.451	136.13612	864.3217	-163.25049	665.0857	134.78708	861.28253	-171.02156	6.9515257	4.4917946	74.73249	-13.299561	-666.7673	14.407988	14.161566	14.606122	2671.6532576084137
62	9459.941	635.00323	10074.494	8237.2295	10558.25	75.04724	10697.687	10453.326	1000.0	1000.0	310000	669.23114	136.38353	868.55237	-188.01982	669.23193	136.38359	866.2969	-176.10056	668.8235	135.03197	863.2607	-166.2387	6.9791126	4.477637	64.16898	-14.222359	-670.5384	14.310385	14.065406	14.293363	2717.667956352234
63	9980.616	175.65817	10301.493	9813.817	10472.309	178.12129	10670.162	10109.999	1000.0	1000.0	315000	672.6258	136.85818	865.5305	-184.37175	672.6264	136.858	867.66736	-188.8171	672.2499	135.50137	867.8793	-181.37454	6.8785133	4.5108023	79.12505	-13.222151	-673.94086	14.130849	13.764025	14.231791	2764.0001916885376
64	10094.986	218.9479	10299.536	9676.267	10721.962	213.18576	10975.142	10348.099	1000.0	1000.0	320000	677.1037	137.17932	874.94617	-169.84248	677.1045	137.17952	873.1456	-165.66765	676.6755	135.80728	872.5709	-166.79811	6.9624906	4.5121293	61.785194	-11.439785	-678.3863	14.211366	13.961097	14.315863	2810.184475660324
65	10120.054	358.83386	10601.371	9526.078	10321.889	181.47047	10544.868	9907.814	1000.0	1000.0	325000	681.5462	137.81444	882.4478	-173.89153	681.54596	137.81558	880.0141	-173.67622	681.1305	136.45859	883.5631	-184.70396	7.020779	4.514442	65.052345	-13.065159	-682.8293	14.507284	14.275047	15.031903	2855.7899463176727
66	9824.303	405.42947	10244.27	9049.063	9773.193	186.66348	10105.472	9415.137	1000.0	1000.0	330000	685.6322	138.10129	883.4459	-167.90947	685.6321	138.1029	882.75397	-176.82098	685.2133	136.73444	881.47375	-172.54266	7.0648704	4.5406046	75.28797	-12.991858	-686.90784	14.447222	14.111093	14.359962	2901.759659051895
67	9279.369	977.7211	10201.401	7409.122	10498.493	140.92104	10703.156	10201.69	1000.0	1000.0	335000	688.2844	139.91284	890.76086	-193.76447	688.2845	139.91406	891.7277	-187.07152	687.823	138.57434	881.7355	-193.6839	7.0469995	4.506301	61.029633	-13.788685	-689.5065	14.736884	14.513397	14.717391	2948.0319786071777
68	10072.297	347.3392	10492.047	9525.176	10063.114	1096.6111	10616.685	6814.577	1000.0	1000.0	340000	692.15564	139.67249	891.9064	-236.0026	692.15625	139.67168	895.92316	-219.22527	691.7027	138.32639	897.7625	-212.45636	7.093199	4.4983654	68.67396	-11.683169	-693.3834	15.083911	14.92269	15.176765	2994.195071220398
69	9963.727	353.18982	10384.497	9425.88	10684.916	158.01482	10986.445	10530.71	1000.0	1000.0	345000	695.5433	140.64838	900.4121	-209.9683	695.54395	140.64662	898.20856	-208.90556	695.07764	139.2973	896.39514	-226.78333	7.1967053	4.541628	74.69271	-13.679392	-696.7882	15.333422	15.1008	14.9937315	3040.918637275696
70	10224.689	336.1691	10549.242	9672.99	10500.883	106.344315	10647.526	10311.597	1000.0	1000.0	350000	698.9358	140.34102	898.8564	-211.7407	698.93585	140.34056	899.8602	-202.74461	698.4156	138.97823	901.76715	-224.90904	7.22553	4.5416026	79.65849	-13.74979	-700.14453	15.606249	15.283166	15.396717	3087.216831922531
71	10158.11	226.26176	10426.089	9774.74	10616.583	142.09041	10766.723	10241.785	1000.0	1000.0	355000	701.794	140.17694	905.4033	-234.1272	701.7945	140.17816	903.97064	-243.90106	701.27625	138.82584	901.02344	-246.96326	7.230872	4.5180078	71.841934	-12.821223	-702.9954	15.606191	15.333456	15.19169	3133.6656436920166
72	10269.66	213.24336	10561.02	9963.284	9850.586	2674.485	10954.434	1839.8153	1000.0	1000.0	360000	704.5024	140.55379	909.0069	-222.35072	704.5027	140.5535	906.3074	-224.00284	703.94946	139.18721	900.81586	-223.02135	7.2292066	4.519989	75.93764	-14.667654	-705.66516	15.589497	15.351625	15.415836	3180.5853247642517
73	10265.058	229.43556	10599.174	9920.499	10301.948	151.73996	10516.9375	10001.297	1000.0	1000.0	365000	707.05914	140.69829	905.71014	-205.22794	707.0596	140.69667	904.36664	-205.46713	706.4989	139.33604	904.6454	-203.79428	7.2343335	4.496482	76.55529	-14.157051	-708.23834	15.904324	15.582594	15.367016	3227.1758575439453
74	9651.115	783.3544	10427.92	8160.1167	10135.617	208.49275	10564.0	9773.126	1000.0	1000.0	370000	709.66956	141.12341	906.876	-260.95444	709.67035	141.12326	906.95447	-261.13293	709.09576	139.78772	904.51276	-274.5899	7.2716026	4.5141873	72.67278	-13.215524	-710.8126	16.551432	16.314236	15.637566	3273.5611531734467
75	10028.499	331.41867	10517.103	9557.341	10532.371	175.6597	10817.246	10280.657	1000.0	1000.0	375000	712.51074	141.738	909.8153	-284.1341	712.5106	141.73961	911.0325	-279.26416	711.90625	140.40079	907.07025	-298.8816	7.270893	4.5168023	64.01132	-12.255431	-713.6496	16.401075	15.966566	16.001423	3320.684218645096
76	10323.847	186.50974	10650.147	10086.752	10775.534	161.42201	11032.991	10574.8955	1000.0	1000.0	380000	714.3228	142.50797	914.6323	-289.93195	714.3233	142.50754	914.88837	-290.8794	713.72296	141.1513	912.4985	-277.15198	7.3439126	4.5482497	75.92899	-12.187199	-715.4358	16.169415	15.787522	15.821008	3366.6106424331665
77	10106.116	743.41125	10864.322	8710.485	10670.33	233.75426	11070.279	10176.505	1000.0	1000.0	385000	717.10944	141.62863	919.37646	-253.42348	717.11005	141.6293	920.74976	-263.06726	716.47955	140.27805	915.535	-269.861	7.2855287	4.5236106	67.19113	-11.158502	-718.1773	16.277225	15.800671	15.631662	3413.234808921814
78	10317.969	225.18828	10587.491	9911.976	10753.663	206.05322	11066.49	10415.441	1000.0	1000.0	390000	719.08417	142.33847	918.2213	-223.6673	719.0843	142.33987	922.7956	-214.31493	718.451	140.98833	914.61786	-215.89658	7.3208814	4.506921	56.565136	-12.448492	-720.1522	15.748904	15.541753	15.236715	3459.611452817917
79	9900.859	697.1538	10629.803	8586.907	10263.829	191.33395	10715.864	9894.739	1000.0	1000.0	395000	721.567	142.1011	924.1585	-200.37483	721.5671	142.10277	926.24176	-204.63692	720.96045	140.72215	916.2578	-207.32138	7.402289	4.551188	63.928413	-12.311129	-722.6426	16.141378	15.829684	15.480041	3506.290565252304
80	10087.525	302.89716	10529.4	9599.39	10789.549	88.41527	10950.652	10646.923	1000.0	1000.0	400000	725.0218	142.18475	930.83075	-215.00415	725.022	142.18668	926.14294	-203.37099	724.4044	140.85144	927.4877	-216.8223	7.3569665	4.581214	61.938263	-13.597852	-726.0732	15.784911	15.433829	14.8691845	3553.3615415096283
81	10484.203	202.78442	10700.861	10156.577	10536.801	122.74565	10674.418	10261.134	1000.0	1000.0	405000	727.55817	142.7774	925.3396	-201.09787	727.5585	142.777	926.9577	-201.38824	726.91046	141.43874	925.49963	-214.12259	7.384395	4.560829	61.39667	-11.179136	-728.6094	15.640831	15.319511	15.075994	3600.1443593502045
82	10546.256	233.39304	10823.467	10263.025	9733.219	253.05016	10066.417	9102.856	1000.0	1000.0	410000	730.45734	143.57959	934.6179	-214.37637	730.45734	143.57938	934.7141	-245.69385	729.8087	142.22884	930.72473	-250.97166	7.4319034	4.5492887	71.40486	-12.215685	-731.4794	16.227549	15.946093	15.872509	3647.394284248352
83	10220.31	497.73328	10759.44	9297.705	9120.182	2524.625	10681.034	2340.9543	1000.0	1000.0	415000	733.12897	143.43452	933.15497	-199.80942	733.1298	143.43437	935.12756	-203.71056	732.4537	142.09395	931.2955	-210.2026	7.5298867	4.583546	72.339905	-14.924829	-734.1515	15.8555355	15.372291	14.892191	3694.13600230217
84	10330.383	250.38179	10666.969	9918.468	10995.22	134.34671	11221.982	10761.262	1000.0	1000.0	420000	735.004	143.26979	932.8835	-197.91548	735.0044	143.2696	934.0703	-192.04474	734.31067	141.90573	932.80273	-200.73439	7.4412246	4.550404	66.79302	-11.4750185	-736.0026	16.286053	16.076675	15.5087595	3741.972272872925
85	10449.946	343.4613	10893.103	10038.734	10415.019	98.82198	10565.356	10220.044	1000.0	1000.0	425000	736.79016	142.63304	937.174	-223.07721	736.7907	142.63188	939.0595	-224.6562	736.08386	141.29097	931.1866	-221.78975	7.515016	4.5656137	84.58033	-12.140609	-737.76514	16.182302	15.906658	14.9892435	3789.919573068619
86	9979.156	378.16595	10355.316	9281.205	10562.726	133.92532	10793.16	10320.186	1000.0	1000.0	430000	739.051	142.35709	935.6438	-207.68008	739.05176	142.3565	934.4503	-198.95369	738.35706	140.99504	934.74744	-205.6762	7.518023	4.529826	71.82584	-13.598956	-739.9992	15.418591	15.251287	14.918005	3838.164744615555
87	7878.107	3543.0376	10426.586	1363.1849	10799.203	104.01249	10978.069	10672.915	1000.0	1000.0	435000	740.40204	145.57913	936.1914	-362.36154	740.40247	145.58002	938.0572	-432.4692	739.6956	144.27547	935.01624	-350.4472	7.557676	4.5429683	69.44139	-12.489932	-741.3261	15.873062	15.561736	15.048508	3885.940326690674
88	10252.737	340.48187	10603.205	9775.467	10801.663	123.40725	11030.144	10585.865	1000.0	1000.0	440000	741.4026	148.46252	936.3838	-278.20105	741.4029	148.461	939.36487	-295.4832	740.6696	147.1722	936.01086	-291.9992	7.478457	4.5399013	79.44275	-12.217392	-742.3313	16.4609	16.22566	15.270275	3934.167739868164
89	10444.941	200.57118	10732.246	10123.188	11165.743	179.84856	11471.367	10837.096	1000.0	1000.0	445000	743.33563	148.53342	939.22345	-320.71942	743.33575	148.53447	940.93054	-276.73325	742.59045	147.24466	937.08	-299.40982	7.536798	4.5221653	71.92625	-11.58195	-744.2633	17.174828	16.956104	15.740459	3982.5617487430573
90	10125.224	714.3832	11010.484	8894.652	10902.692	591.9124	11228.468	9152.88	1000.0	1000.0	450000	745.9575	148.941	940.05585	-363.1289	745.95825	148.93806	939.4226	-378.54044	745.1997	147.65341	939.9764	-340.15143	7.5505757	4.5502343	83.95971	-11.482295	-746.8718	16.913113	16.601204	15.908764	4031.6586225032806
91	10630.983	213.94144	10984.332	10364.97	10794.274	107.187775	10988.623	10656.989	1000.0	1000.0	455000	748.07117	148.65222	941.1206	-356.11716	748.072	148.65178	941.21515	-374.0327	747.2895	147.39615	939.396	-387.92786	7.554952	4.5657024	75.48146	-13.689643	-748.9951	17.45814	17.284185	16.026726	4079.768252849579
92	10319.994	224.9649	10628.752	9977.091	10177.535	102.63708	10373.17	10045.578	1000.0	1000.0	460000	750.0206	148.90887	943.3249	-389.8794	750.0213	148.90503	946.22095	-381.02634	749.2243	147.63928	946.26904	-371.79614	7.5665693	4.5203505	69.595474	-14.839699	-750.9258	17.452896	17.22416	15.70359	4128.3791716098785
93	10176.487	425.36676	10601.125	9430.593	10732.298	199.71135	11023.945	10449.209	1000.0	1000.0	465000	752.1769	149.01457	940.358	-449.78207	752.17725	149.01486	941.92474	-410.91592	751.37445	147.70926	942.8572	-437.87927	7.678159	4.5367484	72.26284	-15.048284	-753.0723	17.254206	17.10395	15.767256	4177.1290807724
94	10067.169	392.1598	10471.427	9445.189	11026.767	135.17516	11292.118	10812.443	1000.0	1000.0	470000	753.19543	149.34186	947.49817	-402.85513	753.19556	149.3418	949.41174	-430.6648	752.39166	148.08029	947.25977	-408.9303	7.6497426	4.5204406	78.519684	-13.078081	-754.0944	17.12709	17.025024	16.091606	4225.872793197632
95	10399.0205	177.74088	10654.444	10152.842	10545.302	107.735855	10709.394	10361.274	1000.0	1000.0	475000	754.99994	148.7894	947.6934	-494.5795	755.0008	148.78766	949.9983	-497.2188	754.18274	147.51715	942.8971	-481.91794	7.682132	4.5809097	68.54796	-13.377825	-755.87854	18.243214	17.915743	16.394432	4274.8537774086
96	10115.521	692.88666	10920.438	8831.6	10559.76	105.05099	10687.598	10376.462	1000.0	1000.0	480000	755.79126	148.58928	946.5464	-436.96655	755.7915	148.58847	946.0021	-439.97223	754.92816	147.29382	942.54266	-444.8004	7.6568937	4.5415626	70.82102	-10.681816	-756.6525	17.656185	17.442308	16.378292	4322.85052895546
97	10492.069	473.9266	10957.807	9603.9	11117.957	159.91034	11388.715	10898.854	1000.0	1000.0	485000	756.4186	148.51001	947.1029	-376.58466	756.4195	148.50835	947.64703	-381.50394	755.5691	147.24138	945.76776	-499.27426	7.643501	4.5833874	61.20147	-15.007909	-757.2662	17.352371	16.851017	16.294794	4371.202707290649
98	10577.686	246.40263	10816.115	10128.503	11090.9795	130.30301	11322.269	10857.097	1000.0	1000.0	490000	758.31354	148.05646	947.5588	-371.31766	758.3138	148.0566	946.1177	-337.53195	757.44006	146.80061	949.4827	-352.2674	7.664846	4.516999	73.76765	-10.821677	-759.1333	17.069784	17.069382	16.139572	4419.376398086548
99	10349.255	527.10345	10743.072	9337.967	9596.137	442.3493	10116.261	8951.656	1000.0	1000.0	495000	759.353	148.20135	948.9344	-387.8273	759.3534	148.19942	951.1092	-401.77	758.4825	146.9056	946.027	-352.88947	7.741832	4.534662	72.0952	-11.871296	-760.1766	18.250412	17.80985	16.660938	4467.176444768906
100	10326.727	388.11328	10617.398	9568.62	10775.481	122.54357	11016.3	10556.277	1000.0	1000.0	500000	760.3818	148.1643	948.26154	-380.03665	760.38226	148.16418	945.8433	-380.5226	759.50006	146.90504	947.9841	-367.7617	7.7622137	4.5906453	69.7209	-12.907824	-761.1859	18.758253	18.210604	16.646456	4513.919382810593
101	10659.94	160.4002	10838.647	10454.989	11054.227	76.4103	11211.281	10952.141	1000.0	1000.0	505000	761.5865	147.64165	945.78845	-339.76187	761.5869	147.64436	948.12256	-341.0419	760.681	146.37244	944.48816	-362.73703	7.781959	4.556759	73.573685	-12.435918	-762.3891	17.889402	17.435083	16.004402	4560.56477355957
102	10640.102	242.78204	10958.933	10324.199	11094.922	130.45815	11337.213	10930.725	1000.0	1000.0	510000	763.3519	147.83875	948.29297	-408.90796	763.3522	147.83733	952.2193	-356.95334	762.4568	146.56248	949.14905	-368.23184	7.7524886	4.5272293	70.81096	-11.964366	-764.1455	16.967804	16.649323	15.5590315	4610.075897216797
103	10729.4375	132.80318	10993.874	10642.283	11012.319	108.64456	11168.633	10859.597	1000.0	1000.0	515000	765.33606	147.48329	948.9914	-385.5607	765.3365	147.4831	949.7633	-398.9536	764.4332	146.23134	951.9084	-424.55908	7.824844	4.55903	62.86249	-12.169643	-766.1409	18.20541	17.88344	16.728765	4659.205526351929
104	8694.077	3513.3252	10678.459	1688.1797	10825.997	175.65736	11021.318	10358.974	1000.0	1000.0	520000	765.3233	153.27408	949.71875	-796.0463	765.324	153.27075	950.7121	-865.8247	764.3956	152.01163	949.30316	-790.74805	7.7671976	4.5854793	98.22171	-16.586605	-766.10345	17.769207	17.686728	16.232111	4708.018569469452
105	10512.014	121.333115	10701.779	10376.162	10973.082	601.1798	11305.652	9201.949	1000.0	1000.0	525000	766.9878	151.14088	955.8861	-737.51685	766.98846	151.14142	954.3159	-697.1481	766.05505	149.82646	956.3069	-696.9441	7.7422447	4.5297456	82.78731	-12.189484	-767.7528	19.5247	19.138102	17.271576	4756.589003801346
106	10742.143	196.1739	10964.778	10387.14	10935.586	88.295876	11037.2295	10760.881	1000.0	1000.0	530000	767.73364	150.22906	954.30804	-518.4423	767.73364	150.22723	953.3276	-523.6153	766.7857	148.95718	952.4156	-577.5286	7.8215203	4.546224	107.52307	-12.528306	-768.4947	18.281881	18.274193	16.119787	4805.518537044525
107	10601.106	216.35838	10837.602	10225.987	10944.839	117.47131	11141.981	10819.817	1000.0	1000.0	535000	769.3823	149.43382	956.1051	-555.6809	769.3834	149.43396	955.7849	-584.15076	768.4388	148.21468	950.1399	-481.2096	7.9076557	4.5492816	96.06403	-12.673162	-770.1287	17.97149	17.613262	16.17774	4854.386118412018
108	10780.932	103.37318	10980.902	10687.033	10764.354	127.07353	10972.012	10593.541	1000.0	1000.0	540000	770.5852	150.6528	955.2191	-492.9689	770.5857	150.65208	955.1815	-470.5856	769.66046	149.44301	955.0378	-468.5044	7.81157	4.561408	95.65391	-15.233798	-771.341	17.901237	17.428263	16.040302	4903.616322755814
109	10336.407	295.15515	10658.539	9980.367	10868.514	140.42781	11074.481	10630.35	1000.0	1000.0	545000	772.74646	150.55298	954.89716	-459.78748	772.7467	150.55289	956.6941	-423.8782	771.79407	149.33037	952.14294	-391.2289	7.838083	4.5542755	85.19207	-12.70275	-773.4648	17.716719	17.628525	16.009663	4951.807713508606
110	9443.207	2103.5833	10749.577	5246.561	11134.104	181.31488	11410.616	10829.684	1000.0	1000.0	550000	773.36786	150.99796	958.5963	-385.92102	773.36816	150.99692	956.7441	-419.58975	772.4039	149.76765	963.591	-414.66632	7.7678423	4.5746837	96.68007	-14.2997265	-774.0861	17.635323	17.709984	16.149523	5001.973414897919
111	10163.695	1255.5065	10928.916	7687.719	10161.442	1568.6353	11149.319	5512.7896	1000.0	1000.0	555000	773.54425	153.24748	958.1814	-434.30835	773.544	153.24925	956.3222	-363.4336	772.5424	152.04688	953.2145	-340.5087	7.737491	4.5605273	88.02156	-11.280937	-774.2343	18.698938	18.07579	16.198652	5050.524787425995
112	10220.8955	442.01108	11004.462	9795.592	9698.096	365.9698	10366.772	8935.772	1000.0	1000.0	560000	774.74786	152.47084	956.92554	-410.71927	774.7489	152.46886	959.0322	-422.36807	773.74774	151.22731	959.0255	-445.7821	7.7524285	4.556884	97.70755	-10.952552	-775.4351	18.699621	18.661871	16.356697	5099.421413421631
113	10199.239	1088.1936	11077.461	8072.7275	11239.953	126.655266	11476.056	11098.255	1000.0	1000.0	565000	775.9693	150.72458	956.5278	-419.56006	775.9685	150.7288	956.81006	-385.17456	774.93317	149.46617	953.50507	-348.41495	7.8062077	4.5654244	85.49078	-11.416806	-776.6401	18.6533	18.482128	16.994905	5149.218197584152
114	10716.192	202.77333	10923.113	10348.213	10778.256	1320.2666	11371.255	6836.9585	1000.0	1000.0	570000	775.84015	151.9774	956.1377	-235.43713	775.8404	151.97734	954.39667	-294.10468	774.8061	150.78427	959.18384	-236.333	7.798535	4.612414	81.67439	-14.302293	-776.4857	18.338657	17.866558	15.719656	5198.6781306266785
115	9167.243	3221.2793	10826.762	2725.2432	10182.042	118.430374	10423.316	9994.549	1000.0	1000.0	575000	775.67694	153.04333	955.9884	-544.103	775.67737	153.03809	955.031	-332.07654	774.616	151.7914	952.94226	-281.80905	7.8064623	4.761545	141.74362	-12.453888	-776.3566	20.929203	19.99943	19.983028	5248.082764625549
116	10654.518	371.68866	11116.464	10022.012	10688.33	172.43361	10950.814	10421.912	1000.0	1000.0	580000	776.41144	152.80779	959.4138	-274.31317	776.41296	152.8034	959.9097	-228.2892	775.3863	151.52065	958.7486	-190.75732	7.8609834	4.6826544	76.10878	-13.800653	-777.0848	20.839693	19.81635	19.952257	5297.059789896011
117	10561.5625	168.72194	10858.967	10398.758	10972.627	171.47014	11239.433	10747.985	1000.0	1000.0	585000	778.44385	150.61272	963.9347	-277.7299	778.4448	150.6076	959.3519	-286.24176	777.41095	149.3518	957.2067	-397.7259	7.9987097	4.6804385	79.640305	-11.000278	-779.1071	20.166265	19.772978	18.989265	5347.1066246032715
118	10586.709	166.2425	10823.957	10329.263	11048.979	134.59293	11265.824	10825.894	1000.0	1000.0	590000	779.3516	150.38293	959.0428	-135.27599	779.3525	150.3804	959.31116	-165.9408	778.3141	149.17856	953.3352	-198.72336	7.9792275	4.6673684	85.614456	-12.515589	-779.9589	18.980066	18.85594	17.466045	5396.760685682297
119	10675.316	83.58277	10767.703	10517.524	8952.401	1903.5464	10060.144	3624.0835	1000.0	1000.0	595000	780.55164	151.47775	959.37726	-228.0917	780.5517	151.47713	960.5071	-152.5883	779.47034	150.33723	958.4783	-138.57635	7.848077	4.5891514	71.528656	-12.201395	-781.1328	18.895443	18.647278	17.658375	5445.844520568848
120	10230.365	866.07336	10831.253	8520.694	11302.716	131.285	11558.96	11063.772	1000.0	1000.0	600000	781.95	153.25897	960.7214	-552.5406	781.95026	153.25934	965.2799	-499.0999	780.90295	152.15323	959.3444	-672.14795	7.8747	4.633218	76.60083	-13.30002	-782.5777	19.329082	18.435263	17.83579	5495.111827135086
121	10921.24	253.83351	11101.92	10422.589	10828.236	140.55307	11088.231	10649.589	1000.0	1000.0	605000	783.3782	154.51456	960.1371	-657.7825	783.37885	154.51172	962.4028	-560.0314	782.35706	153.33444	962.53937	-536.3162	7.872163	4.6480937	76.17595	-11.145742	-784.0205	19.44325	18.97461	18.245491	5545.168546438217
122	10361.594	366.53723	10806.922	9745.928	10964.521	189.49776	11206.6045	10483.837	1000.0	1000.0	610000	785.1092	153.43886	959.77325	-743.08887	785.1085	153.43872	962.53503	-711.1209	784.03577	152.25838	961.27686	-725.7378	7.9529743	4.6149364	75.16192	-13.948314	-785.7219	19.351694	19.0233	18.2441	5595.644973278046
123	10566.475	158.03127	10784.074	10296.487	11327.027	131.54166	11616.193	11175.176	1000.0	1000.0	615000	786.69006	152.46625	963.8136	-731.63556	786.6907	152.4632	965.68994	-695.5634	785.65436	151.244	960.8276	-660.686	8.064911	4.6683307	81.659615	-14.394388	-787.3273	19.868982	19.373484	18.231657	5644.831995248795
124	10558.798	281.03894	10919.555	10232.625	10962.025	170.55374	11220.534	10728.157	1000.0	1000.0	620000	787.2965	151.84348	966.1245	-678.47437	787.2968	151.84218	965.4461	-539.1791	786.2295	150.57391	962.62506	-645.66223	7.9610896	4.6398754	76.37403	-13.337467	-787.8724	19.253592	18.997757	17.774822	5695.276680231094
125	10837.972	204.0991	11161.755	10554.732	11040.197	142.42336	11295.274	10859.805	1000.0	1000.0	625000	788.9867	150.84741	963.4753	-458.1215	788.9867	150.85217	964.267	-495.61057	787.8745	149.67583	964.18225	-476.2916	8.00158	4.642507	74.38386	-14.112766	-789.548	19.6576	19.480253	17.674765	5744.889288187027
126	10030.803	1144.0936	10886.785	7782.39	11033.799	132.344	11247.8125	10752.452	1000.0	1000.0	630000	789.4159	152.21054	963.70514	-704.06445	789.4158	152.20798	964.31116	-658.0209	788.30475	151.11069	965.4191	-645.74207	7.938443	4.6549735	78.18815	-11.03346	-789.97003	19.164936	18.827286	17.405693	5794.975309371948
127	10713.648	325.8283	11089.774	10105.026	11013.006	185.10725	11303.212	10768.179	1000.0	1000.0	635000	790.1744	153.50781	965.9968	-796.666	790.175	153.50685	967.13007	-729.3569	789.0983	152.27724	963.1707	-705.68164	7.9902763	4.679561	83.66527	-13.500012	-790.7457	20.570766	19.943106	19.292425	5844.829028367996
128	10651.418	322.06326	11165.964	10268.82	11253.677	147.30365	11451.5625	10974.086	1000.0	1000.0	640000	792.1287	152.0247	964.2991	-539.3483	792.12836	152.02647	964.72534	-487.6294	791.0198	150.8355	967.314	-336.26105	8.045039	4.6811204	76.9429	-11.972623	-792.6722	19.9335	20.081556	18.027266	5895.522805452347
129	10492.045	392.09467	10891.227	9748.822	10741.486	78.24021	10875.7705	10607.829	1000.0	1000.0	645000	793.242	152.80156	968.811	-489.29874	793.2433	152.7991	969.24304	-497.49622	792.1108	151.70671	965.9049	-469.20203	8.02544	4.6622143	73.004105	-11.417973	-793.78754	19.903345	20.021364	18.445925	5946.144621372223
130	10744.252	226.4268	10956.77	10322.595	10795.17	218.37079	11144.742	10460.297	1000.0	1000.0	650000	794.9412	153.07747	966.25336	-727.5297	794.9412	153.07562	967.35046	-653.21094	793.87494	151.89017	967.2819	-561.61523	8.053154	4.6321354	69.72492	-12.856322	-795.4903	18.995977	18.79752	17.198841	5996.445646762848
131	10401.589	417.4693	10956.857	9755.909	11178.385	149.92259	11388.198	10991.152	1000.0	1000.0	655000	796.0971	153.00063	967.59033	-558.4417	796.0972	152.99658	967.7287	-562.68274	794.9707	151.88176	968.53406	-511.9322	7.999421	4.63364	68.78872	-14.962431	-796.6245	19.684122	19.520853	17.76564	6047.415977478027
132	10925.523	88.53586	11017.193	10780.15	10975.114	133.86465	11174.932	10765.12	1000.0	1000.0	660000	796.7394	153.60582	965.38196	-691.0373	796.73914	153.60344	966.5098	-688.27997	795.58484	152.48105	966.06445	-688.49506	7.9538293	4.669542	87.96707	-13.054239	-797.2377	19.793613	19.277256	18.220722	6097.02154135704
133	10751.054	192.97693	11026.865	10561.323	11002.236	131.60332	11284.199	10805.021	1000.0	1000.0	665000	797.1619	152.90608	971.4993	-687.0704	797.16315	152.90352	970.857	-641.0842	796.04767	151.78685	967.7021	-656.9965	8.075598	4.6566954	71.97925	-13.325931	-797.6909	19.695597	19.243704	17.922087	6147.430792331696
134	10749.875	309.4998	11113.26	10396.153	10891.852	58.44417	11018.671	10825.947	1000.0	1000.0	670000	798.15546	154.49028	967.57776	-643.00165	798.15643	154.48734	969.4701	-631.079	797.0156	153.40166	966.8707	-669.64465	7.9671817	4.6615148	67.50506	-12.949033	-798.6405	19.029408	18.886969	17.56028	6197.603803873062
135	10817.276	279.20184	11148.352	10321.187	11302.134	148.46191	11475.882	10969.396	1000.0	1000.0	675000	799.6829	152.68134	969.38995	-659.7228	799.6832	152.68127	971.4312	-681.9403	798.5362	151.49797	970.7297	-686.07043	8.114473	4.706321	72.40684	-11.489544	-800.1531	19.22777	18.748219	17.546516	6245.841553926468
136	10574.89	705.3464	11077.569	9192.653	10904.217	142.21504	11119.461	10701.154	1000.0	1000.0	680000	801.11694	151.6111	971.5438	-540.5909	801.1178	151.6101	969.0024	-599.00336	799.9659	150.49944	968.2239	-651.3263	8.044455	4.6613197	71.48511	-14.537102	-801.5903	18.284184	18.21455	16.57748	6294.2706599235535
137	10789.225	396.15814	11328.938	10275.809	10996.147	145.3957	11169.037	10742.101	1000.0	1000.0	685000	801.5899	153.35843	978.3039	-741.9661	801.5907	153.35391	978.36255	-692.7758	800.4098	152.31204	977.8881	-689.2591	8.03932	4.6946087	83.88957	-13.565238	-802.0552	19.234875	19.050919	16.932615	6342.986579418182
138	10900.797	149.57742	11183.735	10754.809	11108.967	123.939476	11392.867	10977.275	1000.0	1000.0	690000	802.2776	152.56496	973.5136	-684.305	802.2774	152.5663	975.35187	-676.9536	801.1139	151.36082	973.795	-655.05566	8.107432	4.723651	78.34847	-10.8572235	-802.7399	19.525732	19.510738	17.067217	6391.8766322135925
139	10949.803	293.8409	11403.384	10597.913	10809.861	193.75635	11119.076	10519.683	1000.0	1000.0	695000	803.59656	150.5243	972.90894	-541.78064	803.5977	150.52126	974.9928	-504.5841	802.4316	149.31656	970.8335	-529.5865	7.9872746	4.6484976	80.206345	-12.706969	-804.0479	18.982634	18.852036	17.06356	6440.605850458145
140	10741.408	365.4946	11259.558	10167.5205	11336.31	146.36946	11568.712	11143.137	1000.0	1000.0	700000	803.96265	149.74434	975.48804	-540.3952	803.9621	149.74448	975.4918	-445.72314	802.7851	148.57991	974.43475	-451.43155	7.9399924	4.620387	84.44872	-12.86345	-804.4056	19.038431	18.751856	16.899082	6488.924221754074
141	11080.736	152.55452	11309.643	10855.603	9924.463	2929.9521	11229.698	1147.161	1000.0	1000.0	705000	804.77655	149.68251	974.8791	-484.41644	804.77716	149.67998	977.4514	-479.47482	803.5697	148.55818	973.4924	-568.0467	7.949306	4.6095066	81.59097	-13.48885	-805.2189	19.313848	18.951227	17.150637	6538.179832458496
142	10941.307	117.798386	11134.801	10765.166	10882.026	110.419876	11097.691	10761.951	1000.0	1000.0	710000	804.6389	151.45218	973.37036	-563.4047	804.63873	151.44966	975.8846	-539.3122	803.4281	150.34816	970.6759	-570.56256	7.968891	4.671556	75.52975	-13.586522	-805.0774	19.238655	19.227724	17.187944	6587.5384294986725
143	10832.122	204.79561	11058.024	10488.7	11247.607	165.51059	11573.666	11018.271	1000.0	1000.0	715000	805.9459	150.24178	981.30255	-693.9384	805.9468	150.23915	981.70703	-677.20465	804.7646	149.05812	978.7157	-614.2678	8.053939	4.6680956	75.08452	-12.565424	-806.39526	18.983511	18.685757	16.517569	6636.473971605301
144	10936.868	269.3886	11289.857	10618.883	10718.726	96.773544	10860.802	10493.893	1000.0	1000.0	720000	807.0414	148.60732	976.41626	-482.82822	807.04144	148.61055	976.9017	-512.8902	805.85547	147.4016	976.25134	-441.49265	8.010087	4.6935973	75.378654	-11.442176	-807.4535	18.224443	18.236113	16.196125	6685.693089962006
145	10600.13	191.02492	10804.513	10303.046	11346.926	134.02089	11580.257	11141.276	1000.0	1000.0	725000	808.7061	147.75777	977.03595	-584.103	808.7062	147.7557	978.1849	-494.12308	807.508	146.63524	977.32837	-567.8427	8.042422	4.6793365	70.17047	-10.439991	-809.1061	18.602692	18.516285	16.328915	6734.72065615654
146	10819.889	112.53259	10970.6	10704.04	11351.189	202.13466	11743.874	10868.013	1000.0	1000.0	730000	809.62445	148.73595	975.99884	-381.30457	809.62524	148.73416	979.9377	-417.23587	808.38855	147.62148	974.3041	-463.77277	7.992431	4.669276	71.1147	-11.438676	-809.9919	18.072025	18.079243	16.603151	6783.8763263225555
147	11056.237	160.33165	11299.696	10812.617	11468.536	154.35857	11703.503	11188.818	1000.0	1000.0	735000	810.2213	149.44827	981.1573	-392.95422	810.22125	149.45131	980.44446	-425.28366	808.99554	148.31229	979.1697	-419.0064	7.8954005	4.6174207	80.361694	-14.218431	-810.59937	18.347944	18.411085	16.136276	6834.561543941498
148	10930.532	103.037704	11084.673	10832.547	11299.471	172.61385	11604.664	11001.349	1000.0	1000.0	740000	811.6809	148.13046	981.37384	-378.01663	811.6821	148.12326	980.87555	-420.3698	810.4748	146.95282	976.31964	-400.03665	8.121232	4.6604133	73.57462	-15.4152975	-812.0798	17.445715	17.581251	15.819901	6885.97944355011
149	11086.783	158.01646	11392.014	10945.933	11006.652	91.53262	11149.833	10867.976	1000.0	1000.0	745000	812.0263	149.29128	979.8221	-455.84735	812.0267	149.2874	979.1438	-483.34735	810.77765	148.19794	980.1968	-423.33707	8.038722	4.692278	79.33428	-12.521117	-812.3903	18.372503	18.503859	16.01889	6938.0551998615265
150	10845.764	135.5766	11003.218	10651.608	11307.053	212.63023	11571.803	10754.535	1000.0	1000.0	750000	813.6536	148.20573	980.5847	-418.74118	813.65375	148.20769	980.6685	-468.06808	812.4322	147.02808	982.10895	-433.8436	8.026718	4.6394496	65.9471	-15.181807	-814.03174	19.197798	18.923878	16.448975	6989.280229091644
151	10894.339	61.68604	10944.883	10773.216	11159.833	208.68765	11588.383	10826.7705	1000.0	1000.0	755000	815.1478	146.96732	977.9284	-371.25662	815.1487	146.96379	980.026	-384.2276	813.9013	145.83754	980.09143	-404.14163	8.106072	4.662329	77.107475	-10.354437	-815.5146	18.607391	18.8334	16.468134	7041.2463591098785
152	10943.775	188.8319	11195.713	10706.084	11219.919	146.03252	11429.3955	10983.82	1000.0	1000.0	760000	815.6702	148.58037	982.552	-518.8033	815.67035	148.58098	984.76483	-490.10843	814.44104	147.43053	981.15497	-395.58643	8.092672	4.696182	79.148605	-12.874792	-816.0189	18.39731	18.470297	16.42559	7092.909499645233
153	10847.308	292.1252	11326.571	10523.334	11300.814	152.26457	11461.944	11035.209	1000.0	1000.0	765000	817.4191	147.06587	981.54834	-404.77368	817.4195	147.06511	982.67	-408.73874	816.1861	145.9181	983.9345	-362.0462	8.1157465	4.6216035	72.26605	-12.886364	-817.74786	17.737286	17.909771	15.580095	7144.263534069061
154	10858.971	443.6898	11335.58	10022.013	11383.424	181.36111	11649.254	11077.212	1000.0	1000.0	770000	819.15643	145.66446	982.4207	-499.7655	819.1564	145.66443	983.67194	-476.35135	817.9032	144.53279	978.6313	-409.77838	8.050369	4.6860876	77.51321	-11.281198	-819.4722	18.12568	18.099777	15.834375	7196.108948945999
155	11099.243	209.42252	11275.908	10692.792	11068.637	110.57556	11239.577	10862.5205	1000.0	1000.0	775000	819.4047	146.53331	980.77673	-666.4428	819.4054	146.53163	981.09033	-677.20166	818.16095	145.37143	980.9638	-621.8338	8.071764	4.6378207	72.74476	-12.146359	-819.7364	18.390457	18.345543	16.69409	7248.507862091064
156	11069.635	204.69496	11351.22	10782.37	11106.275	142.7486	11348.907	10835.351	1000.0	1000.0	780000	819.7536	147.10786	983.44775	-484.05106	819.7541	147.10477	987.07996	-469.5347	818.52673	145.97322	983.50854	-515.07874	8.054724	4.6833863	89.02399	-11.99544	-820.0702	18.16371	17.851973	15.953525	7300.6624410152435
157	11010.8955	340.67645	11280.573	10368.036	11527.564	158.33566	11857.939	11276.494	1000.0	1000.0	785000	821.3541	148.13002	985.9122	-511.64813	821.3557	148.12527	986.7377	-515.1854	820.1191	147.01274	983.71515	-524.3017	8.095691	4.6313033	69.682945	-12.745632	-821.6608	17.256754	17.280287	15.433178	7353.276394367218
158	11075.791	207.06834	11224.851	10670.449	10884.613	1436.1803	11652.283	6603.3115	1000.0	1000.0	790000	822.72577	146.5405	983.9181	-449.01093	822.72577	146.54335	984.72736	-442.48093	821.4837	145.38315	988.02905	-429.5687	8.074756	4.6175227	74.88402	-12.020128	-823.0424	18.224253	18.111475	15.904135	7405.6388647556305
159	10975.0	179.45271	11193.783	10760.049	11519.182	185.53477	11905.657	11228.416	1000.0	1000.0	795000	823.86395	145.91121	986.9951	-540.80035	823.8641	145.9095	986.1402	-460.8099	822.6063	144.77962	988.36847	-463.6395	8.117085	4.582104	67.567215	-10.739375	-824.1783	18.256962	17.955204	15.683112	7458.014896154404
160	10937.012	237.45447	11307.3545	10628.832	11455.936	138.45778	11726.883	11263.61	1000.0	1000.0	800000	824.0083	146.79755	987.9178	-520.3168	824.00867	146.79858	988.9563	-473.15887	822.74304	145.69914	984.9795	-515.72736	8.045735	4.623444	81.3716	-10.363667	-824.3234	18.128513	18.197643	16.117428	7510.158437490463
161	11039.189	218.96082	11330.422	10758.024	11314.359	182.35278	11588.073	10978.187	1000.0	1000.0	805000	825.2545	145.93471	987.1141	-490.55807	825.25543	145.93047	988.01953	-485.09048	823.97375	144.79692	985.9384	-470.60306	8.014494	4.6053123	74.09232	-14.095846	-825.5381	17.991322	18.003323	15.873981	7561.999766111374
162	11105.289	412.6754	11566.316	10330.208	11209.643	149.67828	11450.348	10989.862	1000.0	1000.0	810000	826.18317	145.76366	987.42206	-443.61728	826.1834	145.76196	988.14703	-449.89667	824.94324	144.64508	983.7164	-479.47836	8.183407	4.6453543	71.78097	-10.833565	-826.5012	17.515024	17.416544	15.186284	7613.799846410751
163	10936.932	188.79904	11080.999	10573.672	11117.2705	122.3511	11291.38	10819.693	1000.0	1000.0	815000	827.52606	146.60039	988.08765	-440.28845	827.5262	146.59547	989.9978	-502.56616	826.2302	145.54935	985.8163	-476.16473	8.059552	4.579701	68.34449	-12.336805	-827.8083	17.757513	18.025644	15.496559	7666.014358997345
164	11138.279	226.49866	11565.63	10946.754	11418.572	85.04871	11551.27	11286.691	1000.0	1000.0	820000	827.7915	149.06903	988.7763	-681.5345	827.792	149.06767	993.2468	-698.8259	826.53766	148.06578	991.27026	-781.1214	8.019505	4.599393	79.84691	-13.47905	-828.1235	17.940676	17.8073	15.43142	7718.620572090149
165	9090.553	3726.0645	11164.105	1652.498	11706.135	158.56975	11940.408	11434.051	1000.0	1000.0	825000	829.1691	150.60074	992.7907	-862.38806	829.1692	150.59853	996.6187	-954.1186	827.8859	149.64125	999.93884	-863.8576	8.018592	4.5632586	75.70353	-11.563199	-829.467	18.695887	18.647291	16.119465	7771.388632297516
166	11176.541	202.60286	11368.293	10838.249	11527.186	123.92223	11707.573	11293.495	1000.0	1000.0	830000	829.11835	153.5028	993.30035	-862.2064	829.11865	153.49959	994.381	-856.0963	827.85956	152.439	989.6413	-934.1296	8.076781	4.645263	70.34025	-12.106	-829.4273	17.908388	18.009253	15.66405	7823.995179653168
167	11068.242	339.39932	11581.795	10648.221	11519.446	186.78218	11756.255	11111.419	1000.0	1000.0	835000	829.9047	152.17226	995.89746	-880.91815	829.9059	152.17062	994.33923	-837.6421	828.60986	151.0993	990.08997	-863.14374	8.111039	4.6583867	77.72814	-10.1978	-830.1891	18.998865	19.260563	16.61154	7877.272975206375
168	10956.498	131.56332	11174.26	10817.039	11454.927	127.236565	11653.9	11277.574	1000.0	1000.0	840000	830.70135	150.8546	998.969	-869.7877	830.70056	150.84961	995.6992	-840.046	829.42285	149.7798	993.49335	-935.2668	8.105918	4.660836	74.89242	-14.610857	-831.0167	19.019136	19.15603	16.200514	7930.685471773148
169	10865.792	448.79056	11389.701	10213.553	11291.104	205.36931	11608.441	10932.288	1000.0	1000.0	845000	831.6696	150.04332	995.4822	-802.78107	831.6705	150.03424	994.4703	-813.4238	830.35443	148.97978	1000.5263	-807.94006	8.18567	4.5866375	67.96144	-12.271414	-831.9552	18.633778	19.101517	16.849045	7983.322653055191
170	9836.864	1936.8885	11242.217	6021.6694	11180.597	181.85585	11478.634	10905.006	1000.0	1000.0	850000	831.2063	151.36081	992.8091	-912.3834	831.2064	151.36058	992.28656	-880.5899	829.892	150.31996	992.58606	-818.28516	8.166234	4.6094627	71.70114	-12.131342	-831.485	20.066568	19.702093	16.708546	8036.213863134384
171	11025.971	302.52863	11351.666	10514.518	11518.553	114.10837	11629.344	11275.008	1000.0	1000.0	855000	832.3413	152.34892	996.9798	-775.2383	832.3421	152.34607	998.7554	-789.9839	831.05524	151.32356	997.24866	-922.95593	8.147421	4.633087	82.02295	-10.796478	-832.62964	18.335209	18.232456	16.051132	8089.344573974609
172	11017.732	171.56966	11292.031	10770.073	11566.176	180.48456	11893.708	11292.835	1000.0	1000.0	860000	833.84094	151.33765	997.1045	-572.45404	833.84076	151.33562	996.12994	-589.1968	832.5506	150.27554	997.639	-592.70935	8.106285	4.6270785	88.82886	-13.682456	-834.0939	17.990551	18.364553	15.98148	8142.629947900772
173	10162.122	2033.3759	11426.896	6103.8887	11552.94	58.650944	11646.182	11453.229	1000.0	1000.0	865000	834.7989	151.20367	998.2833	-605.3549	834.7985	151.20349	999.8089	-567.7074	833.5011	150.16371	998.9606	-612.264	8.024026	4.6459603	82.22745	-15.041676	-835.0228	17.720982	17.926926	15.540548	8195.914595127106
174	10991.775	459.31177	11446.723	10212.833	11324.845	103.18538	11439.453	11109.093	1000.0	1000.0	870000	834.6545	152.13416	996.2929	-623.66	834.655	152.13379	997.6484	-606.91876	833.3127	151.12758	996.22076	-639.5765	8.120052	4.6888	86.28089	-12.911788	-834.9127	19.76516	19.597084	16.925903	8249.51834654808
175	11171.674	132.84229	11284.822	10942.578	11717.427	126.60537	11902.011	11466.57	1000.0	1000.0	875000	834.93274	152.70992	998.4532	-733.5916	834.933	152.70514	996.98834	-739.33826	833.6183	151.71214	1002.3183	-656.485	8.059028	4.597618	76.40912	-12.214675	-835.1607	18.688698	18.942629	15.644906	8301.93054652214
176	11263.915	217.47943	11631.972	10982.897	11551.513	158.74187	11841.574	11390.35	1000.0	1000.0	880000	835.4819	153.14586	1000.13873	-756.07434	835.4816	153.14597	999.20636	-724.1742	834.17334	152.13518	1001.9473	-738.43555	8.064739	4.5986576	79.37174	-12.884977	-835.7268	17.530659	17.691671	15.225722	8355.213644981384
177	11063.236	278.39575	11464.744	10704.916	11537.302	235.14474	11742.225	10908.723	1000.0	1000.0	885000	836.60785	152.67656	998.7706	-817.11536	836.6078	152.67369	999.55273	-787.18335	835.2611	151.71266	1006.2146	-746.4247	8.028237	4.638484	82.48189	-13.946256	-836.8289	18.035948	18.103928	16.06578	8408.990840435028
178	11147.444	118.92621	11321.708	10980.258	11489.076	197.52112	11718.371	11148.622	1000.0	1000.0	890000	836.69965	154.19498	1000.849	-996.7092	836.69977	154.19551	998.2453	-1018.6012	835.3621	153.24861	1001.35486	-981.34937	8.000496	4.6418514	71.46699	-10.37377	-836.9073	18.288645	18.37361	15.800578	8462.137888908386
179	11133.689	286.04327	11451.932	10624.976	11804.893	77.64338	11884.537	11608.212	1000.0	1000.0	895000	837.37695	154.7889	1000.2428	-1085.2452	837.37726	154.78635	999.1876	-1050.9177	836.02606	153.7873	1004.35516	-1036.4083	8.108933	4.5891433	78.259125	-16.697697	-837.6032	18.773588	18.805435	16.240837	8516.085917949677
180	11059.164	381.04477	11471.338	10522.651	11567.059	160.93497	11855.096	11253.243	1000.0	1000.0	900000	838.1305	154.08234	1004.811	-844.6296	838.1306	154.08215	1003.1322	-910.26416	836.791	153.09215	998.14777	-848.0181	8.156027	4.624558	90.12165	-12.056177	-838.3555	19.474674	19.373747	16.247162	8569.535266160965
181	11270.502	155.41112	11545.168	11077.618	11679.166	123.7734	11891.008	11542.553	1000.0	1000.0	905000	839.3828	153.37996	1002.19507	-752.058	839.38306	153.3788	1001.86066	-889.62946	838.0261	152.33537	1001.2905	-749.1444	7.985806	4.6081448	73.04876	-10.582484	-839.5717	18.784569	18.362549	16.02605	8623.39376950264
182	11058.028	168.8358	11258.476	10746.677	11224.988	225.53912	11525.567	10921.008	1000.0	1000.0	910000	840.1146	151.22058	1004.2485	-634.662	840.1152	151.21864	1000.11707	-614.0875	838.8032	150.12984	1000.93	-590.2199	8.154968	4.684142	76.737236	-14.766005	-840.3415	18.771402	18.795298	15.7717	8678.079899787903
183	11005.127	257.01895	11379.849	10689.922	10400.8125	139.84912	10646.845	10126.494	1000.0	1000.0	915000	840.80725	150.28857	1002.40735	-531.7703	840.8067	150.28835	1002.15045	-484.0692	839.47284	149.18929	1002.8485	-490.8707	8.110363	4.639091	79.64076	-10.886316	-841.0026	17.869993	18.04238	15.012958	8732.36945772171
184	10724.697	558.19116	11217.042	9982.64	11850.248	144.78476	12121.388	11604.223	1000.0	1000.0	920000	841.2481	149.48685	1002.9448	-422.16605	841.24854	149.4811	1004.5145	-421.00476	839.90704	148.485	1002.8955	-400.6096	8.131136	4.655917	74.442085	-12.784245	-841.4364	18.209707	18.5841	15.448741	8786.105503320694
185	11112.995	277.4721	11436.733	10680.305	11055.344	238.26549	11382.187	10719.881	1000.0	1000.0	925000	842.4852	149.53328	1004.1705	-407.9365	842.4865	149.52528	1003.13654	-402.514	841.1414	148.51117	1004.2697	-476.67532	8.108652	4.6838493	76.50337	-12.762941	-842.671	18.175894	18.178387	15.414946	8840.034876346588
186	11047.959	244.24065	11415.606	10785.481	11798.514	152.80284	12096.6	11504.59	1000.0	1000.0	930000	843.43994	150.27531	1005.1539	-492.95032	843.4405	150.27145	1007.197	-495.75827	842.0855	149.21573	1001.08856	-488.28543	8.173541	4.6722918	83.2486	-10.774821	-843.631	19.49351	19.557415	15.71545	8893.903581619263
187	11326.708	107.25141	11425.285	11119.667	11183.69	159.14728	11474.292	10970.298	1000.0	1000.0	935000	844.51636	148.6535	1007.557	-398.62772	844.5165	148.6514	1004.76605	-415.73694	843.1384	147.6124	1009.3578	-386.30695	8.192434	4.6605053	80.55821	-11.699307	-844.6628	18.177406	18.185415	15.223608	8947.936786174774
188	10874.133	154.395	11012.214	10592.212	10839.551	1857.9862	11733.532	5287.1963	1000.0	1000.0	940000	845.2799	148.7456	1004.02124	-386.7446	845.2797	148.74771	1004.3592	-391.0435	843.91693	147.74936	1003.9289	-426.16135	8.155994	4.6704497	78.488785	-15.274988	-845.4504	18.133215	18.263617	15.077462	9001.746299982071
189	11272.654	126.22186	11384.074	11039.194	11817.361	116.769714	12004.338	11616.873	1000.0	1000.0	945000	846.1736	149.41492	1006.93756	-422.7246	846.17334	149.41399	1006.9814	-486.0748	844.85095	148.37917	1013.1138	-433.73923	8.089204	4.663879	78.113525	-11.177569	-846.3462	17.635197	17.679585	15.044782	9056.302852869034
190	10884.424	241.07217	11286.712	10624.571	11765.377	203.41217	12073.189	11433.643	1000.0	1000.0	950000	847.2376	148.80348	1005.32166	-459.9319	847.238	148.80148	1005.04297	-475.2211	845.876	147.77536	1007.27014	-392.8135	8.121475	4.6804366	77.76596	-11.58297	-847.4211	17.95065	18.100998	15.147931	9109.736465930939
191	11176.033	159.55305	11472.392	11008.636	11540.408	84.15303	11656.293	11430.363	1000.0	1000.0	955000	847.9433	148.78712	1005.3745	-541.89404	847.944	148.78412	1006.77655	-481.29358	846.5742	147.75732	1010.39026	-506.91907	8.091542	4.6651483	75.29736	-13.213941	-848.111	18.485819	18.612724	15.814291	9164.286795139313
192	11183.62	240.60437	11354.157	10711.029	11130.358	137.70674	11277.255	10838.777	1000.0	1000.0	960000	848.62537	148.01045	1005.92944	-438.8053	848.62524	148.00757	1004.6412	-485.00232	847.26917	146.96628	1005.16534	-439.73672	8.204942	4.6345353	90.58383	-12.4479475	-848.7866	18.344969	18.238007	15.249244	9218.74297118187
193	11191.514	292.76944	11545.73	10779.953	11252.501	375.1036	11686.288	10570.835	1000.0	1000.0	965000	849.1636	147.4905	1014.0665	-401.3208	849.16364	147.49083	1014.8682	-407.47763	847.79706	146.49255	1008.9506	-483.3661	8.12084	4.6064487	77.62033	-13.933501	-849.323	18.516634	18.565016	15.405753	9273.333879947662
194	11181.892	276.32434	11460.525	10762.521	11319.023	112.823845	11507.488	11140.463	1000.0	1000.0	970000	850.36053	147.38297	1011.8409	-410.57086	850.3614	147.37938	1012.73206	-415.9903	848.97504	146.38847	1004.2965	-409.0761	8.070301	4.6114154	76.4938	-12.085419	-850.5067	17.992857	18.005713	15.01376	9327.54229426384
195	9451.404	3101.502	11405.302	3273.98	11998.122	197.35051	12307.205	11646.342	1000.0	1000.0	975000	850.3029	148.29662	1010.1669	-450.12125	850.3026	148.29727	1008.5021	-420.24918	848.939	147.26952	1008.3957	-388.82178	8.084951	4.603006	79.99718	-11.144772	-850.4751	18.211529	18.38372	15.412669	9382.573685646057
196	11282.266	219.3105	11578.133	11002.177	10924.296	99.41881	11106.437	10775.213	1000.0	1000.0	980000	849.68524	151.85892	1015.7001	-624.0128	849.68604	151.85873	1017.75555	-763.31793	848.26794	151.0252	1015.5136	-666.17017	8.108574	4.665248	83.55345	-13.96574	-849.8697	19.60205	19.584923	15.8969	9436.808393478394
197	11134.646	189.77191	11342.645	10808.8	11838.246	133.60509	12004.316	11594.755	1000.0	1000.0	985000	849.614	155.1187	1018.30396	-746.868	849.6136	155.12132	1017.55756	-726.3011	848.19855	154.27528	1011.4474	-814.3217	8.114931	4.659971	71.08795	-10.381811	-849.7959	19.462889	19.428366	16.31895	9492.4355905056
198	11204.058	480.37527	11582.782	10263.426	11520.514	1125.3225	12211.872	8179.5283	1000.0	1000.0	990000	849.4522	154.69456	1014.053	-779.7842	849.45294	154.69243	1015.752	-788.95447	848.04517	153.7993	1012.0689	-769.5818	8.180514	4.6419387	75.66	-12.193034	-849.6284	19.337837	19.544117	16.363682	9547.244310855865
199	11339.084	214.61742	11667.16	11018.187	11817.715	83.42679	11917.091	11685.96	1000.0	1000.0	995000	849.8891	155.96895	1014.94366	-810.7139	849.8896	155.96356	1010.6547	-832.87103	848.4714	155.12442	1010.104	-820.2039	8.089334	4.625604	74.10913	-12.680988	-850.0738	19.167233	19.019297	15.950465	9602.664580821991
