Epoch	AverageEpRet	StdEpRet	MaxEpRet	MinEpRet	EpLen	AverageVVals	StdVVals	MaxVVals	MinVVals	TotalEnvInteracts	LossPi	LossV	DeltaLossPi	DeltaLossV	Entropy	KL	Time
0	-762.5038	43.83948	-689.41235	-799.3589	1000.0	-0.022648739	1.299413	3.0752723	-3.3314157	4000	-0.037551995	5161.131	-0.010177903	-754.1875	5.498237	0.0029514108	4.956053256988525
1	-672.5205	58.90792	-588.92285	-753.6523	1000.0	-5.1423955	5.220397	14.02505	-15.95921	8000	0.027986024	3735.347	-0.007356826	-1771.3656	5.5137205	0.0018149646	8.984147310256958
2	-657.76965	57.383896	-598.0132	-752.2007	1000.0	-23.767221	1.087581	-12.55428	-24.920893	12000	-0.02886313	2056.7822	-0.0054091867	-469.33582	5.5383115	0.0010063986	12.723572254180908
3	-666.3039	56.488785	-570.23804	-715.4312	1000.0	-31.288786	0.29095757	-26.452427	-31.54252	16000	0.041600965	1364.9542	-0.0040890835	-317.29858	5.5397296	0.0017669436	16.925199270248413
4	-589.9021	59.301846	-545.0379	-691.8929	1000.0	-36.89419	0.19584435	-33.906403	-37.058376	20000	-0.008032077	677.46	-0.002513444	-91.91101	5.552708	0.0018437793	21.198999643325806
5	-563.6329	140.94746	-423.36234	-724.79816	1000.0	-40.119324	0.13286985	-37.681797	-40.233047	24000	0.006471756	734.4925	-0.0020922758	-46.46582	5.5324636	0.0010036234	25.482301473617554
6	-541.9546	78.74879	-430.76788	-641.0316	1000.0	-42.36879	0.26085666	-39.471928	-42.531994	28000	0.005860829	497.65356	-0.0034889053	-18.594238	5.471621	1.7574786e-05	29.938711404800415
7	-604.1832	105.55475	-446.4747	-707.4149	1000.0	-43.169125	3.937737	33.766285	-43.945904	32000	0.030027004	570.1772	-0.0030447189	-72.207	5.4932246	0.00064709265	33.9247260093689
8	-518.75507	87.05225	-399.36948	-638.93555	1000.0	-45.782524	2.2810879	17.060806	-46.292763	36000	-0.016371172	432.60434	-0.0027557295	-11.540894	5.5379305	0.0012568872	38.269240856170654
9	-590.08417	94.01071	-478.18658	-711.41205	1000.0	-45.496998	4.274733	23.027931	-46.71576	40000	0.015246125	636.57416	-0.0030279066	-55.60077	5.4928427	0.00015921288	41.85495710372925
10	-570.44794	116.61829	-382.45923	-696.6292	1000.0	-47.198124	3.9915354	6.5756817	-48.72937	44000	-0.0069590514	564.91614	-0.0032341587	-21.353943	5.521706	0.0010603862	46.413130044937134
11	-420.5031	67.81826	-354.14816	-529.617	1000.0	-46.10527	8.462603	39.814	-50.065483	48000	0.009120661	563.9468	-0.0018494474	-163.7333	5.506217	-0.0009830057	50.45353150367737
12	-467.16806	81.16767	-333.3943	-548.33795	1000.0	-36.769154	10.144496	19.42723	-49.536896	52000	0.014902521	523.45386	-0.001493847	-81.36542	5.50411	0.00032338552	54.339991092681885
13	-542.0612	213.97475	-210.78235	-806.147	1000.0	-41.75853	8.874438	11.517983	-49.769943	56000	0.0097644385	836.4835	-0.0018839967	-89.59265	5.5234084	0.001173011	58.67295980453491
14	-443.66486	45.656025	-367.20383	-485.56403	1000.0	-42.068546	10.968064	27.916922	-51.659737	60000	-0.017398957	328.86743	-0.003343882	-71.07272	5.5030403	-2.2284747e-05	62.97463369369507
15	-493.40155	56.419777	-412.09	-565.4728	1000.0	-36.286552	13.450976	46.32713	-51.17163	64000	-0.038185135	496.78598	-0.0016200244	-228.85202	5.4933457	0.000690966	67.52317476272583
16	-499.90637	89.361145	-389.9546	-619.8874	1000.0	-45.14404	4.8211412	-15.72317	-51.338184	68000	-0.018078335	339.5823	-0.0021658316	-34.5065	5.5166607	0.0007675153	71.93183279037476
17	-500.20508	29.711725	-464.97818	-533.58203	1000.0	-42.95761	9.798913	46.479465	-51.41659	72000	0.015761705	428.08414	-0.002959081	-86.15881	5.513623	0.001223714	76.52392673492432
18	-444.51398	119.7742	-282.99734	-616.2108	1000.0	-44.227177	7.5091496	2.7245474	-51.63511	76000	-0.03024773	476.62534	-0.0016737394	-90.605896	5.5128126	0.00020362693	80.88463306427002
19	-453.0935	122.431496	-323.4762	-600.9512	1000.0	-37.367798	8.290909	10.307262	-51.76809	80000	-0.048033908	451.62115	-0.0013316944	-63.363342	5.483667	0.0008191689	85.33844757080078
20	-354.12036	59.487766	-297.348	-442.14996	1000.0	-40.82955	7.760769	5.038046	-52.131153	84000	-0.034485787	344.4722	-0.0023968183	-95.86087	5.472089	-1.7874658e-05	90.08990955352783
21	-353.36884	37.82782	-292.95874	-396.75873	1000.0	-32.502636	8.448488	4.571284	-51.594048	88000	-0.046220277	304.96298	-0.00244252	-43.786163	5.5380764	0.00038772874	94.43954133987427
22	-415.03445	74.448105	-336.81482	-537.53815	1000.0	-32.167385	9.901526	39.359493	-51.59915	92000	-0.024126621	498.8781	-0.003320368	-85.54187	5.498719	0.00049139303	98.89650464057922
23	-481.30792	123.31053	-388.0502	-689.3099	1000.0	-38.260937	9.174734	18.963867	-51.891907	96000	-0.021011414	420.74475	-0.0011271089	-83.713745	5.4959173	0.00095886993	103.25022792816162
24	-434.1245	166.24051	-238.2691	-694.60425	1000.0	-41.01615	9.531458	-2.1556568	-53.340008	100000	-0.026244162	397.6798	-0.0020178221	-56.741974	5.528009	0.000284396	107.64821791648865
25	-437.5501	134.4696	-316.58743	-665.5207	1000.0	-39.059704	11.989825	9.751917	-54.51263	104000	-0.009156479	336.746	-0.0020655673	-44.42694	5.496393	0.00049336767	111.94146370887756
26	-296.06433	70.0928	-201.55817	-363.93335	1000.0	-36.001923	11.688584	2.2576208	-56.278954	108000	0.027333045	336.20224	-0.0025103875	-116.74953	5.523961	0.0011663418	115.94244241714478
27	-369.35394	66.27438	-290.81516	-461.77167	1000.0	-26.448437	6.609128	-2.907929	-53.583145	112000	-0.042535163	307.59518	-0.0019753128	-77.522125	5.5268183	0.0010358327	120.20917201042175
28	-388.4278	81.49564	-270.23734	-500.43372	1000.0	-35.75758	9.387872	3.7425773	-55.76987	116000	-0.04302681	383.70102	-0.001895152	-46.54364	5.5592856	0.0011351793	124.41136455535889
29	-317.346	60.999763	-244.07068	-409.43597	1000.0	-31.890427	10.39742	15.153196	-54.65955	120000	-0.061474916	438.6888	-0.0027881302	-61.291534	5.483627	0.00079630245	128.01304006576538
30	-370.1992	102.76278	-199.63889	-472.3175	1000.0	-29.236832	11.163896	29.473227	-55.090496	124000	-0.016663544	412.20706	-0.0023501776	-62.387726	5.4919667	0.00094297394	132.8066544532776
31	-330.60114	142.38014	-166.00702	-557.14264	1000.0	-33.366306	10.1779785	9.695398	-54.342968	128000	-0.02442413	411.78214	-0.0015976522	-65.62158	5.5123386	0.0008014949	137.15717124938965
32	-334.37073	97.423225	-224.71722	-440.26215	1000.0	-30.020145	12.661411	11.818544	-55.67287	132000	-0.08942287	352.99442	-0.0028419346	-51.8273	5.48029	-0.0006241878	141.3293969631195
33	-258.83002	48.285885	-187.03508	-312.46072	1000.0	-23.911232	10.625133	10.242725	-53.48162	136000	-0.0060268324	488.21616	-0.0024385545	-74.344025	5.458544	0.00037817884	145.4388484954834
34	-385.71024	178.35832	-193.7089	-575.9623	1000.0	-35.6962	16.41105	19.114773	-56.25608	140000	-0.06610111	331.56726	-0.0010990947	-75.32587	5.500174	5.6254506e-05	149.61456274986267
35	-428.57794	135.39403	-241.81693	-596.80615	1000.0	-36.884056	19.65927	9.762615	-57.18276	144000	-0.034880705	416.25125	-0.0015845709	-69.75165	5.4922676	-0.0004728602	153.76231861114502
36	-284.59436	161.73407	-87.2093	-515.5452	1000.0	-30.005106	17.913853	21.011557	-57.44734	148000	0.005296949	382.9657	-0.0015058778	-78.38556	5.485992	0.0013280811	157.95609879493713
37	-262.2675	53.75226	-212.68892	-352.98752	1000.0	-22.77321	15.232316	28.072304	-56.32473	152000	-0.053368524	568.9408	-0.00085952505	-93.157104	5.504336	0.0010411936	162.43510484695435
38	-243.85452	104.33118	-113.48806	-373.12302	1000.0	-24.059618	13.616197	34.46696	-54.31107	156000	0.0011306086	440.99017	-0.0025890456	-77.07117	5.4609375	0.0010935161	166.6809582710266
39	-375.81934	189.21307	-74.158554	-567.59937	1000.0	-31.521633	15.119659	15.23599	-54.069347	160000	-0.01920784	456.67807	-0.0014597494	-97.46283	5.493467	0.00020851863	171.0874240398407
40	-439.12268	96.686516	-327.83737	-559.40454	1000.0	-20.067118	33.297493	54.291676	-56.21962	164000	-0.032372862	1802.5894	-0.001157485	-1457.6658	5.494813	0.00021230751	175.68654942512512
41	-184.52397	53.512154	-124.00576	-270.88278	1000.0	-35.059483	8.693168	-3.09793	-56.10943	168000	-0.00629084	705.95886	-0.0014675963	-377.4981	5.51213	0.0005525701	179.67890977859497
42	-129.71371	61.39262	-52.60443	-195.10307	1000.0	-18.507898	11.635088	16.114866	-52.935585	172000	-0.039922286	514.7852	-0.0014892817	-145.54291	5.490682	0.0005921907	184.0412585735321
43	-264.346	108.09148	-145.39275	-431.86896	1000.0	-14.70567	15.106161	29.051622	-51.606346	176000	-0.06060024	563.35565	-0.0016647875	-182.2572	5.5018253	0.0013361374	187.82652807235718
44	-364.03436	132.13908	-229.19522	-581.49493	1000.0	-29.625809	17.187462	16.976927	-56.212208	180000	-0.031446192	364.6086	-0.0014593638	-62.613617	5.5689883	-0.00010591269	192.23807907104492
45	-262.13306	158.0736	-47.595135	-463.99002	1000.0	-33.268967	17.818937	11.457297	-56.92599	184000	-0.017595878	360.3843	-0.0012053326	-98.9353	5.536936	5.412525e-05	196.719162940979
46	-368.85168	77.02812	-245.88272	-454.18073	1000.0	-25.090124	17.883314	16.202066	-56.04962	188000	-0.042123713	406.3394	-0.0013140589	-110.342834	5.466064	0.00030076306	200.33712530136108
47	-308.2271	164.67299	-158.37251	-557.1413	1000.0	-35.22529	17.710161	10.699868	-56.926704	192000	-0.074645445	487.79773	-0.0011897907	-89.453156	5.4996376	0.00015123373	204.38384008407593
48	-329.47565	177.61493	-152.52957	-625.7121	1000.0	-23.69819	17.24183	22.330538	-56.198784	196000	-0.03229597	376.42157	-0.0016889796	-73.131134	5.5142345	0.00011038059	208.87167596817017
49	-345.48315	215.19911	-49.386337	-590.8537	1000.0	-35.31316	20.067987	20.345007	-58.339024	200000	-0.016200824	379.677	-0.0013800766	-60.450256	5.5183377	0.00057496154	213.06441640853882
50	-353.97174	65.351685	-283.35037	-459.86404	1000.0	-33.860813	21.736908	20.499628	-58.90899	204000	0.019211216	406.26663	-0.001359988	-48.854706	5.520166	0.0006005835	217.77694296836853
51	-370.88916	116.60127	-189.10124	-506.48038	1000.0	-27.078255	18.421782	21.273619	-57.66689	208000	-0.087655194	434.42264	-0.0017068982	-123.56741	5.5002275	-2.8002978e-05	222.18103909492493
52	-314.39935	92.85668	-222.05975	-423.9683	1000.0	-38.04786	16.065273	11.606133	-57.027565	212000	-0.017332546	524.6587	-0.0023841746	-166.3779	5.4864035	-0.00013161874	226.43366837501526
53	-334.75336	121.33391	-165.71301	-454.0736	1000.0	-29.231106	23.401339	45.8321	-57.752003	216000	-0.025014542	398.29306	-0.0009459574	-92.350555	5.493376	-0.00034107684	230.8465576171875
54	-391.30997	211.30568	-33.03258	-574.02106	1000.0	-34.59684	16.884327	15.306464	-55.373333	220000	-0.07661156	368.1362	-0.002425678	-44.76419	5.477132	0.0012532523	235.2045750617981
55	-244.3763	118.156006	-152.67676	-444.02606	1000.0	-25.49318	18.273563	23.740032	-57.148815	224000	-0.07440184	402.96298	-0.001406908	-63.10739	5.5112414	3.855711e-05	239.30268549919128
56	-214.21315	68.69879	-110.90739	-292.35217	1000.0	-26.231562	19.375465	14.224342	-56.251133	228000	0.0037333602	277.25488	-0.0015316361	-61.48593	5.4676394	0.0012074453	243.34458899497986
57	-330.2709	88.683044	-185.49304	-426.42267	1000.0	-28.644798	18.107828	11.246643	-54.80977	232000	-0.02984278	283.2457	-0.002426153	-39.581787	5.477056	-0.00034751737	247.91120719909668
58	-207.98654	178.14586	-17.335915	-500.2513	1000.0	-24.972544	17.402151	13.938603	-54.736507	236000	-0.07128252	358.9857	-0.0018198639	-67.76654	5.480048	-0.00015688509	252.07925653457642
59	-436.39703	108.41447	-275.82578	-563.72736	1000.0	-39.373413	15.072461	25.18241	-52.878952	240000	-0.034773402	277.6757	-0.0018660463	-39.399185	5.4786983	0.00045868207	256.19787192344666
60	-299.02594	70.91697	-216.46727	-395.13022	1000.0	-22.414417	21.50136	34.087605	-56.619865	244000	-0.015072653	441.75	-0.002060337	-155.2214	5.507752	-0.00016089207	261.0420591831207
61	-445.81494	125.46966	-230.47067	-540.62695	1000.0	-34.37563	13.234884	14.435383	-53.037796	248000	0.020166827	388.48026	-0.0015399549	-100.93283	5.48466	0.00026409118	264.84147810935974
62	-345.95337	97.90944	-221.53313	-471.93723	1000.0	-39.4952	17.65889	10.589961	-58.8596	252000	-0.036544513	374.16394	-0.001270093	-53.763306	5.489444	0.00016290671	269.14287853240967
63	-229.57652	158.2366	-105.21285	-501.2651	1000.0	-15.161833	22.117489	46.562614	-53.828766	256000	-0.011559085	1425.4061	-0.0015171217	-924.4575	5.478637	-2.7449727e-05	272.9827620983124
64	-194.76945	94.076035	-84.36087	-304.1768	1000.0	-20.017563	15.731189	28.3271	-53.881855	260000	-0.02976576	504.87286	-0.001422016	-118.83649	5.4612837	-0.00023920971	277.43985772132874
65	-200.37285	151.20157	6.187202	-347.5715	1000.0	-19.275488	16.382238	23.440918	-52.115284	264000	-0.020852832	423.6134	-0.002334522	-57.4794	5.5048604	0.00045929008	281.42877674102783
66	-174.73244	219.47145	7.244451	-534.9047	1000.0	-19.730211	15.88586	18.463394	-49.999477	268000	-0.020811958	331.59674	-0.0013104733	-141.13773	5.5167074	0.00012454331	285.6959390640259
67	-190.38419	204.11415	108.34779	-452.17102	1000.0	-23.881918	24.842482	25.960367	-57.221962	272000	-0.041699585	314.1798	-0.0025572479	-67.1781	5.47786	0.0006589873	289.70803141593933
68	-332.51898	149.54695	-173.76056	-564.69995	1000.0	-22.831682	21.513905	29.146976	-50.44644	276000	-0.046024736	338.5193	-0.0017171316	-114.487625	5.4810176	0.0008168885	293.96222829818726
69	-244.19754	98.87596	-149.57956	-406.0947	1000.0	-20.166927	15.18799	16.323168	-52.69392	280000	-0.0066587334	274.35406	-0.0018594242	-45.40677	5.483588	-0.00026335352	298.3181207180023
70	-167.46236	173.92157	51.422253	-417.1962	1000.0	-23.232296	16.839434	14.949987	-50.832916	284000	-0.04199224	337.2918	-0.0023300163	-100.71159	5.435846	-0.00040428198	303.1930410861969
71	-126.5099	151.11827	77.475235	-317.1067	1000.0	-12.106604	20.015842	22.121552	-49.579178	288000	-0.0153147	351.5105	-0.0016495772	-44.929688	5.427616	0.0010011202	307.2824409008026
72	-229.26648	239.14613	16.413641	-510.25958	1000.0	-20.253145	19.520554	19.668943	-51.346214	292000	-0.035868112	350.39044	-0.0010234676	-94.22104	5.501258	0.000788802	311.44368076324463
73	-333.51	214.05632	27.119886	-523.0547	1000.0	-29.47618	24.547949	32.24651	-56.34756	296000	-0.030959573	279.5609	-0.0015293024	-33.671616	5.4571776	0.0011106866	315.7760982513428
74	-314.77487	116.03543	-119.74691	-424.22736	1000.0	-25.75669	23.397572	27.275217	-57.32182	300000	-0.020932717	310.18137	-0.0020569675	-110.82263	5.527453	0.0012226293	320.26820850372314
75	-123.62698	180.1703	170.02113	-320.56418	1000.0	-16.537024	11.8573475	17.964169	-50.62843	304000	-0.023410035	648.642	-0.0017278753	-183.66995	5.4637403	0.0018498038	324.55986428260803
76	-72.812546	94.55241	31.461935	-213.75998	1000.0	-6.8319826	16.745737	31.097687	-54.00238	308000	-0.014046181	348.37408	-0.0015815087	-63.8692	5.4668603	0.00013419599	328.97625851631165
77	-196.03456	147.81288	56.65311	-318.7269	1000.0	-12.18928	17.523376	28.23584	-56.9205	312000	-0.056389127	586.0309	-0.000802435	-136.79004	5.4818244	-0.00067870767	333.3166654109955
78	-129.477	91.2659	-5.6722875	-234.23494	1000.0	-18.863752	15.760813	27.71874	-49.85463	316000	-0.03601063	444.1703	-0.0019495711	-113.33679	5.5120363	0.0002272147	337.6387870311737
79	-353.4496	91.93436	-209.86656	-466.19058	1000.0	-24.468637	18.382523	24.299543	-51.122093	320000	0.033734217	296.28607	-0.0009086877	-110.66852	5.533007	0.0005369813	341.762038230896
80	-135.19318	154.02313	37.853058	-383.31555	1000.0	-22.227024	18.213724	24.879997	-55.59629	324000	-0.04726503	550.0371	-0.0015711598	-146.32007	5.465248	-2.4764478e-05	346.65916204452515
81	-21.290844	121.67195	131.97351	-187.15857	1000.0	-1.6306146	12.282247	30.95562	-43.890762	328000	-0.06744695	486.8505	-0.0022147223	-60.15741	5.4615664	-0.0001726976	351.0188202857971
82	-153.81049	133.76595	-51.83592	-382.3526	1000.0	-9.919119	17.075636	33.991653	-45.780052	332000	-0.10885075	601.3696	-0.0014217272	-106.04025	5.4846425	0.000536229	355.12809467315674
83	-315.4325	81.02912	-215.79105	-416.90015	1000.0	-23.966722	15.63391	23.36254	-52.19237	336000	-0.013567619	302.69528	-0.0018710727	-77.15547	5.42536	-0.00016978681	359.3453018665314
84	-278.5964	189.9944	34.894005	-476.67166	1000.0	-33.241642	14.50414	20.066458	-53.368538	340000	-0.042097516	294.02774	-0.000978563	-131.25943	5.4175797	0.00075834576	363.5904049873352
85	-115.9049	74.77007	-11.092457	-219.79027	1000.0	-7.221598	16.621452	27.151781	-53.496696	344000	-0.036817443	477.42175	-0.0017201193	-85.91287	5.4586267	0.0014810059	367.87122106552124
86	-157.42479	183.43108	17.286839	-419.17374	1000.0	-17.773512	18.149204	23.154016	-48.981106	348000	-0.02635816	421.08133	-0.0009458605	-113.64371	5.431636	0.0006899035	372.41799688339233
87	-130.3812	158.03639	39.23828	-386.84137	1000.0	-15.047007	25.678328	32.530014	-56.29651	352000	-0.065747954	434.41797	-0.0017653182	-67.449554	5.4376974	0.00039241547	376.71635150909424
88	-133.43982	81.49326	-51.572674	-266.06195	1000.0	-7.592759	19.383745	36.380604	-54.09623	356000	-0.055883106	382.90118	-0.0011141226	-148.95575	5.469614	-0.0005834468	381.32104301452637
89	-329.18317	129.29301	-108.59166	-437.786	1000.0	-25.582823	12.1942215	18.217335	-44.4965	360000	-0.031439975	337.63556	-0.0016924553	-114.763504	5.417458	-0.00010519278	385.5599663257599
90	-227.58293	126.96432	-35.945995	-387.24545	1000.0	-23.962551	20.503286	24.003794	-55.09161	364000	0.012369179	257.32675	-0.0019249162	-43.174805	5.473772	0.0006390786	390.1003851890564
91	-270.85312	95.15856	-162.45932	-401.03204	1000.0	-22.13012	18.584059	18.251299	-52.05288	368000	-0.002534561	334.69043	-0.001591976	-76.49277	5.4719706	-0.00010336435	394.55243730545044
92	-134.5158	58.654922	-50.69661	-212.77477	1000.0	-15.693459	10.8174515	13.649732	-48.621586	372000	-0.03882595	411.59515	-0.0017962381	-66.668335	5.467037	0.00042191672	399.0001699924469
93	-174.8132	166.72249	70.65506	-343.84576	1000.0	-20.629005	16.313576	18.855906	-50.626358	376000	-0.067036025	362.6133	-0.0016757026	-72.258026	5.484635	0.0005352081	402.72993755340576
94	-167.89511	229.75224	128.26128	-436.3316	1000.0	-17.53276	21.792517	29.643114	-52.1367	380000	-0.016030781	502.90106	-0.0020809043	-116.97894	5.481816	0.0006947381	407.1342148780823
95	-233.41582	136.84424	-90.806496	-456.6294	1000.0	-18.135504	26.711508	41.09973	-55.829712	384000	-0.012078158	436.04263	-0.0007890519	-195.61044	5.4800158	0.0008117254	411.6114602088928
96	27.581152	113.939835	208.70396	-103.269936	1000.0	-13.2796955	12.84774	25.012472	-48.22521	388000	-0.057121024	789.64014	-0.0013043061	-311.18796	5.525863	-0.00041477723	415.3377640247345
97	-249.3807	130.391	-76.091965	-386.1801	1000.0	-17.708136	22.162975	37.373993	-53.129265	392000	-0.059060548	320.20996	-0.000856068	-85.38858	5.4598184	0.0006232796	419.168466091156
98	-259.52948	143.2439	-31.270853	-425.86005	1000.0	-23.095621	18.20203	32.243206	-52.193745	396000	0.0075236494	276.11118	-0.0012645363	-51.434326	5.439119	0.00023501474	423.69005060195923
99	-74.88434	174.82776	117.56774	-352.16556	1000.0	-16.687649	19.664928	24.80085	-55.358944	400000	-0.07363693	396.9409	-0.0015059039	-168.03654	5.468906	0.0008710932	428.0430290699005
100	-87.07323	113.59728	99.96917	-181.83064	1000.0	-8.010368	25.092636	44.375317	-54.17024	404000	-0.08633826	373.09006	-0.0018782318	-73.489105	5.4419217	0.0005750103	432.9931902885437
101	-5.031189	147.92722	208.56258	-208.25336	1000.0	-4.1539946	17.979837	30.794823	-46.77888	408000	-0.016409831	517.9625	-0.0012913365	-83.790375	5.471118	0.0005888245	437.3056435585022
102	-204.17001	197.64297	37.127235	-457.6205	1000.0	-17.109163	23.028421	31.484493	-49.54973	412000	-0.034034424	336.9363	-0.0026111156	-78.719696	5.403866	0.0010752745	441.58716440200806
103	-101.32571	270.12613	192.0286	-399.31668	1000.0	5.50834	16.484766	42.271492	-45.737526	416000	0.013142224	1283.8525	-0.0006659776	-714.3117	5.4370995	0.00043457758	445.79461336135864
104	-148.78214	248.8803	228.18796	-380.76562	1000.0	-16.634327	25.430462	48.917294	-60.519394	420000	0.003043848	499.57047	-0.0010469169	-130.69147	5.402614	-0.00024329459	450.1958575248718
105	-22.590576	61.182114	69.55725	-102.630165	1000.0	-2.6907954	22.965584	44.83699	-60.648895	424000	0.012956985	422.39233	-0.0013785055	-90.60208	5.4341755	-0.00014476723	454.0225419998169
106	-352.68542	158.90799	-86.62106	-500.6619	1000.0	-23.839245	22.151106	37.596676	-54.685883	428000	-0.005797863	397.0696	-0.00081433496	-162.92276	5.470334	0.0009803105	458.0399868488312
107	-107.940544	199.67105	68.70107	-446.16904	1000.0	-21.956722	18.710535	22.942781	-55.566193	432000	-0.08882842	553.2241	-0.0010128021	-254.76651	5.436788	-0.00013738209	462.6646580696106
108	115.09342	110.68638	257.64203	-33.546818	1000.0	4.0962358	18.353615	38.170067	-51.450493	436000	-0.06280155	550.02496	-0.0017273873	-104.45761	5.44205	0.00039265145	467.0568370819092
109	-89.968414	257.05502	211.937	-475.0871	1000.0	-5.4125605	23.795597	46.63418	-49.28907	440000	-0.061904915	471.26382	-0.0015657768	-96.95245	5.4657364	-0.0003392986	471.45052337646484
110	-280.52216	143.7996	-54.72714	-450.34137	1000.0	-24.63655	23.883825	45.39422	-52.852917	444000	-0.018779743	336.49713	-0.0015248675	-93.47264	5.411254	0.0006269746	475.7174413204193
111	-29.084946	148.8051	103.81941	-260.83914	1000.0	-12.339147	21.449816	35.51241	-53.213753	448000	-0.022249175	542.0223	-0.0015227254	-223.76999	5.5016365	-0.00041506498	479.77446246147156
112	-95.87243	223.9744	189.42017	-418.92505	1000.0	-4.3004675	29.259375	47.508987	-53.113403	452000	-0.03376819	335.94522	-0.0011931397	-101.180466	5.4431896	-7.5544536e-05	483.99246549606323
113	-195.78516	208.93971	136.66739	-425.56122	1000.0	-19.499918	28.602968	39.6222	-57.489998	456000	-0.040583625	268.138	-0.0011746362	-60.12938	5.442077	0.00025174094	488.45595359802246
114	-71.13872	167.6053	44.910244	-360.6982	1000.0	-11.847214	24.49022	35.311108	-54.406704	460000	-0.015324161	338.12778	-0.0010156268	-67.01184	5.3832197	-0.0001399461	492.7098579406738
115	-233.27643	218.21004	86.648026	-472.54782	1000.0	-17.326735	25.736288	38.98652	-54.6289	464000	-0.094119966	338.97775	-0.0013048723	-80.71127	5.4195995	0.00015478516	497.0492525100708
116	-109.43421	220.5611	202.694	-414.60248	1000.0	-15.121112	24.048937	34.5677	-55.477077	468000	-0.043352894	414.1212	-0.0013460368	-91.39969	5.4224687	0.00012804878	501.5092308521271
117	-31.018555	147.56001	186.96509	-227.41718	1000.0	-3.681084	25.394093	42.161713	-55.976677	472000	-0.021133453	657.5154	-0.0017264225	-127.94238	5.425091	0.0003334915	505.98644495010376
118	-138.289	218.79721	114.25617	-464.13647	1000.0	-13.916532	23.660007	36.76869	-52.831562	476000	-0.012903172	392.99927	-0.0014359755	-87.79175	5.4186997	0.0002964929	510.21714973449707
119	-221.85626	100.55559	-49.30333	-299.14838	1000.0	-12.438449	25.640787	36.94444	-55.891247	480000	-0.015558849	510.8178	-0.0009367699	-237.04138	5.414283	0.0005113658	514.6300158500671
120	-133.4895	181.86577	50.368134	-376.82166	1000.0	-21.129433	18.809427	26.337296	-53.625587	484000	0.008475815	479.03198	-0.0013709487	-145.17368	5.4435267	0.00034789342	519.6647486686707
121	5.3305616	145.64099	219.18034	-181.75679	1000.0	-3.1578155	19.443714	34.179306	-49.507195	488000	-0.03288504	334.1999	-0.0011487342	-72.446655	5.4262657	0.00018595505	524.0699763298035
122	-163.71968	126.852036	-42.25613	-370.532	1000.0	-12.51661	23.648647	35.07948	-52.839596	492000	-0.06195999	322.80695	-0.0015526712	-70.62256	5.4513927	0.00019936019	528.3661878108978
123	-214.14876	280.94492	141.5724	-499.23624	1000.0	-18.895508	23.800694	35.50001	-53.75345	496000	0.0067349756	369.31058	-0.0021364228	-87.88214	5.4539337	0.0014458359	532.773411989212
124	8.478239	213.2125	348.24695	-218.5231	1000.0	-7.22855	28.349237	46.188408	-59.29848	500000	-0.043482233	455.12418	-0.0009444542	-109.45438	5.4564843	0.00095593435	537.1025109291077
125	-422.8519	88.21837	-323.49374	-545.87195	1000.0	-32.003666	16.749218	41.04128	-53.333508	504000	-0.067935824	385.61658	-0.001253888	-157.61308	5.4061756	0.00048659844	541.2141938209534
126	-109.65247	236.89407	241.21463	-327.7465	1000.0	-18.86569	30.237585	42.515335	-58.629456	508000	-0.035533007	368.00763	-0.0013804883	-106.342224	5.4606075	0.0002449259	545.2745637893677
127	-70.9729	275.16907	212.86752	-420.8417	1000.0	-10.594273	27.432201	41.087307	-52.543625	512000	-0.078270964	593.4823	-0.0011718124	-109.934296	5.4413614	0.00054319284	549.5134155750275
128	-112.57768	233.51324	178.70148	-415.3419	1000.0	-9.791755	30.239092	54.46152	-57.726814	516000	-0.0441397	346.57162	-0.0016461313	-75.900116	5.413046	0.00013876928	553.7644743919373
129	-21.49099	246.34998	271.74396	-410.9136	1000.0	-2.8591816	28.485113	43.673294	-58.501175	520000	-0.016715776	319.24753	-0.0011926573	-66.54997	5.3928823	0.00083625247	558.248190164566
130	-28.913986	283.71796	242.62659	-504.73566	1000.0	-1.6809937	25.362322	40.1516	-54.12122	524000	-0.020999582	529.93463	-0.0009054225	-98.08533	5.434812	2.1965385e-05	563.1119477748871
131	-141.6712	332.79385	399.57208	-508.3224	1000.0	-19.201172	32.87248	47.600487	-60.447117	528000	-0.013471609	473.72046	-0.0012347996	-112.053345	5.449761	0.00079462887	567.1377029418945
132	-37.960342	141.35643	109.01326	-245.02432	1000.0	-0.52387893	33.975185	52.077892	-61.520237	532000	-0.028125526	420.6207	-0.0019699018	-144.43579	5.4542494	0.0006107487	571.213737487793
133	-276.68964	240.49515	136.35307	-451.80093	1000.0	-20.065649	25.845453	43.355293	-51.984047	536000	-0.010129059	341.41586	-0.00084862486	-105.542755	5.4140625	-0.00010989821	575.751549243927
134	-299.0618	128.41608	-92.30997	-438.52332	1000.0	-32.41896	27.28917	40.05765	-60.320827	540000	-0.045481194	274.06754	-0.0009786971	-61.33455	5.474213	0.0002945677	580.1841583251953
135	-17.775364	259.04465	200.89	-455.007	1000.0	-5.835142	23.625057	37.94634	-54.76784	544000	-0.026208298	646.6398	-0.0012662578	-184.83209	5.4591904	-1.1571169e-05	584.649435043335
136	-44.511856	94.82557	24.363102	-208.04147	1000.0	0.9823442	28.888288	49.373436	-61.555984	548000	0.0032735348	421.52124	-0.0011844921	-174.21136	5.4307423	2.3127317e-05	588.941303730011
137	-55.788204	235.60406	180.00053	-442.9229	1000.0	-6.501054	21.253183	35.16184	-51.645683	552000	-0.018130783	556.478	-0.0016707461	-146.86914	5.411685	0.0006677351	592.6967887878418
138	43.432674	281.73907	248.89278	-439.49728	1000.0	-3.608048	29.853445	47.876102	-62.713837	556000	-0.02200586	428.79572	-0.0016500968	-120.414764	5.402541	0.00033256144	597.0961287021637
139	-8.612808	116.998695	154.17842	-153.57063	1000.0	2.9105284	27.710976	46.484688	-54.95054	560000	0.006892723	419.72275	-0.0013760603	-95.190735	5.3837957	-1.306808e-05	601.4557294845581
140	148.66109	226.15273	429.48917	-181.22765	1000.0	3.015949	25.696863	46.33847	-54.541122	564000	-0.04646969	735.0175	-0.0010680817	-201.00629	5.4054413	0.000688489	606.2187068462372
141	90.7039	172.24092	338.4081	-127.218124	1000.0	7.0018945	32.50328	59.189297	-59.807274	568000	-0.05532404	648.2494	-0.0016368069	-110.801636	5.4486995	-0.00027177518	609.7482490539551
142	17.002495	230.52855	382.72415	-213.17001	1000.0	-0.14021777	35.243317	61.864887	-60.252625	572000	-0.00278405	469.46094	-0.0015395852	-95.545074	5.3814936	0.0006889711	614.0034782886505
143	-24.657486	177.25789	134.95822	-310.77853	1000.0	-3.2504678	32.314934	53.056023	-53.974937	576000	-0.035825644	346.66864	-0.0010641888	-72.45984	5.466204	0.00026565374	618.4007005691528
144	-46.62723	181.87373	139.01491	-229.74834	1000.0	-6.1067514	29.9116	47.50735	-52.296227	580000	-0.013289199	507.1947	-0.0012794053	-87.02695	5.434056	0.00061073125	622.4842665195465
145	-19.091454	361.98132	442.85672	-402.3924	1000.0	-4.9715204	29.085648	48.93283	-50.747463	584000	-0.003941454	556.35803	-0.0014445134	-133.66904	5.3954697	8.398026e-05	626.7412247657776
146	49.596863	176.9662	284.3143	-176.82947	1000.0	3.548591	33.506485	60.264874	-54.15902	588000	-0.051320165	476.57416	-0.0016294494	-85.404724	5.3849816	0.00084233435	631.1640462875366
147	-108.08115	185.81401	146.42418	-312.9729	1000.0	0.6974138	29.63908	61.31286	-50.348602	592000	-0.10080616	606.82794	-0.001393713	-220.74731	5.3984313	0.0004915404	635.5450496673584
148	41.976944	274.37903	205.04419	-433.16907	1000.0	-2.0530143	25.768969	43.489807	-55.39751	596000	-0.06169588	526.7099	-0.0017077476	-139.9667	5.474904	0.0006034518	639.9737186431885
149	-142.68436	259.41306	166.28699	-440.87732	1000.0	-17.451263	32.690487	62.024498	-59.22892	600000	-0.0488855	414.23367	-0.0018174425	-84.0282	5.3886514	0.00020762497	644.2558746337891
150	84.32502	150.19704	220.75111	-163.87085	1000.0	4.9791994	24.76049	50.142513	-51.188873	604000	-0.06565525	427.73486	-0.0019622445	-82.76056	5.440514	0.00061117107	649.1871004104614
151	201.6247	50.646824	252.74446	118.31951	1000.0	11.985842	21.29316	46.75914	-47.11899	608000	-0.014204129	480.17755	-0.0023880685	-123.071625	5.4264765	0.0007134042	653.6864602565765
152	-161.59981	243.17688	145.95628	-496.73575	1000.0	-7.2427998	31.836546	54.716827	-54.819695	612000	-0.039797537	477.87415	-0.0010686219	-178.4365	5.4273605	-0.00018778414	658.107839345932
153	-55.090935	235.82161	276.8219	-390.05054	1000.0	-10.76952	27.292595	42.51192	-54.102028	616000	-0.008600831	497.93283	-0.0016901083	-130.98822	5.399117	0.0014897697	662.4322068691254
154	52.308403	205.95819	278.00473	-281.34225	1000.0	9.095487	25.243313	49.660183	-56.414806	620000	-0.021786308	920.10834	-0.0010831691	-190.21448	5.41918	0.0010650664	666.7409996986389
155	-38.574318	231.85522	354.82584	-220.5079	1000.0	-11.164871	32.24234	55.203625	-60.36282	624000	0.007128155	432.68417	-0.0016678106	-122.004425	5.4175644	0.00037913828	671.2423386573792
156	-19.558374	94.45717	124.30837	-129.3666	1000.0	8.494086	29.88965	59.283134	-51.844486	628000	-0.038141217	632.4184	-0.0017989166	-236.8103	5.4304004	0.00041808307	675.7205221652985
157	250.5836	141.03282	394.5559	90.564705	1000.0	7.5858836	20.125717	45.691402	-51.266434	632000	-0.10377695	813.7889	-0.0016405657	-331.6884	5.414839	0.0011113916	680.0995824337006
158	8.457508	183.21039	212.30632	-283.13583	1000.0	14.894446	23.426817	54.355183	-42.918533	636000	-0.03374617	607.06915	-0.0014656894	-281.5378	5.4268975	0.0007375369	684.6492342948914
159	122.16919	102.84465	213.2551	-47.075306	1000.0	3.0618515	20.213028	42.519978	-51.496582	640000	-0.08171954	483.5297	-0.001423128	-127.32669	5.445903	0.00065865484	689.0081474781036
160	-155.09447	214.74873	172.82227	-424.52692	1000.0	-8.605874	24.907145	44.154785	-46.32837	644000	-0.054209743	336.77142	-0.0016624853	-107.23149	5.4365225	-0.00012648785	694.2409269809723
161	118.98852	95.22127	224.25766	-12.622191	1000.0	12.215011	15.793515	44.935318	-43.89548	648000	-0.062341504	523.0998	-0.0014576241	-88.55786	5.448606	-8.141953e-05	698.6955580711365
162	69.99318	345.68713	397.60266	-505.60352	1000.0	-1.5880698	25.8931	42.378452	-52.610294	652000	-0.05815681	677.7891	-0.0011232272	-258.45682	5.4231744	0.0010598282	703.3217053413391
163	59.838627	192.29752	243.52632	-204.54352	1000.0	8.465105	34.485558	60.053062	-60.26423	656000	-0.029615387	572.42786	-0.0015560482	-131.5261	5.377034	0.00032384996	707.5585944652557
164	98.83145	246.02599	380.69293	-263.71475	1000.0	1.2365681	31.299437	50.266457	-54.676834	660000	-0.076083675	636.44635	-0.0016552284	-126.03201	5.384255	0.00024129658	711.8628902435303
165	-105.0367	196.12071	153.54741	-346.65598	1000.0	-5.478587	33.040703	53.376495	-52.107178	664000	-0.01909386	508.3828	-0.0018735174	-126.118195	5.4233575	0.0003496819	716.4050326347351
166	234.73254	220.9626	433.57968	-139.83055	1000.0	6.8886757	27.359436	52.717293	-53.632507	668000	-0.042411905	592.0506	-0.0013120398	-243.61484	5.4082456	0.00022613007	720.7615246772766
167	241.18134	104.07616	391.96677	141.71378	1000.0	26.249039	22.432644	58.052776	-52.434402	672000	-0.059053946	489.8335	-0.0016391017	-111.76163	5.43311	-5.006033e-05	724.9641649723053
168	143.42343	190.38658	369.26736	-154.4152	1000.0	19.25184	19.974821	53.91612	-43.303265	676000	-0.029815359	627.8768	-0.0025630277	-115.02368	5.387283	7.7103556e-05	729.2376356124878
169	327.27954	72.252914	416.14026	229.15384	1000.0	24.220394	12.508093	55.729225	-42.294655	680000	-0.093420915	741.121	-0.0011070222	-184.3717	5.3931103	-0.00021299541	733.5709092617035
170	131.57736	274.00006	544.6873	-201.6548	1000.0	15.148306	33.404915	63.833195	-54.49606	684000	-0.016649049	623.60864	-0.0015576314	-111.62103	5.409162	-0.00032068486	738.7619850635529
171	103.84041	367.3545	380.44296	-528.37445	1000.0	11.634173	34.149155	60.882435	-58.88194	688000	-0.05032238	543.24835	-0.0008750856	-108.58084	5.402155	8.9278816e-05	742.7471961975098
172	82.569916	248.44232	365.6318	-246.52203	1000.0	0.22469042	38.730804	60.61569	-64.763695	692000	-0.027273105	501.49463	-0.0016322024	-113.896454	5.3855295	0.00045376777	747.0480356216431
173	64.87922	269.0777	276.9517	-394.0348	1000.0	11.719799	34.164135	61.463486	-56.31369	696000	-0.022023844	584.42725	-0.0024328716	-122.42581	5.39344	0.0007319932	751.4678249359131
174	277.68652	216.84662	524.08203	-66.73081	1000.0	17.527039	24.112888	52.473953	-57.000057	700000	-0.026614854	625.3643	-0.0013565011	-162.95987	5.3574786	0.00031195814	755.7921755313873
175	-271.00055	287.22183	223.46353	-482.19937	1000.0	-17.395222	32.994583	55.53533	-56.41818	704000	-0.048155036	386.4777	-0.0014330558	-143.59024	5.401931	0.0004965586	760.3051166534424
176	-4.687645	332.92993	504.44348	-327.97244	1000.0	-11.140797	34.646	61.167835	-63.57506	708000	-0.05132257	700.0303	-0.0012959018	-198.57257	5.41321	-0.000107741536	764.7887449264526
177	175.80746	255.5299	525.75244	-194.3689	1000.0	15.390312	33.80064	65.25834	-54.933258	712000	-0.044905525	582.55914	-0.001137849	-103.09671	5.423009	5.5076063e-05	769.0363252162933
178	323.2522	274.23007	633.8903	-75.67475	1000.0	21.228119	30.90376	67.284386	-61.58716	716000	-0.051137496	624.35785	-0.0015635081	-183.71811	5.325841	-3.9129434e-05	773.5526010990143
179	138.7528	371.3448	420.43475	-491.2478	1000.0	18.57143	37.886665	72.837425	-58.632954	720000	-0.032908514	502.95575	-0.0012912005	-144.55994	5.406109	2.1391153e-05	777.977835893631
180	180.11838	361.46387	674.6406	-346.05475	1000.0	16.048817	36.683826	64.50514	-66.69329	724000	0.027628401	642.1586	-0.0020271167	-115.90961	5.3896456	-0.00018198424	783.2391333580017
181	40.78468	245.82565	227.5823	-373.01868	1000.0	3.010187	40.515533	71.06494	-62.59331	728000	-0.09017566	400.71805	-0.001277335	-139.66766	5.3884783	0.0006456005	787.4761564731598
182	321.9544	138.98819	441.6632	90.10207	1000.0	13.708112	27.642859	59.538784	-53.28089	732000	-0.02642685	1485.4135	-0.0018192623	-892.2131	5.3638544	0.0004194537	791.9175117015839
183	336.5547	119.18426	488.01758	181.40634	1000.0	31.372738	14.426338	69.90831	-35.09628	736000	-0.06517584	616.596	-0.0010959208	-171.90234	5.354494	0.00024609148	796.3451750278473
184	370.84805	193.09552	619.0794	102.79993	1000.0	30.103956	20.398598	66.18901	-39.25978	740000	-0.033406142	861.2716	-0.0014312677	-179.17426	5.4252744	0.00022615421	800.8866984844208
185	260.24686	281.54465	500.3316	-212.36508	1000.0	29.721535	29.148956	79.36917	-48.449986	744000	-0.06634356	577.3758	-0.0013019443	-159.94449	5.396131	0.00028069777	805.3273019790649
186	-56.0364	324.9876	445.082	-413.66333	1000.0	-2.3228712	39.843727	65.11281	-60.63142	748000	-0.025134007	581.92804	-0.0010819361	-127.2048	5.4014935	-8.281511e-05	809.7879734039307
187	120.70276	339.14856	556.18463	-373.00638	1000.0	2.758586	39.644184	64.042336	-63.46393	752000	-0.07799986	642.3925	-0.0021486059	-137.08759	5.3682394	0.00046618824	814.267825126648
188	211.26917	192.16367	399.67444	-40.897633	1000.0	11.454547	38.194344	67.08131	-61.038357	756000	-0.06566943	1732.9967	-0.0012758523	-941.41235	5.394592	5.259633e-06	818.4119930267334
189	272.40344	96.495186	393.34006	132.13245	1000.0	24.1335	25.533682	79.39866	-55.44118	760000	-0.032516483	775.0675	-0.0014349222	-155.16791	5.39153	0.00085000077	822.5853970050812
190	-2.3114185	226.17105	351.09073	-250.0951	1000.0	11.614769	32.200603	69.70826	-54.195316	764000	-0.025809474	831.463	-0.002086224	-404.65857	5.3660955	0.0010651721	827.7800085544586
191	34.8908	403.7898	495.68964	-455.91965	1000.0	-4.366588	38.309456	64.77131	-66.191376	768000	-0.020685723	489.04538	-0.0010589566	-123.378815	5.352343	0.00077902054	832.1484956741333
192	-167.02167	325.75388	306.96313	-516.1591	1000.0	-8.15152	39.19089	60.65856	-64.241425	772000	-0.044855386	547.7578	-0.0015990026	-171.89487	5.384329	0.00027643077	836.2955355644226
193	-36.833	324.3216	437.5089	-362.10416	1000.0	-16.364252	36.136875	51.78151	-70.88367	776000	-0.025105936	510.86563	-0.0014261585	-160.23077	5.3459635	0.00086125237	840.1108503341675
194	-143.81612	215.61198	148.50833	-379.1496	1000.0	-19.366833	35.3202	59.15587	-61.00402	780000	-0.028452286	482.96762	-0.0017279554	-76.75998	5.403214	-2.9452503e-05	844.3026864528656
195	3.5497541	134.23053	215.90483	-115.769905	1000.0	-2.008963	39.133316	63.54012	-60.937584	784000	-0.046167035	465.5095	-0.0013198294	-80.24588	5.369544	-0.00019945508	848.8225400447845
196	-186.38202	89.64499	-85.8778	-312.37082	1000.0	-16.376451	33.916138	57.936787	-56.042793	788000	-0.05470634	477.4655	-0.0015603229	-89.65936	5.39199	0.00095935306	853.2742266654968
197	152.30994	189.33736	436.48062	-58.023865	1000.0	9.795117	35.088985	59.555275	-60.39645	792000	-0.03937353	728.5005	-0.0016508773	-126.87714	5.390319	0.00019540203	857.7694411277771
198	50.945557	334.35736	511.45425	-388.35968	1000.0	3.3266537	40.08396	62.852604	-62.091244	796000	-0.032537263	541.8341	-0.0009188764	-103.55594	5.3698077	0.0003619334	862.2637670040131
199	64.74658	406.17932	559.8651	-404.43414	1000.0	1.5397979	37.56715	62.907513	-55.722057	800000	-0.056425974	633.0375	-0.0014757849	-141.77518	5.324254	0.000317214	866.6498622894287
200	-18.49485	309.11935	436.55136	-402.31128	1000.0	-10.849876	45.421516	71.73391	-63.284035	804000	-0.042754542	462.75974	-0.0020641387	-95.05881	5.3713303	0.0004138925	871.9848580360413
201	257.39493	338.9082	698.05914	-248.99687	1000.0	21.785187	43.370026	77.09297	-64.3345	808000	0.0073884334	803.814	-0.0011492614	-135.06885	5.3587832	-0.00012533659	876.5003397464752
202	210.56369	168.39125	313.1177	-80.97433	1000.0	19.451906	40.44382	79.741486	-66.319565	812000	-0.045670435	511.32187	-0.0013179779	-115.578186	5.333842	0.00036002696	880.7830102443695
203	148.63022	245.32762	367.40677	-267.62704	1000.0	16.635614	33.988995	69.04776	-54.76851	816000	-0.040227298	644.08875	-0.0016846918	-125.68689	5.345361	0.0005336665	885.2271854877472
204	407.93997	119.68698	510.13834	208.8594	1000.0	24.109184	33.741127	68.19156	-58.319374	820000	0.018297479	836.2277	-0.0012929812	-267.48444	5.3495717	0.0006989892	889.6171164512634
205	277.99493	278.20593	743.0109	12.05281	1000.0	36.19811	31.009857	88.08425	-51.81773	824000	-0.03604405	890.32025	-0.00095419213	-235.61926	5.391925	0.00097419374	893.5657315254211
206	196.89825	195.27728	467.3064	-11.305502	1000.0	16.468258	38.706287	73.50492	-61.25775	828000	-0.09226553	441.38293	-0.0034637153	-84.16193	5.377637	0.0009591033	898.0285956859589
207	135.72852	325.19974	451.55676	-403.11548	1000.0	17.627216	35.314743	70.08514	-51.168457	832000	-0.034609023	727.74835	-0.0015503615	-144.22375	5.3364234	0.0001460216	902.3048942089081
208	386.47885	157.13065	649.7428	255.12569	1000.0	23.452492	31.36485	71.1164	-54.677784	836000	-0.08197057	778.5209	-0.0014259294	-213.61755	5.3360176	0.00058096484	906.7851419448853
209	179.20045	297.69693	489.38544	-311.77576	1000.0	22.595304	37.427658	77.561745	-55.562366	840000	-0.036104668	659.9548	-0.00044722483	-167.1477	5.3164334	0.00049852196	911.6143510341644
210	52.99205	439.69537	711.8758	-475.825	1000.0	-4.563781	41.145138	68.547806	-56.551517	844000	-0.04638861	744.6051	-0.0014883652	-247.81308	5.3467693	0.00031818647	916.5991599559784
211	295.90137	244.12384	531.1822	-110.900665	1000.0	39.750423	36.9701	84.00987	-61.067165	848000	-0.08154447	909.29785	-0.0017442405	-376.58673	5.3501673	0.00018523961	921.0822253227234
212	71.1871	332.43912	550.9179	-338.43253	1000.0	8.965179	35.720085	62.532463	-51.473614	852000	-0.036306433	600.816	-0.0020843782	-114.13928	5.3668838	0.0008469283	925.6606955528259
213	24.471542	215.99544	269.2716	-213.11084	1000.0	-5.8310723	39.779266	63.33848	-59.95931	856000	-0.09137465	530.4201	-0.0015738383	-106.537506	5.3335485	0.0005562728	929.8738043308258
214	187.17027	391.1829	609.9783	-411.76407	1000.0	10.621297	37.34957	66.15288	-53.84026	860000	-0.0512967	723.6132	-0.0018564127	-144.37628	5.3441286	7.785326e-05	934.163277387619
215	241.29579	242.86632	432.73428	-174.9521	1000.0	24.374573	36.96094	77.223915	-53.751442	864000	-0.03771118	627.2807	-0.001056999	-152.65158	5.403039	0.00015172081	937.90625166893
216	521.3358	182.47188	747.53156	238.90056	1000.0	36.547028	29.227104	73.16801	-62.09859	868000	-0.012751392	956.98364	-0.00068493653	-260.21967	5.378502	0.00028258335	942.3348767757416
217	194.0807	439.9905	742.89307	-471.2908	1000.0	21.742876	42.118465	84.72153	-52.294384	872000	-0.0012689895	853.7451	-0.0015372935	-240.85077	5.3470554	0.00020679396	946.3987503051758
218	256.44162	391.39948	672.83704	-382.4147	1000.0	28.506577	45.116352	87.17536	-64.9917	876000	-0.005958745	817.2099	-0.0022230367	-170.46918	5.3388	0.00026406063	950.9366269111633
219	524.99146	85.99262	629.939	401.12134	1000.0	46.38801	14.833276	77.916916	-43.11296	880000	-0.032025665	618.9735	-0.0027158223	-108.641174	5.374177	0.0016808712	955.1809096336365
220	465.0149	411.12054	828.6468	-228.63182	1000.0	32.024517	36.091698	76.343155	-61.97221	884000	-0.057994526	1085.9891	-0.001546219	-307.93158	5.354148	0.00038883978	960.1047489643097
221	99.05426	250.7017	402.279	-209.72502	1000.0	8.997395	54.837616	87.328255	-73.20643	888000	-0.01602676	861.68665	-0.0019286126	-311.81726	5.3911066	0.0006473966	964.4494235515594
222	51.267963	304.2126	523.7936	-272.67477	1000.0	-6.1418047	40.80526	70.30091	-61.18245	892000	-0.020826759	585.77264	-0.0017635152	-152.64597	5.3203115	0.0010885763	968.7168354988098
223	-56.362686	438.86206	487.8167	-496.3221	1000.0	1.1687969	42.752415	77.249664	-53.45501	896000	-0.01572954	649.63074	-0.0014138985	-183.08362	5.376495	0.00064239383	973.300797700882
224	25.788193	310.19666	394.27573	-442.40247	1000.0	-4.3585196	48.558067	82.61397	-63.33355	900000	-0.046795823	721.6819	-0.0017171241	-194.9361	5.330917	0.0018563807	977.9274635314941
225	252.03027	446.92728	752.54816	-467.6717	1000.0	12.242298	41.559002	76.34014	-53.501266	904000	-0.019884374	878.545	-0.00088394433	-300.4666	5.3438907	-0.0007841472	982.4245235919952
226	410.18686	182.75276	673.12976	160.00813	1000.0	54.00826	25.721994	91.95618	-44.00043	908000	-0.01304673	1340.539	-0.001318533	-424.11957	5.3332453	0.0006035114	986.79345870018
227	520.87317	192.52527	721.2473	217.85684	1000.0	39.138165	27.94683	87.40122	-51.662178	912000	-0.019126	1069.7802	-0.0013824627	-219.41241	5.3944807	0.0008537954	991.2076201438904
228	-20.405643	268.1351	399.89252	-327.28806	1000.0	-0.6987871	44.16153	82.74936	-55.37031	916000	0.002168791	342.47293	-0.00097151764	-112.64401	5.377404	0.00054558745	995.5949156284332
229	572.2887	109.22022	731.1649	460.56323	1000.0	40.249714	22.469051	75.0	-40.178436	920000	-0.036248077	1543.2135	-0.0018709488	-381.6305	5.3178015	5.0540446e-05	999.9831774234772
230	324.95245	238.72882	621.3875	66.1207	1000.0	29.101757	48.209362	96.167984	-67.70433	924000	0.007149955	857.3317	-0.0018018931	-158.80634	5.335421	-0.00018320394	1004.771861076355
231	221.5131	433.96042	657.6038	-252.12065	1000.0	20.507198	47.16025	92.394585	-58.33534	928000	-0.002805153	839.36194	-0.0009935494	-148.74884	5.3330145	-0.000104441344	1009.1680610179901
232	694.4007	129.94337	917.84546	599.17035	1000.0	54.96268	20.511862	89.972374	-43.39339	932000	-0.05578906	962.2136	-0.00096058473	-232.87415	5.3436027	-0.0004763249	1013.1129493713379
233	583.25525	120.36939	740.9585	411.5426	1000.0	61.468914	22.916798	96.33865	-43.841587	936000	-0.0577909	1029.179	-0.001677487	-228.82214	5.325919	0.0007267571	1017.6802067756653
234	498.43677	120.01403	650.1866	315.35498	1000.0	43.880516	35.402218	92.332245	-61.166733	940000	-0.054028958	727.8373	-0.0008426048	-205.55017	5.307625	0.00023963183	1022.1560897827148
235	152.68459	346.34912	490.5144	-293.38602	1000.0	23.815992	37.98882	83.4471	-44.59538	944000	-0.042972274	1058.8885	-0.0011215024	-368.50098	5.3107686	0.00045575548	1026.2337572574615
236	461.84137	375.9026	917.0276	-85.12745	1000.0	34.844803	37.068047	80.249954	-66.41764	948000	-0.03735538	924.8341	-0.0014171936	-195.84076	5.3358016	-0.0002690156	1030.5791511535645
237	349.86298	370.27554	848.773	-39.7876	1000.0	17.072079	54.304596	89.287315	-67.97146	952000	-0.036091585	796.31793	-0.0017868541	-240.7456	5.32885	-0.0004579596	1035.0484433174133
238	615.56287	213.3019	836.06665	264.54123	1000.0	54.931236	43.484104	102.276184	-66.200294	956000	-0.013212887	1004.21	-0.00182404	-155.29474	5.3561044	0.0009903098	1039.5213315486908
239	-138.48224	439.4492	564.61743	-515.9872	1000.0	-1.3139716	50.643513	96.96832	-61.00651	960000	0.00011904335	731.9947	-0.0016198469	-293.79395	5.3136725	0.0009647812	1044.105728149414
240	778.39325	178.71745	966.4554	484.46072	1000.0	46.092518	33.340855	87.01736	-62.53916	964000	-0.08001491	1736.0095	-0.0024088174	-776.8012	5.307136	0.0013428793	1049.357764005661
241	677.0472	139.29387	896.2526	549.6772	1000.0	74.25438	25.913424	106.207954	-35.68396	968000	-0.027768193	1243.145	-0.0013837144	-328.6184	5.389149	0.0003126617	1053.3759813308716
242	263.30753	631.2355	898.8985	-464.22296	1000.0	23.583288	55.100754	95.69905	-63.484867	972000	-0.033327833	943.72235	-0.0012308583	-208.15326	5.3537307	0.0008901676	1057.8385541439056
243	435.27798	510.82907	903.946	-415.43054	1000.0	40.94349	56.644024	106.26127	-72.71412	976000	-0.048110906	852.34283	-0.001711674	-127.17407	5.3266816	0.0008919083	1062.1441855430603
244	169.78061	467.39227	752.9746	-467.78967	1000.0	16.268555	60.973255	107.01326	-73.16054	980000	-0.055134956	747.5579	-0.00056711584	-153.54895	5.3368087	2.3848117e-05	1066.5356073379517
245	550.88885	126.87873	666.38696	337.68268	1000.0	45.268063	40.809856	91.24594	-68.79718	984000	-0.020692978	807.24603	-0.0013723653	-172.30145	5.2923865	0.0009292654	1070.8848447799683
246	455.26236	154.74318	623.97595	212.78613	1000.0	44.30296	35.891422	88.05817	-55.368538	988000	-0.072997004	810.61664	-0.0010970384	-167.01642	5.3580747	-8.3014784e-05	1075.0367665290833
247	487.06046	302.3086	851.95416	46.85474	1000.0	37.268387	35.809105	94.86527	-52.319073	992000	0.013548061	984.14124	-0.0022408143	-301.55414	5.299814	-0.00017340553	1079.0654063224792
248	-37.846695	412.83255	673.4451	-321.6957	1000.0	4.906588	54.29097	92.754845	-61.04746	996000	-0.04817434	889.61285	-0.0014951788	-300.6765	5.306477	0.00033209933	1083.1065187454224
249	661.781	201.74527	980.43066	420.368	1000.0	40.64824	38.96926	85.63665	-67.34386	1000000	-0.042762056	1312.6747	-0.0011600852	-507.02216	5.314687	0.00070834317	1088.4154756069183
