Epoch	AverageEpRet	StdEpRet	MaxEpRet	MinEpRet	EpLen	AverageVVals	StdVVals	MaxVVals	MinVVals	TotalEnvInteracts	LossPi	LossV	DeltaLossPi	DeltaLossV	KL	BacktrackIters	Time
0	-617.20044	116.8179	-474.2215	-749.21747	1000.0	0.051302157	0.858547	2.3856053	-2.2143424	4000	-6.693602e-08	3547.1948	-0.05783143	-602.4529	0.00877706	0.0	5.7083258628845215
1	-643.19165	11.535939	-630.7633	-660.3427	1000.0	-10.641227	4.0678997	9.757276	-15.262199	8000	-6.9141386e-09	2737.952	-0.060615472	-1038.8997	0.008765148	0.0	10.258843660354614
2	-692.06976	71.81698	-577.74634	-773.8449	1000.0	-11.537697	18.583961	23.601006	-23.908388	12000	-3.8027764e-08	3221.767	-0.061432336	-1716.9327	0.008628933	0.0	14.91581130027771
3	-740.4809	100.21376	-645.5676	-906.55676	1000.0	-28.618608	1.1831484	-10.273661	-29.200712	16000	1.02877614e-07	2160.6455	-0.060394056	-482.7395	0.008749706	0.0	19.705546379089355
4	-647.4555	49.455086	-585.52246	-713.931	1000.0	-35.274246	0.5810836	-22.767958	-35.496746	20000	9.775162e-09	972.97943	-0.059053052	-188.79944	0.008865351	0.0	24.57965850830078
5	-741.66534	65.196396	-689.5011	-853.35077	1000.0	-39.539726	0.22802821	-34.418148	-39.66054	24000	1.3113022e-08	1567.9315	-0.05671966	-245.63672	0.008810744	0.0	28.942034006118774
6	-704.8905	75.23707	-592.7405	-799.2876	1000.0	-44.28493	0.1151972	-42.60312	-44.35497	28000	-2.3841857e-09	897.1525	-0.060549457	-124.987305	0.008963033	0.0	33.85199284553528
7	-661.4571	57.16363	-616.41486	-758.2027	1000.0	-47.839264	0.096287794	-45.919044	-47.882736	32000	1.45435335e-08	436.10605	-0.05884707	-41.3255	0.008837508	0.0	38.53327965736389
8	-711.48816	133.11464	-623.7227	-941.7059	1000.0	-49.955532	0.13291878	-47.43072	-50.01774	36000	8.46386e-09	779.07544	-0.059730202	-67.42346	0.008915561	0.0	43.08252239227295
9	-636.10645	14.298324	-615.69745	-656.13525	1000.0	-52.658634	0.12376031	-49.63841	-52.70096	40000	3.9339065e-09	345.09805	-0.064121336	-5.458618	0.008806889	0.0	47.74924969673157
10	-657.7397	56.79147	-603.42596	-750.064	1000.0	-53.564667	0.09980797	-51.22383	-53.60772	44000	2.515316e-08	618.0087	-0.062050633	-10.481506	0.009005623	0.0	53.02263426780701
11	-696.20715	63.189728	-599.55865	-775.6923	1000.0	-54.367527	1.3326356	3.1320786	-54.567314	48000	-1.1563301e-08	674.5842	-0.06627177	-30.251892	0.009043087	0.0	57.66616177558899
12	-637.86426	65.68473	-566.63654	-742.414	1000.0	-56.062717	1.7504922	14.160231	-56.3755	52000	-2.515316e-08	454.85623	-0.06653103	-14.526428	0.008839999	0.0	62.00322723388672
13	-658.48425	84.41462	-535.86066	-766.0992	1000.0	-55.820965	4.3630295	13.231368	-56.803078	56000	-1.7404556e-08	690.63275	-0.062079925	-27.203857	0.008798966	0.0	66.71046471595764
14	-651.62476	93.77284	-546.8709	-786.1319	1000.0	-56.76918	4.137288	9.80009	-57.86914	60000	1.3351441e-08	549.29443	-0.05853589	-43.479645	0.008864393	0.0	71.42329287528992
15	-613.0452	111.82276	-524.96265	-803.8533	1000.0	-57.337776	3.1835158	-1.3421618	-58.532795	64000	-8.34465e-09	505.08344	-0.061858438	-19.79718	0.008823383	0.0	75.9762864112854
16	-525.8225	71.69819	-413.45837	-591.7371	1000.0	-54.48486	6.706817	20.630178	-57.997654	68000	-1.26361845e-08	546.73627	-0.060163293	-145.20953	0.008966412	0.0	80.38134670257568
17	-640.3002	73.58413	-569.6568	-755.02496	1000.0	-45.677273	8.800033	20.738379	-57.13851	72000	4.1007997e-08	731.8048	-0.0601047	-156.4898	0.008867148	0.0	84.77902722358704
18	-590.3562	69.93411	-474.24368	-658.2142	1000.0	-50.868065	13.3699665	53.513863	-58.203136	76000	9.298325e-09	607.953	-0.058349982	-157.29782	0.008819582	0.0	89.1193413734436
19	-627.66565	90.309685	-528.82745	-773.4836	1000.0	-51.37073	5.3240566	1.6533881	-57.967937	80000	1.8239021e-08	549.96735	-0.05700799	-42.390717	0.008837581	0.0	93.62401604652405
20	-594.5617	82.23284	-457.01035	-670.8491	1000.0	-52.995068	5.641727	9.657473	-58.615597	84000	-2.6226044e-09	388.3372	-0.05970032	-32.565216	0.008988148	0.0	98.78640246391296
21	-658.24866	70.45608	-563.75995	-739.9466	1000.0	-52.18009	6.3744965	-18.090324	-58.82213	88000	5.4836273e-09	529.3906	-0.06260875	-69.712616	0.008823794	0.0	103.47284173965454
22	-705.4801	86.30439	-604.9008	-840.92224	1000.0	-56.719975	3.7317145	-1.0274458	-60.517735	92000	8.8214875e-09	441.6306	-0.06465239	-42.920197	0.008943054	0.0	108.27019190788269
23	-578.97784	102.64533	-406.1518	-671.0786	1000.0	-57.121803	8.473991	12.966565	-62.300053	96000	-3.528595e-08	505.49503	-0.05857696	-183.49573	0.008932283	0.0	112.57126927375793
24	-688.2748	31.208931	-645.97076	-733.1134	1000.0	-53.011005	6.6907473	9.47192	-60.979435	100000	-7.867813e-09	710.2164	-0.060942058	-155.82648	0.008962775	0.0	117.21812653541565
25	-637.4656	50.457222	-563.25006	-702.2616	1000.0	-58.23805	3.2630372	-26.28648	-62.92077	104000	1.6689301e-09	315.41537	-0.060729682	-20.279236	0.008976072	0.0	121.6765296459198
26	-550.1537	26.1632	-522.8109	-593.047	1000.0	-56.9364	4.17417	5.093228	-63.033554	108000	-2.3841857e-09	391.94656	-0.06142208	-117.725555	0.008852017	0.0	126.68078184127808
27	-558.1687	49.505947	-482.58267	-613.4799	1000.0	-45.416588	10.996539	16.71026	-61.874477	112000	1.0490417e-08	368.50217	-0.06270477	-125.513885	0.008923197	0.0	131.28049325942993
28	-669.74493	114.85737	-540.51416	-855.3891	1000.0	-49.43153	5.1718264	-14.090495	-61.607075	116000	3.886223e-08	636.85315	-0.061034545	-152.95847	0.008972304	0.0	136.32093596458435
29	-585.78015	40.51014	-537.5452	-637.46173	1000.0	-57.284477	4.691519	-15.820799	-64.02636	120000	-2.193451e-08	273.22916	-0.06458712	-41.116364	0.008891821	0.0	141.22034096717834
30	-570.7447	96.700966	-487.30865	-732.92773	1000.0	-52.299335	5.2469254	-5.6800785	-63.710583	124000	7.867813e-09	310.79718	-0.061435975	-32.88559	0.008961475	0.0	146.59311532974243
31	-580.02637	45.421223	-505.76068	-628.44653	1000.0	-52.0325	6.1005363	-4.459654	-63.858074	128000	2.6464463e-08	260.48837	-0.065468684	-36.454727	0.008830214	0.0	151.29469394683838
32	-611.3599	75.02479	-531.1914	-727.95526	1000.0	-51.72913	5.2259436	-12.36064	-63.674953	132000	-9.298325e-09	294.67224	-0.061443433	-32.229553	0.008842623	0.0	155.81676697731018
33	-576.06616	76.16715	-492.8624	-673.07214	1000.0	-55.482914	5.093612	-13.425073	-64.442604	136000	7.629395e-09	443.5557	-0.060489923	-69.447296	0.008924516	0.0	160.5002462863922
34	-596.53546	39.13216	-541.9964	-642.2521	1000.0	-50.26501	4.9850154	-8.806986	-63.921494	140000	1.4305115e-09	217.5113	-0.06675292	-27.464737	0.008921488	0.0	165.02929019927979
35	-553.67633	31.079077	-510.1674	-592.57104	1000.0	-56.57128	5.4427056	-0.009854734	-64.55377	144000	-2.503395e-08	365.42657	-0.059735913	-60.339508	0.008932313	0.0	169.60961961746216
36	-579.2799	47.51865	-508.67007	-642.3497	1000.0	-51.008724	6.0883746	10.592113	-63.81117	148000	-3.3378602e-09	323.6379	-0.06401285	-34.839203	0.008929127	0.0	174.0137481689453
37	-573.39343	14.021382	-556.91156	-595.4807	1000.0	-50.33004	5.3064694	-6.3586097	-64.04567	152000	1.1384487e-08	321.11832	-0.059398066	-43.70343	0.008919996	0.0	178.7265191078186
38	-574.65784	134.53731	-399.43442	-771.8479	1000.0	-52.161602	5.8907533	16.917114	-64.816895	156000	-1.5497207e-08	490.69705	-0.060257733	-55.660034	0.008908987	0.0	183.31403923034668
39	-605.19556	92.51423	-483.7453	-703.7173	1000.0	-52.373524	7.833302	24.51674	-65.78719	160000	1.3828277e-08	449.81143	-0.06143933	-41.79663	0.008922553	0.0	188.30526876449585
40	-544.9059	31.059017	-491.48572	-568.5187	1000.0	-52.71512	6.2084203	-1.1242936	-66.55743	164000	5.722046e-09	287.33926	-0.058486003	-49.5412	0.008908861	0.0	192.94166040420532
41	-589.0338	71.157646	-492.3666	-688.96344	1000.0	-52.823437	5.6425586	6.113265	-66.38228	168000	-2.193451e-08	415.7095	-0.061316576	-60.751465	0.008933309	0.0	197.61581468582153
42	-445.96582	102.67948	-319.35202	-600.5249	1000.0	-54.00684	7.8177967	-0.21798247	-67.03487	172000	7.390976e-09	632.6176	-0.059318885	-267.7966	0.008940259	0.0	201.8379101753235
43	-591.6855	60.488068	-503.55096	-670.7165	1000.0	-37.13857	14.440272	36.139183	-64.024445	176000	-8.5830685e-09	741.81335	-0.061710134	-413.40836	0.008878018	0.0	206.44205474853516
44	-480.42386	54.55081	-402.04837	-551.8529	1000.0	-50.651634	5.4469624	1.7285895	-67.30337	180000	-2.9087067e-08	276.08945	-0.061419975	-100.15573	0.008906637	0.0	211.2060263156891
45	-466.4189	54.398582	-392.25854	-543.1669	1000.0	-43.45848	5.7153697	8.318541	-64.088264	184000	1.9550324e-08	260.38885	-0.062417395	-44.12245	0.008966835	0.0	216.07141017913818
46	-518.76685	28.506367	-479.7215	-559.08484	1000.0	-40.570805	7.5503516	10.457499	-62.18853	188000	3.8146974e-09	526.28235	-0.059364792	-119.882324	0.008913847	0.0	220.7558741569519
47	-546.51544	49.716133	-499.2665	-628.053	1000.0	-46.98606	7.3745947	9.538	-66.62159	192000	2.682209e-08	299.79163	-0.061021466	-37.01779	0.008925206	0.0	225.27721047401428
48	-529.7267	60.397335	-450.88477	-596.67456	1000.0	-47.923283	5.9684544	-7.387391	-66.95473	196000	-3.0875206e-08	238.71368	-0.06391034	-29.930618	0.0089533385	0.0	229.839293718338
49	-517.12384	49.651356	-469.64786	-585.6446	1000.0	-46.784634	4.3944926	-13.976902	-66.48303	200000	1.013279e-08	237.09427	-0.06316325	-45.91339	0.008905615	0.0	234.03616881370544
50	-544.2584	12.76135	-526.79297	-557.1219	1000.0	-46.59086	3.560625	-22.92689	-65.63766	204000	9.536744e-10	219.41998	-0.063530214	-23.022537	0.008851688	0.0	238.958247423172
51	-503.99048	75.59577	-376.71005	-563.4936	1000.0	-49.142937	5.107733	-13.466604	-66.672134	208000	2.336502e-08	312.0582	-0.05835563	-49.61026	0.008824623	0.0	243.5314965248108
52	-525.666	45.239506	-455.06555	-574.30505	1000.0	-42.895485	6.4724774	3.0965142	-66.78365	212000	1.5497207e-08	215.39825	-0.06337732	-43.630066	0.0088237785	0.0	247.9604799747467
53	-515.8469	100.59143	-361.96814	-608.22217	1000.0	-48.652275	5.8683853	8.646753	-67.3116	216000	-9.179115e-09	342.51413	-0.06358152	-59.44214	0.0088458555	0.0	252.47232151031494
54	-558.75507	36.187595	-521.6661	-596.2451	1000.0	-47.959286	9.151485	6.082001	-67.54572	220000	-2.7179718e-08	274.67816	-0.059613094	-72.84517	0.00883048	0.0	256.9682970046997
55	-449.85553	55.26984	-365.28796	-506.83188	1000.0	-48.3784	8.741246	17.198898	-67.703094	224000	-1.001358e-08	397.0125	-0.06288887	-169.69255	0.008779856	0.0	261.72986698150635
56	-562.69006	46.708492	-490.9864	-619.8309	1000.0	-38.782303	6.8970203	3.1843007	-64.859764	228000	-7.629395e-09	463.86694	-0.06285944	-190.30243	0.008864278	0.0	266.1466975212097
57	-510.39288	21.750746	-473.8167	-530.3898	1000.0	-49.731308	6.45304	-11.380336	-68.78471	232000	-2.4557114e-08	330.3065	-0.06001865	-37.36844	0.008898604	0.0	270.85061383247375
58	-574.8008	122.67267	-393.68347	-737.8272	1000.0	-49.219757	8.712612	-9.337559	-68.268005	236000	3.8146974e-09	559.265	-0.057630055	-79.07779	0.00884824	0.0	275.27325797080994
59	-535.47815	71.93116	-463.51376	-653.4317	1000.0	-45.366306	7.577984	-21.564539	-69.42204	240000	-1.168251e-08	216.6909	-0.068701066	-44.535538	0.008948109	0.0	280.0461208820343
60	-472.08276	52.913765	-397.19754	-526.0629	1000.0	-47.374134	6.41571	-22.065691	-71.75777	244000	-3.5762787e-10	351.83344	-0.06693463	-161.9255	0.009015529	0.0	285.02100944519043
61	-467.13583	66.82824	-358.24945	-540.3142	1000.0	-38.63914	13.233548	35.035038	-69.654564	248000	1.5735626e-08	377.3284	-0.059893128	-150.92014	0.008849117	0.0	289.76524233818054
62	-461.82758	17.267307	-442.57858	-489.03778	1000.0	-44.66652	6.418308	-4.6308346	-64.082214	252000	7.629395e-09	216.41022	-0.06396133	-35.694305	0.0089354515	0.0	294.39285612106323
63	-458.3211	51.890137	-380.52847	-525.0066	1000.0	-42.003796	4.9688697	-0.5018984	-63.511417	256000	-9.775162e-09	213.05748	-0.061662838	-28.367416	0.008995269	0.0	299.08882331848145
64	-581.0479	115.81479	-435.01065	-736.72424	1000.0	-40.298016	6.132651	-6.154892	-62.92818	260000	2.1457671e-09	676.4865	-0.05971003	-262.44092	0.008907693	0.0	303.7468514442444
65	-481.8125	92.38701	-323.07788	-551.6462	1000.0	-50.290257	10.457034	-7.371957	-72.14754	264000	-1.4305114e-08	588.87286	-0.06432145	-144.74521	0.008977555	0.0	308.67394256591797
66	-465.56174	61.372932	-394.3817	-560.10126	1000.0	-42.267155	8.217141	30.786575	-69.11109	268000	5.722046e-09	221.90782	-0.062555365	-52.470932	0.008930401	0.0	312.9475133419037
67	-491.21155	63.34599	-409.7516	-576.5837	1000.0	-43.565876	6.0773797	-14.638277	-66.82106	272000	-8.34465e-09	274.09457	-0.06440382	-44.408142	0.008956491	0.0	317.4761612415314
68	-504.73584	54.04156	-413.8192	-554.5519	1000.0	-33.86671	9.814838	14.399575	-68.01197	276000	3.528595e-08	394.8549	-0.061102863	-184.08694	0.008859281	0.0	322.1514766216278
69	-456.8191	75.432014	-356.40433	-551.6667	1000.0	-44.78476	5.7976365	-20.414347	-71.576904	280000	1.9073486e-08	267.45337	-0.058088504	-33.133804	0.008765652	0.0	326.92433500289917
70	-429.14197	40.619705	-365.36328	-474.51947	1000.0	-40.548565	4.0199227	-17.234455	-68.07255	284000	-1.3113022e-08	250.07994	-0.0639184	-93.23273	0.008991409	0.0	332.2983965873718
71	-403.89844	46.69367	-340.86856	-463.27423	1000.0	-39.845207	6.6064506	6.7836237	-62.549736	288000	-3.0994416e-09	119.60843	-0.06605499	-22.497757	0.008850522	0.0	336.94863510131836
72	-428.98358	91.1444	-349.23718	-583.71954	1000.0	-36.347485	7.753496	0.7824215	-67.84295	292000	1.2338162e-08	456.0021	-0.060644723	-114.87979	0.009020713	0.0	341.6753075122833
73	-463.36456	32.966064	-419.30472	-512.2572	1000.0	-39.19079	10.784041	27.573095	-69.98791	296000	1.3351441e-08	246.67226	-0.06105367	-62.30623	0.008966888	0.0	346.19426369667053
74	-384.64624	80.17009	-286.98685	-479.84103	1000.0	-37.965977	7.9140368	9.763703	-66.697815	300000	1.8119811e-08	416.70078	-0.06465491	-85.708374	0.008972459	0.0	350.6024558544159
75	-403.95642	43.144333	-357.08374	-473.65643	1000.0	-36.652557	8.018682	11.748966	-66.678055	304000	-1.4185906e-08	250.9718	-0.06408976	-39.804016	0.008936781	0.0	355.18988728523254
76	-439.45892	75.179436	-335.83844	-540.33234	1000.0	-38.831165	5.9784584	-2.145927	-57.13734	308000	-6.6757204e-09	157.53244	-0.06272743	-19.067612	0.008950255	0.0	359.4732577800751
77	-536.0764	24.648079	-498.00458	-561.83124	1000.0	-41.648674	6.8499603	-2.561957	-57.26717	312000	-2.7418137e-08	287.68195	-0.06803326	-92.98439	0.00900086	0.0	364.1347315311432
78	-481.55237	73.6067	-375.08698	-563.15906	1000.0	-47.687096	4.4227014	-18.278854	-71.51482	316000	1.2874604e-08	235.99458	-0.06295013	-50.673965	0.008990217	0.0	369.05301094055176
79	-450.4843	32.814075	-410.2498	-501.2775	1000.0	-40.885937	4.8912196	-18.737585	-65.82611	320000	-2.2888184e-08	289.22382	-0.06495679	-33.113647	0.00896123	0.0	373.77995252609253
80	-443.39313	40.965073	-394.45224	-500.24573	1000.0	-43.15072	7.6891823	-2.215065	-71.98782	324000	1.9073487e-09	352.53467	-0.05965507	-78.716095	0.008978916	0.0	378.59947180747986
81	-349.817	116.387886	-188.24168	-475.03415	1000.0	-37.684525	8.801671	28.824888	-65.29977	328000	-2.5510788e-08	390.0742	-0.062411074	-145.24643	0.008937821	0.0	383.36029505729675
82	-446.09753	40.71791	-378.80814	-484.6101	1000.0	-36.07211	7.672214	36.989513	-54.493866	332000	-2.0742416e-08	309.7624	-0.060384404	-105.26689	0.008920393	0.0	388.2247357368469
83	-457.02142	49.45659	-406.36017	-525.6875	1000.0	-39.916924	6.4608045	20.537182	-69.14836	336000	5.9604646e-09	230.41563	-0.06094496	-42.554703	0.008968462	0.0	392.47845554351807
84	-408.67365	111.20215	-241.08272	-550.8001	1000.0	-39.93288	9.45807	16.825956	-67.39731	340000	7.3313715e-09	526.0441	-0.0590354	-112.85089	0.008866015	0.0	397.3213994503021
85	-411.7238	61.957462	-333.33282	-501.85468	1000.0	-38.47531	10.486918	24.486528	-66.459335	344000	-8.8214875e-09	262.20108	-0.05907937	-59.42415	0.008920778	0.0	401.79696822166443
86	-452.64667	23.298712	-417.78143	-482.95282	1000.0	-35.80448	7.2181067	11.506199	-63.37892	348000	3.8146972e-08	274.2413	-0.05978829	-93.135864	0.008943821	0.0	406.23560214042664
87	-432.2984	57.135845	-338.93924	-487.32605	1000.0	-41.250336	5.8914914	-9.903555	-64.94242	352000	1.2874604e-08	219.71172	-0.063991606	-75.33394	0.008983199	0.0	410.616818189621
88	-405.98672	44.260803	-356.1918	-469.98987	1000.0	-36.97209	6.0962033	15.739574	-63.297974	356000	-1.9073487e-09	162.38707	-0.062605105	-26.805588	0.009012683	0.0	414.9514226913452
89	-443.22784	12.53655	-422.47678	-456.07248	1000.0	-37.930412	3.50524	-14.318193	-53.289146	360000	4.053116e-08	146.69337	-0.061154112	-18.923561	0.008770513	0.0	419.8440284729004
90	-350.98608	89.27153	-223.49802	-475.61484	1000.0	-39.232124	4.5804825	-6.9738064	-64.74327	364000	5.8650972e-08	271.12924	-0.06221327	-102.912	0.008836853	0.0	425.1929221153259
91	-365.56674	118.50561	-165.2521	-471.0127	1000.0	-32.297752	7.03561	13.706068	-53.182167	368000	-1.5735626e-08	374.8289	-0.06041249	-76.72357	0.008987719	0.0	429.70165514945984
92	-410.02002	31.32287	-361.61166	-445.5589	1000.0	-34.80699	7.684423	42.320866	-60.753357	372000	-2.861023e-09	224.5041	-0.06899903	-41.433136	0.009006855	0.0	434.40324807167053
93	-424.61462	60.3494	-334.93518	-502.12024	1000.0	-37.547108	6.0928907	12.802596	-64.30163	376000	-5.00679e-09	191.54295	-0.059311245	-37.243546	0.008877239	0.0	439.0781424045563
94	-374.5882	37.349743	-333.15112	-412.68698	1000.0	-38.518642	5.53978	30.071802	-56.28198	380000	2.7298928e-08	167.47131	-0.06438181	-34.605408	0.008910583	0.0	443.9919366836548
95	-427.31274	48.71032	-372.03122	-501.66257	1000.0	-34.944946	6.3747497	29.49265	-57.15965	384000	-4.7683715e-09	198.22589	-0.062914774	-45.21727	0.008855984	0.0	448.49429845809937
96	-389.2752	68.833534	-305.2559	-492.13068	1000.0	-35.824806	8.2691145	34.88749	-59.027718	388000	-3.7908553e-08	242.87831	-0.06135867	-65.898026	0.009029412	0.0	453.1038866043091
97	-379.2884	107.680176	-215.04103	-510.6813	1000.0	-33.158672	3.829733	-10.98972	-60.952515	392000	2.8610229e-08	186.09892	-0.05739005	-32.262512	0.0089108795	0.0	457.71373653411865
98	-420.9029	57.984474	-336.17007	-494.51593	1000.0	-34.605156	6.0677624	22.401167	-59.921677	396000	-9.059906e-09	211.13506	-0.06383634	-64.3288	0.00891656	0.0	462.16920590400696
99	-406.11926	96.62117	-311.18634	-563.8033	1000.0	-38.097763	6.7741003	0.31641436	-65.40974	400000	-2.7418137e-08	310.35254	-0.06172244	-41.050537	0.0089898985	0.0	466.81557178497314
100	-387.07794	38.114746	-328.22028	-431.85867	1000.0	-35.689297	4.145431	-6.2308564	-56.328983	404000	1.45435335e-08	119.9768	-0.06610078	-18.713234	0.0089473035	0.0	471.875524520874
101	-377.5436	93.06214	-256.71115	-496.2547	1000.0	-33.97535	5.8141723	-0.8328824	-58.44618	408000	-1.0490417e-08	245.90422	-0.061185844	-38.266373	0.009114021	0.0	476.61244440078735
102	-397.68008	53.010868	-321.85074	-450.08313	1000.0	-32.971275	6.334442	22.961195	-56.1444	412000	1.07288365e-08	328.89865	-0.06169169	-66.65558	0.009082435	0.0	481.3634133338928
103	-395.19742	33.52622	-363.63797	-447.52747	1000.0	-35.370308	6.861425	-0.18676388	-59.457043	416000	1.6212464e-08	252.67328	-0.060088612	-47.191086	0.008950836	0.0	486.13418412208557
104	-329.35168	18.253435	-304.40314	-352.62634	1000.0	-35.827442	7.548858	8.547913	-64.17882	420000	2.1100044e-08	301.2278	-0.058628257	-85.7363	0.009103686	0.0	490.68203377723694
105	-336.75894	51.487965	-288.02676	-415.50787	1000.0	-30.642637	7.079181	-2.2598298	-59.317745	424000	8.106232e-09	221.38043	-0.062285822	-28.698654	0.008939996	0.0	495.2201602458954
106	-391.19196	47.185425	-315.03882	-433.20642	1000.0	-31.674625	5.8911633	7.0616603	-61.329018	428000	-9.536743e-09	206.0825	-0.06019787	-53.321793	0.009011386	0.0	499.5878975391388
107	-377.53094	87.60065	-299.74622	-525.9453	1000.0	-36.626717	5.012289	-12.742034	-55.090393	432000	2.5987624e-08	214.17366	-0.06422979	-34.68663	0.009077516	0.0	504.1015303134918
108	-357.99084	43.569305	-289.61752	-407.98196	1000.0	-32.85135	5.1126084	3.0508683	-53.001797	436000	-2.5749207e-08	158.76103	-0.060339633	-32.839592	0.008862273	0.0	508.7074234485626
109	-349.4964	30.615652	-307.12335	-388.06732	1000.0	-28.318691	7.663421	23.616438	-64.94466	440000	-1.9073486e-08	361.02527	-0.06296796	-73.51953	0.009049707	0.0	513.2611775398254
110	-306.06317	63.016148	-208.51515	-382.64117	1000.0	-31.702568	7.6763825	26.55594	-59.829586	444000	-2.4080277e-08	289.00006	-0.06197145	-62.419724	0.009070244	0.0	518.7620882987976
111	-349.2525	54.73366	-264.58917	-417.68878	1000.0	-28.126514	6.4655304	8.236131	-55.686752	448000	7.152557e-09	151.75691	-0.059248023	-30.728363	0.008933792	0.0	523.5324859619141
112	-322.297	58.089767	-254.41202	-404.1492	1000.0	-31.883549	5.6134763	15.414928	-52.00898	452000	1.2397766e-08	133.97841	-0.06458263	-26.863205	0.008957651	0.0	528.1173799037933
113	-392.55573	105.894264	-212.97592	-475.72427	1000.0	-23.048367	7.5394025	21.921349	-49.772064	456000	2.6464463e-08	485.79892	-0.058466904	-255.29727	0.008999185	0.0	532.6815893650055
114	-377.66586	47.636658	-321.98816	-426.57703	1000.0	-34.34521	5.6523433	17.153223	-58.401524	460000	7.152557e-09	139.65569	-0.063285984	-21.580772	0.009094468	0.0	537.1581485271454
115	-383.80627	84.415855	-272.0604	-501.52042	1000.0	-34.958046	4.8586845	7.4176292	-54.643177	464000	-2.4080277e-08	178.53638	-0.06583336	-38.119827	0.0091752885	0.0	541.3152680397034
116	-310.7836	78.20536	-178.90318	-381.13885	1000.0	-30.067741	6.236941	3.9372926	-51.238342	468000	-2.8848648e-08	168.92226	-0.0613193	-29.018402	0.009035294	0.0	545.9056603908539
117	-303.12274	113.59476	-122.460236	-431.98212	1000.0	-28.970148	7.6096115	7.8835545	-45.29956	472000	-2.2649765e-08	207.09052	-0.06260195	-34.83162	0.009133385	0.0	550.4690816402435
118	-303.3794	86.98423	-209.69858	-442.1391	1000.0	-26.438704	9.965028	22.632946	-46.468204	476000	8.225441e-09	205.06657	-0.061456375	-36.94876	0.009042831	0.0	555.0040240287781
119	-262.01746	80.11889	-135.04947	-345.15466	1000.0	-27.489183	7.256488	8.934184	-52.645832	480000	-2.503395e-08	215.3158	-0.060341954	-45.30252	0.009182959	0.0	559.7906336784363
120	-304.20282	69.30196	-220.7756	-380.4423	1000.0	-26.500639	8.441282	12.46761	-53.161427	484000	1.9013882e-08	210.35878	-0.063910775	-36.04251	0.009118943	0.0	564.7429502010345
121	-263.80402	66.151245	-167.94524	-353.20715	1000.0	-24.634167	6.6178036	11.450381	-53.990913	488000	2.6464463e-08	207.39851	-0.06023826	-53.242035	0.00909075	0.0	569.1578464508057
122	-303.7921	50.568394	-221.77824	-350.9322	1000.0	-25.65709	7.9718447	10.558911	-42.735893	492000	1.2397766e-08	237.40434	-0.05976796	-58.305923	0.009067402	0.0	573.8555181026459
123	-358.08813	80.05301	-220.31798	-416.2294	1000.0	-25.866789	10.453362	18.947203	-55.416866	496000	3.3736228e-08	406.82794	-0.058857147	-133.05243	0.009113985	0.0	578.475667476654
124	-268.62927	92.48031	-175.5386	-368.40503	1000.0	-32.68662	8.225798	9.034956	-60.53219	500000	3.6001204e-08	312.88208	-0.06094747	-121.327286	0.009052291	0.0	583.0796859264374
125	-302.22968	70.05055	-238.18085	-420.5476	1000.0	-23.831171	7.0117817	7.6546783	-48.109535	504000	-5.2452087e-09	222.3226	-0.058876727	-57.03073	0.009046351	0.0	587.6353855133057
126	-259.1612	27.360395	-218.40424	-295.4474	1000.0	-25.572922	6.6276426	10.668023	-45.76364	508000	-8.34465e-09	170.39922	-0.06042238	-44.624855	0.009094504	0.0	592.1203827857971
127	-343.66333	101.84221	-225.29485	-504.67358	1000.0	-26.952778	9.519762	-1.381396	-49.359043	512000	-1.0371208e-08	281.27908	-0.05877547	-62.294098	0.009111978	0.0	597.0940775871277
128	-307.3029	60.98817	-223.8592	-367.24582	1000.0	-26.872566	7.702161	3.2822309	-55.68818	516000	5.841255e-09	227.01375	-0.060127553	-53.24495	0.009104242	0.0	602.0939195156097
129	-384.1595	65.42391	-300.9073	-459.5412	1000.0	-31.512789	6.9090996	1.3192401	-48.299076	520000	1.4305114e-08	150.10435	-0.060032103	-32.291733	0.009052355	0.0	606.6350870132446
130	-340.71158	20.190184	-311.08105	-364.70996	1000.0	-30.216812	5.3471174	-12.641871	-49.96414	524000	1.5974045e-08	140.56737	-0.059055764	-21.840233	0.009092653	0.0	611.7397871017456
131	-219.73221	74.652756	-153.95642	-337.49655	1000.0	-30.59054	4.6043673	-6.1840973	-51.994495	528000	4.2915342e-09	301.0935	-0.06216683	-173.28043	0.009213969	0.0	616.6074447631836
132	-200.63463	25.269945	-176.60182	-237.31029	1000.0	-16.848858	6.6049786	13.594285	-39.247604	532000	4.2915342e-09	164.93578	-0.061552875	-29.061478	0.009183722	0.0	621.1006941795349
133	-294.82773	62.911682	-217.30751	-392.8664	1000.0	-19.742315	7.426729	12.238041	-43.830475	536000	5.00679e-08	254.3939	-0.058812622	-84.27261	0.009186842	0.0	625.6577780246735
134	-219.87178	84.6323	-102.98112	-311.3677	1000.0	-23.178724	7.3114324	11.816121	-52.921196	540000	-9.536743e-09	413.34308	-0.05615801	-82.08328	0.009072391	0.0	630.3468108177185
135	-214.87239	74.43828	-129.20346	-313.46634	1000.0	-20.75598	10.563574	28.881523	-59.94551	544000	-1.6212464e-08	262.16833	-0.059664596	-60.865494	0.009272852	0.0	634.9867498874664
136	-191.96262	82.34162	-120.10316	-320.8614	1000.0	-21.467625	7.92181	14.3337755	-43.76975	548000	3.8146974e-09	245.8768	-0.057888865	-56.734024	0.009150329	0.0	639.653352022171
137	-241.74829	76.70064	-143.50052	-349.84363	1000.0	-16.715199	7.583061	17.302029	-49.511044	552000	2.6226044e-09	313.154	-0.06014954	-72.40712	0.0091609005	0.0	644.4818274974823
138	-197.14095	55.478546	-121.466545	-278.01382	1000.0	-21.118761	8.861874	21.59361	-48.873493	556000	1.001358e-08	223.06442	-0.05807028	-47.98021	0.009265514	0.0	648.5532758235931
139	-279.01532	124.37168	-164.56346	-485.94186	1000.0	-19.561625	8.2444725	19.9105	-43.82962	560000	-2.5749207e-08	265.5243	-0.057430103	-76.00537	0.009196211	0.0	653.0984132289886
140	-234.76285	130.49954	-14.870818	-347.20224	1000.0	-22.105469	8.219334	13.878116	-60.162617	564000	7.390976e-09	337.56943	-0.05601018	-52.964935	0.009233362	0.0	658.1560733318329
141	-249.20958	72.84505	-142.41364	-341.16797	1000.0	-23.269022	10.98192	15.739515	-66.11462	568000	1.0728836e-09	238.25056	-0.062272646	-52.912918	0.009233576	0.0	662.8361299037933
142	-228.9719	99.59064	-58.121635	-308.32953	1000.0	-22.951332	7.6772003	7.431361	-52.506557	572000	1.2397766e-08	182.10132	-0.061113384	-34.975937	0.009074297	0.0	667.175704240799
143	-264.7988	81.10966	-150.19688	-379.06107	1000.0	-20.6198	8.125851	20.027664	-47.828533	576000	2.5749207e-08	282.92978	-0.06093288	-50.264114	0.009211138	0.0	671.4843034744263
144	-212.09317	62.14693	-152.63634	-303.0831	1000.0	-20.035097	7.890688	14.097351	-45.21501	580000	1.2159347e-08	256.8135	-0.060176473	-47.64685	0.009148121	0.0	676.0041029453278
145	-301.90173	124.79147	-147.89023	-492.02924	1000.0	-23.071856	8.885651	9.326261	-46.51943	584000	-6.6757204e-09	421.17395	-0.05914999	-103.181335	0.009129641	0.0	680.6325333118439
146	-225.07327	71.18494	-153.2952	-339.29654	1000.0	-25.126488	11.064458	28.713655	-63.94222	588000	1.0490417e-08	291.20444	-0.058906555	-83.19116	0.009247785	0.0	685.409188747406
147	-226.04948	132.70541	-79.82295	-440.25104	1000.0	-24.779007	8.831301	8.271857	-49.19811	592000	-1.4781952e-08	226.16934	-0.057917956	-96.262634	0.009237211	0.0	690.0128378868103
148	-238.35551	45.148743	-180.60928	-298.70792	1000.0	-14.712989	8.827996	15.166864	-48.065815	596000	-3.5762787e-10	317.84863	-0.062388055	-103.150375	0.009187521	0.0	694.328775882721
149	-217.30417	140.85667	-26.101866	-417.53427	1000.0	-24.911594	9.884826	8.7815895	-44.92781	600000	1.5735626e-08	220.6326	-0.060847152	-75.832245	0.009150623	0.0	699.267510175705
150	-171.35867	67.32876	-122.13942	-287.3903	1000.0	-11.956936	6.895326	16.683212	-40.0904	604000	-2.002716e-08	251.68147	-0.056773756	-59.84941	0.00914006	0.0	704.4836502075195
151	-201.66199	65.14508	-102.573204	-285.25046	1000.0	-16.243185	5.6638155	11.557527	-39.32584	608000	-6.6757204e-09	214.93466	-0.056392282	-35.66954	0.009228193	0.0	709.0090742111206
152	-89.671326	72.07656	-26.872072	-204.50314	1000.0	-16.935184	6.5399265	18.44632	-39.789433	612000	-3.7670137e-08	307.40863	-0.06123771	-126.70372	0.00919397	0.0	713.5686824321747
153	-173.202	36.530197	-120.30881	-220.22597	1000.0	-7.4089055	8.530465	29.647646	-38.340527	616000	-3.0994416e-09	325.69257	-0.058596294	-118.379105	0.009273316	0.0	718.1177744865417
154	-176.21115	35.365826	-131.88072	-229.81133	1000.0	-16.676653	5.693546	10.71144	-36.975273	620000	2.5749207e-08	135.20247	-0.05568617	-27.263222	0.009188013	0.0	722.6420936584473
155	-127.96909	22.718967	-103.47796	-162.97125	1000.0	-14.189679	5.951624	13.304497	-45.590145	624000	-9.059906e-09	179.74437	-0.058388162	-31.521057	0.009186193	0.0	727.2194855213165
156	-125.22465	53.86832	-36.2969	-178.79343	1000.0	-11.122283	5.997697	15.25654	-39.074707	628000	9.775162e-09	261.59808	-0.058015198	-45.24402	0.009296364	0.0	731.9703688621521
157	-230.84909	107.12833	-92.0475	-375.55273	1000.0	-16.85338	10.90467	17.340347	-38.794125	632000	-1.8119811e-08	294.12796	-0.05912412	-101.322495	0.00923514	0.0	736.6476192474365
158	-178.80354	134.65686	-35.43486	-320.08356	1000.0	-15.117117	7.703308	22.86938	-38.927048	636000	-4.053116e-09	242.36879	-0.059917063	-132.24332	0.00918922	0.0	741.2011153697968
159	-125.97598	63.431976	-77.208824	-234.6215	1000.0	-11.194679	11.205555	28.552256	-36.29817	640000	-2.5272369e-08	213.01463	-0.056884054	-35.243942	0.009201816	0.0	745.805258512497
160	-122.1658	109.846054	-28.508615	-309.47583	1000.0	-12.781187	10.892024	28.978962	-39.04016	644000	2.0980835e-08	194.22215	-0.060783416	-38.193817	0.009320952	0.0	750.8939738273621
161	-138.93826	121.85199	-8.209289	-299.02606	1000.0	-9.737441	11.594296	26.481163	-38.092464	648000	-4.0769578e-08	302.83762	-0.056291193	-68.72453	0.0092382375	0.0	755.5002090930939
162	-220.43765	61.73003	-159.75562	-323.30295	1000.0	-18.487726	12.652865	16.875721	-41.950405	652000	-9.059906e-09	229.98882	-0.06344915	-56.297943	0.009195418	0.0	760.2082574367523
163	-124.55978	121.034035	43.59628	-243.16446	1000.0	-19.470072	11.843753	28.737383	-43.734818	656000	1.2397766e-08	324.44577	-0.059226047	-144.93022	0.009250553	0.0	764.639817237854
164	-132.42267	135.0799	-28.577572	-364.3214	1000.0	-9.391714	14.808296	29.538435	-42.64235	660000	-2.3841857e-09	255.13016	-0.059439514	-46.142258	0.009366283	0.0	769.1315455436707
165	-60.897827	89.72224	84.278	-157.19856	1000.0	-6.4409575	10.942893	25.906889	-46.21078	664000	-2.9087067e-08	252.07921	-0.055391558	-42.496628	0.009262469	0.0	773.722508430481
166	-12.892255	75.344635	77.89463	-128.16324	1000.0	-6.909034	11.137351	23.473701	-37.618248	668000	-1.7642975e-08	316.72812	-0.058263432	-76.559845	0.009305065	0.0	778.3970372676849
167	-33.20048	61.522038	54.590763	-117.53278	1000.0	-0.15517125	8.367651	29.939247	-38.22962	672000	-1.180172e-08	197.69351	-0.05691771	-50.263702	0.009283053	0.0	782.7399897575378
168	-61.247444	102.55228	10.639831	-236.96315	1000.0	-7.2469535	10.179942	19.54016	-37.45207	676000	-8.225441e-09	196.72287	-0.059638284	-53.141937	0.009350653	0.0	787.2854306697845
169	-126.24498	94.46154	11.88134	-249.86043	1000.0	-4.255022	11.779132	25.976402	-37.916042	680000	8.34465e-09	425.0193	-0.057474904	-153.83752	0.00920543	0.0	791.9249155521393
170	-41.99814	108.15163	56.653076	-225.01694	1000.0	-11.015212	8.843854	22.403715	-48.761032	684000	3.3378602e-09	234.44876	-0.057742435	-99.59926	0.00927236	0.0	797.3539345264435
171	34.242626	24.670435	72.68584	7.589446	1000.0	0.37416026	7.567564	27.656012	-32.558064	688000	-4.1127205e-08	260.3124	-0.05518691	-37.27803	0.0092543755	0.0	802.0554964542389
172	-91.35251	129.44566	74.7418	-253.36583	1000.0	-3.7261734	12.331423	34.369576	-33.120068	692000	-2.8371812e-08	417.24582	-0.055220287	-105.61417	0.009265683	0.0	806.8547320365906
173	-88.972275	116.99502	17.69189	-281.35648	1000.0	-9.286253	14.677037	40.68557	-49.93587	696000	-1.6689301e-09	229.26929	-0.05786577	-72.2516	0.009321506	0.0	811.7833602428436
174	-84.69315	134.8526	17.947496	-314.9095	1000.0	-0.7657926	8.054264	25.871712	-37.726837	700000	-3.5762786e-09	344.2525	-0.05638436	-79.65787	0.009273844	0.0	816.2614192962646
175	-201.28783	111.01005	-14.190103	-305.42258	1000.0	-19.170752	13.417032	19.93031	-39.296738	704000	-2.3841857e-09	221.702	-0.05732803	-39.0459	0.009305878	0.0	821.0597779750824
176	-100.40028	93.28391	34.958084	-228.2653	1000.0	-12.474738	10.907133	19.678871	-43.015667	708000	-3.5762786e-09	277.67117	-0.059909627	-82.776276	0.009302731	0.0	825.6502697467804
177	-113.31951	160.83511	106.68018	-344.88235	1000.0	-10.265023	13.666652	24.95089	-39.459427	712000	2.7358531e-08	320.5548	-0.058295954	-60.925354	0.0093761645	0.0	830.0437934398651
178	77.83269	115.43302	166.399	-116.07763	1000.0	-2.1080472	9.667295	33.403233	-39.401634	716000	-5.2452087e-09	369.3911	-0.059368312	-147.57724	0.009336661	0.0	834.5586693286896
179	-84.62425	109.9758	65.544235	-226.10254	1000.0	2.6435313	12.849018	36.359768	-40.2382	720000	-1.2397766e-08	465.49564	-0.05722552	-180.08282	0.009327914	0.0	839.2881348133087
180	35.98064	72.45076	113.89343	-82.56304	1000.0	-3.5361667	10.419259	25.152794	-43.360523	724000	2.861023e-09	355.05176	-0.05934958	-109.11832	0.009440878	0.0	844.5062310695648
181	-100.34344	70.33944	9.927578	-184.4494	1000.0	0.31365186	11.021162	31.488277	-37.585686	728000	-3.504753e-08	343.7765	-0.058592733	-139.05183	0.009260068	0.0	848.9437110424042
182	-128.83807	183.07411	49.701553	-413.3736	1000.0	-14.595982	12.520184	18.482925	-38.804142	732000	1.66893e-08	203.61253	-0.059424628	-58.378647	0.009241183	0.0	853.4690265655518
183	-158.16974	168.41414	60.607857	-410.8873	1000.0	-12.582792	16.04039	16.527237	-45.019547	736000	2.0802021e-08	247.58466	-0.05761938	-49.795532	0.009299032	0.0	857.8640985488892
184	-103.87036	164.37306	77.04481	-269.5177	1000.0	-12.174362	16.532583	21.523022	-54.182755	740000	-1.1563301e-08	386.02707	-0.059338324	-86.691986	0.009400492	0.0	862.2981598377228
185	-6.762495	120.00092	81.48038	-213.06541	1000.0	-5.22041	10.055047	24.365755	-42.84415	744000	9.298325e-09	329.45844	-0.057478722	-75.40843	0.009473972	0.0	866.8110585212708
186	-176.9365	111.0782	14.144959	-260.89163	1000.0	-11.20574	15.804088	27.456776	-41.05885	748000	-3.2782555e-08	256.25302	-0.061733738	-67.007095	0.009316319	0.0	871.2350907325745
187	-163.22867	133.6414	52.78939	-309.65274	1000.0	-15.660446	12.345002	20.220089	-42.39173	752000	-4.1246413e-08	176.30458	-0.059543103	-64.79505	0.009349237	0.0	875.8943023681641
188	-6.7446747	79.12464	81.93874	-124.908165	1000.0	0.047671266	12.078019	30.786327	-36.141872	756000	3.4570693e-09	309.64792	-0.05808303	-46.67572	0.009280051	0.0	880.3488483428955
189	-8.656761	112.184525	137.0575	-176.96721	1000.0	-3.1212578	14.2677765	25.184666	-42.66277	760000	1.3351441e-08	291.28925	-0.05462209	-61.013992	0.009197246	0.0	885.0814609527588
190	17.810469	114.3066	170.63121	-118.17512	1000.0	1.6136961	10.665941	32.59215	-36.681038	764000	9.894371e-09	399.1663	-0.056507587	-94.01257	0.009328545	0.0	890.4034380912781
191	-64.94327	129.66663	73.21921	-209.88863	1000.0	-2.9457219	16.090086	29.366262	-46.505184	768000	1.859665e-08	433.09225	-0.057112444	-97.28027	0.009346791	0.0	895.2727608680725
192	88.651	128.65155	214.7288	-104.83066	1000.0	-4.524006	13.578536	43.737316	-37.481167	772000	-3.194809e-08	389.53006	-0.05821468	-211.66885	0.009382161	0.0	899.8846025466919
193	-23.518806	178.70955	245.52509	-247.98878	1000.0	4.114857	17.834412	45.201706	-39.582905	776000	1.7523766e-08	393.34875	-0.060014892	-102.60797	0.00946062	0.0	904.6332466602325
194	-9.669872	180.7974	168.22096	-311.6693	1000.0	0.7205388	14.265815	37.950806	-38.058445	780000	-1.2040139e-08	286.7455	-0.06088579	-82.13901	0.009359477	0.0	909.3657832145691
195	-64.362625	151.10088	134.8669	-286.8988	1000.0	1.3087999	14.723158	44.49169	-38.214005	784000	-6.198883e-09	320.42056	-0.054911327	-115.691284	0.0093503175	0.0	914.2742102146149
196	-18.40104	165.25073	187.3319	-274.27853	1000.0	-8.543586	14.25173	24.203695	-43.998405	788000	6.6757204e-09	252.89972	-0.058094982	-86.65001	0.009376669	0.0	918.8801066875458
197	45.801205	121.3706	166.4298	-154.36588	1000.0	0.46247998	15.511753	36.07597	-35.620667	792000	-1.2427568e-08	241.08752	-0.058072638	-41.470627	0.009371674	0.0	923.4701380729675
198	-17.81646	165.33691	160.13258	-222.7931	1000.0	0.4167527	16.054888	32.788574	-33.458992	796000	-1.45435335e-08	300.80676	-0.060948685	-69.74858	0.009337771	0.0	928.3779463768005
199	165.34409	100.10009	278.68378	38.575226	1000.0	5.1681356	11.545663	33.855003	-38.16191	800000	-3.004074e-08	312.7217	-0.058190662	-120.750244	0.009410578	0.0	933.1395266056061
200	-17.526152	137.56023	109.543465	-221.7216	1000.0	5.5895057	17.822966	45.77064	-34.161545	804000	2.8133393e-08	238.29135	-0.05873733	-99.591	0.009291118	0.0	938.4627017974854
201	105.70303	151.51718	222.50421	-149.51268	1000.0	1.8922019	16.809752	38.858597	-36.61433	808000	-1.0490417e-08	237.19392	-0.060731668	-70.286606	0.009410942	0.0	943.3066694736481
202	91.56537	163.91771	312.80112	-126.19073	1000.0	9.684329	16.269987	41.010635	-31.277159	812000	2.2053719e-09	297.97	-0.05793488	-48.100967	0.009397045	0.0	947.8042631149292
203	-70.6924	235.31506	254.70439	-402.1394	1000.0	-2.8259916	21.46742	51.945	-33.650295	816000	-9.894371e-09	338.761	-0.058054373	-99.63229	0.0093391435	0.0	952.2461025714874
204	-119.933395	198.7659	184.90031	-372.37183	1000.0	-10.850455	22.134113	35.456882	-41.33512	820000	-7.629395e-09	215.18294	-0.059723556	-37.12146	0.00941087	0.0	956.8200244903564
205	140.9473	59.61066	239.42946	93.310974	1000.0	11.213556	8.9433	43.26173	-32.5008	824000	7.7486035e-09	271.47293	-0.06014129	-58.664505	0.009375847	0.0	961.5481100082397
206	10.989786	255.20094	209.77473	-419.3901	1000.0	-0.71313965	20.63084	37.963463	-37.373016	828000	3.4332274e-08	204.57274	-0.062215693	-55.178238	0.0093513355	0.0	966.3392941951752
207	184.51474	107.54653	350.5517	52.20043	1000.0	14.571006	9.939554	46.989925	-26.138674	832000	-4.7683715e-09	210.98212	-0.05859213	-48.033615	0.009393787	0.0	970.9349384307861
208	176.94357	74.08388	256.2167	55.414845	1000.0	18.095974	8.463859	58.04465	-17.91955	836000	1.4305114e-08	215.09126	-0.055437982	-36.247696	0.009299151	0.0	975.5248537063599
209	-35.53459	237.43307	230.08887	-329.29977	1000.0	-3.7446687	24.480867	47.982277	-40.01389	840000	2.0861626e-09	242.031	-0.055918984	-60.97473	0.009425976	0.0	980.3461537361145
210	39.16313	147.89616	205.50056	-198.26802	1000.0	2.7937179	22.098429	37.771114	-41.286533	844000	-1.26361845e-08	291.63593	-0.066289045	-74.22046	0.009288391	0.0	985.8531589508057
211	117.04825	204.02151	354.02206	-125.20313	1000.0	6.9765587	18.559607	46.662113	-34.47007	848000	-4.2915342e-09	373.73587	-0.058210194	-80.114075	0.009450372	0.0	990.5154874324799
212	236.65906	47.821426	285.085	184.06645	1000.0	19.652224	9.012239	46.38012	-28.120352	852000	-1.502037e-08	290.99918	-0.061155938	-54.941727	0.009432906	0.0	994.9499897956848
213	128.43336	179.14774	241.03014	-181.70515	1000.0	13.267453	19.814995	51.360428	-36.51225	856000	-1.0967255e-08	266.4416	-0.055814244	-47.39868	0.009359602	0.0	999.6495208740234
214	158.3009	79.66085	295.2688	98.0025	1000.0	16.032558	13.246178	49.348503	-36.35995	860000	-5.4836273e-09	359.88635	-0.053890586	-84.17267	0.009483662	0.0	1004.2888326644897
215	217.29683	45.3452	255.37665	142.91241	1000.0	14.744655	12.250927	42.315304	-33.199093	864000	1.0490417e-08	367.4334	-0.056482326	-100.13095	0.009409362	0.0	1008.9237859249115
216	309.34497	91.13527	454.59012	212.19078	1000.0	24.084393	8.827843	60.029118	-22.022984	868000	-1.7166137e-08	368.02307	-0.060090702	-72.80356	0.009497588	0.0	1013.7913415431976
217	220.32996	131.29097	361.9246	25.932785	1000.0	26.286325	8.82889	65.342	-13.49358	872000	1.0967255e-08	281.31262	-0.058658727	-62.52916	0.009376197	0.0	1018.3689277172089
218	154.14752	96.472115	256.5027	27.717915	1000.0	20.391508	7.5416794	50.248592	-12.587103	876000	-1.2338162e-08	319.497	-0.05744371	-73.46109	0.0094939675	0.0	1022.9519119262695
219	190.65028	153.15195	348.69257	-62.63098	1000.0	12.682457	14.08824	46.96289	-29.207396	880000	1.4185906e-08	300.92365	-0.05942713	-108.643585	0.0093797725	0.0	1027.3836908340454
220	25.726616	211.23541	250.84819	-185.58447	1000.0	6.111741	23.613111	51.29896	-33.312855	884000	2.9802322e-08	305.7756	-0.057064395	-99.84529	0.00936242	0.0	1032.6404693126678
221	149.87367	88.92755	227.04317	3.9594269	1000.0	15.682953	15.815085	61.871746	-34.295414	888000	3.0994414e-08	485.73013	-0.0596693	-90.470245	0.009530542	0.0	1037.3521389961243
222	78.12096	120.21557	253.62321	-35.29445	1000.0	6.2599483	21.777487	52.94678	-36.32335	892000	-2.861023e-09	288.79065	-0.058054112	-55.081497	0.009356728	0.0	1042.2485616207123
223	266.8034	291.8979	521.581	-225.21564	1000.0	9.650111	20.910889	51.16206	-32.475506	896000	4.9114227e-08	655.5272	-0.060893457	-398.84616	0.00945509	0.0	1046.509484052658
224	53.010807	198.88785	256.41425	-264.32977	1000.0	14.351344	35.188087	68.67698	-41.38279	900000	-4.053116e-09	666.7256	-0.057752144	-303.3627	0.009452895	0.0	1051.1342964172363
225	-17.877533	161.20978	239.49736	-180.62332	1000.0	2.5520914	23.921974	46.61789	-37.758144	904000	5.722046e-09	357.93185	-0.057803992	-82.36899	0.00938793	0.0	1055.8649435043335
226	-153.96872	256.45624	239.94615	-395.16217	1000.0	-13.689557	23.500761	46.550056	-38.707832	908000	-1.525879e-08	263.5353	-0.06524759	-43.282562	0.0094464915	0.0	1060.3399221897125
227	164.81525	321.25455	506.8371	-362.99207	1000.0	4.0080285	23.88711	49.2009	-40.063812	912000	2.8848648e-08	435.72952	-0.060401045	-205.57864	0.009332573	0.0	1065.1816809177399
228	136.21548	295.99716	406.31482	-351.541	1000.0	15.723672	27.041533	56.299416	-37.917995	916000	-1.0967255e-08	337.4091	-0.059132453	-55.822845	0.009471552	0.0	1069.9066472053528
229	135.09445	203.88327	387.91006	-166.10358	1000.0	12.900925	25.57033	53.164616	-40.34443	920000	1.8119811e-08	275.36157	-0.056549173	-45.86696	0.009382399	0.0	1074.6255180835724
230	299.74554	184.32149	490.93372	34.858967	1000.0	20.70282	21.090675	53.598076	-39.294006	924000	6.198883e-09	430.71252	-0.057685867	-115.3129	0.009400715	0.0	1079.8102014064789
231	138.11325	287.49585	368.82886	-339.31577	1000.0	15.644186	29.73231	59.257095	-36.19787	928000	3.1471252e-08	258.53973	-0.06141627	-51.17746	0.00943373	0.0	1084.367336511612
232	247.60643	212.33005	397.56744	-118.22939	1000.0	23.725298	25.985538	59.456284	-38.61916	932000	-2.6106834e-08	336.76736	-0.056443136	-64.102356	0.00936998	0.0	1088.8489809036255
233	391.39526	118.964386	516.6984	236.31915	1000.0	30.114801	12.071667	60.457195	-36.35069	936000	-3.4809112e-08	419.90845	-0.055655513	-97.799835	0.009528611	0.0	1093.5272860527039
234	30.395287	192.55415	303.78607	-240.4497	1000.0	12.280979	29.429817	60.076565	-36.193027	940000	-2.861023e-09	472.22037	-0.057077087	-212.40695	0.009436069	0.0	1097.8060321807861
235	188.08322	228.75616	360.83792	-205.01396	1000.0	13.602683	21.954332	50.67138	-38.2667	944000	-1.2874604e-08	356.7742	-0.059500195	-97.514496	0.009359857	0.0	1102.475911140442
236	2.1691551	276.49463	460.0745	-228.91039	1000.0	1.2400908	27.91948	49.050205	-39.986206	948000	-1.1920929e-09	382.924	-0.05744985	-72.481445	0.009473615	0.0	1107.0858421325684
237	214.7666	254.51634	402.6484	-222.9199	1000.0	18.418982	22.669151	55.090065	-37.46663	952000	-5.9604646e-09	425.55624	-0.057263274	-68.51138	0.009493248	0.0	1111.340236902237
238	411.64136	51.854336	462.96188	341.23618	1000.0	29.978632	9.814707	61.8142	-31.337332	956000	-1.6450882e-08	343.5059	-0.056719773	-92.02121	0.009488508	0.0	1115.950161933899
239	25.964695	288.30267	315.78488	-400.72266	1000.0	7.3473682	32.013474	65.15149	-36.523693	960000	-6.0796737e-09	419.26358	-0.057365745	-124.712524	0.009366896	0.0	1120.2295615673065
240	41.199013	208.20549	363.71844	-217.6357	1000.0	4.3229814	29.750822	53.272617	-38.17762	964000	-1.26361845e-08	366.30865	-0.05728819	-67.60791	0.00943046	0.0	1125.3658304214478
241	332.65167	39.55036	387.8846	279.29733	1000.0	19.389162	16.063856	51.397873	-37.45907	968000	7.152557e-09	521.1711	-0.053056113	-167.66934	0.00946421	0.0	1129.7714653015137
242	147.97498	311.41	455.96286	-309.8388	1000.0	13.684652	30.61598	63.865944	-37.95633	972000	-8.8214875e-09	468.28635	-0.05416057	-81.322235	0.009512819	0.0	1134.4625809192657
243	-9.767807	352.8923	540.26843	-407.54044	1000.0	-2.2694757	35.61762	75.10881	-40.56991	976000	-1.6212464e-08	436.78256	-0.05786376	-79.51776	0.009422722	0.0	1139.318060874939
244	98.543915	271.37527	372.29572	-245.9919	1000.0	9.165777	35.67059	73.77231	-42.630688	980000	9.536743e-09	360.4435	-0.05804106	-117.28882	0.009470656	0.0	1143.6979973316193
245	21.690422	263.01498	374.28516	-367.80106	1000.0	6.2489796	27.816519	57.502056	-38.489765	984000	-2.7418137e-08	398.81766	-0.0559622	-107.16147	0.00946806	0.0	1148.4600431919098
246	87.46748	398.47714	577.6884	-391.20618	1000.0	3.5209794	34.5742	56.48946	-41.27248	988000	-6.5803526e-08	373.64136	-0.057227846	-77.86618	0.009352799	0.0	1152.9449281692505
247	-87.6561	244.77936	179.21365	-378.0879	1000.0	-5.7359657	35.844868	66.95677	-41.50596	992000	0.0	422.68768	-0.060552124	-130.48737	0.0094968835	0.0	1157.5154931545258
248	150.86343	202.03815	438.08594	-68.74361	1000.0	7.0173435	25.521328	54.930916	-39.52711	996000	-6.198883e-09	431.39334	-0.057859115	-141.14182	0.009473394	0.0	1162.2037258148193
249	310.36096	283.16772	555.22095	-139.2946	1000.0	19.104929	28.29268	57.660583	-35.75322	1000000	1.1920929e-08	697.01764	-0.05636079	-196.98694	0.009374761	0.0	1167.5270915031433
