Epoch	AverageEpRet	StdEpRet	MaxEpRet	MinEpRet	AverageTestEpRet	StdTestEpRet	MaxTestEpRet	MinTestEpRet	EpLen	TestEpLen	TotalEnvInteracts	AverageQ1Vals	StdQ1Vals	MaxQ1Vals	MinQ1Vals	AverageQ2Vals	StdQ2Vals	MaxQ2Vals	MinQ2Vals	LossPi	LossQ	Time
1	-44.806126	70.42837	16.086966	-355.10983	-132.31322	246.87767	-21.441217	-866.4714	137.33333	52.3	5000	1.3673438	3.4675393	31.5424	-11.647666	1.367586	3.4678605	31.149324	-12.194208	-2.8772523	0.4984264	47.32409644126892
2	-55.436253	94.95216	10.644133	-388.83795	-59.129627	44.258423	-25.791332	-182.63448	167.93333	22.8	10000	18.927464	10.50457	65.02308	-11.375318	18.926744	10.503781	65.37637	-12.92997	-24.575838	4.2808614	85.32633519172668
3	-395.72067	758.7703	41.09558	-2507.6401	315.59665	172.37833	573.6817	19.32208	188.84616	758.6	15000	35.994884	7.276805	92.84866	-27.100647	35.995556	7.277925	106.203674	-14.641275	-39.46212	8.755637	139.6075735092163
4	39.396935	111.55999	243.83398	-154.08498	60.92267	86.988785	213.59808	-115.06289	395.75	410.0	20000	31.047064	8.412128	65.856026	-26.230867	31.047043	8.416333	66.43693	-22.833961	-33.81849	5.076393	190.1568751335144
5	121.06102	99.933075	386.96762	-9.590516	129.55585	154.2487	545.1634	17.134136	376.0	300.2	25000	27.10119	9.111986	64.5922	-27.261509	27.101263	9.114491	64.69736	-27.429852	-29.601904	4.35474	245.6746964454651
6	92.21981	94.24701	344.42236	-7.069222	267.86176	157.90353	534.9516	34.280434	232.33333	605.2	30000	25.260311	9.3203945	62.34297	-17.480448	25.260136	9.322178	63.60685	-29.252167	-27.5267	4.3784213	298.54813861846924
7	148.16864	166.00311	528.9949	-0.9982948	202.36156	216.50322	604.3617	14.299033	302.5625	355.8	35000	24.324268	8.846308	62.81529	-17.656168	24.323801	8.84829	62.70518	-22.309917	-26.503052	4.260357	348.7390923500061
8	180.52153	180.4025	588.4274	9.345811	194.76437	235.19406	723.8227	16.145092	369.2143	297.2	40000	23.68958	8.428283	58.516403	-19.775896	23.689482	8.429844	57.82886	-17.151016	-25.747572	3.8926382	395.81795382499695
9	216.3217	209.90044	693.8735	18.600922	278.0024	213.35008	751.01624	20.557314	359.07144	367.7	45000	23.648968	8.319442	56.410675	-26.895422	23.648779	8.32012	53.846214	-15.9968	-25.583933	3.9140463	441.2287712097168
10	376.30637	205.8337	596.9121	49.417294	266.9346	194.55617	687.4336	77.4894	618.7143	392.1	50000	23.740305	8.343128	52.324486	-21.224146	23.740469	8.342822	53.482887	-20.22382	-25.604412	3.8242607	488.10609102249146
11	301.5042	227.36787	665.3186	9.537125	408.6683	282.72504	800.7516	29.066864	525.0	575.3	55000	24.04926	8.48046	52.57496	-18.608904	24.049442	8.479612	57.066936	-19.964209	-25.848888	3.8086107	545.317586183548
12	186.42178	218.44371	674.89404	-2.511591	285.35574	241.22554	705.22363	45.344013	276.11765	379.8	60000	24.553223	8.578001	54.258003	-24.931036	24.553173	8.578988	54.753807	-16.379293	-26.261276	4.1073728	593.149664402008
13	308.22745	212.25752	640.5815	62.388626	354.76596	319.69595	801.13196	11.076558	392.3846	459.3	65000	25.092733	8.664888	58.70973	-20.002974	25.092712	8.664839	56.19191	-22.955233	-26.793493	4.1345325	643.4419937133789
14	317.14725	302.75903	837.7169	8.719474	395.53705	277.7384	852.5213	73.55672	435.91666	463.8	70000	26.25687	8.96546	60.765663	-18.67166	26.256847	8.964828	61.02193	-19.95464	-27.973143	4.400195	694.0486161708832
15	279.7523	308.41574	919.2215	3.1571643	306.3453	295.1808	816.9501	6.9541955	332.0	339.5	75000	27.41155	9.410094	61.165947	-19.393988	27.411448	9.410513	61.22884	-17.225471	-29.093582	4.7138762	738.728351354599
16	320.10916	347.07654	1014.3048	30.305456	435.16913	279.24323	902.6495	52.326515	385.69232	495.9	80000	28.713308	9.750593	62.234043	-24.803125	28.713343	9.749873	64.90008	-19.530117	-30.373434	4.7460027	787.0946962833405
17	333.07858	334.66617	855.41455	15.209997	504.49243	344.84778	946.73346	102.47733	393.46155	574.3	85000	30.128325	10.028699	63.426235	-30.481691	30.128843	10.027742	63.26215	-21.390654	-31.766354	4.975741	840.3841400146484
18	597.9411	316.6715	850.8042	70.7625	337.2949	376.68362	974.78204	31.971424	745.0	363.9	90000	31.556805	10.304847	62.948494	-23.307531	31.556917	10.305978	63.47629	-24.111406	-33.188705	4.609765	889.8364107608795
19	395.26675	307.9743	840.3073	25.880556	516.67883	392.53647	1042.516	26.981695	481.6	507.7	95000	32.826023	10.692235	64.142265	-23.59559	32.826286	10.693579	65.55737	-17.936295	-34.444794	4.6170406	937.3922424316406
20	451.90295	361.1446	845.4684	1.1861088	455.65375	374.87357	1075.6217	-7.228388	542.125	441.1	100000	33.86873	11.059854	64.60123	-22.70868	33.868805	11.061334	66.21875	-17.63762	-35.48876	4.661599	981.8027188777924
21	308.74963	293.6366	898.22955	31.251741	612.6511	402.8779	1159.9137	53.031994	318.375	561.9	105000	35.14842	11.355054	73.03882	-19.587027	35.148518	11.354737	70.31185	-20.523933	-36.70913	4.8180757	1032.5679891109467
22	300.88785	294.16397	826.2374	13.081747	442.97852	334.4771	941.9319	21.839693	353.06668	414.9	110000	36.31256	11.676942	75.08589	-21.968082	36.312893	11.677531	72.14343	-23.719576	-37.843903	5.2345324	1084.706689119339
23	358.30753	295.0092	834.5405	41.623104	404.0948	335.97665	944.4387	14.211914	439.41666	352.8	115000	37.260624	11.977949	74.180786	-21.372824	37.260952	11.980426	72.60344	-23.889372	-38.774815	5.2471905	1135.0237574577332
24	585.4694	429.9738	1170.6766	24.125061	326.3731	301.28574	881.27356	55.72297	645.0	377.6	120000	38.154583	12.305695	73.92886	-20.3371	38.15436	12.30851	74.44784	-24.010643	-39.60448	5.462616	1181.5183444023132
25	400.2461	301.51434	893.56824	29.061735	534.61395	379.01257	1069.3126	94.55271	390.76923	449.1	125000	39.20535	12.630972	73.05765	-40.76389	39.205368	12.633059	73.182816	-24.58452	-40.66469	5.5278897	1231.009310722351
26	763.7466	305.65967	1246.0504	327.76608	276.95154	156.22029	574.899	9.252025	992.2	200.8	130000	40.048153	12.936476	72.92977	-27.036245	40.048317	12.935412	72.484955	-21.115395	-41.46794	5.756416	1277.3946335315704
27	445.42426	331.29614	828.96106	39.533092	655.6254	534.3249	1578.827	39.33746	477.0	535.0	135000	40.55472	13.473069	72.28099	-24.784721	40.554726	13.473533	78.05546	-21.745749	-41.99641	5.8929644	1321.2828431129456
28	593.48694	313.27957	1007.5485	125.357925	743.84186	364.5494	1474.8308	132.38387	609.625	610.3	140000	41.02362	13.788876	78.5719	-26.469028	41.023655	13.789451	76.05836	-36.731407	-42.431274	5.8496428	1370.7622256278992
29	545.19684	382.95346	1198.0308	112.76754	750.58777	348.4505	1255.1885	227.75626	547.9	639.5	145000	41.848534	14.124503	78.57756	-29.089066	41.848904	14.123812	76.9097	-30.676117	-43.2442	6.073187	1424.9582896232605
30	485.16135	364.54016	1264.4884	28.747984	558.80725	420.48593	1207.0414	21.28301	425.72726	560.5	150000	42.783676	14.511823	78.02334	-28.602718	42.78396	14.512061	78.587585	-33.020622	-44.18296	6.4676623	1471.829626083374
31	432.4497	385.08026	1140.8538	14.390636	461.72614	408.51822	1156.7227	10.4634495	441.36365	431.1	155000	43.720745	14.7058525	81.38403	-38.06425	43.721134	14.703716	79.49409	-31.74738	-45.08303	6.6696553	1520.0961589813232
32	565.3258	406.51892	1112.8303	19.914349	873.68896	563.5303	2074.5974	57.558933	540.1	621.3	160000	44.675186	14.78754	83.91707	-32.870605	44.675358	14.7854805	82.392426	-21.585129	-46.076973	6.7670984	1573.8507583141327
33	797.56464	564.98126	1769.412	161.26476	738.23047	389.5905	1494.251	183.5922	652.2857	673.5	165000	45.749435	14.879541	83.90985	-32.01449	45.7493	14.879637	84.982635	-29.857185	-47.095497	6.93469	1625.0879890918732
34	592.6661	428.93698	1587.9819	55.481136	827.2912	484.7994	1646.6448	44.544342	467.33334	659.1	170000	46.753883	15.196431	89.477806	-27.816135	46.75417	15.194796	87.652596	-26.577814	-48.161095	7.3219757	1677.1049523353577
35	784.00934	360.27203	1400.4545	179.78128	441.73105	337.13968	937.3531	79.078835	646.0	391.7	175000	47.826668	15.577286	90.562645	-33.224106	47.827137	15.576659	91.092224	-27.49302	-49.21817	7.778039	1726.3815319538116
36	418.86954	333.71222	936.6848	68.009895	549.27936	397.84006	1034.6078	85.710144	399.63635	496.2	180000	48.635548	15.907457	94.07675	-26.924305	48.635777	15.906527	92.36616	-33.913353	-50.02714	8.222146	1770.8275644779205
37	859.76874	661.5443	2242.401	61.428688	733.6708	414.86234	1312.1056	53.53972	504.4	524.9	185000	49.559654	16.394207	96.152954	-35.40096	49.55968	16.394997	98.86513	-25.343872	-50.963467	8.785994	1821.3588507175446
38	577.277	505.73712	1866.3876	24.254503	918.0169	488.1893	2048.9065	105.48158	459.27274	566.8	190000	50.60036	16.894379	99.829834	-32.142673	50.600536	16.893824	97.26827	-37.870407	-52.050766	9.097857	1869.6573827266693
39	1607.5258	519.8404	2115.7131	624.9685	1296.3906	593.98035	2091.3325	359.07132	881.0	682.3	195000	51.866493	17.568356	100.59695	-28.019156	51.86673	17.56788	100.647964	-35.157288	-53.328854	9.652482	1920.5558257102966
40	727.24133	472.56418	1309.7864	47.623222	1273.1135	805.4688	2214.7778	166.50456	578.0	620.8	200000	53.315666	18.281427	104.09985	-33.643604	53.316288	18.279024	103.47393	-32.039707	-54.75886	9.929682	1972.7287511825562
41	765.7207	674.73315	2219.7756	26.459805	533.0991	399.13263	1482.6027	14.774375	498.0	416.7	205000	54.56658	19.092793	105.78675	-40.782055	54.566696	19.092142	108.79963	-46.939754	-56.041576	10.649291	2020.9687089920044
42	1297.5676	793.34717	2120.8945	43.98559	1478.9652	847.52454	2496.2876	210.68713	823.5	672.5	210000	55.79381	19.913876	110.31269	-41.646645	55.7941	19.914898	113.90034	-33.8092	-57.266136	11.370056	2073.3717880249023
43	1180.1903	362.31216	1711.4199	685.35345	1535.8015	584.9353	2181.1345	375.87177	729.7143	808.9	215000	57.1465	20.818674	112.79763	-26.694782	57.14657	20.818178	113.4898	-25.215788	-58.628	11.388034	2128.0514526367188
44	1543.3043	600.23755	2399.289	750.07733	969.277	658.43994	2181.7078	31.806705	941.6	611.4	220000	58.422943	21.577717	116.277626	-38.76772	58.422874	21.578354	118.2531	-59.238136	-59.881176	12.07779	2177.8675422668457
45	974.84875	533.3906	1961.503	326.53912	1300.8147	506.81778	2430.9846	604.8937	553.7778	678.0	225000	59.664085	22.41869	118.85703	-32.819546	59.66434	22.417894	118.06816	-49.82949	-61.23693	12.721233	2227.257582426071
46	1465.567	715.02814	2208.6711	80.32423	1312.41	980.70984	2627.538	21.379654	822.6667	612.3	230000	60.985847	23.287891	121.46632	-30.457047	60.98621	23.28909	122.32487	-70.04928	-62.576424	13.0767355	2276.0963249206543
47	1351.0303	903.0011	2271.9822	54.723415	972.74677	599.97504	2432.117	239.51146	731.4286	663.3	235000	62.41411	24.317616	127.60977	-51.114048	62.414154	24.318432	125.38945	-60.430557	-64.012856	13.53923	2328.87628364563
48	891.25446	469.90314	1633.6383	173.37958	1582.329	877.5192	2658.8518	545.7444	587.0	683.0	240000	63.7094	25.270048	131.68692	-44.939022	63.709377	25.27135	129.54668	-51.481308	-65.2936	14.105798	2379.0462098121643
49	1275.5015	588.8406	2296.1265	615.2969	1708.2465	908.99963	2709.6353	241.25586	699.625	816.2	245000	65.05288	26.351717	133.82353	-45.016903	65.05344	26.35364	132.51622	-57.831738	-66.64999	14.965796	2437.0359976291656
50	1769.3491	859.29956	2625.666	183.37012	1974.1829	780.87695	2687.3167	335.0825	717.1667	912.6	250000	66.50326	27.622055	136.47533	-40.67372	66.50306	27.622795	133.16533	-47.783714	-68.21829	16.113958	2488.887627363205
51	1603.0125	971.9668	2595.2246	38.809288	1274.9288	896.43317	2613.6938	61.100494	673.5	596.1	255000	68.12614	28.727936	138.85715	-55.709133	68.12705	28.727219	140.91284	-51.65381	-69.89621	16.535725	2541.616488456726
52	1777.08	707.81964	2479.8262	435.4701	1618.0471	954.45123	2588.401	102.057365	858.0	740.8	260000	69.79651	29.969612	141.25038	-35.755573	69.79644	29.971415	140.8903	-44.473255	-71.55558	17.02835	2594.0461490154266
53	1613.463	722.1906	3007.351	629.84485	2621.584	290.7093	2861.1106	1800.7853	829.5	1000.0	265000	71.32539	31.318134	146.3653	-76.654854	71.32542	31.318008	146.01463	-48.214546	-73.15433	18.074352	2647.6706433296204
54	1145.2341	817.9305	2538.3948	235.11195	1114.654	997.68365	3183.2659	158.59915	479.1	402.1	270000	72.92422	32.60906	149.30289	-48.62542	72.924416	32.6099	148.3007	-61.999924	-74.6431	19.126778	2693.2905015945435
55	2150.222	676.70685	2842.1345	895.87897	2755.6138	616.63837	3143.992	960.31915	891.3333	914.6	275000	74.73674	34.04373	154.24579	-46.302677	74.73687	34.04537	153.16219	-84.335594	-76.547195	19.582664	2752.892369747162
56	2230.4478	584.394	2800.084	1350.8824	1437.975	1127.3787	2847.8252	104.72733	840.4	590.5	280000	76.50904	35.3721	154.70618	-56.721535	76.50872	35.37253	154.37624	-62.37804	-78.32834	20.392872	2797.8968901634216
57	1743.3057	1166.8005	2902.7415	-3.3689268	1745.8889	930.30334	3162.368	271.0117	718.0	801.7	285000	78.37945	36.657356	159.35919	-56.08683	78.38032	36.65844	160.98221	-103.70454	-80.2717	21.70433	2853.6353969573975
58	2550.7668	426.63858	2942.2974	1823.8546	1006.1356	861.9929	3060.908	71.615845	925.2	462.4	290000	80.42818	38.049217	160.63605	-63.282303	80.42821	38.051216	164.05408	-58.073242	-82.390144	21.997261	2905.1704280376434
59	2202.1204	666.7109	2840.2803	978.8063	2529.0122	870.7266	3048.7598	55.16627	808.5	902.9	295000	82.61938	39.33576	166.4229	-41.355633	82.619354	39.33472	167.22519	-59.225807	-84.43967	22.744883	2965.9608302116394
60	1978.5852	1070.0216	3006.3708	179.70503	2162.7512	822.48425	2990.94	442.02725	685.875	828.2	300000	84.49229	40.619434	167.66748	-100.568245	84.49266	40.620003	168.05167	-65.89441	-86.37349	23.744143	3031.051186323166
61	2792.7505	318.5176	3046.9382	2183.8948	2858.4495	274.15063	3114.2822	2323.9504	947.2	981.3	305000	86.61736	41.938145	169.79251	-66.50246	86.61737	41.939354	171.02597	-49.82371	-88.57634	25.093023	3088.745007753372
62	2109.423	947.01855	3085.585	744.7549	1914.6221	1103.311	3252.9778	106.45376	738.4286	780.0	310000	88.96304	43.349743	177.5998	-62.50952	88.96314	43.352406	179.15804	-66.37818	-90.999794	24.954504	3151.88397026062
63	2430.4744	650.7548	3058.8513	1125.9816	2822.021	687.4082	3366.2825	1144.6398	865.3333	958.8	315000	91.0945	44.90303	177.7081	-57.18669	91.09432	44.903008	179.37607	-62.496082	-93.135735	26.397198	3218.271548271179
64	3146.21	111.234726	3364.8362	3066.8464	2405.184	1003.78674	3499.2258	873.56134	1000.0	843.4	320000	93.13376	46.36014	179.63654	-55.464966	93.133705	46.36225	181.58122	-90.02126	-95.18026	26.946537	3279.781237602234
65	1889.0734	1113.9846	3100.174	439.519	2813.0154	972.4947	3485.257	448.5365	727.7143	853.3	325000	95.090866	47.650913	182.60878	-50.96815	95.09057	47.654335	182.04121	-135.45055	-97.16747	28.648129	3343.835461616516
66	2576.4214	840.28406	3346.9812	1399.9241	3096.8225	589.7352	3588.952	1719.2212	830.6667	897.9	330000	97.15923	49.330307	185.38165	-55.623043	97.15911	49.333687	186.23473	-51.838703	-99.27578	29.70823	3405.624249458313
67	2219.6965	891.0576	3327.16	1332.1653	3195.0095	720.8511	3653.78	1065.3195	880.6	933.7	335000	98.929085	50.742325	190.65977	-58.588833	98.92867	50.745037	189.93002	-55.585358	-101.14966	30.357403	3457.9294877052307
68	2423.44	974.8818	3360.06	1086.8254	2472.1614	978.42255	3359.1409	619.2091	749.2857	833.1	340000	100.652695	51.98309	194.73732	-83.717834	100.65231	51.987064	194.77763	-80.05504	-102.81352	30.555677	3513.6888580322266
69	2126.3018	852.2663	3360.5908	1309.083	3116.3105	736.52203	3596.4639	1016.92114	914.8	981.3	345000	102.8744	53.241505	199.6523	-62.067226	102.87387	53.24384	197.02373	-64.767654	-105.01484	31.863323	3569.969863653183
70	2326.9875	945.6828	3501.7563	736.22217	3451.33	99.37502	3600.3782	3239.3665	835.1667	992.8	350000	104.097755	54.218357	196.74344	-82.132675	104.09736	54.222153	196.7739	-90.31573	-106.227875	33.087475	3625.4834258556366
71	3398.5586	90.290886	3550.245	3295.389	1572.5029	1197.5381	3520.4316	64.09366	1000.0	512.6	355000	106.33727	55.53219	202.68088	-84.04865	106.337906	55.53457	200.69905	-59.657097	-108.7545	33.766636	3673.425377845764
72	3294.7524	215.47891	3691.3584	3050.5266	2187.812	1187.6852	3676.8406	180.47993	1000.0	709.2	360000	108.640816	56.828606	207.98613	-56.863567	108.640465	56.831413	207.2118	-66.022835	-110.96303	34.06384	3724.584564447403
73	1926.7035	1021.23627	3422.5693	502.98495	3188.0718	238.84297	3506.1003	2790.191	804.3333	960.3	365000	110.535805	58.065342	209.29082	-54.606308	110.53631	58.067196	212.49152	-103.31404	-112.83292	34.85108	3781.1093995571136
74	3098.875	245.37003	3464.5366	2737.3293	3674.0942	156.74327	3854.0173	3381.575	1000.0	1000.0	370000	112.68709	59.337456	212.10808	-58.756645	112.68639	59.340794	214.54916	-69.51413	-114.83465	34.8399	3840.100729227066
75	2674.0117	947.633	3523.7249	923.9642	3596.623	419.45193	3854.5994	2397.322	929.1667	1000.0	375000	114.50631	60.900795	213.90604	-81.20076	114.50557	60.903996	219.45552	-70.31679	-116.764626	35.941944	3904.274739265442
76	3307.8567	361.67786	3642.3032	2654.6733	3307.3035	673.9605	4012.6255	2110.1458	1000.0	1000.0	380000	116.60603	62.470398	221.46663	-58.41529	116.60507	62.47573	219.05484	-82.700905	-119.029816	37.784996	3962.044795513153
77	2652.7168	1142.7234	3475.7112	240.53491	2522.6262	1396.9291	3884.823	252.2869	786.6667	746.4	385000	118.634026	63.711906	219.08153	-158.33522	118.63433	63.71413	223.08147	-124.70965	-121.0009	38.501724	4015.7648656368256
78	3398.2	175.08748	3713.7769	3237.8643	3238.8918	594.6275	3707.2974	2034.7178	1000.0	919.9	390000	120.61007	65.027115	222.53514	-75.76698	120.60897	65.03079	223.56999	-97.53377	-123.0644	39.60558	4073.7895245552063
79	3369.611	416.06354	3632.2632	2444.948	2113.2043	1163.0364	3884.3718	556.2092	943.5	797.3	395000	122.53171	66.399124	226.4432	-144.31194	122.53117	66.40374	227.46744	-146.68498	-124.76003	39.59938	4137.035471916199
80	1847.4224	1249.0217	3733.3865	76.70191	3929.1953	120.77917	4093.1255	3717.9873	624.75	1000.0	400000	124.77202	67.83104	227.59338	-84.00233	124.77088	67.83377	226.84622	-57.952076	-127.09332	40.512592	4195.658820867538
81	2797.9028	1338.2196	3670.4082	140.7414	2639.806	1330.8663	4144.39	604.8174	806.6	786.9	405000	126.25847	68.68529	229.78238	-83.768394	126.25788	68.69027	231.98338	-62.30898	-128.64278	41.552876	4246.0783479213715
82	2551.6848	1155.0392	3964.6072	1226.4401	3854.1086	686.84985	4267.7544	1813.528	915.5	1000.0	410000	127.71769	69.59547	230.63707	-68.95016	127.71692	69.600075	231.44873	-77.01511	-130.08913	42.279724	4307.489698410034
83	2290.3928	1225.5205	3913.2512	827.2623	2812.2566	1472.2349	3993.4624	333.16873	885.6667	728.8	415000	128.89693	70.778076	236.86891	-82.81771	128.89597	70.782684	233.2033	-81.23587	-131.1747	42.833942	4359.983529090881
84	3605.9204	241.5385	3834.2427	3158.6438	3585.2441	72.7022	3712.1592	3472.9055	986.8	1000.0	420000	130.3936	72.03456	236.37425	-64.511024	130.39314	72.0384	234.84685	-59.693142	-132.79375	43.250507	4414.953393697739
85	3186.9338	1115.9008	3882.0286	971.4358	2764.8433	1239.8801	4183.1914	810.60986	852.8	828.4	425000	132.06418	73.05284	238.56313	-118.033615	132.0636	73.05549	237.61905	-82.00491	-134.55983	44.471954	4462.944685220718
86	2692.2676	1254.6326	3847.0994	741.3761	4041.405	129.94344	4270.3057	3831.7551	746.1429	1000.0	430000	133.535	74.10038	240.29904	-86.28943	133.53296	74.10548	239.19572	-78.16468	-135.95575	45.505234	4519.7051217556
87	3285.6829	1353.3125	4032.5952	269.39105	3417.6245	1243.1849	4306.5576	310.69733	848.3333	909.0	435000	135.58821	75.21588	245.06128	-108.67316	135.58568	75.2233	245.12662	-119.657364	-137.91429	47.262547	4574.9899725914
88	2189.8855	1610.0165	4109.115	179.05904	3001.535	1219.6797	4180.6567	-13.786453	569.55554	807.6	440000	137.26083	76.36299	247.17337	-76.92943	137.2605	76.36769	244.48819	-103.27305	-139.78108	47.479633	4628.314008235931
89	3644.61	244.86765	3930.0757	3197.7908	3174.5386	1266.0459	4256.847	804.5501	955.4	895.4	445000	139.27162	77.15269	250.01431	-111.25668	139.27075	77.15754	254.56676	-121.13188	-141.9384	50.64325	4684.854169368744
90	3041.6843	1333.5592	4012.7957	47.028084	2476.1775	1460.2135	4342.2446	65.855896	783.0	730.4	450000	141.21944	77.82222	254.81175	-94.604965	141.21748	77.826584	254.61772	-84.22887	-143.81024	50.14702	4742.516076087952
91	3671.519	705.7136	4184.074	2280.7937	3127.2969	1566.8949	4432.4697	134.3916	943.8	773.8	455000	143.04182	78.909355	260.91858	-77.33336	143.03976	78.918304	261.96533	-76.64536	-145.43701	49.666588	4796.2186443805695
92	3067.9866	1290.6615	4106.246	645.5154	4105.259	94.64775	4289.07	3958.1653	774.8571	994.9	460000	145.32172	79.98873	255.75273	-113.3432	145.32057	79.9902	254.28598	-99.87733	-148.04044	52.300983	4857.429847002029
93	3349.1858	844.37964	4027.6997	1619.5396	2852.2822	1176.5724	3874.1287	510.36642	851.5	916.2	465000	147.23024	80.98133	259.08615	-87.43638	147.2274	80.98772	259.79636	-111.11177	-149.86452	53.366264	4921.391760110855
94	3180.0913	1063.0834	3886.18	1062.9214	3689.746	1424.8593	4520.938	153.11124	852.6	905.0	470000	148.7388	81.965515	257.88242	-88.71855	148.73743	81.9695	257.08252	-78.888756	-151.39192	52.42484	4978.262617111206
95	3758.007	363.04114	4081.0264	3050.4612	4045.3794	384.08548	4338.7803	3037.7073	1000.0	991.6	475000	150.44116	82.84717	259.93256	-98.080925	150.4392	82.85242	261.36295	-127.70376	-153.16728	52.31554	5039.662667274475
96	3478.9648	807.0225	4216.1875	2171.8374	3480.1687	1043.5482	4279.6626	1201.0289	867.3333	970.4	480000	152.3846	83.77567	264.68484	-98.58902	152.38223	83.78118	263.26807	-120.326645	-154.85596	52.828568	5106.376908063889
97	4095.3105	177.38864	4258.675	3786.1226	3974.3228	755.35895	4430.701	1725.305	1000.0	945.5	485000	154.30957	84.691505	269.443	-100.344376	154.30963	84.690384	263.96313	-118.189476	-156.98088	55.815914	5170.450531005859
98	2714.235	1467.8397	4092.4138	159.0482	3417.98	960.78217	4207.741	1602.0402	685.125	912.8	490000	156.64757	85.51531	269.4151	-86.89317	156.64612	85.51865	268.01773	-78.78645	-159.37193	53.699684	5232.791048288345
99	2882.4084	1022.94904	4155.686	1443.0314	3939.739	93.25858	4155.971	3808.8867	765.1667	1000.0	495000	158.5009	86.30808	274.22723	-132.19693	158.49976	86.31116	270.794	-132.8232	-161.07356	56.917816	5290.584917068481
100	3685.1426	594.8359	4214.907	2571.3887	4002.859	380.05923	4224.867	2875.4521	932.2	1000.0	500000	160.0522	87.02275	273.1447	-142.74733	160.05232	87.024315	270.96222	-117.17649	-162.69482	57.33458	5344.880582809448
101	4026.684	78.42391	4169.087	3933.1316	3449.6343	1596.4126	4585.6357	292.04874	1000.0	791.1	505000	161.54143	87.588135	274.925	-140.65656	161.54173	87.58853	274.9566	-115.712265	-164.51488	56.53653	5401.670594215393
102	3335.5203	1253.6042	4211.152	701.0906	2949.905	1711.1448	4453.507	425.6519	866.0	683.8	510000	163.04927	88.42485	278.7404	-112.66689	163.04922	88.42847	276.06573	-134.86702	-165.63919	59.246212	5456.134732723236
103	3282.7249	1236.522	4257.747	1138.745	3938.1672	771.96014	4437.9556	1640.0994	805.1667	940.3	515000	164.77127	89.35286	287.96848	-108.2261	164.76993	89.35379	277.5381	-81.76199	-167.6181	59.700806	5512.619788169861
104	4054.144	174.90012	4218.035	3733.012	3703.0854	863.8012	4248.232	1637.0629	1000.0	1000.0	520000	166.13663	90.13064	288.36243	-108.01364	166.13606	90.135216	276.361	-135.64421	-168.87637	58.01312	5570.895586013794
105	3861.677	350.97406	4218.332	3113.662	3917.0417	833.72253	4528.879	1702.813	949.5	960.1	525000	167.95026	91.00406	283.5915	-99.20211	167.94958	91.00667	280.3733	-120.09112	-170.55612	59.13856	5632.8392329216
106	3576.373	763.6268	4149.2383	2096.552	4383.847	271.4627	4750.394	3727.3623	1000.0	985.3	530000	169.7705	92.07921	284.16263	-93.14914	169.76956	92.08295	285.8821	-86.19705	-172.4134	61.180786	5690.726799488068
107	2304.0483	1498.9016	4130.3174	660.2927	3689.4558	949.00006	4441.1284	1916.9174	855.6	957.5	535000	170.2251	93.01776	287.74365	-101.1566	170.22412	93.01961	287.1055	-95.597206	-172.9881	63.011513	5742.757391452789
108	3416.8005	1125.9902	4300.087	1144.4562	3522.0112	1259.7467	4379.156	1127.3169	880.1667	896.9	540000	171.92957	93.3209	287.44193	-113.07528	171.92912	93.32481	284.86417	-122.34903	-174.62637	62.440742	5801.440717458725
109	3993.722	352.7507	4353.8325	3323.236	2961.8083	1178.6517	4473.0737	646.5955	1000.0	876.6	545000	173.66704	93.783745	288.24658	-93.597084	173.66463	93.786766	288.50998	-116.609245	-176.43388	62.688496	5858.251868963242
110	4107.09	122.91543	4264.885	3887.9136	4008.5222	583.2287	4397.154	2304.2175	1000.0	1000.0	550000	175.03688	94.32992	288.35687	-129.91261	175.03413	94.33639	288.06845	-162.721	-177.70288	63.515038	5918.425446271896
111	3094.6584	1700.295	4325.9565	232.52284	4088.3594	590.9816	4515.5913	2904.172	746.8571	1000.0	555000	176.95566	94.516914	290.868	-91.126785	176.95639	94.51867	292.6017	-101.22848	-179.68471	64.35966	5982.9495968818665
112	4148.323	159.0338	4373.6553	3902.9966	4380.2676	328.83844	4680.884	3431.1313	986.0	1000.0	560000	178.86827	94.78161	292.63965	-103.5	178.8673	94.78339	290.47437	-81.20524	-181.66086	63.46048	6041.1508066654205
113	3891.9343	483.54208	4222.521	2937.078	4171.2017	609.16144	4622.4897	2454.427	1000.0	946.6	565000	180.40903	95.23	292.82724	-82.619255	180.40831	95.236336	291.85547	-107.97944	-182.93112	63.3418	6101.799473762512
114	3499.401	828.28186	4421.438	2253.174	4094.9302	1230.2393	4617.706	418.22418	946.2	906.3	570000	181.75873	95.7268	294.23865	-120.62423	181.75854	95.73056	294.99713	-96.91029	-184.27527	64.05539	6158.690173625946
115	3838.9304	919.5866	4377.4507	2002.4501	4145.8027	1052.9424	4740.1636	1066.5245	1000.0	1000.0	575000	183.07663	96.02385	300.317	-134.40483	183.07547	96.03012	295.24686	-94.91126	-186.05418	63.443638	6220.949828147888
116	4215.439	176.95009	4562.2544	4088.8047	4475.293	352.9099	4724.2163	3451.7444	1000.0	1000.0	580000	184.49103	96.43665	298.17206	-95.47298	184.48795	96.44153	300.16577	-106.70279	-187.3109	64.10554	6280.645479917526
117	3164.6147	1765.1953	4488.0557	68.59021	4021.8032	826.66046	4648.71	1993.6744	746.4286	1000.0	585000	186.21082	96.872894	299.61118	-122.19565	186.21019	96.87746	298.15436	-90.30702	-189.09753	66.47373	6343.969882011414
118	3739.4045	905.5167	4580.6543	1938.4359	3733.334	1409.3104	4705.475	512.8612	875.6667	849.6	590000	188.29599	96.98667	301.4918	-107.988686	188.29565	96.98529	301.4968	-126.965485	-191.01048	65.41514	6403.15885591507
119	3794.963	708.2087	4509.2974	2519.7493	3929.7493	956.3395	4692.5366	2040.356	980.8	995.0	595000	190.11513	97.09326	303.0381	-149.20338	190.11577	97.0927	302.65228	-119.64748	-193.2278	64.9172	6463.631505489349
120	3134.1094	1682.4537	4418.0234	425.90875	3991.6282	1336.7816	4646.9077	-3.0827713	850.5	901.4	600000	191.30334	97.73783	303.39194	-113.85787	191.30113	97.74314	301.106	-272.18787	-193.8204	65.97412	6522.892329454422
121	2909.5613	1340.3473	4259.484	758.01733	3949.1746	1412.3027	4787.474	395.2748	703.6667	910.5	605000	192.55748	98.27373	307.43234	-164.8453	192.55644	98.27684	314.5267	-146.09264	-195.25598	66.94233	6577.696726322174
122	4241.6533	173.99004	4447.8193	4006.2598	4256.2812	896.13184	4678.7173	1574.6189	1000.0	934.4	610000	194.34935	98.75819	315.4172	-147.68153	194.34882	98.763725	306.1171	-131.79173	-196.98889	68.01568	6636.137380599976
123	3532.116	1292.0237	4350.2837	955.31836	4625.1143	162.13713	4802.921	4229.2866	1000.0	994.7	615000	195.80376	99.08955	317.51834	-137.77057	195.80147	99.09832	307.28873	-141.66833	-198.41635	70.957214	6693.277913093567
124	3490.48	1544.7871	4492.7354	347.233	2626.4973	1366.742	4282.7397	869.04407	803.2857	884.8	620000	196.58134	99.661514	316.07404	-96.897	196.57793	99.67161	312.59647	-116.050674	-199.27481	69.62159	6754.754812717438
125	4224.9644	444.3896	4706.5	3409.791	4386.4287	506.9096	4783.776	2906.187	970.8	965.4	625000	198.07817	100.021866	322.1014	-140.23048	198.07687	100.02489	316.52585	-147.80432	-200.7599	71.69139	6812.266741037369
126	4027.1145	1042.284	4663.7344	1713.2073	4137.5815	1315.1912	4922.7397	322.76794	898.3333	878.9	630000	199.52736	100.33209	323.79965	-147.27922	199.52643	100.33649	311.5674	-164.34564	-202.04292	71.65888	6871.53072309494
127	3541.093	1406.5406	4462.7495	556.7661	4395.6143	430.55597	4734.312	3364.5642	811.6667	961.3	635000	200.97362	100.41617	312.21274	-125.23647	200.97192	100.422485	313.65027	-171.8284	-203.96779	74.13407	6931.339113235474
128	3649.889	1625.1299	4521.2144	32.917698	3444.4875	1722.1345	4864.882	369.07355	836.8333	735.6	640000	202.4026	100.44466	314.87125	-122.99608	202.3999	100.45362	315.47916	-179.24867	-205.17397	71.81081	6989.564434051514
129	4189.466	494.36386	4584.527	3218.173	4251.9883	1081.0333	4717.76	1017.0822	963.0	921.8	645000	203.13622	101.1531	317.58926	-136.23982	203.13402	101.15952	316.28455	-119.390976	-206.00948	74.42915	7048.475898981094
130	3588.2942	1275.8661	4404.237	1048.5836	4573.7744	126.39882	4730.7256	4307.0923	1000.0	1000.0	650000	204.34808	101.50661	322.03177	-169.2664	204.34593	101.51313	315.98407	-172.53255	-206.90582	75.91925	7108.550577163696
131	4491.253	111.75724	4651.906	4312.6836	4222.457	928.40814	4845.4526	1826.0043	1000.0	912.1	655000	205.2617	102.25253	329.7931	-160.79219	205.26099	102.25629	319.57596	-160.78246	-208.02615	75.336075	7167.271824598312
132	3910.3657	1108.4563	4638.2075	1702.9935	3640.618	1786.2604	4898.916	750.1459	875.6	838.2	660000	205.76045	103.54623	318.7271	-226.58372	205.75949	103.5534	320.07114	-168.8561	-208.67592	76.20555	7221.198567867279
133	4347.0986	213.26686	4596.2725	4076.9797	4737.4756	96.94497	4881.4746	4596.429	1000.0	1000.0	665000	205.44519	106.383224	319.12698	-186.82204	205.4423	106.39163	324.3464	-148.76617	-208.31387	76.64993	7279.67112994194
134	4449.4956	56.458317	4531.3228	4391.7095	4782.423	127.3627	5036.8394	4608.8076	1000.0	1000.0	670000	204.94109	109.27528	334.35056	-136.06294	204.83235	109.48223	317.7203	-140.60936	-207.80876	75.39858	7340.840544700623
135	3303.9426	1632.2634	4602.61	479.89462	4355.038	1435.8947	4925.608	52.17405	743.1429	902.8	675000	205.3564	110.76122	320.1361	-177.5788	205.33875	110.79486	321.53094	-152.33255	-208.47792	76.08029	7404.878293514252
136	3777.866	1454.9124	4562.453	532.59717	3461.3765	1904.2173	4927.723	194.40096	857.0	732.1	680000	206.2484	111.10367	324.64578	-128.30376	206.23138	111.13805	323.4766	-121.34383	-209.09084	77.12182	7463.115404129028
137	2819.9045	1667.3834	4626.4897	576.4813	3733.1863	1409.5922	4733.617	203.20648	645.125	823.7	685000	206.65125	111.81669	328.2172	-191.55219	206.63089	111.85341	325.82346	-275.85687	-209.8676	80.27041	7522.129642009735
138	4383.699	33.35723	4414.601	4323.686	4376.117	1125.1781	4921.6807	1020.06976	1000.0	922.1	690000	207.53268	112.529045	330.64072	-207.85172	207.5231	112.55088	326.24518	-235.76814	-210.34288	76.576775	7583.259380578995
139	4497.3105	137.92	4705.16	4339.3267	4877.503	79.5098	4976.219	4734.7227	1000.0	1000.0	695000	208.4741	113.21794	325.1536	-141.9228	208.46799	113.23377	322.54474	-163.13094	-211.6248	80.910934	7645.735657215118
140	3659.5774	1512.3059	4644.1313	324.80072	4806.3843	126.50921	4951.874	4560.879	846.0	1000.0	700000	208.56314	114.46858	330.2983	-123.58174	208.56065	114.4772	323.48172	-163.8222	-211.41777	79.86942	7708.904006481171
141	4575.014	71.532425	4695.442	4498.35	4785.4775	164.64798	5096.298	4533.3975	1000.0	1000.0	705000	208.89635	115.95203	333.61813	-150.31921	208.89352	115.95698	329.7699	-188.44125	-211.81226	76.0704	7770.984395027161
142	3126.0874	1446.3251	4602.4272	847.3339	4869.2476	99.01085	5024.5073	4663.3813	956.4	1000.0	710000	209.22954	117.47239	329.23877	-156.7091	209.22537	117.481804	326.32104	-164.5648	-212.05766	76.819374	7831.974233627319
143	4223.4873	908.1166	4677.279	2195.1592	4821.5674	101.25298	4981.026	4648.7935	920.0	1000.0	715000	208.98715	119.66409	327.22693	-184.87442	208.98485	119.67133	329.69302	-179.1775	-212.00722	80.42688	7899.198257446289
144	3226.838	1862.6337	4632.5273	332.79642	4158.52	1322.5276	5011.7827	1098.6638	723.5	874.6	720000	209.63203	121.00297	329.44077	-149.28493	209.63109	121.01053	329.50348	-171.03625	-212.11977	79.91069	7955.703554391861
145	4269.547	143.70663	4439.695	4007.8713	3760.213	1260.1414	4711.8154	1308.6796	980.0	827.3	725000	210.84502	120.34359	352.58765	-193.93068	210.84392	120.347336	328.20126	-195.18607	-213.64331	80.71537	8016.659415483475
146	3711.5806	1565.0161	4616.573	584.9924	4269.74	1431.6024	5005.802	79.433426	1000.0	903.9	730000	212.73013	118.95494	330.7055	-197.54198	212.72957	118.9595	328.2388	-174.76698	-215.54382	81.359764	8078.462385177612
147	3459.4397	1637.9941	4844.171	-8.919079	4664.947	255.96394	4875.2085	4003.0916	757.0	1000.0	735000	214.19159	117.59269	351.33633	-188.71458	214.1935	117.59257	331.20862	-191.32446	-216.60826	79.854324	8144.568924665451
148	4515.538	86.111824	4654.2476	4394.126	3813.562	1278.929	4632.008	679.60077	1000.0	860.3	740000	215.64113	116.36234	330.92102	-174.55232	215.64966	116.349655	333.13242	-176.231	-218.48145	81.953	8206.281382322311
149	4560.8486	280.90402	4845.105	4081.189	4091.648	1256.5596	5007.107	1621.5289	1000.0	964.3	745000	217.34868	115.41708	336.03137	-106.72605	217.37506	115.37292	329.8511	-138.39302	-220.29726	80.47147	8269.583906173706
150	4606.1616	98.748726	4718.8765	4441.39	3693.6316	1589.6077	4786.1406	899.4192	1000.0	870.9	750000	218.9866	114.652054	337.13834	-176.41348	218.99889	114.63152	333.20947	-156.36903	-221.5341	79.73712	8330.650642871857
151	4002.0957	940.24713	4756.7407	2672.9485	4845.273	118.96456	5013.3154	4589.6636	860.8333	1000.0	755000	220.79732	113.6804	337.2503	-137.1336	220.80061	113.67566	336.9215	-145.2007	-223.60547	81.66823	8395.006420373917
152	3559.6677	1556.2935	4784.209	458.50626	4811.0757	148.71489	5041.007	4532.8447	781.1667	1000.0	760000	222.266	112.787834	348.4022	-168.32507	222.26935	112.78608	335.28986	-124.71126	-225.02187	81.796776	8456.214235544205
153	3395.629	1710.0154	4697.7886	69.45117	4616.4253	598.69794	5110.0244	2860.808	740.4286	957.8	765000	223.66592	112.34747	340.17493	-133.4889	223.66626	112.3488	339.49133	-128.00139	-226.47604	81.3465	8520.413101911545
154	4094.2507	1246.5848	4758.791	1314.2797	3156.747	1954.6464	4876.686	222.99445	883.0	833.9	770000	225.08064	112.37106	347.46646	-184.66406	225.08072	112.37579	341.6119	-211.42113	-228.09576	81.87572	8583.81403017044
155	4584.927	231.75235	4826.4546	4183.2954	4479.003	1120.839	5190.091	1496.7612	1000.0	930.9	775000	226.40898	112.40884	342.627	-147.70769	226.40984	112.4105	340.71326	-143.60431	-229.2086	84.67291	8645.084629774094
156	4263.8857	601.1402	4619.375	3069.1973	4521.464	708.9331	5048.642	2872.2246	934.8	966.6	780000	227.40842	112.530754	346.26324	-195.72742	227.40802	112.53457	337.66965	-213.41583	-230.1185	79.27214	8705.847996234894
157	3962.5178	1257.1593	4771.7095	1178.3562	4455.17	680.6914	5123.3447	3207.9692	873.5	911.1	785000	229.09114	112.34127	342.51376	-305.82205	229.09306	112.3411	341.39862	-147.77763	-231.92323	81.63775	8770.499255657196
158	3622.9402	1927.4011	4808.3936	-224.12878	3961.4155	1618.306	4997.104	472.1236	1000.0	829.8	790000	230.3384	111.55103	342.83865	-201.7064	230.33884	111.55209	340.04068	-150.11163	-233.14937	83.48408	8832.730328083038
159	4161.1685	837.75586	4814.3145	2506.8635	4923.7646	130.35939	5266.3516	4777.6313	918.2	1000.0	795000	231.3028	111.35746	350.70612	-160.55357	231.30408	111.36016	350.32022	-175.94182	-234.16205	79.37963	8893.124313116074
160	4618.606	171.3747	4908.7183	4441.9067	4923.1694	154.7577	5087.885	4672.336	1000.0	995.3	800000	231.92635	111.61907	343.51276	-258.98242	231.92896	111.61679	345.712	-173.87515	-234.71346	82.322586	8956.576942443848
161	4031.3508	1256.2556	4942.483	1443.4431	5036.3047	113.33524	5188.394	4844.004	847.8333	1000.0	805000	233.2072	111.25028	348.42343	-156.2561	233.20958	111.24812	353.82388	-139.14075	-235.78871	87.41895	9021.255638122559
162	3804.013	1230.7455	4748.3706	2028.4244	4682.9824	847.96497	5279.938	2180.5845	815.5	944.8	810000	233.80067	111.43438	350.27298	-208.27597	233.80565	111.427086	343.9588	-229.36345	-236.36742	84.41526	9083.052700281143
163	3671.0508	2085.599	4885.774	-490.86673	4489.96	1032.139	5013.6743	1409.2297	1000.0	1000.0	815000	234.5448	111.55877	351.51617	-112.74478	234.54588	111.558754	344.76614	-107.637405	-237.30957	81.29991	9146.24637913704
164	3435.4526	1986.6439	4843.8345	280.16187	3479.0938	1961.3756	5160.6284	61.104153	740.0	781.8	820000	235.13986	112.154106	351.01602	-132.34969	235.13998	112.15597	346.1732	-158.19559	-237.87042	82.12238	9209.383685112
165	3597.425	1717.4596	4804.6226	326.3009	4126.919	1554.6803	4999.056	31.425915	776.7143	853.9	825000	236.01053	112.76674	359.14163	-198.13937	236.01297	112.76607	346.57214	-176.63062	-238.71164	83.525856	9274.958595991135
166	4366.13	702.0949	4962.139	3022.803	5018.898	395.99594	5311.211	3896.219	1000.0	975.8	830000	236.87674	113.33112	348.13104	-161.72484	236.87839	113.32953	348.0452	-149.19435	-239.9671	77.98387	9339.306275844574
167	3935.2773	1517.5956	4944.3335	586.7558	4682.2134	1184.9503	5387.097	1265.289	834.6667	907.8	835000	237.54095	113.662476	351.33075	-139.205	237.54153	113.66252	349.50952	-171.36465	-240.06989	80.99723	9402.781056880951
168	4394.8125	635.43494	4899.363	3152.4983	4158.704	1489.5308	5307.091	1051.7959	935.2	833.8	840000	238.19307	114.24707	350.6731	-161.36526	238.19472	114.24503	350.04843	-157.42033	-240.99786	82.313705	9462.85221171379
169	3402.7292	1838.8768	4751.398	446.46622	4495.3896	1113.0112	5432.358	1688.5376	857.1667	984.2	845000	238.34511	115.41396	354.98257	-196.77524	238.34494	115.41749	349.1526	-182.59612	-241.09682	83.113686	9528.47889995575
170	4254.2036	1342.4496	5152.52	1271.779	4939.5327	130.31892	5202.398	4763.812	883.6667	999.6	850000	238.48022	116.6944	350.24054	-147.76805	238.48038	116.69991	351.19476	-165.92358	-241.20654	81.92429	9594.753093004227
171	4734.138	64.00854	4831.862	4640.354	3686.8289	2085.8604	5167.9785	213.32109	984.2	739.8	855000	239.5405	117.57935	352.5199	-153.36371	239.53807	117.58213	352.27716	-140.212	-242.08353	85.40256	9654.930551052094
172	4061.7578	1572.1746	5145.477	946.592	4782.18	1437.6449	5526.9927	494.74567	841.4	912.3	860000	240.70018	117.63113	359.82745	-106.43033	240.70079	117.63092	354.91483	-139.78323	-243.34889	84.93386	9713.188832759857
173	3327.386	1871.6294	5062.201	318.1367	3525.2566	1807.8887	4877.2266	94.97719	691.25	762.5	865000	241.90445	117.43265	356.85858	-210.76208	241.90425	117.43146	355.37436	-160.79155	-244.76912	87.253426	9778.395788669586
174	4568.7056	686.5145	5181.622	3262.8381	4353.303	1619.886	5288.563	697.61066	1000.0	997.5	870000	242.28891	117.80378	356.42657	-147.3982	242.28929	117.80694	357.80493	-186.18987	-244.89185	88.34238	9842.77066373825
175	4359.4507	959.56525	5158.866	2473.3418	4955.953	412.9812	5328.4087	3860.553	902.8	975.7	875000	243.3059	118.094795	359.2114	-111.436775	243.30312	118.10059	359.98465	-147.20688	-245.91092	87.86354	9902.348063468933
176	4916.2607	174.72331	5185.333	4642.922	5070.478	294.9569	5495.082	4486.516	1000.0	981.3	880000	243.99854	118.50749	368.06152	-221.36334	243.98882	118.534546	362.7796	-192.3501	-246.84842	88.372635	9966.803630828857
177	4227.412	921.05115	4867.8486	2227.6165	4746.474	899.61194	5408.4873	2159.009	913.5	930.4	885000	244.8158	118.48585	361.19373	-195.8056	244.8128	118.49427	363.19757	-185.28246	-247.46304	88.61092	10034.089455127716
178	4743.208	162.37805	5007.8354	4551.9365	4882.1885	695.05145	5368.1187	2833.8545	1000.0	1000.0	890000	245.706	118.78753	358.53976	-129.60497	245.71251	118.77652	359.37762	-148.12518	-248.48767	86.668175	10098.590037822723
179	4741.624	93.93814	4892.615	4613.734	4782.646	1062.7863	5343.2085	1683.025	1000.0	919.7	895000	246.29953	119.025986	361.19446	-219.48102	246.29907	119.02836	359.069	-176.91837	-249.31105	87.964615	10161.740897893906
180	4859.62	162.61511	5081.2783	4593.0264	4860.589	1145.0892	5412.9478	1440.8132	976.8	928.3	900000	247.14314	119.193924	359.85666	-127.62039	247.12173	119.242035	358.1328	-196.5138	-249.83185	88.14264	10224.505275726318
181	3928.1084	1776.3258	5014.6924	55.39154	4969.8813	671.7607	5503.553	3081.5444	811.3333	958.2	905000	247.90645	119.20425	370.93515	-206.27837	247.8998	119.21992	367.73904	-217.76538	-250.68527	87.95093	10288.452003240585
182	3825.6208	1916.7275	5153.682	34.49024	4396.109	1557.3865	5495.809	550.8132	766.8571	836.2	910000	248.84299	118.91956	367.86508	-142.64987	248.84608	118.91531	362.93784	-153.56363	-251.4629	90.27904	10354.797454833984
183	4286.7993	1691.8334	5393.8105	537.69916	4110.875	2003.052	5642.812	170.33577	855.5	767.9	915000	250.05316	118.768364	368.61475	-177.25232	250.04861	118.7843	371.75827	-198.14972	-252.76656	92.13603	10417.071944475174
184	2683.7927	1713.1188	4954.087	397.91187	5052.025	214.69382	5302.567	4545.1714	817.0	1000.0	920000	250.6465	118.864655	369.42307	-212.84766	250.64493	118.87539	367.79544	-218.93239	-253.20901	92.581825	10480.754039525986
185	4137.838	1770.8109	5031.5176	179.74205	4893.7344	496.14432	5382.2974	3461.3606	841.8333	969.0	925000	250.86955	119.09099	364.64133	-215.56041	250.86887	119.09604	366.0003	-204.35304	-253.66779	93.805954	10545.292426109314
186	4780.7964	361.91595	5079.9375	4081.8118	4717.361	861.855	5353.639	2347.6062	969.0	965.1	930000	252.14224	118.55724	388.0909	-160.22487	252.13838	118.564674	367.58224	-169.20334	-254.89925	93.68481	10608.91450381279
187	3942.9768	1074.0303	5098.9556	2031.0322	4601.4927	1254.5477	5478.979	1488.9786	816.1667	887.6	935000	252.76102	118.34733	370.47278	-217.83966	252.75832	118.356094	368.48813	-220.06409	-255.80283	93.405464	10672.429481267929
188	4250.629	1300.7054	5066.516	1664.5957	4448.876	1498.0181	5284.591	140.1018	883.6	904.4	940000	253.67668	118.4305	365.40094	-136.52943	253.6743	118.43827	368.33554	-189.09091	-256.2742	94.429634	10732.327788591385
189	4321.4814	1135.2012	5123.981	1825.503	4649.889	1286.6724	5239.2935	798.3295	897.6667	917.8	945000	254.49034	118.58716	381.721	-154.39824	254.4885	118.595375	369.53177	-151.2279	-257.25317	95.80837	10798.141739606857
190	4981.9844	31.875935	5036.934	4937.5347	5235.966	127.90907	5441.71	4999.142	1000.0	1000.0	950000	255.28828	118.52497	371.42874	-226.48425	255.28041	118.54601	367.6357	-167.59726	-257.95938	93.992584	10862.78313922882
191	4182.51	1629.2146	5059.8716	545.8662	5409.0635	70.29341	5515.3574	5311.0415	853.5	1000.0	955000	255.73306	118.86735	369.10852	-164.1478	255.72466	118.889305	368.40146	-153.50728	-258.32605	94.03102	10929.116568803787
192	3749.3044	1796.2428	5065.17	948.2135	3664.14	1377.4491	5329.4634	1325.1605	888.6667	710.2	960000	256.8074	118.97849	377.5996	-172.48978	256.79767	119.006775	370.5634	-148.02377	-259.66006	94.28079	10993.207412719727
193	4590.0776	640.12616	5121.422	3350.6946	5264.3384	166.5328	5601.106	4940.0547	927.6	1000.0	965000	257.1147	119.25333	368.57156	-253.80588	257.11243	119.26352	370.94324	-165.13904	-259.93372	93.450806	11055.901577472687
194	4291.1826	1161.0465	5074.5063	1993.1552	4942.302	715.6418	5486.176	3017.9478	1000.0	958.8	970000	258.38315	118.564285	378.46622	-170.832	258.37845	118.57999	368.11603	-181.60387	-260.90536	91.15165	11121.172867774963
195	4542.971	722.44403	5188.7363	3576.016	4553.4756	1394.7097	5424.433	1294.8417	902.2	930.9	975000	259.05063	118.86349	373.921	-181.73888	259.04596	118.87828	374.64566	-157.3525	-261.71384	92.529785	11181.261754512787
196	4293.936	1862.774	5218.4434	129.85986	4888.287	807.37994	5379.39	2491.5874	842.1667	1000.0	980000	259.71146	119.27548	387.3362	-210.72795	259.70624	119.291435	373.5248	-263.56424	-262.60498	96.00802	11247.113013744354
197	3814.6208	1775.0752	5204.4985	675.22925	5317.5986	105.49946	5454.467	5108.608	780.8571	1000.0	985000	260.3155	119.614944	403.9355	-146.63338	260.31357	119.62556	372.26437	-158.98027	-263.22543	96.37668	11315.43791270256
198	5101.4775	61.53222	5179.62	5003.7407	5143.1455	1260.9508	5778.3794	1373.9342	1000.0	926.8	990000	260.84525	119.53042	373.30588	-172.45512	260.83228	119.561485	371.2222	-166.3721	-263.25717	95.85425	11380.229444503784
199	4632.72	643.7256	5239.0625	3565.3665	4858.7324	1071.6302	5361.0493	1656.3815	981.6	932.3	995000	261.28287	119.18503	393.5814	-137.18782	261.27563	119.20965	370.023	-253.28204	-264.1043	97.79111	11443.660368204117
