Epoch	AverageEpRet	StdEpRet	MaxEpRet	MinEpRet	AverageTestEpRet	StdTestEpRet	MaxTestEpRet	MinTestEpRet	EpLen	TestEpLen	TotalEnvInteracts	AverageQ1Vals	StdQ1Vals	MaxQ1Vals	MinQ1Vals	AverageQ2Vals	StdQ2Vals	MaxQ2Vals	MinQ2Vals	LossPi	LossQ	Time
1	-63.01589	107.33423	21.511364	-374.3893	-144.07951	253.21632	-9.931219	-891.2274	191.44	142.9	5000	-0.18916419	1.9584126	16.392036	-9.664347	-0.18894017	1.9567783	16.219927	-9.657762	-0.75323224	0.23760244	37.10007834434509
2	-79.30872	125.47591	16.212057	-363.60693	-270.7774	678.34515	-16.44999	-2303.6953	222.78261	122.7	10000	5.395916	4.8811316	41.593426	-10.219745	5.396134	4.880039	43.93889	-9.825028	-7.8919597	1.0405475	76.06723642349243
3	-64.74427	202.19894	293.67926	-1045.0358	171.7114	147.22818	561.35077	39.204346	155.03125	580.5	15000	10.643346	5.817627	52.220325	-10.105701	10.644651	5.819495	52.675156	-9.090915	-12.788418	2.687907	124.94531679153442
4	61.43645	84.97216	238.92813	-27.717476	93.87432	148.50616	467.1087	3.538653	600.8571	347.3	20000	11.059478	7.164102	54.90639	-12.705862	11.059625	7.164877	54.74866	-10.993727	-13.109661	2.3501904	164.56567692756653
5	234.95993	223.56393	649.2867	39.832554	98.453415	132.41518	373.09702	2.831113	505.1	289.2	25000	11.064598	7.8108916	56.461025	-11.6430435	11.064526	7.812217	58.93426	-11.067261	-13.016366	2.357043	209.13905477523804
6	153.26186	180.03331	547.0605	-6.4032164	384.5464	293.41678	706.684	14.19044	394.07693	628.7	30000	12.438265	7.9262094	54.27761	-14.891137	12.438174	7.926973	52.32204	-17.027855	-14.254978	2.3561778	258.9031352996826
7	277.97922	155.80359	506.56323	-11.809551	231.07173	213.86664	609.5071	26.365614	680.4286	431.7	35000	14.266133	7.5463347	50.834663	-14.699316	14.26608	7.547477	51.42289	-11.399873	-16.00639	2.3758955	303.96850991249084
8	360.09424	233.95876	643.4711	12.297819	225.27579	231.69034	605.67816	33.30691	633.1111	382.0	40000	16.063173	6.999532	52.95491	-14.007943	16.063236	7.000859	51.19015	-11.831002	-17.688131	2.3162966	353.8512134552002
9	217.011	183.64717	518.9534	12.399568	356.9792	257.22717	691.0074	26.646473	404.63635	590.5	45000	18.06613	6.6650233	50.671646	-12.561319	18.0656	6.668084	52.444168	-13.695782	-19.620878	2.5095677	398.60431814193726
10	202.39732	212.61043	623.36444	-2.8281372	358.54474	306.31046	731.77686	9.662484	371.85715	536.6	50000	19.338917	6.4954214	54.599216	-9.710299	19.338888	6.498181	53.297348	-11.45587	-20.861498	2.6803565	448.2669496536255
11	254.82271	238.29056	694.4907	12.286985	228.31155	273.45367	828.85345	4.622236	394.5	273.5	55000	20.761425	6.2867303	54.83978	-13.968183	20.761314	6.2912936	53.524017	-11.084753	-22.242212	2.7108064	490.6404299736023
12	250.81747	203.21011	592.8982	31.013327	150.9926	158.14021	594.59894	11.655107	395.92307	237.9	60000	22.256075	6.1012783	53.76122	-17.172174	22.255697	6.1055336	54.14924	-18.65807	-23.680786	2.8311608	535.0770919322968
13	363.07346	285.69394	681.8915	4.998196	480.6446	279.89874	742.17615	14.31064	596.1111	720.4	65000	23.39951	5.980438	54.54477	-17.089106	23.399158	5.9823713	56.59798	-19.22311	-24.779072	2.7898965	587.8405179977417
14	406.26898	342.75192	751.51514	4.7743907	283.00482	289.29114	794.62317	34.375423	570.1111	371.5	70000	24.527187	6.0563073	56.24023	-19.368574	24.527147	6.059716	57.45563	-16.13841	-25.877789	2.8101068	634.795003414154
15	276.8255	279.14316	787.6414	13.452514	464.0476	279.70395	756.0331	12.728128	387.16666	639.5	75000	25.84726	6.1358023	55.205162	-20.733158	25.847023	6.1376925	55.604866	-14.978785	-27.162615	2.9916666	682.2968673706055
16	526.68195	270.13495	780.1134	15.908627	479.8085	247.42108	796.77527	146.9598	685.375	615.1	80000	27.356298	6.2409534	59.284252	-17.49981	27.356213	6.2427163	60.35395	-15.763596	-28.676394	2.928497	734.8525946140289
17	363.60318	234.28485	759.82	40.084873	487.1766	348.56512	931.5568	40.388058	389.9091	626.6	85000	29.000586	6.464755	59.229435	-15.297054	29.000511	6.465857	59.172123	-13.417875	-30.307262	3.132849	780.286878824234
18	484.05734	282.79498	827.2283	76.85026	289.51486	276.56274	762.76196	12.582494	640.55554	374.8	90000	30.392403	6.810724	60.359394	-15.23277	30.392183	6.812911	59.737873	-14.723361	-31.718214	3.3971329	832.2043199539185
19	407.27798	276.1467	766.299	82.96513	249.17822	296.94824	706.38696	-3.0718782	519.2222	337.1	95000	31.739735	7.1356792	61.915794	-14.540466	31.739529	7.138673	61.756493	-16.664433	-33.032413	3.4714549	876.746896982193
20	332.51547	384.79245	1255.8228	18.48587	333.1751	294.1905	803.9182	28.198263	371.16666	417.2	100000	32.92453	7.496096	65.33709	-16.39932	32.924305	7.4997425	66.91386	-19.143507	-34.23713	3.48029	919.5422103404999
21	392.24924	297.8438	961.91394	44.941135	397.21722	431.78806	1261.9191	4.97597	417.91666	371.7	105000	34.225677	8.031348	66.70039	-16.896923	34.22533	8.036796	68.74977	-20.08607	-35.49643	4.024673	966.3260631561279
22	515.4053	263.31403	938.22723	115.05528	631.94324	459.84998	1397.4746	40.640438	490.63635	574.1	110000	35.81549	8.721923	72.46059	-25.59429	35.815273	8.725315	70.1223	-20.013708	-37.085773	4.2235937	1017.517448425293
23	561.9436	409.00433	1190.7944	77.717514	479.1753	328.61942	1019.0645	41.00197	501.9091	565.0	115000	37.401062	9.565224	73.090126	-16.112576	37.40096	9.569105	72.68472	-23.678566	-38.689323	4.6503625	1070.2075324058533
24	731.11847	328.73877	1047.2472	87.14557	593.6716	371.92444	1287.8181	121.32343	747.0	543.0	120000	38.70623	10.3427105	76.64186	-20.135002	38.706017	10.34614	74.81455	-21.363453	-39.97821	4.956641	1115.8329560756683
25	734.0495	390.05505	1568.4629	310.1171	835.154	471.81952	1669.6228	282.59677	691.8571	609.9	125000	39.810837	11.176702	76.70507	-19.80515	39.810776	11.180595	76.83284	-29.792385	-41.10711	5.0354958	1165.2230606079102
26	796.42957	477.64536	1586.1671	127.7972	728.2826	379.22757	1270.208	154.57646	627.8889	686.4	130000	41.200657	12.272569	79.82887	-18.414354	41.20053	12.276896	83.67019	-20.848286	-42.562916	5.441357	1221.1229207515717
27	720.1381	293.2311	1062.139	129.79453	586.3157	323.235	1086.2136	112.68871	735.3333	615.9	135000	42.26138	13.273999	84.074554	-25.005041	42.26181	13.277309	82.681725	-25.597828	-43.613598	5.723363	1268.4307806491852
28	623.3101	480.16663	1436.3756	19.355503	1332.6218	496.4229	1993.0236	614.026	487.18182	872.2	140000	43.49096	14.474099	87.957726	-25.499973	43.490784	14.477595	88.853195	-25.072048	-44.899136	6.163449	1325.3108773231506
29	733.6979	308.8013	1129.4719	90.37881	746.2652	342.57196	1290.4572	72.57852	580.55554	641.9	145000	45.018486	15.700834	93.2494	-34.45284	45.018955	15.7033	91.425156	-29.311125	-46.443386	6.5788803	1378.7361648082733
30	609.3113	486.05048	1703.8767	79.31613	691.5345	327.4991	1085.8878	184.23969	557.7778	647.2	150000	46.289387	16.880953	94.69063	-24.67588	46.289444	16.884	94.257935	-28.757896	-47.748966	7.130832	1430.5765104293823
31	734.4988	416.35126	1386.2883	94.70703	1401.7026	439.39273	1920.3284	725.02277	510.1111	948.9	155000	47.318066	17.922232	98.853615	-35.46704	47.3182	17.924475	98.23621	-22.478119	-48.739437	7.654288	1483.5890743732452
32	710.6522	584.89374	1803.3186	38.266	943.0459	559.4865	2036.2064	143.10635	486.3	648.0	160000	48.279404	19.000584	101.271774	-29.25297	48.280365	19.00137	100.09546	-44.125313	-49.785164	7.9400654	1534.6023366451263
33	1040.6437	483.14172	1976.3258	527.565	1383.4471	636.3328	2253.7075	280.88614	830.8333	800.6	165000	49.32216	20.349323	104.37546	-42.997158	49.322845	20.348333	103.983765	-28.041643	-50.79519	9.003175	1588.9709513187408
34	887.9347	503.5418	1791.5354	296.14386	1830.0901	395.2533	2174.7346	926.9418	767.0	970.2	170000	50.122025	21.520945	106.95635	-62.416973	50.122753	21.520683	108.099655	-31.640274	-51.633636	9.153226	1649.04452586174
35	971.4608	626.4326	2006.2135	147.57172	1432.7513	677.2941	2044.6879	20.819895	570.6667	803.2	175000	51.444412	22.713669	109.365074	-26.067741	51.44561	22.713612	111.08411	-25.340023	-52.998898	9.970085	1704.7425639629364
36	1332.4691	461.1678	1920.772	736.6295	1779.6693	697.33356	2287.659	187.25053	896.6	894.2	180000	52.54369	23.864763	113.014465	-26.475838	52.54468	23.864527	113.03828	-28.667738	-54.142258	10.536027	1756.3868939876556
37	725.9529	522.24774	1719.6678	5.4933124	1375.2899	740.46594	2344.2175	269.36594	485.18182	890.9	185000	53.3608	24.86381	114.87619	-60.57748	53.36171	24.86371	115.054375	-26.932816	-54.99184	10.96437	1814.3916459083557
38	959.31793	820.8319	2242.8333	-10.487601	1853.976	709.6704	2540.1555	389.04037	537.1111	863.4	190000	54.370502	25.936277	122.07594	-40.792778	54.37067	25.938992	118.74993	-31.546783	-56.079548	11.539214	1867.4774363040924
39	1132.5138	640.6776	2173.3833	158.39192	1021.40076	704.8678	2389.478	30.151651	649.25	638.9	195000	55.80175	27.295824	123.75067	-45.801693	55.802784	27.295229	125.195625	-42.745552	-57.55254	12.308937	1920.8670296669006
40	1331.2175	817.1698	2273.306	28.44016	916.6589	379.55093	1728.3022	94.51442	713.1429	831.3	200000	57.195133	28.602448	123.620384	-37.1497	57.195557	28.602873	128.43074	-30.540997	-58.991188	13.290754	1975.3556883335114
41	1477.6805	920.4827	2455.9736	312.47772	983.4335	883.29315	2646.838	71.27293	867.1667	423.0	205000	58.588108	29.989897	127.80361	-38.304684	58.588432	29.990479	129.39821	-31.804874	-60.461212	13.976657	2025.7528171539307
42	1506.7247	745.50397	2583.3804	575.2184	1920.6156	835.8558	2794.051	178.90572	975.2	820.3	210000	60.008945	31.506382	136.79622	-42.81466	60.009037	31.50711	136.1795	-43.578857	-61.880653	14.50142	2081.7444422245026
43	1734.5947	388.5566	2395.5703	1377.5516	1864.9899	972.3254	2775.3318	16.368412	863.6	702.5	215000	61.062386	32.779354	138.6295	-26.796457	61.063076	32.779266	141.70981	-29.71582	-62.96367	14.939968	2129.8680198192596
44	1822.0824	837.98956	2606.7473	474.2244	1502.175	913.2281	2768.7476	173.08739	868.8333	644.9	220000	62.464813	34.666	142.1302	-54.28054	62.465565	34.665565	142.50818	-37.10206	-64.41632	15.823038	2183.7871177196503
45	2297.2751	201.2943	2528.1912	2011.6802	2663.606	469.24185	2890.5269	1270.2252	1000.0	946.9	225000	64.06658	36.746918	146.42157	-34.09127	64.06761	36.747787	146.84268	-30.66299	-66.10446	17.067951	2241.143270969391
46	1676.4287	726.64984	2632.2283	838.1955	1625.6956	1184.6049	3141.7288	47.159653	776.8571	697.4	230000	66.11569	38.704865	149.9912	-48.242744	66.1163	38.703724	148.11298	-42.23863	-68.15006	17.549532	2297.469280719757
47	1350.4606	1186.6788	3099.8313	83.18641	2573.277	535.1826	3051.5837	1396.583	481.7	1000.0	235000	68.7866	40.83029	154.65303	-53.035183	68.78694	40.830704	156.88914	-48.9647	-70.88327	19.049644	2354.908091068268
48	1385.394	1047.668	3077.1719	60.22579	947.9383	799.03436	2889.651	82.80719	463.45456	481.7	240000	71.470764	42.87191	161.37819	-52.03075	71.47128	42.87138	161.7639	-44.539516	-73.600426	20.57892	2407.33238697052
49	1762.9532	1128.8059	3235.8054	136.40443	3055.4688	555.7345	3497.5942	1855.523	613.2857	987.1	245000	74.00764	44.809258	169.52992	-44.231377	74.00935	44.80643	171.61601	-47.363564	-76.09247	21.820082	2460.5502786636353
50	1948.6882	1014.13385	3139.6462	226.2971	2190.9712	1375.1648	3525.2908	467.9005	691.875	723.2	250000	76.291954	46.94422	174.81631	-46.269455	76.2927	46.944344	174.61975	-54.192596	-78.42514	23.351988	2518.9456305503845
51	1480.9075	1127.3704	3212.5483	115.29252	1854.3425	1047.9285	3409.1628	42.947968	522.8	806.7	255000	78.84908	49.44516	182.50992	-38.024494	78.8498	49.44593	185.0438	-39.82862	-81.04541	25.76641	2577.110569000244
52	3277.3647	97.95051	3424.9285	3180.6318	3310.6672	754.2703	3828.2356	1670.2386	1000.0	893.9	260000	81.71738	51.992863	186.24533	-54.00451	81.716896	51.997158	188.3078	-55.474075	-84.01592	27.760569	2634.961591720581
53	2853.9236	1076.0446	3598.334	729.14276	2077.9949	1112.9392	3576.6077	297.99966	845.6	673.8	265000	84.60035	54.46913	194.18967	-54.594593	84.60107	54.47044	197.77428	-55.778786	-87.14964	29.85928	2683.733103990555
54	2950.6462	554.35876	3471.1216	1940.8013	1471.6847	1066.6598	3512.6016	221.16295	941.0	575.3	270000	87.8765	56.861774	196.92567	-61.08638	87.8755	56.867115	201.22594	-49.4548	-90.37469	31.471113	2740.9530301094055
55	2556.6995	1023.7275	3665.803	654.07355	2976.297	1233.7195	3821.7456	95.12273	775.3333	851.6	275000	90.73364	59.261467	203.10008	-54.209408	90.73468	59.262897	204.60756	-76.64934	-93.41238	33.328156	2795.0615878105164
56	2211.2397	1348.0731	3741.2688	92.004036	1330.1368	932.5728	3393.2686	237.72868	702.75	368.6	280000	93.26129	61.87562	207.10988	-56.223217	93.26136	61.87707	207.60127	-63.23886	-95.750275	34.27696	2847.796049594879
57	2394.0913	1491.8535	3724.424	439.03387	3270.3577	974.0428	4081.808	1223.1375	842.4	915.3	285000	96.34703	64.17026	210.86823	-47.83293	96.3464	64.17247	212.08992	-50.153797	-98.915276	35.896103	2900.5960137844086
58	1950.6685	1323.6725	3957.417	53.561314	3540.733	64.00884	3650.426	3427.8372	608.55554	1000.0	290000	99.256256	66.36923	217.08661	-64.77941	99.25766	66.36989	215.45709	-45.236145	-101.98221	38.326717	2962.9556374549866
59	3023.9758	849.787	3861.6694	1434.5177	2065.784	1537.4788	4005.8845	26.006287	813.8333	743.7	295000	102.33931	68.88912	225.15694	-89.910866	102.340965	68.89	224.94725	-51.365814	-104.89051	39.648006	3019.183035135269
60	1796.5126	1390.0504	3623.824	2.4574046	2467.9233	1579.0027	4284.2715	275.48373	486.27274	828.0	300000	105.35825	71.26848	226.71754	-69.263306	105.358376	71.27005	227.18605	-56.071224	-108.255135	41.778446	3080.2899401187897
61	3091.7349	721.52216	3951.5635	1983.1627	3200.8403	1327.2523	4148.7407	11.25597	978.2	809.2	305000	108.12156	73.69569	239.28937	-68.784164	108.12233	73.69675	231.28387	-66.65257	-110.85755	43.269547	3137.302330970764
62	1592.2675	1471.9475	3890.2844	43.937157	3534.082	1098.9625	4139.011	342.336	431.5	883.5	310000	110.64552	75.73475	234.41951	-82.46549	110.64559	75.73682	235.35843	-68.41584	-113.3311	45.947098	3190.5007379055023
63	2836.3015	1417.5996	3928.238	213.63092	2613.099	1307.6455	3973.143	735.1179	741.7143	678.4	315000	113.794685	77.81127	242.78159	-79.850716	113.79527	77.81271	240.51123	-62.495365	-116.67192	49.202477	3247.9974751472473
64	2646.9878	1362.2637	3840.1914	260.6144	3564.478	1152.0449	4387.426	837.0887	713.25	867.5	320000	117.0884	80.056274	247.19005	-93.63309	117.08948	80.0572	245.8308	-84.89414	-120.03356	51.210255	3310.7781100273132
65	1680.3258	1483.6785	3874.4502	133.74472	3681.405	1084.6705	4346.519	1084.4548	461.22223	877.7	325000	120.07038	81.84852	251.38733	-103.29942	120.06907	81.84956	248.82796	-134.79178	-122.98085	52.97619	3362.8223221302032
66	2920.7927	1498.4441	4167.3276	864.85284	2208.8257	1964.9471	4484.372	87.57827	725.875	524.6	330000	122.68247	83.75607	253.91315	-87.56569	122.6757	83.76851	251.76291	-153.78722	-125.43939	53.83613	3420.395402431488
67	2623.1655	1360.9489	3960.2449	613.8773	4077.8828	47.36118	4158.6177	4011.791	689.1429	1000.0	335000	125.515724	85.67689	255.29251	-94.88976	125.50519	85.693436	254.46547	-79.73342	-128.28592	55.90703	3478.716581583023
68	2792.813	1158.4813	4066.285	686.32336	3904.03	60.445236	4033.522	3789.3157	748.5714	1000.0	340000	128.57715	87.3343	258.97708	-104.31206	128.57457	87.34129	259.7916	-84.19264	-131.67026	56.293003	3539.8136637210846
69	3455.3423	1008.57367	4258.565	1470.8944	3677.213	1086.7139	4283.165	574.0637	875.6	895.1	345000	131.66585	89.25695	262.36435	-58.755512	131.66452	89.25972	262.57037	-92.25966	-134.82155	58.10309	3594.1013176441193
70	2980.7717	1662.3015	4103.4233	264.6155	4109.487	97.805756	4263.8564	3904.5818	743.0	1000.0	350000	134.44571	91.05033	264.94543	-90.350174	134.44548	91.05401	270.82907	-85.85197	-137.6057	58.59704	3654.6972682476044
71	3059.598	1149.3744	4206.6255	841.3434	3689.1265	1047.2373	4254.9497	700.9257	751.3333	895.2	355000	137.60591	92.55191	271.35315	-76.66883	137.60533	92.55502	268.65833	-106.33593	-140.71152	56.896843	3708.7392659187317
72	3480.4705	1312.9487	4325.073	606.05054	4247.136	387.35986	4536.2783	3126.4424	827.8571	971.4	360000	140.77751	94.43048	271.2281	-73.559715	140.77376	94.437126	272.00012	-70.25249	-143.84976	59.65418	3771.671875
73	3470.3425	1457.9999	4346.805	221.44183	3928.8835	57.731373	4067.944	3870.2393	845.5	1000.0	365000	143.96269	96.65185	278.6086	-77.20202	143.95982	96.65611	273.4879	-92.57921	-147.09386	61.439003	3830.151226043701
74	2172.1506	1506.094	4274.232	332.15488	2349.4355	1164.0137	3907.7896	708.7564	551.7778	617.8	370000	146.0978	98.2813	281.77405	-96.46925	146.09451	98.286995	278.7198	-119.83716	-149.3448	62.601837	3882.6138441562653
75	2778.7976	1373.8048	4341.8584	530.05273	4003.728	427.64594	4365.419	3156.9397	687.0	952.0	375000	149.35846	99.59552	280.4387	-93.77763	149.35802	99.596436	280.0031	-76.34195	-152.48701	61.5245	3934.7208931446075
76	2023.7465	2290.7856	4201.2456	-2241.4033	2732.8816	1727.5255	4651.494	287.22516	719.8571	615.0	380000	151.39255	100.98734	285.1718	-87.14029	151.39331	100.98636	283.6444	-98.795105	-154.87689	66.6849	3988.2905855178833
77	3233.977	1734.1671	4545.804	201.42163	3835.3372	1155.2003	4339.342	378.3196	755.8571	911.7	385000	153.68439	102.635895	286.56216	-160.48549	153.6763	102.648346	290.07416	-95.76685	-156.81729	65.86725	4047.599100112915
78	2815.1663	1790.3031	4441.803	327.74338	2741.7715	1857.7483	4613.482	181.71286	679.5	626.6	390000	156.37654	103.88011	290.88934	-131.40643	156.3627	103.90206	287.66174	-111.21627	-159.538	66.70125	4104.013304948807
79	2750.9106	1590.6572	4374.7188	510.97894	2462.6392	1396.6481	4340.7695	130.72008	674.5714	569.3	395000	158.60846	105.55237	293.4004	-89.1284	158.60866	105.55145	293.3162	-113.63051	-161.5475	68.810974	4154.275185823441
80	3067.2708	1384.034	4483.5913	920.0651	4544.1626	222.41862	4745.3115	3920.5645	728.5714	988.8	400000	160.58144	106.98531	294.44714	-102.01728	160.57903	106.98674	295.193	-105.87816	-163.8301	70.39251	4216.103584051132
81	4366.9087	112.25521	4532.025	4213.682	2523.212	1777.3948	4660.813	132.45076	1000.0	561.8	405000	162.84421	108.644356	297.90387	-139.35875	162.84448	108.644966	298.4236	-101.58603	-166.04202	72.43105	4269.727382898331
82	4463.375	133.51033	4707.13	4327.7974	2956.002	1970.4164	4699.9995	149.81216	1000.0	649.0	410000	164.05779	110.54019	299.2461	-104.08179	164.05716	110.54241	298.85876	-126.606735	-167.25237	73.24916	4326.215881347656
83	2239.4148	1126.8492	3975.7402	159.86362	4012.8242	1190.0077	4827.0176	855.34283	529.6	866.7	415000	166.35518	111.96846	302.71423	-269.07327	166.35422	111.970604	305.3201	-136.15842	-169.8941	76.227875	4387.820422172546
84	2740.6118	1564.1742	4568.428	369.729	4138.8223	921.4051	4739.9595	1850.7844	635.125	960.3	420000	168.49767	113.48295	306.76514	-107.13325	168.49635	113.4821	302.63388	-143.94173	-171.82753	78.421875	4449.544875383377
85	2837.778	1715.8842	4398.801	412.73236	4086.1929	896.47363	4544.498	1414.6302	679.3333	933.6	425000	169.92317	114.60496	308.49304	-145.59035	169.92285	114.60868	303.99533	-139.63586	-173.50986	80.512695	4503.5337653160095
86	3691.7363	1557.5684	4566.6997	218.99568	3837.1836	1246.7593	4565.821	255.84158	846.3333	867.7	430000	171.56566	115.53629	309.12976	-173.5294	171.56212	115.54236	308.08435	-145.95773	-174.90936	83.08642	4563.85107588768
87	3602.928	1195.9746	4397.6714	1026.398	3830.5684	943.1741	4589.4565	1599.2795	834.6667	857.1	435000	173.38919	116.741135	309.72095	-150.71591	173.38693	116.74525	310.14383	-136.95181	-176.91484	83.916275	4623.0518753528595
88	3170.5625	1312.3894	4485.239	1268.5221	4112.7075	992.4259	4841.997	1594.6908	725.375	895.9	440000	175.70271	117.31581	312.08127	-130.41765	175.70216	117.31858	311.66418	-118.31498	-179.29999	85.245	4688.765385389328
89	2420.979	1558.4785	4366.433	119.14451	4608.044	90.36683	4751.629	4449.818	553.875	1000.0	445000	178.40738	117.27032	312.0059	-157.24504	178.40572	117.27544	312.22183	-121.40969	-182.24527	85.880455	4746.95522069931
90	4479.163	139.20694	4749.036	4363.242	4622.8906	124.71426	4769.542	4360.1045	1000.0	1000.0	450000	180.22466	117.369934	313.88586	-146.05597	180.2213	117.37557	317.31128	-135.86887	-183.61313	88.87075	4808.1754450798035
91	4118.096	824.6655	4635.3228	2302.76	3833.0918	1242.751	4660.674	1158.0896	922.8333	866.6	455000	182.24359	118.01925	316.61014	-125.60627	182.24231	118.02548	318.1498	-160.10281	-185.86804	86.41268	4869.045539140701
92	3634.475	1494.5428	4620.057	656.2562	4668.8057	72.32597	4807.501	4550.7256	833.0	1000.0	460000	184.2563	118.548	317.9211	-129.1303	184.25497	118.54883	316.56976	-149.5601	-187.88458	83.59352	4921.780906915665
93	3264.5337	1493.2654	4509.2725	915.62744	2473.7222	1887.5559	4963.909	254.46985	739.5	544.1	465000	185.20068	121.09904	320.61703	-163.90742	185.19904	121.10562	320.0243	-168.46053	-188.67036	88.72226	4980.506564378738
94	3053.3992	1860.5029	4727.792	257.43314	4801.674	107.32758	4971.4507	4576.923	706.6667	1000.0	470000	186.3702	122.3992	319.8852	-157.3987	186.3687	122.40207	319.79837	-173.50885	-189.87903	91.55538	5035.906113862991
95	4477.1104	202.98112	4834.1934	4213.3203	4570.9165	136.14957	4793.4966	4308.366	1000.0	1000.0	475000	187.96468	123.15416	324.01834	-134.21664	187.9623	123.15751	326.8098	-137.96983	-191.62411	92.223076	5095.77569937706
96	3753.5095	1443.9846	4610.659	566.99524	3920.8892	1547.2567	4930.168	526.47186	856.8333	838.6	480000	189.14232	124.65937	326.83218	-184.73361	189.14142	124.66256	323.45386	-178.25983	-192.92662	95.23568	5153.558660030365
97	3485.5857	1459.349	4565.507	1112.9524	4774.6885	155.57704	4932.7896	4377.5938	793.7143	1000.0	485000	189.18948	128.53873	324.52463	-195.67815	189.18741	128.54187	326.13376	-216.72124	-193.14377	92.17349	5218.048934698105
98	4338.8735	238.42867	4533.3955	3893.5537	4436.0005	1142.0878	5153.653	1851.0662	976.2	892.0	490000	191.00557	130.27524	328.9857	-184.0176	191.00046	130.28528	327.3496	-197.86179	-194.9404	90.65426	5275.371514558792
99	2583.461	1693.9307	4597.418	620.3522	4685.158	436.6796	4999.7026	3412.0193	582.0	973.1	495000	192.07486	130.84001	330.19547	-177.79594	192.07182	130.8467	328.8927	-198.38222	-196.03056	95.743576	5333.444838047028
100	4353.9053	678.28564	4863.4863	3019.233	4863.012	134.95459	5017.9263	4545.2505	936.4	1000.0	500000	194.17749	131.46548	333.09323	-119.49698	194.17378	131.4712	333.7384	-209.51114	-198.07039	95.33011	5391.462731122971
101	3631.7063	1529.7043	4708.902	993.9724	4869.503	80.44373	4971.379	4738.56	801.4286	1000.0	505000	194.71857	133.46469	332.94434	-232.43997	194.71437	133.4698	333.79935	-189.08517	-198.9888	99.018684	5456.379348993301
102	3969.1016	1590.322	4848.7905	422.01828	4764.1274	131.53447	4933.3	4599.252	854.8333	1000.0	510000	196.62686	133.6158	334.67603	-129.14093	196.6211	133.62503	334.68326	-127.79544	-200.8627	98.30581	5518.175472021103
103	3540.1924	1641.6023	4750.651	243.89798	4894.5713	155.35757	5188.625	4692.9834	776.8333	1000.0	515000	198.30977	133.29724	333.50854	-207.89995	198.30754	133.3006	334.38657	-176.85036	-202.07607	97.30141	5577.807857513428
104	3552.7522	1503.2367	4970.88	800.4081	4600.9053	810.6259	5176.476	2280.4119	765.1429	947.6	520000	199.35541	134.38286	335.0171	-176.6894	199.35257	134.38828	335.1302	-201.95335	-203.78151	100.101944	5640.275999307632
105	4516.412	243.84367	4710.501	4037.3767	4411.9014	1029.9315	4968.595	1362.5453	975.0	931.2	525000	201.2737	133.76768	337.27716	-150.55798	201.2691	133.77107	338.70636	-177.87032	-205.31386	97.06555	5699.0281229019165
106	3268.1895	1653.1923	4768.807	687.74066	4771.7075	277.77972	4919.63	3949.2097	716.0	985.5	530000	203.39613	133.07195	340.84488	-147.4483	203.3955	133.07292	338.63818	-151.02419	-207.41867	97.723976	5760.3623921871185
107	3140.474	1788.3339	4814.8066	223.60648	4064.8582	1464.0052	5037.4507	2.2016518	690.7143	842.3	535000	205.18492	133.14195	338.6776	-198.58015	205.1835	133.14507	340.03925	-175.1109	-208.9321	100.08781	5817.678984880447
108	2909.2825	1874.965	4601.4854	140.72137	4324.8135	117.24093	4492.3965	4133.8594	653.5714	1000.0	540000	206.97064	132.25276	343.02618	-270.68674	206.96799	132.2605	340.77118	-259.0606	-210.86044	98.775536	5876.281893968582
109	3482.539	1597.3765	4752.902	661.40454	4676.3145	863.8207	5168.741	2156.0266	762.0	934.3	545000	209.02467	131.66682	345.54608	-243.6336	209.02177	131.67209	340.94247	-193.4946	-212.5762	100.458405	5938.634046316147
110	4275.5996	1071.8641	4884.216	1886.0382	4680.6123	499.73834	5117.9595	3297.055	902.8333	970.0	550000	211.1031	131.87732	344.0789	-158.97923	211.1021	131.8781	343.08875	-209.96964	-214.76158	102.42306	6001.746946334839
111	4777.0176	107.314964	4916.502	4636.4624	4947.936	131.04474	5170.6616	4731.2773	1000.0	1000.0	555000	212.35759	132.82962	345.19446	-219.07007	212.35687	132.8329	345.3846	-192.23631	-216.19505	98.558334	6064.510481595993
112	2943.4556	1636.2648	4638.561	1.008534	3475.899	1609.5573	5083.8916	911.978	657.0	718.7	560000	213.38525	133.53601	343.92526	-162.55827	213.38406	133.54103	344.17163	-159.4469	-217.13162	100.7145	6121.055640459061
113	4018.7449	1291.2572	5031.3477	1236.642	5003.257	100.739395	5137.2646	4828.166	845.0	1000.0	565000	215.03224	133.72606	348.5444	-141.87305	215.03268	133.7266	344.88885	-168.79907	-218.84373	99.98535	6185.234511613846
114	4394.6553	479.1757	4805.9536	3463.0508	4780.581	131.29471	4985.703	4550.6035	943.8	1000.0	570000	215.98257	134.38873	349.4126	-172.17525	215.98181	134.39247	350.9136	-171.65259	-219.76509	101.64099	6247.670858860016
115	4018.5823	1630.3418	5037.217	389.6794	3915.3345	1858.0638	5141.0503	524.32837	850.1667	778.1	575000	217.06099	135.71066	351.56973	-264.67804	217.06142	135.7085	349.83188	-172.5005	-220.6236	104.685844	6309.030647754669
116	4072.5178	1446.7146	4900.5415	851.31964	4997.9614	97.49357	5138.1934	4796.715	865.5	1000.0	580000	218.21854	136.26395	350.05652	-184.07753	218.21494	136.27257	347.53116	-261.6715	-221.71294	107.19885	6374.295111179352
117	4308.825	790.3521	4841.1895	2747.6272	4973.835	131.73398	5164.477	4762.3633	911.0	1000.0	585000	219.312	135.84021	353.6352	-163.61649	219.30745	135.84787	351.59802	-186.98764	-223.42369	106.33432	6434.621382236481
118	3942.447	1763.6182	4810.7036	0.86708003	4638.011	705.2195	5093.1553	2546.2266	834.8333	953.2	590000	221.23409	135.44395	348.23422	-168.89505	221.23134	135.44756	350.13254	-184.1669	-225.5482	106.08512	6497.6808133125305
119	4370.726	1024.1403	4971.719	2089.0315	4776.616	186.24222	5060.203	4536.6655	909.5	1000.0	595000	222.07774	136.76852	351.8557	-229.89558	222.07397	136.78003	351.4158	-210.6047	-225.80006	104.3109	6564.321290254593
120	4463.987	443.8799	4896.7	3607.2183	4597.677	1420.3558	5278.1494	351.858	954.0	909.5	600000	223.23262	137.73386	357.77118	-220.03297	223.22734	137.74611	356.13266	-208.18936	-226.95584	108.67732	6623.514468431473
121	4680.391	170.95937	4832.014	4352.4316	4991.038	86.262566	5112.6987	4891.0117	992.6	1000.0	605000	224.08673	137.96024	355.43213	-196.24452	224.0824	137.96892	358.11807	-212.02307	-227.73203	104.75927	6684.215179204941
122	4325.163	978.9457	4930.9097	2154.7925	4529.384	1033.6094	5198.6704	1518.1058	916.0	990.2	610000	225.49478	137.59787	358.398	-259.61652	225.49188	137.60435	356.9212	-296.17648	-229.1764	103.966934	6749.5321829319
123	1775.0544	2176.3083	4738.8184	-1452.0137	5035.5054	142.08998	5239.4766	4711.5654	533.0	1000.0	615000	226.49251	137.44968	356.61777	-295.05795	226.49043	137.45753	356.31155	-225.37769	-230.39099	106.42898	6810.428680896759
124	4204.5923	1274.3387	5039.835	1678.0056	4889.7524	74.90684	5014.583	4749.0186	872.6	1000.0	620000	228.08345	137.32889	359.09424	-169.04187	228.07756	137.34273	358.3205	-189.59998	-231.9567	104.01905	6868.314844369888
125	4802.673	255.08636	5094.851	4424.537	4085.3843	1606.3923	5274.614	1202.2479	990.6	803.9	625000	229.6363	136.79836	361.60995	-295.88406	229.63025	136.80653	359.83768	-236.64142	-233.28745	109.71921	6927.02898979187
126	4803.242	72.98295	4902.6274	4705.2383	5051.911	218.30215	5335.297	4567.43	1000.0	1000.0	630000	231.70183	135.37192	361.74695	-279.6501	231.69753	135.38214	364.08078	-209.4652	-235.1947	105.5326	6987.992285490036
127	3597.3833	1770.523	4988.5356	2.3199258	4854.9653	64.40555	4938.722	4690.4443	748.375	1000.0	635000	233.33307	134.20517	359.22504	-354.6666	233.32898	134.21454	362.68542	-297.9128	-236.99275	104.20525	7057.1638724803925
128	3615.127	1502.557	4887.094	1367.7266	4955.9385	647.12463	5332.884	3040.6653	776.3333	957.8	640000	234.38243	134.26749	362.05618	-214.95343	234.37889	134.27798	360.47885	-177.4162	-238.18068	109.23397	7116.38742184639
129	4337.633	1457.4948	5103.7227	1082.1089	4719.007	1368.1127	5537.088	649.1075	875.5	913.9	645000	236.15753	134.57803	361.22357	-222.79376	236.15715	134.57808	361.68942	-246.10452	-239.81177	104.26306	7179.370734930038
130	4465.947	923.5665	5044.204	2634.5579	5183.322	109.147896	5330.0728	4950.6406	905.6	1000.0	650000	236.71068	136.28543	364.99402	-234.47337	236.70682	136.29262	366.1421	-242.63544	-240.4388	106.8203	7238.2869918346405
131	4746.719	301.71378	4993.3325	4190.6445	5080.61	478.128	5483.6255	3748.3699	972.4	973.2	655000	237.6262	136.69621	365.74728	-200.76971	237.62404	136.7001	369.42862	-214.07352	-241.18233	105.25288	7299.377885580063
132	4650.1465	690.5251	5104.117	3132.2134	5205.5415	162.16612	5488.847	5015.167	946.3333	1000.0	660000	238.91443	136.56804	367.37082	-295.8841	238.91203	136.57079	364.43042	-198.02005	-242.66402	106.41529	7366.841435909271
133	3838.9844	1473.0272	4912.994	1045.8584	4171.4966	1707.5381	5222.738	-2.1604092	800.1667	822.8	665000	239.75027	137.0547	367.09174	-290.84283	239.74707	137.05708	368.41965	-481.64197	-243.40025	110.69738	7425.515394210815
134	4278.7734	971.79156	4987.2817	2359.3276	4790.8916	1232.2151	5468.427	1132.751	884.6	912.9	670000	240.92581	136.08806	366.10135	-267.6169	240.92595	136.09177	368.08105	-316.63333	-244.61342	115.27477	7482.188816308975
135	4799.053	386.6969	5274.965	4060.396	4662.7773	1485.6932	5439.372	302.92032	955.0	890.6	675000	241.648	135.7601	365.889	-190.04599	241.64786	135.76228	367.6181	-200.41243	-245.36845	115.09781	7548.175666809082
136	4449.397	954.6042	5108.3467	2572.1877	4294.0493	1862.8174	5560.0957	9.129258	909.6	811.1	680000	242.78261	136.20135	364.09	-213.95302	242.7814	136.20636	364.96985	-249.72195	-246.58875	110.09674	7605.0567927360535
137	4281.069	1049.5956	5159.966	2589.8884	4217.0693	1831.2079	5252.118	173.66249	864.0	822.4	685000	243.64243	135.82526	374.0247	-447.09103	243.64203	135.82869	371.67227	-275.45776	-247.30339	114.08642	7667.142819404602
138	4334.86	1101.5261	5143.4893	2087.5176	4957.622	496.06525	5387.3906	3520.3875	870.3333	969.1	690000	244.8406	134.97331	370.9944	-308.01556	244.83905	134.97589	369.60727	-243.56319	-248.00409	114.295555	7730.585833787918
139	3379.646	1742.7269	5069.031	512.413	5333.707	83.00287	5467.3545	5229.3027	699.5714	1000.0	695000	245.61626	135.42072	369.54092	-208.21382	245.61621	135.42108	368.95804	-190.70941	-249.28783	112.33238	7792.987507581711
140	4836.0537	217.15076	5163.0156	4582.0454	4446.085	1632.8547	5427.7397	768.3518	1000.0	850.5	700000	247.44722	133.60097	370.9387	-200.50517	247.44606	133.60738	371.9379	-182.39061	-251.079	114.49424	7854.950389862061
141	4269.2437	1373.2756	5293.7085	1546.6992	4062.937	1626.6366	5103.4824	159.31505	865.0	812.6	705000	248.13913	132.89441	369.9856	-219.75049	248.13904	132.89551	372.8843	-177.942	-251.94972	115.85207	7912.551142215729
142	4964.507	141.72888	5177.5244	4784.2173	5222.122	123.206764	5450.6157	4988.6406	1000.0	1000.0	710000	248.48627	133.25632	370.09756	-244.58896	248.4851	133.26596	369.1267	-257.98444	-252.3542	116.787476	7977.301161527634
143	4312.1743	943.6605	5097.745	2663.7512	5264.3706	111.08772	5482.547	5126.9097	874.6667	1000.0	715000	248.35303	133.80391	370.19897	-231.54803	248.35117	133.80965	373.277	-274.63812	-252.06798	116.67786	8044.4808876514435
144	4783.1143	190.05112	5011.38	4468.147	4639.3604	1294.2611	5295.6294	774.637	1000.0	914.5	720000	249.40543	133.45265	371.43713	-184.52698	249.40376	133.45982	370.34012	-166.59834	-253.1033	114.31307	8108.164008140564
145	3378.2305	1843.5217	5045.176	12.905222	5361.949	114.56598	5519.993	5142.8833	694.125	1000.0	725000	250.88179	132.883	377.94022	-159.96594	250.88046	132.88698	375.2897	-159.87007	-254.61398	113.63299	8177.962577581406
146	4114.0625	1531.7988	5122.8804	1079.7211	5279.2397	129.71132	5417.2725	5023.788	851.0	1000.0	730000	251.4128	133.42987	370.51462	-162.70016	251.41173	133.43065	373.0603	-176.15526	-254.87183	113.13027	8239.019222974777
147	4243.0005	1714.4293	5195.62	425.06473	5001.126	956.89166	5506.626	2147.8079	850.8333	944.0	735000	253.40819	132.17363	373.74768	-177.79831	253.40662	132.18599	372.96924	-171.29668	-256.85635	111.00931	8305.863606929779
148	5040.631	78.919075	5157.5767	4934.762	4677.364	1451.0619	5403.0693	354.79105	1000.0	910.5	740000	254.60747	131.7989	372.54153	-176.441	254.60495	131.80455	374.1885	-257.8343	-258.32596	112.7623	8370.10615515709
149	4969.032	166.93037	5120.8696	4667.049	5312.6904	93.37368	5441.565	5164.5376	1000.0	1000.0	745000	255.67162	131.3887	375.9369	-254.65424	255.66895	131.3988	375.00436	-220.8732	-258.9741	114.79783	8434.453588962555
150	3995.2422	1585.4908	5239.4004	922.34015	5435.599	76.869545	5587.2373	5340.207	809.4286	997.0	750000	256.40125	131.75873	376.5146	-204.65884	256.3998	131.76169	375.4264	-226.25774	-259.93893	116.31215	8502.094220876694
151	4889.646	192.49695	5112.561	4601.7354	4841.9175	1303.2814	5729.607	1832.6803	1000.0	886.5	755000	257.21573	133.08702	375.7517	-204.56137	257.21347	133.09671	376.2289	-206.05109	-260.86	115.332924	8563.899116516113
152	3518.9636	2217.781	5264.9062	9.436476	5314.665	104.10461	5495.84	5169.272	696.8333	1000.0	760000	257.684	133.73418	377.81522	-212.00458	257.6805	133.74646	376.2727	-198.33363	-261.43088	121.51241	8622.303517103195
153	5083.1836	129.91681	5231.9053	4910.065	5041.177	791.96234	5506.093	2706.6104	1000.0	952.6	765000	258.68826	133.00461	376.75204	-206.6081	258.68607	133.0114	378.46356	-237.62733	-262.43396	116.338326	8685.700344324112
154	5113.356	182.31238	5335.3735	4804.141	5217.3496	173.6244	5560.636	4936.0693	1000.0	1000.0	770000	260.28217	132.11896	379.39664	-245.09186	260.27982	132.12474	377.69025	-244.44455	-264.031	110.693115	8749.055741786957
155	5146.7153	119.348656	5383.977	5068.132	4810.9873	890.7168	5506.706	2468.3076	1000.0	924.4	775000	261.56268	132.10126	378.0674	-208.76122	261.5625	132.10483	378.2533	-202.02563	-264.9522	112.79337	8812.450804233551
156	4408.326	1259.2246	5194.182	1604.2065	5154.7954	148.60722	5394.215	4878.576	890.3333	1000.0	780000	262.9809	131.92256	380.15128	-198.96692	262.9788	131.92857	379.713	-204.19858	-266.1113	111.39812	8878.349381923676
157	4993.1416	108.60605	5100.882	4804.9785	4758.4595	1109.9956	5497.5576	2343.2595	1000.0	954.1	785000	264.0245	132.31418	380.74582	-168.70758	264.02377	132.31749	379.33575	-248.57599	-267.22903	111.7746	8940.862269639969
158	5036.233	153.58223	5197.396	4792.1235	5129.0273	96.75185	5273.0654	4924.794	1000.0	1000.0	790000	264.79672	132.44084	382.86346	-200.41687	264.7959	132.44278	381.16217	-152.9186	-268.0577	112.47565	9004.4334628582
159	3365.2783	1963.9749	5076.9233	1.353387	5507.0195	115.790344	5647.615	5207.997	681.625	1000.0	795000	265.2975	132.92357	382.59827	-176.84807	265.29346	132.93463	385.48297	-193.38663	-268.7671	112.37506	9072.176840543747
160	3651.7002	1844.5507	5286.7417	-0.015632637	4453.4136	1646.4758	5488.0625	751.66315	720.5	837.3	800000	265.35544	134.63718	381.7613	-186.48419	265.3545	134.64194	383.9599	-218.13672	-269.04773	115.72572	9128.113399267197
161	4160.5264	1039.4626	5206.533	2071.5168	5447.593	111.39409	5558.4214	5258.3115	810.7143	1000.0	805000	265.63925	135.97502	384.78018	-217.23862	265.6375	135.98074	385.70294	-213.80519	-269.0717	117.25566	9196.999715805054
162	5058.069	188.70676	5279.341	4753.965	5088.156	935.34625	5646.1743	2335.6912	1000.0	944.6	810000	266.6208	135.28145	382.6377	-190.98839	266.6206	135.28046	386.0369	-213.12288	-269.9497	120.73285	9259.380547761917
163	3100.9526	1911.7646	5290.505	125.04576	5340.5186	111.78149	5517.145	5146.716	612.375	1000.0	815000	267.78723	134.42917	387.14035	-205.644	267.78528	134.43327	384.82513	-192.66069	-271.1364	115.713806	9322.179022550583
164	4760.009	771.6404	5342.1797	3230.6672	5012.575	742.2913	5519.483	2911.6807	929.4	941.2	820000	268.5427	134.28519	385.98743	-239.66438	268.5405	134.28886	386.21857	-196.20021	-271.7421	117.17131	9382.668352127075
165	4031.032	1423.5846	5425.9507	1745.5587	5356.8066	426.66537	5657.192	4178.8354	922.0	979.6	825000	269.37527	135.5753	385.8079	-199.22523	269.37476	135.58029	384.60803	-163.77083	-272.767	116.851234	9443.806050777435
166	3883.1353	1695.2164	5185.0435	271.38556	5292.6187	118.9554	5520.0415	5091.8457	789.0	1000.0	830000	268.91766	138.44865	388.89304	-234.75772	268.918	138.44717	388.48407	-322.96527	-272.57422	113.650826	9511.648204088211
167	4020.9763	1363.7622	5137.3584	2044.7078	4111.2095	2034.3444	5498.0186	5.300595	808.1667	775.4	835000	269.2754	139.98431	387.01132	-230.31775	269.27463	139.99176	390.64124	-283.1415	-272.72952	111.80863	9571.962032318115
168	4354.53	1950.0557	5375.9395	-0.7503041	5164.134	839.42865	5677.009	2670.6636	836.1667	949.0	840000	271.23035	137.69081	389.83716	-180.6879	271.23	137.6893	392.2153	-262.6964	-274.78397	119.44587	9635.995135068893
169	4781.7524	570.0296	5362.971	3694.3003	5021.179	1357.7101	5716.7397	969.0237	949.6	921.2	845000	272.4461	136.11548	390.58023	-214.00304	272.44235	136.12146	389.46506	-192.36116	-275.54648	122.44029	9697.26857638359
170	3599.9956	1712.7671	5165.9766	-16.512392	4991.0576	1159.4655	5520.235	1551.8801	721.0	933.6	850000	271.72513	137.83984	388.13702	-180.73015	271.72144	137.84889	387.28247	-258.12607	-275.23047	119.58322	9766.301372766495
171	4208.7397	1182.7217	5185.597	2336.3198	3836.1934	2038.2112	5650.8105	467.13065	832.0	705.4	855000	272.82455	137.71269	391.5537	-235.39348	272.82388	137.71384	390.84616	-299.54483	-275.95642	123.46006	9826.54798579216
172	4208.8833	1817.9135	5277.7344	579.50006	5063.9834	1249.239	5690.0293	1329.0574	826.8	926.2	860000	274.6731	136.36388	388.40698	-240.8476	274.6711	136.37288	387.5955	-257.25534	-278.18298	111.33134	9883.42891407013
173	3919.0686	1690.2739	5138.545	1160.679	4902.151	1528.5947	5495.987	319.89487	786.1429	908.7	865000	275.33752	136.71922	393.79617	-218.57419	275.3354	136.72063	391.614	-164.04333	-278.50696	118.94528	9950.771671295166
174	4089.2695	1886.5405	5423.856	-7.0675406	4879.0063	1622.7643	5681.7915	142.49918	805.5	905.4	870000	274.87335	138.67601	390.85748	-189.51859	274.8728	138.68056	391.52673	-307.45227	-278.30667	118.285126	10012.62715959549
175	4593.668	991.5784	5224.924	2386.2424	5172.327	1127.5631	5697.608	1810.2585	913.0	932.9	875000	274.86917	141.01196	392.57187	-202.13994	274.86835	141.02194	392.05185	-198.16084	-278.40952	123.96505	10078.307663917542
176	5151.3984	148.54475	5436.023	5033.9155	4798.925	1555.6334	5493.1187	144.10245	1000.0	905.8	880000	275.1945	142.85466	393.265	-238.8431	275.19247	142.85553	392.66522	-270.90933	-278.71313	113.98626	10141.4356610775
177	4238.0825	966.6695	5345.1094	2915.285	5633.2163	87.00744	5794.9253	5496.5024	832.8333	1000.0	885000	275.90854	143.32475	392.06952	-200.10136	275.90762	143.33357	392.7883	-218.19576	-279.229	119.966354	10205.965237140656
178	4956.764	307.60248	5409.1978	4461.3447	5264.062	664.68195	5697.7563	3290.9602	982.0	960.1	890000	276.7951	143.29681	394.86176	-268.87936	276.79352	143.29756	395.4201	-281.71118	-280.33286	121.30382	10269.821606874466
179	5204.547	77.178055	5313.714	5109.2524	4875.977	1403.8143	5794.3022	924.2731	1000.0	892.5	895000	277.69485	143.03667	397.8619	-247.37628	277.6951	143.03432	393.90552	-296.72488	-280.7031	122.9484	10331.920543670654
180	4362.3765	1842.1971	5388.773	253.9764	4999.5415	1433.7917	5583.525	701.4478	848.0	914.6	900000	277.85748	143.74532	396.93555	-255.46118	277.85654	143.74947	396.8306	-289.6176	-281.1658	123.2199	10396.446306705475
181	3534.1128	1936.4779	5168.4863	79.3092	5285.263	888.1478	5832.843	2655.8477	695.7143	947.5	905000	277.2308	144.87646	394.6692	-201.28549	277.23227	144.8744	394.14935	-245.18602	-280.23956	126.35901	10458.829953432083
182	4646.076	799.2574	5258.7207	3084.0598	4294.2383	2375.698	5600.475	-875.7919	899.2	901.7	910000	277.15848	144.55336	395.58832	-264.86917	277.15866	144.55148	395.53647	-270.5606	-280.13373	130.33018	10519.722243785858
183	4357.024	1616.6033	5166.6553	749.61597	5531.4385	141.6901	5674.8276	5248.504	861.1667	1000.0	915000	277.42957	143.51343	392.51157	-530.1865	277.42813	143.5158	401.10223	-231.13803	-280.76096	131.6028	10585.42264342308
184	4654.4517	1400.1592	5491.668	1538.4172	4986.394	1049.6622	5576.5186	1935.0231	890.5	921.8	920000	277.52582	142.71869	396.48654	-189.47446	277.5245	142.71997	399.32343	-206.27567	-280.86423	127.80886	10651.230433940887
185	4360.9116	1764.1833	5386.4937	435.4409	5401.882	180.55095	5664.8755	5045.8228	836.1667	1000.0	925000	278.73627	141.03752	393.57706	-261.90088	278.73566	141.03886	393.2407	-195.32036	-281.70538	124.90856	10715.794035434723
186	4312.6636	1643.2756	5257.45	1028.9471	4865.064	1566.7795	5532.1094	170.45073	850.0	905.7	930000	279.29068	140.2542	394.71683	-248.35226	279.28925	140.25662	393.54395	-172.95488	-282.8089	122.0409	10773.161970376968
187	4633.869	961.28864	5216.548	2504.4204	5366.545	97.664986	5495.3145	5209.0454	919.5	1000.0	935000	280.82996	137.73085	399.0516	-241.53363	280.83008	137.73175	395.93213	-190.54498	-284.0778	122.982124	10842.256172418594
188	4871.311	578.3356	5466.881	3779.885	5525.1475	99.075584	5655.0376	5352.6025	942.8	1000.0	940000	282.68005	135.14316	397.29797	-186.00912	282.6781	135.1495	394.9376	-187.35345	-286.0363	124.73945	10905.425148487091
189	5054.269	128.50531	5208.752	4825.26	5475.5933	155.31972	5671.6475	5209.187	997.6	1000.0	945000	283.21146	135.56598	401.0663	-213.00407	283.2115	135.56586	395.0289	-268.23398	-286.2227	122.30528	10969.861401557922
190	4563.043	1368.766	5228.22	1504.2152	5617.8213	118.47604	5867.5703	5434.485	884.5	1000.0	950000	284.01752	135.57208	395.66614	-357.712	284.01715	135.57295	399.60928	-312.14355	-287.17294	120.59582	11036.959673166275
191	4567.828	1114.169	5274.6694	2190.2583	5205.1587	906.8123	5614.5723	2491.2537	879.6667	946.2	955000	284.9373	135.31865	400.79953	-243.4873	284.9372	135.31772	398.53085	-219.5487	-287.82812	117.83725	11103.831973314285
192	3668.2305	1629.6603	5214.94	704.21344	5490.903	141.46162	5737.415	5254.0635	730.1667	1000.0	960000	286.01126	134.76628	397.5816	-241.18979	286.0114	134.76389	397.89975	-201.1616	-289.04602	120.63035	11164.50330877304
193	5151.346	214.61371	5473.978	4899.9688	5563.2173	103.499054	5720.01	5377.852	1000.0	1000.0	965000	286.56042	135.2178	398.68076	-225.57372	286.55905	135.22227	397.13608	-177.01553	-289.8774	119.32983	11229.709980249405
194	4541.6333	1571.5092	5302.5435	1030.0906	5592.3755	92.885284	5762.712	5451.3037	869.1667	1000.0	970000	286.87085	135.9963	396.84302	-184.49521	286.87076	135.99332	397.479	-210.51686	-290.418	126.77498	11296.761285066605
195	5107.849	203.20042	5394.512	4799.6455	5067.38	1213.8018	5628.6133	1439.5135	991.4	930.2	975000	287.19373	136.83975	397.36313	-159.7781	287.1932	136.84552	399.7496	-220.09843	-290.59225	124.01996	11360.411940097809
196	5022.8394	96.45239	5128.875	4873.329	5108.927	1432.2961	5778.0117	828.5077	1000.0	917.1	980000	287.51596	137.55403	399.4688	-252.90984	287.5152	137.55684	399.2956	-217.05495	-290.91113	127.18979	11424.95947432518
197	4390.7036	1233.6063	5196.742	1728.273	4140.984	1974.4155	5541.626	-438.15543	869.3333	872.7	985000	287.5583	138.16362	399.8732	-239.28804	287.557	138.16452	399.48007	-229.50415	-290.55963	128.35622	11490.889901161194
198	3370.869	1661.492	5236.7427	740.1083	4618.5303	1807.3013	5738.474	155.02646	657.7143	926.6	990000	288.48715	136.9088	399.0964	-240.48692	288.48764	136.90616	398.51575	-276.79416	-291.7894	124.88293	11553.11196231842
199	4506.405	1534.0048	5348.441	1080.7847	5156.138	888.37946	5665.1904	2518.9702	870.5	947.1	995000	289.96976	134.85895	402.97293	-219.25096	289.9702	134.86206	397.96033	-247.5609	-293.29315	127.32205	11619.278542757034
