Epoch	AverageEpRet	StdEpRet	MaxEpRet	MinEpRet	EpLen	AverageVVals	StdVVals	MaxVVals	MinVVals	TotalEnvInteracts	LossPi	LossV	DeltaLossPi	DeltaLossV	KL	BacktrackIters	Time
0	-496.14807	141.947	-280.8963	-635.4216	1000.0	0.014314358	0.83591604	2.2719283	-2.23547	4000	-5.7280065e-08	2701.7244	-0.05426341	-421.05957	0.008977317	0.0	5.4813072681427
1	-736.1232	140.39397	-511.75327	-862.18933	1000.0	-6.1390467	4.1954823	8.799945	-14.63755	8000	-9.727478e-08	4532.441	-0.056889948	-1886.1487	0.008986981	0.0	10.097432136535645
2	-445.20108	110.17618	-307.73022	-615.5491	1000.0	-22.306911	4.4746294	19.930267	-24.629084	12000	-6.2584874e-08	750.00073	-0.055589166	-148.75238	0.009033398	0.0	14.827355146408081
3	-515.7911	64.41265	-445.36533	-594.3378	1000.0	-27.57634	1.5614653	13.195665	-28.03584	16000	4.1127204e-09	1004.7057	-0.056383893	-126.348206	0.009010963	0.0	19.719401597976685
4	-566.46313	83.22598	-445.15524	-680.3164	1000.0	-31.215797	1.9922185	12.932019	-31.68705	20000	-4.8160555e-08	1197.7178	-0.059590362	-170.77026	0.009107025	0.0	24.59536600112915
5	-502.98434	107.59261	-350.5386	-645.22565	1000.0	-35.58111	1.3706084	-13.222428	-36.075066	24000	1.4305115e-09	1082.0945	-0.054716203	-75.71173	0.009072823	0.0	29.57501196861267
6	-583.44446	191.64842	-396.0291	-902.1048	1000.0	-36.49398	5.178226	26.10897	-38.785397	28000	2.0682812e-08	1337.0002	-0.0546038	-143.69348	0.009014789	0.0	34.20605444908142
7	-452.12656	125.88855	-240.08986	-558.0283	1000.0	-38.82083	9.09538	40.06452	-42.510654	32000	1.1920929e-08	700.1326	-0.055713955	-57.54303	0.009130873	0.0	39.074568033218384
8	-451.53677	124.07386	-335.7035	-648.4651	1000.0	-36.833122	9.61601	31.13195	-43.316357	36000	0.0	675.1067	-0.055654585	-72.97662	0.0090874005	0.0	43.79687714576721
9	-264.81378	168.52374	-2.611301	-472.53757	1000.0	-35.05325	12.419715	37.4142	-44.30296	40000	-6.6757204e-09	818.00977	-0.055685293	-249.38202	0.009001604	0.0	48.414283990859985
10	-451.13983	117.26942	-345.3695	-638.5545	1000.0	-26.671677	12.487682	28.920948	-44.05893	44000	-1.0848045e-08	838.6901	-0.054875325	-256.21436	0.008973311	0.0	53.5432505607605
11	-331.6566	45.553112	-283.104	-379.43594	1000.0	-37.605873	8.626043	10.137708	-45.138783	48000	-2.0980835e-08	465.2965	-0.055725414	-131.85345	0.009179991	0.0	58.23414587974548
12	-305.20578	84.04267	-168.19876	-390.92468	1000.0	-27.60998	10.287206	14.043627	-44.593307	52000	1.3351441e-08	554.71936	-0.055410326	-75.6228	0.009200246	0.0	62.9134840965271
13	-378.27942	50.363293	-322.38785	-460.0201	1000.0	-26.555365	11.404076	24.632484	-44.493206	56000	7.033348e-09	619.1955	-0.056233246	-117.31384	0.008946331	0.0	67.57374262809753
14	-271.2499	169.76677	-122.49553	-535.7907	1000.0	-31.389372	10.999895	28.687931	-45.071945	60000	-1.9073487e-09	633.0524	-0.057341818	-211.28809	0.008937789	0.0	72.00005340576172
15	-339.11163	86.23879	-236.78792	-470.4238	1000.0	-22.421831	12.861633	27.328234	-44.77704	64000	-1.0967255e-08	647.79724	-0.054149643	-155.79721	0.009072657	0.0	76.64704036712646
16	-342.50937	123.28753	-195.10556	-518.75946	1000.0	-29.861795	10.620588	18.955374	-45.26573	68000	1.6212464e-08	492.1882	-0.05714889	-69.475006	0.009060194	0.0	81.27160549163818
17	-390.41595	86.64132	-301.05188	-532.0367	1000.0	-29.977297	11.619021	21.27805	-45.4169	72000	-1.9669533e-09	618.27045	-0.057502605	-92.477905	0.009086922	0.0	85.85139155387878
18	-329.8624	70.72717	-276.92532	-450.14313	1000.0	-31.84707	9.077858	14.37846	-45.905754	76000	1.8119811e-08	315.76324	-0.057116386	-104.152115	0.009064209	0.0	90.5661735534668
19	-279.6866	176.82034	-9.081429	-493.0217	1000.0	-26.685738	8.250777	17.437773	-45.52351	80000	-3.0994414e-08	579.2291	-0.056717332	-89.23407	0.009184237	0.0	95.20217227935791
20	-268.54993	41.79903	-215.63849	-332.33215	1000.0	-25.139696	12.289688	21.15411	-45.914585	84000	-1.0251999e-08	350.64792	-0.05338847	-82.59488	0.009046348	0.0	100.18694353103638
21	-191.97845	124.40585	-85.58462	-403.9572	1000.0	-22.142303	7.2655373	3.104563	-45.061653	88000	-1.2755394e-08	336.55	-0.055421613	-60.22821	0.009068454	0.0	104.79044222831726
22	-266.9234	127.89322	-62.08366	-412.09247	1000.0	-18.3896	8.646497	16.87248	-44.413853	92000	-1.0490417e-08	435.97208	-0.05651761	-67.164825	0.009096721	0.0	109.67285370826721
23	-215.58035	51.46213	-162.20503	-299.8537	1000.0	-21.97671	9.576191	13.354684	-45.461796	96000	9.059906e-09	392.21002	-0.05417277	-59.983246	0.009123939	0.0	114.15511751174927
24	-263.46307	68.759125	-175.94537	-359.06485	1000.0	-19.10961	8.293199	10.868064	-44.053253	100000	-1.9550324e-08	375.36484	-0.05622559	-54.697754	0.009140449	0.0	118.59595370292664
25	-219.81702	156.81091	-77.752174	-480.68097	1000.0	-22.86125	8.848825	16.96673	-44.468327	104000	-2.5272369e-08	389.73175	-0.055751327	-171.07043	0.009131475	0.0	123.32487607002258
26	-315.16656	85.986015	-188.19437	-429.3562	1000.0	-21.554539	14.002131	9.528376	-46.00534	108000	3.2484532e-08	354.45938	-0.05711488	-95.97647	0.009054825	0.0	128.05007600784302
27	-217.85211	172.7831	-23.13844	-482.46686	1000.0	-27.37244	12.367525	15.132828	-45.88435	112000	-4.196167e-08	481.42355	-0.058283437	-134.75687	0.009054535	0.0	132.5333526134491
28	-174.69257	164.0952	-44.72913	-448.75684	1000.0	-17.264257	16.710808	31.289724	-46.31971	116000	5.722046e-09	310.29913	-0.055603053	-43.050262	0.009131188	0.0	137.14464330673218
29	-165.46906	53.449696	-98.25512	-231.23964	1000.0	-10.502939	9.331166	20.516186	-44.33779	120000	5.5134297e-10	379.0966	-0.055639297	-69.13141	0.009083935	0.0	141.75786519050598
30	-152.60391	110.63081	-31.283564	-292.2738	1000.0	-15.004902	9.729981	18.786985	-44.110783	124000	-8.34465e-09	416.33295	-0.05639428	-69.70633	0.009122068	0.0	146.7560317516327
31	-53.69341	127.420494	71.200874	-261.45074	1000.0	-10.862815	10.116703	18.873913	-45.519657	128000	-4.4226645e-08	489.04834	-0.056206327	-110.94577	0.009182453	0.0	151.44578313827515
32	-229.8583	60.081642	-128.85439	-285.192	1000.0	-6.149336	11.29062	27.792526	-43.609085	132000	9.536744e-10	668.44086	-0.053062312	-257.22385	0.009116464	0.0	155.92785382270813
33	-87.21855	90.12471	6.6545463	-200.70813	1000.0	-17.685051	11.288325	20.857927	-45.47219	136000	2.503395e-08	449.48694	-0.0554497	-165.27335	0.009056511	0.0	160.5361933708191
34	-61.828995	15.676611	-37.329746	-80.87526	1000.0	-7.6471806	8.291687	20.681969	-43.38623	140000	2.5749207e-08	312.95172	-0.055986658	-42.06012	0.009163098	0.0	165.0928635597229
35	-205.74606	120.44662	-50.475235	-330.84808	1000.0	-8.83794	10.85029	24.7622	-41.617935	144000	1.180172e-08	430.88562	-0.06054515	-146.10925	0.009068089	0.0	169.4669804573059
36	-91.42773	119.63911	100.25644	-200.75117	1000.0	-11.69355	9.139514	17.143824	-41.234695	148000	1.0251999e-08	395.70844	-0.05204318	-49.223633	0.00924614	0.0	174.1742742061615
37	-75.80806	96.04276	28.271463	-197.20204	1000.0	-9.238319	10.660527	27.439869	-44.60004	152000	-4.6491624e-09	359.96518	-0.053377718	-40.85205	0.009100113	0.0	178.65338945388794
38	-248.1131	211.16835	24.838463	-482.40338	1000.0	-16.852869	15.526898	22.87374	-45.78339	156000	-1.7404556e-08	324.3677	-0.05677764	-97.434555	0.009189659	0.0	183.28078651428223
39	-112.32309	59.31527	-32.44416	-177.05096	1000.0	-8.279063	9.507084	27.755653	-41.168175	160000	-5.4836273e-09	347.86432	-0.05210325	-43.806824	0.009250123	0.0	187.9599645137787
40	-97.762276	129.465	49.66039	-296.3006	1000.0	-7.9600253	8.702689	24.174627	-44.83778	164000	-9.536743e-09	318.68762	-0.054857053	-35.893738	0.009237708	0.0	192.8572289943695
41	-64.88986	83.81661	63.372967	-141.69133	1000.0	-8.061365	9.542305	20.78774	-42.185253	168000	7.7486035e-09	434.37445	-0.05577026	-46.677887	0.009217285	0.0	197.64574813842773
42	-205.74376	111.27206	-96.45354	-381.932	1000.0	-7.78231	9.713633	23.698587	-39.70606	172000	-3.4570693e-09	449.8278	-0.053690135	-159.64786	0.009141977	0.0	202.52279329299927
43	-37.407005	40.66794	20.079092	-79.37222	1000.0	-17.205383	7.443813	9.070961	-45.274277	176000	6.6757204e-09	460.59393	-0.05431674	-241.4805	0.009010571	0.0	207.25539183616638
44	-18.671465	79.10838	100.11849	-115.5641	1000.0	-2.6098492	7.037492	24.774204	-35.15741	180000	2.5272369e-08	279.33505	-0.056466755	-29.5309	0.009194776	0.0	212.07972717285156
45	-1.313345	73.267456	66.86886	-118.78254	1000.0	-0.9318334	7.5305514	23.677277	-34.93039	184000	-2.6226044e-09	265.92688	-0.055501506	-24.591248	0.009230499	0.0	216.7128825187683
46	-55.35518	20.784418	-27.526258	-85.7922	1000.0	-0.35020486	7.610119	29.071917	-34.58321	188000	-2.449751e-08	277.68427	-0.054436486	-45.061783	0.009229533	0.0	221.37201619148254
47	-80.5641	62.627316	-37.6446	-188.3732	1000.0	-4.738464	6.7076254	18.951654	-38.930656	192000	-9.834767e-09	275.7244	-0.05399397	-34.484894	0.009159326	0.0	225.98434472084045
48	-104.32922	178.96506	105.02179	-386.36145	1000.0	-10.395088	12.113027	24.33887	-45.29421	196000	2.0980835e-08	324.36093	-0.055919282	-85.81932	0.009241558	0.0	230.75492978096008
49	77.53894	86.03578	187.76085	-40.40991	1000.0	-0.85430753	8.3443	26.439022	-43.829407	200000	-8.5830685e-09	331.65363	-0.05407714	-95.73576	0.009298121	0.0	235.31332540512085
50	-120.792336	204.34477	95.04289	-452.33734	1000.0	-1.0624483	14.687501	26.710741	-46.73472	204000	1.7404556e-08	515.6487	-0.05687637	-216.36142	0.0091826	0.0	240.45024466514587
51	-150.59068	148.98299	63.87054	-322.09003	1000.0	-17.328989	22.998415	34.451515	-49.623062	208000	2.4318695e-08	316.51132	-0.054978527	-56.715454	0.009235657	0.0	245.2092685699463
52	76.64407	101.04203	205.5305	-74.705025	1000.0	0.43996534	8.407875	25.453918	-32.279537	212000	-2.0980835e-08	296.8157	-0.054304034	-70.38768	0.009256254	0.0	249.80116748809814
53	-20.755535	47.01073	30.974434	-86.96266	1000.0	5.019614	7.449286	24.563168	-27.46109	216000	-8.3446505e-10	340.0798	-0.05675203	-70.60205	0.009206806	0.0	254.0365433692932
54	-24.108507	106.61159	73.12664	-201.54993	1000.0	-4.8502374	14.050433	26.188196	-47.04782	220000	3.8146974e-09	345.14432	-0.057956193	-47.37314	0.0091329655	0.0	258.2858953475952
55	15.4887905	55.544933	94.08	-54.34831	1000.0	1.4229238	8.506584	29.304081	-33.43261	224000	-3.385544e-08	301.45694	-0.05801823	-33.248688	0.009259149	0.0	263.35091519355774
56	91.93476	34.91994	145.15436	57.638382	1000.0	3.1975765	8.694001	33.3768	-28.308563	228000	1.692772e-08	334.08725	-0.055718265	-59.633606	0.00927165	0.0	268.1484446525574
57	186.97264	40.71057	231.74586	134.43924	1000.0	9.119186	8.406959	33.14201	-24.613224	232000	3.3378602e-09	441.08417	-0.053721905	-97.07614	0.009191183	0.0	272.77540588378906
58	46.56614	65.07305	121.099686	-56.08859	1000.0	14.269868	9.631862	37.63446	-28.77744	236000	5.0783157e-08	345.43982	-0.060474258	-125.7939	0.009303206	0.0	277.5737245082855
59	32.073593	104.15992	134.34822	-142.11145	1000.0	3.049972	10.168901	26.418339	-44.190525	240000	-1.07288365e-08	331.87997	-0.054767307	-75.26553	0.009352526	0.0	282.1624188423157
60	151.21863	61.554775	247.66396	76.5103	1000.0	7.0023837	7.2448053	32.923122	-24.751244	244000	-1.8835069e-08	410.06763	-0.055316128	-106.253265	0.009148554	0.0	287.2792932987213
61	187.83775	15.322166	211.1047	169.02258	1000.0	15.684598	7.703695	36.96464	-21.60816	248000	-3.4332274e-08	226.99142	-0.055656347	-40.306885	0.009205328	0.0	291.86954402923584
62	150.37341	24.35162	183.4344	123.94543	1000.0	17.409828	9.754519	37.624413	-42.333626	252000	4.768372e-10	212.74213	-0.054908678	-46.564316	0.009166931	0.0	296.72374725341797
63	165.00256	74.521255	277.00854	67.622	1000.0	13.399554	6.2913914	32.812035	-19.372208	256000	7.2717667e-09	290.05637	-0.056108773	-28.920197	0.009372452	0.0	301.3341405391693
64	219.74884	151.11415	417.2271	31.492382	1000.0	15.15869	7.319936	35.786377	-20.020153	260000	9.059906e-09	384.3199	-0.05275044	-64.68408	0.00923596	0.0	305.57644534111023
65	154.47179	69.25937	259.2281	64.7751	1000.0	19.256945	8.930671	42.448784	-18.844614	264000	1.3232231e-08	357.4369	-0.056659453	-57.110046	0.009324	0.0	310.3571774959564
66	106.7424	81.675705	223.36754	-4.7324905	1000.0	15.081127	9.940181	41.059624	-26.61769	268000	-2.1457671e-09	272.3278	-0.054643665	-58.02881	0.00924052	0.0	315.1672246456146
67	171.4625	69.46086	243.05238	61.40735	1000.0	11.305232	6.9416065	37.282936	-16.777147	272000	-2.4318695e-08	339.36526	-0.055902433	-54.45804	0.009369418	0.0	319.3969247341156
68	207.34467	71.83046	311.69846	130.20808	1000.0	15.380297	8.083283	37.380028	-21.785376	276000	-2.2888184e-08	283.13705	-0.055405717	-52.67737	0.00924559	0.0	324.2599546909332
69	199.46048	47.281387	271.08353	153.61728	1000.0	19.52236	6.9504204	37.42595	-21.335297	280000	-1.6093255e-08	280.6418	-0.056439172	-27.496902	0.009331168	0.0	329.0503363609314
70	107.36333	70.378845	209.9782	16.58397	1000.0	17.889954	8.288004	39.340958	-18.416391	284000	2.026558e-08	492.37042	-0.054005045	-100.249176	0.009328587	0.0	333.7386522293091
71	217.47491	55.9997	309.1071	160.25049	1000.0	12.485421	8.812053	43.775204	-20.841251	288000	2.7656554e-08	399.30328	-0.05482873	-87.003235	0.009281898	0.0	338.09893798828125
72	223.64351	101.79007	386.98663	127.85297	1000.0	19.08662	9.04558	42.04599	-17.189754	292000	3.8146974e-09	339.0074	-0.060007025	-46.581238	0.009355379	0.0	342.45476961135864
73	34.013027	221.48384	249.40157	-336.82486	1000.0	10.703098	22.445127	43.01879	-48.691917	296000	9.536743e-09	361.9685	-0.05557831	-130.03845	0.009280183	0.0	347.03323769569397
74	235.86539	63.829105	325.89246	145.41132	1000.0	15.661452	8.248301	41.547115	-14.012956	300000	2.026558e-08	384.34338	-0.05644563	-86.90765	0.009334946	0.0	351.89760279655457
75	194.74359	83.96679	293.11057	70.984344	1000.0	20.731474	9.137604	47.808407	-23.11611	304000	8.3446505e-10	297.0213	-0.05657889	-50.948975	0.009327595	0.0	356.6458365917206
76	167.24837	270.43118	438.40323	-282.5396	1000.0	12.786658	19.800196	44.92812	-47.96845	308000	4.2915342e-09	409.48126	-0.053072352	-118.54251	0.009293904	0.0	361.29146218299866
77	230.93887	76.772705	357.6964	161.33627	1000.0	25.51019	8.734744	45.266106	-16.16537	312000	3.8146974e-09	368.727	-0.05369821	-59.97986	0.009348778	0.0	366.0649220943451
78	203.85274	99.16155	357.65625	100.22466	1000.0	20.625017	9.010477	46.639324	-26.990656	316000	1.7285346e-09	384.63904	-0.05543136	-51.369476	0.00930326	0.0	370.9792251586914
79	272.14078	88.208595	358.59067	125.247055	1000.0	19.240051	7.5389266	45.109688	-14.797063	320000	2.5629998e-08	332.98056	-0.054097537	-97.34819	0.0094241435	0.0	375.7795853614807
80	160.35161	84.43372	298.7057	75.56244	1000.0	24.51625	11.0744295	49.932674	-36.62959	324000	-1.3351441e-08	647.48596	-0.05244221	-157.05759	0.009301031	0.0	380.6556839942932
81	243.16925	67.13199	312.23492	172.82211	1000.0	16.572054	10.221439	44.76756	-28.687405	328000	-1.1920929e-08	303.25302	-0.056479435	-75.82506	0.009298753	0.0	385.28944206237793
82	297.58456	61.375854	344.94208	194.02948	1000.0	22.21204	7.160745	42.94379	-17.383356	332000	3.9696694e-08	331.68027	-0.05579264	-45.07907	0.0093691	0.0	389.8169186115265
83	255.74191	79.04752	375.56955	153.41592	1000.0	25.46402	8.381228	45.346073	-28.392616	336000	5.722046e-09	305.67212	-0.05432931	-44.11508	0.009345303	0.0	394.15600872039795
84	296.26892	35.861282	343.43512	254.54938	1000.0	24.830524	6.8398466	44.768246	-7.686117	340000	1.4305115e-09	353.28217	-0.05443621	-48.942474	0.009343355	0.0	399.2454442977905
85	321.6004	40.48486	389.21848	288.5104	1000.0	28.09537	8.320586	48.39843	-19.382294	344000	-1.1205673e-08	237.33844	-0.05382974	-34.574814	0.009399738	0.0	403.7414643764496
86	318.19434	60.779358	367.19003	214.15288	1000.0	29.091343	6.242621	47.379814	-8.812379	348000	7.152557e-09	328.22568	-0.05138754	-38.08261	0.009349581	0.0	408.26056003570557
87	321.29755	79.25788	407.65207	214.79091	1000.0	29.342535	7.2285957	46.235374	-10.207613	352000	-1.1324882e-09	340.38782	-0.057496864	-38.964172	0.009498733	0.0	413.1516115665436
88	246.27023	146.61073	387.46225	21.887548	1000.0	28.01851	9.40618	51.20351	-16.389488	356000	7.867813e-09	482.0473	-0.053424843	-69.32498	0.009579713	0.0	417.9711117744446
89	384.80872	100.23444	493.3427	229.72118	1000.0	26.251747	10.198594	49.1736	-16.762037	360000	3.671646e-08	534.7302	-0.054750618	-130.10498	0.0094016455	0.0	422.91260266304016
90	299.93668	44.74703	337.9441	227.78033	1000.0	34.16653	9.852875	56.41518	-14.9333105	364000	9.23872e-09	388.69788	-0.053653397	-80.844574	0.009435921	0.0	427.79461550712585
91	284.8025	98.665146	444.38873	199.59967	1000.0	28.31938	8.720947	52.21533	-9.338015	368000	-2.5749207e-08	375.66608	-0.05371368	-41.895264	0.009497167	0.0	432.5138826370239
92	266.4779	137.33122	464.22208	118.830894	1000.0	26.892483	9.485202	51.44718	-15.045234	372000	1.9550324e-08	508.41006	-0.05568908	-65.13919	0.009424048	0.0	437.2262225151062
93	271.31738	58.965267	354.3595	206.25833	1000.0	26.136316	10.647946	53.381306	-13.552915	376000	3.71933e-08	362.9122	-0.05233971	-54.092255	0.009440357	0.0	441.90496158599854
94	348.26328	52.10713	390.63663	259.27258	1000.0	28.194145	9.499039	53.469837	-11.703052	380000	-2.4199485e-08	382.3399	-0.05378921	-69.95523	0.00943821	0.0	446.0993514060974
95	444.13812	129.1071	566.6416	248.26617	1000.0	34.129375	7.9308558	52.536964	-10.248158	384000	1.7642975e-08	504.07236	-0.055159125	-112.22394	0.009404486	0.0	450.77637004852295
96	319.2062	108.54407	497.76434	215.96149	1000.0	39.017033	9.359059	60.446503	-9.98628	388000	-4.696846e-08	396.43427	-0.05194322	-138.09143	0.0094648395	0.0	455.28615283966064
97	357.1803	47.554226	418.0072	285.16837	1000.0	29.398018	7.7569885	50.273006	-12.862467	392000	-4.6491624e-09	512.0087	-0.051890694	-70.99692	0.009509591	0.0	460.180047750473
98	318.6114	92.67522	429.45764	177.40341	1000.0	32.726543	8.6654625	54.099983	-12.207003	396000	-1.1444092e-08	341.14713	-0.05369304	-52.031586	0.009428346	0.0	465.04753398895264
99	254.24564	108.89169	430.90488	133.28217	1000.0	28.327528	8.689036	51.717068	-10.885028	400000	1.0967255e-08	311.71432	-0.054109324	-47.56537	0.009447959	0.0	470.0687065124512
100	329.45782	46.090687	401.49692	275.08664	1000.0	26.286673	8.124876	48.78759	-14.277845	404000	-1.1444092e-08	297.52878	-0.050413854	-75.36047	0.009380399	0.0	475.28586506843567
101	405.98776	72.26542	500.0725	297.4382	1000.0	32.906845	6.2497954	51.7019	0.32098928	408000	-4.768372e-10	336.64618	-0.05471161	-63.958405	0.0093966285	0.0	479.9593780040741
102	322.61792	96.915276	433.4623	167.92986	1000.0	36.90359	7.615865	56.724785	-2.9718635	412000	-1.6450882e-08	583.4226	-0.053180672	-135.68768	0.009456347	0.0	484.6295177936554
103	217.25523	195.4713	480.2715	20.458826	1000.0	28.012281	12.028651	56.506615	-41.218445	416000	-1.9073486e-08	618.622	-0.050486043	-157.36896	0.009383742	0.0	489.30745816230774
104	425.73187	95.67716	566.313	314.59952	1000.0	23.860102	10.674305	51.680706	-18.36628	420000	3.516674e-08	600.9892	-0.05224917	-248.23758	0.009375258	0.0	494.0005350112915
105	344.83185	87.4069	430.9016	203.08774	1000.0	36.428883	9.005829	58.61246	-8.82596	424000	1.8119811e-08	412.38193	-0.052922472	-82.39975	0.00949338	0.0	498.83637738227844
106	376.45917	68.77055	466.20917	292.8694	1000.0	30.669678	8.183409	56.09888	-12.406272	428000	5.9604643e-10	397.31845	-0.053450428	-62.171906	0.009427322	0.0	503.28948736190796
107	412.28647	107.77394	581.7698	312.7735	1000.0	35.624855	8.188052	61.259525	-8.32868	432000	1.2397766e-08	482.51886	-0.053607885	-68.24487	0.009541077	0.0	508.0538499355316
108	430.12207	115.2572	589.1893	298.99323	1000.0	39.45267	10.278978	61.875465	-18.507692	436000	-1.26361845e-08	592.12573	-0.04979792	-79.604126	0.009409736	0.0	512.6938531398773
109	507.48502	38.615826	558.96606	450.6757	1000.0	43.029877	12.378466	70.29305	-17.238914	440000	2.0980835e-08	472.13113	-0.050679155	-88.38443	0.009454634	0.0	517.2314560413361
110	424.1024	119.183716	624.14594	309.72183	1000.0	46.221657	10.54975	66.961395	-3.790633	444000	1.0967255e-08	467.36087	-0.055894475	-100.39508	0.009470925	0.0	522.4471106529236
111	318.22382	104.73531	486.51056	204.63098	1000.0	37.353058	11.709322	62.065193	-22.547258	448000	-3.409386e-08	618.44006	-0.051365398	-136.36304	0.00946282	0.0	526.9364194869995
112	508.60272	26.005543	543.2856	471.66223	1000.0	32.57885	9.198666	57.12827	-3.7271874	452000	-3.004074e-08	527.6245	-0.0539206	-258.07947	0.009541199	0.0	531.3934352397919
113	429.135	35.42436	487.23163	391.2094	1000.0	45.635044	6.9797883	65.75656	5.530522	456000	1.37090685e-08	411.85095	-0.0514558	-63.914703	0.009546529	0.0	536.0698065757751
114	377.27032	132.76485	497.38275	165.11914	1000.0	40.60798	8.501091	60.487137	-1.7444776	460000	-1.5974045e-08	566.2907	-0.050921552	-105.75308	0.009393046	0.0	540.4584562778473
115	507.11664	40.67613	551.55286	443.35794	1000.0	35.830593	9.738344	59.745644	-7.5842953	464000	9.059906e-09	550.80786	-0.055999305	-184.73254	0.009601247	0.0	545.1360418796539
116	472.6631	59.80598	565.13306	397.98233	1000.0	46.644737	8.456534	65.04895	2.0976982	468000	7.1525574e-10	350.3012	-0.048434485	-52.185028	0.009468191	0.0	549.9860305786133
117	491.95026	165.5106	661.8839	222.22278	1000.0	43.053654	8.452322	64.46387	-7.941919	472000	-1.5497208e-09	516.2149	-0.05245128	-52.13321	0.009499309	0.0	554.6021270751953
118	475.58313	97.47	596.80084	324.49106	1000.0	45.19782	9.502313	68.249374	-7.5357814	476000	-4.673004e-08	564.1014	-0.05285972	-69.539734	0.009521487	0.0	558.8832821846008
119	515.4432	98.508316	676.71234	410.28632	1000.0	44.272766	10.864526	69.19414	-3.7552361	480000	-2.4080277e-08	463.74146	-0.05609204	-74.44827	0.009479173	0.0	563.6244938373566
120	398.21237	98.0671	543.2657	285.0916	1000.0	45.667538	8.5274105	66.28188	2.2612224	484000	1.66893e-08	469.53442	-0.053622793	-128.03195	0.009324712	0.0	568.8595652580261
121	403.05746	94.79253	502.09644	263.8635	1000.0	36.41123	9.2026415	62.82013	-32.86478	488000	2.9802323e-09	472.04193	-0.052421436	-55.66104	0.009573382	0.0	573.710648059845
122	439.02783	48.383297	507.22778	370.78705	1000.0	39.12825	8.532613	62.718716	0.021437094	492000	8.46386e-09	366.52164	-0.05418479	-45.39264	0.009556601	0.0	578.3595306873322
123	463.1398	69.56035	573.72003	387.13028	1000.0	39.49818	8.61902	64.255035	3.5701807	496000	2.3066997e-08	571.87415	-0.05572129	-77.47189	0.009602437	0.0	583.1238770484924
124	486.36325	80.414665	605.8421	401.28625	1000.0	43.60086	9.194218	64.96621	-7.4067965	500000	3.3378602e-09	350.91135	-0.052009836	-52.79648	0.0095623955	0.0	587.8380587100983
125	480.35168	111.046394	650.0781	377.6367	1000.0	44.95258	10.13376	70.2785	-8.718788	504000	-4.2915342e-09	518.68005	-0.052106947	-61.94699	0.009604879	0.0	592.6141486167908
126	401.50186	164.21977	606.9711	151.94121	1000.0	42.87901	10.386187	69.06574	-25.849932	508000	-3.0338764e-08	664.95386	-0.052013755	-121.68915	0.00953843	0.0	597.3115885257721
127	494.9005	115.27319	620.50714	310.3985	1000.0	38.142982	10.964011	70.98592	-1.3153578	512000	-5.9604646e-09	559.73083	-0.053015314	-117.07193	0.009493525	0.0	602.1077585220337
128	533.85785	76.26479	637.7933	438.8677	1000.0	45.674587	10.48419	74.64449	-22.679188	516000	-1.9550324e-08	433.71185	-0.053691823	-70.54971	0.009607568	0.0	606.787177324295
129	514.54126	71.665146	620.8772	422.31	1000.0	48.859158	8.301606	73.14487	4.275759	520000	-1.0967255e-08	441.69006	-0.05127891	-59.54474	0.009571921	0.0	611.2943584918976
130	544.5396	79.75049	664.9934	452.11243	1000.0	49.246796	9.27713	75.540985	1.3381298	524000	4.4345857e-08	472.25082	-0.050302353	-60.592102	0.009568918	0.0	616.4609060287476
131	584.1428	82.51882	712.26056	506.08633	1000.0	50.651695	9.812773	78.5021	2.0859287	528000	1.8119811e-08	441.5678	-0.053456493	-75.51022	0.009561493	0.0	620.648294210434
132	524.51373	95.04697	667.56744	433.00677	1000.0	54.050915	9.160048	75.876976	-0.7740413	532000	-6.198883e-09	426.7221	-0.05367518	-94.05835	0.009602221	0.0	625.429728269577
133	616.86633	76.97858	735.266	525.8317	1000.0	48.220085	7.4274387	68.61959	11.709058	536000	-2.3841858e-08	500.13895	-0.05198665	-126.54495	0.00959849	0.0	630.2518584728241
134	491.33368	75.05113	608.1217	419.29422	1000.0	55.623962	8.46351	76.770836	19.865126	540000	1.3351441e-08	607.0689	-0.052763615	-168.48486	0.0094883265	0.0	634.747695684433
135	558.08044	80.89574	677.6145	468.24637	1000.0	46.38246	8.982167	70.18188	-5.323927	544000	2.193451e-08	522.5813	-0.05367144	-82.286285	0.0096734045	0.0	639.4958617687225
136	466.12024	87.95232	529.54834	316.1144	1000.0	50.69339	9.206513	78.251945	7.9443245	548000	-7.1525574e-10	603.69995	-0.054490358	-138.19461	0.009624792	0.0	643.7943303585052
137	560.3898	98.86789	726.1371	464.93268	1000.0	43.94283	10.791771	76.85361	-8.039912	552000	2.1457673e-08	527.5113	-0.049225975	-143.28647	0.009542257	0.0	648.7867159843445
138	610.30005	57.221172	669.6648	532.89166	1000.0	54.198765	8.613323	77.50261	6.888953	556000	-3.004074e-08	428.57346	-0.05295081	-50.29828	0.009727405	0.0	653.5400743484497
139	521.2206	165.85284	637.3405	234.96521	1000.0	54.712826	8.595003	78.98512	15.571541	560000	1.9073487e-09	590.2075	-0.05095906	-127.240906	0.009684406	0.0	658.382345199585
140	634.51013	74.888954	759.3793	570.1739	1000.0	49.82504	10.626113	76.88263	-0.33022276	564000	5.9604646e-09	598.2344	-0.056197647	-145.78043	0.009576059	0.0	663.5307884216309
141	510.85397	79.011986	585.99304	392.63293	1000.0	57.20637	10.730601	80.60831	-0.41119194	568000	-1.45435335e-08	507.26044	-0.051879022	-176.48532	0.009565723	0.0	668.440337896347
142	540.0824	169.14307	735.5941	333.73767	1000.0	46.25053	8.436818	71.746475	-1.0758266	572000	-1.6689301e-09	688.22125	-0.051780052	-114.72595	0.00965316	0.0	672.7184457778931
143	671.22534	57.22514	728.15125	583.4686	1000.0	52.58118	10.90016	79.32458	1.8572782	576000	-4.2915346e-08	679.4976	-0.05110636	-151.8628	0.009574894	0.0	677.5129768848419
144	528.6612	72.61793	585.3344	405.4868	1000.0	60.01849	10.009444	85.62765	6.409988	580000	-5.722046e-09	578.24225	-0.050194968	-160.27426	0.009549028	0.0	681.5465588569641
145	558.8422	122.56431	717.74774	390.78433	1000.0	49.955494	9.513357	79.42868	3.7316747	584000	1.9669534e-08	535.1561	-0.051069126	-61.730316	0.0095516	0.0	686.1469283103943
146	565.0863	99.24178	705.57874	426.7361	1000.0	51.19735	9.237301	75.483154	-8.176974	588000	-2.6226044e-09	317.80505	-0.050390065	-48.485504	0.009537291	0.0	690.8423373699188
147	555.6846	49.369797	603.85565	488.5653	1000.0	50.882282	7.882553	76.50794	8.748752	592000	-1.7762185e-08	372.22043	-0.052007146	-50.42209	0.0094412565	0.0	695.2281439304352
148	568.2008	62.5555	653.3156	478.93948	1000.0	51.706257	6.4501452	70.388054	9.295694	596000	-1.3113022e-09	396.43036	-0.04868894	-42.129486	0.009536518	0.0	700.2932758331299
149	598.5374	115.83038	754.74725	450.54218	1000.0	52.924946	7.309638	72.37405	11.414347	600000	-2.5749207e-08	428.18887	-0.04992782	-50.094757	0.009660865	0.0	704.5933423042297
150	646.5075	100.97108	813.84717	546.4876	1000.0	54.441532	7.7870374	76.264015	17.024237	604000	-3.0994416e-09	636.78265	-0.0519608	-96.44733	0.009540147	0.0	708.8167939186096
151	579.8792	90.10561	723.3912	493.2548	1000.0	57.244328	11.723267	84.44446	-8.728885	608000	-1.4305115e-09	482.25723	-0.050898522	-77.05698	0.009470379	0.0	713.5693049430847
152	550.2407	93.26726	666.03467	410.23456	1000.0	53.702526	9.916219	77.69562	6.092482	612000	-1.0251999e-08	482.4094	-0.052974857	-59.75403	0.009607227	0.0	718.0244946479797
153	554.47424	27.672823	584.9856	524.5732	1000.0	52.432632	10.275545	76.20742	5.575525	616000	1.9073487e-09	550.0601	-0.050774936	-69.73578	0.009587448	0.0	722.7624619007111
154	525.927	111.440216	715.7938	432.9861	1000.0	51.600594	12.054245	79.00175	-4.8656425	620000	-4.2915342e-09	540.7778	-0.052906998	-86.61084	0.009529171	0.0	727.2280373573303
155	568.53125	67.69019	685.7558	527.7188	1000.0	48.61685	9.898723	76.68422	9.310533	624000	3.671646e-08	517.91486	-0.05275417	-82.17154	0.009648221	0.0	731.7447807788849
156	583.90186	180.72223	872.29047	410.8321	1000.0	52.778797	10.563294	76.86136	3.516592	628000	9.179115e-09	802.04663	-0.05181571	-112.54736	0.00947258	0.0	736.3177556991577
157	593.3295	178.47615	884.46814	429.7437	1000.0	53.342926	13.891512	85.424355	0.5768044	632000	-1.525879e-08	734.64166	-0.052274484	-109.4939	0.009509657	0.0	740.9992291927338
158	545.994	137.23419	749.7807	387.52576	1000.0	54.135895	14.417269	89.28248	-15.748497	636000	-4.9471853e-09	488.8242	-0.050263792	-92.54776	0.009552001	0.0	745.5689518451691
159	602.639	73.19366	677.5657	481.26083	1000.0	52.652668	9.753318	82.442825	6.0678997	640000	4.2915342e-09	411.90338	-0.052944865	-72.164764	0.009602978	0.0	749.9804837703705
160	678.1193	82.054955	793.8261	572.2253	1000.0	56.18701	8.569097	84.385315	16.498255	644000	-6.437302e-09	807.6202	-0.05181097	-162.97156	0.009521354	0.0	755.0016598701477
161	615.4288	119.67552	794.6425	484.8376	1000.0	59.971966	15.290027	92.63674	-9.22801	648000	3.695488e-08	647.98804	-0.054968897	-108.290405	0.009665415	0.0	759.4606022834778
162	568.83826	95.77321	671.1178	472.81018	1000.0	57.853603	11.286949	88.573944	8.452091	652000	2.1457671e-09	552.7774	-0.054743595	-91.06015	0.009593391	0.0	763.9572486877441
163	530.66943	140.43677	765.30896	397.92926	1000.0	53.61019	10.988947	80.75407	5.914423	656000	-1.3351441e-08	604.0216	-0.053674813	-100.10666	0.009733872	0.0	768.3366620540619
164	585.6669	79.43623	673.7637	466.1166	1000.0	51.131695	10.685726	85.22728	4.235547	660000	-3.385544e-08	416.50632	-0.051625293	-83.30356	0.009471107	0.0	773.0803637504578
165	568.80774	124.03562	745.7312	420.88846	1000.0	53.18595	8.276794	82.67423	12.00888	664000	5.9604646e-09	566.6963	-0.05178022	-91.24237	0.009604433	0.0	777.4459657669067
166	623.22095	207.09184	905.41345	350.15784	1000.0	53.99107	10.628804	86.875885	5.6851377	668000	2.9802323e-09	756.13385	-0.050327357	-139.41895	0.009539751	0.0	781.8663463592529
167	648.2811	99.76327	776.5713	519.98303	1000.0	58.24567	13.602597	90.75958	-1.5670539	672000	3.385544e-08	539.6138	-0.05310176	-103.10602	0.00957135	0.0	786.4997110366821
168	635.6365	143.58401	850.12164	495.29688	1000.0	58.738216	9.891853	85.19691	10.025893	676000	1.07288365e-08	657.6987	-0.05147009	-93.312256	0.009575488	0.0	791.0640485286713
169	679.2362	89.56683	826.9211	585.6773	1000.0	58.838352	11.010098	84.97627	-14.876155	680000	-1.2874604e-08	557.4194	-0.051400274	-99.16467	0.009592438	0.0	795.8238618373871
170	594.72437	89.55782	723.6621	497.2863	1000.0	62.20765	9.67644	89.67003	6.905293	684000	-1.001358e-08	566.5561	-0.052165136	-128.85919	0.009584684	0.0	801.0755059719086
171	687.1095	103.61703	821.1205	557.55	1000.0	55.3095	8.284328	78.453674	16.09153	688000	4.6491624e-09	623.2562	-0.049872264	-135.57172	0.009617016	0.0	805.8096461296082
172	606.808	112.225426	743.07446	451.88232	1000.0	61.23923	11.621862	91.30823	-3.3550363	692000	5.1259996e-09	561.5965	-0.048279125	-116.449554	0.009608058	0.0	810.3814978599548
173	713.6034	97.73425	847.5664	572.3749	1000.0	58.86124	8.596158	89.18138	10.309355	696000	7.390976e-09	669.9976	-0.051256415	-134.43304	0.009528071	0.0	814.9835517406464
174	551.02856	92.61805	678.9012	417.12494	1000.0	61.68562	12.0443535	90.16435	-0.04081455	700000	-2.8133393e-08	539.777	-0.052221827	-186.77643	0.009691364	0.0	819.4879107475281
175	631.55206	80.10246	743.6587	520.98126	1000.0	52.614063	8.208889	79.31048	6.7794585	704000	-3.683567e-08	567.19165	-0.05070974	-97.63803	0.0097032115	0.0	824.1821258068085
176	517.5981	166.1359	686.9643	245.36278	1000.0	55.6911	12.140178	84.43804	-14.656593	708000	-2.0802021e-08	919.3455	-0.05062897	-528.9001	0.009629976	0.0	828.5091338157654
177	646.0802	159.52455	783.52075	392.4016	1000.0	56.204132	9.252714	82.13457	12.740949	712000	3.4689904e-08	684.0388	-0.05145808	-124.024414	0.009552719	0.0	833.0609576702118
178	745.9552	99.25897	827.3022	576.0838	1000.0	62.17379	12.751671	91.70717	-8.369923	716000	8.34465e-09	723.867	-0.054229885	-135.88593	0.009632589	0.0	837.8243095874786
179	424.4032	382.4864	709.37823	-232.34259	1000.0	49.67687	38.96722	94.10064	-65.59329	720000	1.9073487e-09	630.1471	-0.050834328	-294.57266	0.009590692	0.0	842.1289367675781
180	644.2066	80.140274	760.8557	565.29865	1000.0	57.316017	10.402365	83.18509	-4.02148	724000	9.894371e-09	688.34875	-0.05246288	-109.56415	0.009595934	0.0	847.1702969074249
181	652.6212	26.821577	679.27295	614.4487	1000.0	59.662437	10.6690645	91.87387	7.0808206	728000	-3.2782554e-09	601.51044	-0.052738365	-84.72803	0.009550824	0.0	851.7525863647461
182	630.3352	172.95293	872.2726	385.7812	1000.0	60.545696	10.0464115	91.57727	11.1728	732000	2.4557114e-08	724.05164	-0.052534938	-109.29852	0.009652192	0.0	856.0989646911621
183	731.74207	6.63595	739.63135	721.82153	1000.0	61.881355	12.441613	92.22143	12.139424	736000	-2.0980835e-08	592.10626	-0.05421476	-124.82959	0.009599048	0.0	860.7140166759491
184	587.657	84.99268	711.3685	502.66855	1000.0	65.64581	10.284558	92.977165	8.796123	740000	5.209446e-08	662.01776	-0.05338314	-210.44131	0.00955932	0.0	865.4653131961823
185	715.2512	96.976295	799.2665	557.232	1000.0	56.09173	9.335771	87.82756	16.25679	744000	9.059906e-09	729.4394	-0.052136105	-174.18939	0.009663794	0.0	870.01109790802
186	774.96204	70.07266	893.6159	713.80084	1000.0	66.30818	9.97209	92.98792	-23.545544	748000	-1.7404556e-08	788.1676	-0.050942503	-109.07208	0.009723927	0.0	874.4136312007904
187	815.8513	87.85075	955.2961	716.4693	1000.0	71.304115	10.852511	100.343	4.5994215	752000	4.220009e-08	700.7288	-0.05049048	-112.81946	0.009664584	0.0	879.5386502742767
188	751.61975	62.281364	859.0001	706.10547	1000.0	75.65779	10.551076	100.04116	19.828627	756000	-1.3947487e-08	508.7755	-0.048939273	-118.36157	0.009688968	0.0	884.0473973751068
189	737.6404	79.544075	870.78973	664.8278	1000.0	68.60367	8.258684	95.49958	25.367672	760000	-1.6450882e-08	555.8181	-0.05103685	-63.90918	0.009607832	0.0	888.2697429656982
190	669.98425	74.34619	750.64087	569.8856	1000.0	67.998924	9.9875765	91.64396	27.51378	764000	-1.525879e-08	739.8533	-0.0520976	-126.15991	0.009653511	0.0	893.5839064121246
191	808.42944	57.15411	850.0651	710.8907	1000.0	63.877758	10.773675	92.19801	5.3176675	768000	-3.3378602e-09	805.532	-0.05032494	-168.0805	0.009613518	0.0	897.8864052295685
192	617.5431	50.204605	691.29254	550.50507	1000.0	71.18714	10.335525	96.34265	16.163143	772000	2.384186e-10	758.9344	-0.050763153	-234.54053	0.009684063	0.0	902.2271206378937
193	724.73517	84.54774	810.5307	585.899	1000.0	60.51171	11.97022	90.19215	4.0034394	776000	-4.7683715e-09	637.16364	-0.050311122	-136.90628	0.009575472	0.0	906.7900156974792
194	630.5148	52.14484	712.74493	567.8862	1000.0	67.16723	8.911888	89.2733	27.775715	780000	-9.059906e-09	574.72235	-0.048197992	-162.91122	0.009649273	0.0	911.4663298130035
195	585.4065	90.44453	716.16736	464.96933	1000.0	55.73122	8.794075	81.50127	12.181765	784000	1.0967255e-08	631.31433	-0.05126931	-85.05798	0.009648219	0.0	915.8670492172241
196	749.41833	36.834667	812.9807	723.3713	1000.0	59.907593	9.720285	89.08203	6.9983807	788000	1.45435335e-08	634.57654	-0.05060721	-142.32977	0.009631459	0.0	920.5968241691589
197	679.56616	80.74329	817.5466	612.5721	1000.0	67.819016	9.465057	94.28019	23.648762	792000	-1.1920929e-08	553.9873	-0.04702088	-84.31619	0.009621125	0.0	925.111974477768
198	720.114	67.41844	792.39966	650.9813	1000.0	63.418427	9.306541	91.452286	14.572465	796000	-2.2888184e-08	577.0839	-0.051708497	-79.42755	0.009680023	0.0	929.8212411403656
199	697.66626	94.8543	790.898	549.6042	1000.0	66.801216	9.002705	91.05237	20.484211	800000	-8.8214875e-09	565.5036	-0.051007826	-66.31714	0.009649374	0.0	934.0123720169067
200	730.59326	26.843132	758.1704	687.6963	1000.0	65.73409	9.766727	93.42509	0.20213705	804000	-8.3446505e-10	429.084	-0.05238076	-67.88263	0.009647356	0.0	939.273978471756
201	484.81702	258.03726	677.4823	47.07781	1000.0	58.71427	24.259693	93.8967	-40.155056	808000	2.3841858e-08	1084.0854	-0.049975395	-535.2607	0.009627379	0.0	943.7310817241669
202	814.6915	70.569984	921.74866	725.75024	1000.0	63.602108	10.4277725	87.853485	-17.629955	812000	3.218651e-08	767.9146	-0.050030746	-230.841	0.0096496185	0.0	948.2306778430939
203	698.74963	116.11687	874.43506	589.8177	1000.0	74.27114	11.002614	100.96124	-4.2760324	816000	-3.409386e-08	731.01324	-0.05047666	-147.48047	0.009572069	0.0	952.6854002475739
204	808.9666	88.24407	916.2683	674.59393	1000.0	66.84607	8.823931	98.162025	26.41823	820000	-1.1205673e-08	775.93146	-0.048543908	-158.79395	0.009605351	0.0	957.3062784671783
205	769.86804	80.77946	877.9855	660.05884	1000.0	74.61156	10.104588	102.5231	17.684393	824000	7.629395e-09	674.1968	-0.04999184	-98.08478	0.009671778	0.0	961.9956114292145
206	862.2003	91.75191	999.8529	746.7569	1000.0	73.23089	10.112026	105.4956	27.788301	828000	1.9073487e-09	808.4086	-0.05080706	-144.51666	0.009620687	0.0	966.6954171657562
207	731.12866	80.04162	845.516	653.1121	1000.0	77.804245	12.46523	104.58891	16.85031	832000	1.1920929e-08	648.4296	-0.05058987	-189.7637	0.009681923	0.0	971.0322592258453
208	728.8657	107.48756	870.34564	601.2838	1000.0	67.3022	9.338851	93.65311	14.1852	836000	-2.3841857e-09	529.0509	-0.04745532	-57.485535	0.009703223	0.0	975.8485786914825
209	815.5349	43.103516	854.4803	749.0568	1000.0	69.05118	8.326042	92.40734	34.229485	840000	-2.2411346e-08	588.5996	-0.050067145	-108.44849	0.009659048	0.0	980.4357590675354
210	786.70374	147.92648	1019.45197	621.848	1000.0	75.600685	8.589598	98.27898	6.2573824	844000	9.536744e-10	656.1771	-0.049044132	-75.344604	0.00967144	0.0	985.6236810684204
211	751.23645	61.294853	830.6729	672.8146	1000.0	72.7503	9.808404	100.99703	21.802317	848000	-2.6881695e-08	718.668	-0.0498307	-98.875305	0.009550695	0.0	990.3353519439697
212	783.6306	158.77365	915.13947	518.24945	1000.0	69.95967	10.533638	98.072174	17.967287	852000	5.4836273e-09	783.1918	-0.0512312	-109.78479	0.009622617	0.0	994.9384617805481
213	773.05347	151.93683	931.9565	522.39014	1000.0	72.91	11.641687	99.33016	-3.8119311	856000	2.7656554e-08	654.8982	-0.047939617	-81.081665	0.009667881	0.0	999.4074494838715
214	769.8683	62.384304	816.9119	662.47986	1000.0	70.42033	11.259289	98.58299	8.961131	860000	1.5497208e-09	552.28	-0.047857605	-76.82654	0.009748994	0.0	1003.9238033294678
215	768.74414	86.146164	905.3192	678.46747	1000.0	71.42844	7.8229275	97.64951	24.504389	864000	-1.3589859e-08	586.07324	-0.050933417	-69.56067	0.0096194185	0.0	1008.5662755966187
216	783.5147	109.87179	934.9168	646.2584	1000.0	69.821815	8.697748	95.59641	29.640661	868000	-4.529953e-09	537.8147	-0.05041136	-65.22287	0.009673829	0.0	1012.8884279727936
217	790.00085	85.691574	924.933	686.91864	1000.0	71.69557	8.8254175	96.49706	25.59047	872000	5.9604646e-09	640.30316	-0.04821088	-80.18756	0.009619748	0.0	1017.446718454361
218	730.24493	62.44938	825.2495	663.73126	1000.0	72.71853	9.707925	98.4621	26.7178	876000	3.4809112e-08	716.7791	-0.049488522	-99.544495	0.00967355	0.0	1022.0868434906006
219	807.0631	91.39596	890.79596	658.04205	1000.0	69.933014	11.364066	101.9237	15.88152	880000	6.437302e-09	630.4485	-0.048869826	-90.32971	0.0096230395	0.0	1026.531625509262
220	743.70135	119.407776	878.66943	551.2397	1000.0	73.216484	10.246408	100.90787	26.239613	884000	1.3589859e-08	626.0699	-0.048731018	-90.93097	0.009651081	0.0	1031.8584401607513
221	765.705	106.01366	872.6352	613.11444	1000.0	69.60209	9.79102	97.39612	27.94105	888000	-3.6239623e-08	497.6042	-0.04998223	-68.20575	0.009636339	0.0	1036.237275838852
222	745.68286	144.00519	969.07135	590.8568	1000.0	69.55873	8.430313	96.899506	24.532642	892000	3.3378602e-09	926.1429	-0.0474313	-173.05591	0.009651735	0.0	1040.9041624069214
223	681.3452	132.52626	801.3955	457.94635	1000.0	67.73778	14.314444	105.817566	7.1113577	896000	2.1636486e-08	649.8516	-0.05280802	-127.76123	0.009686965	0.0	1045.3826065063477
224	755.2857	112.59286	935.9338	639.56396	1000.0	63.83444	11.876444	97.49855	2.756359	900000	-5.841255e-09	814.294	-0.052548807	-128.54077	0.009578589	0.0	1049.8098256587982
225	846.874	67.27269	937.91394	753.8416	1000.0	71.70504	12.749302	102.4919	14.365068	904000	1.0967255e-08	833.78564	-0.047968365	-128.31549	0.0096780015	0.0	1054.046796798706
226	809.4591	132.85777	955.3807	620.28156	1000.0	77.34842	12.368654	120.12021	5.254929	908000	-5.2452087e-09	709.5434	-0.049320657	-103.74365	0.0096824905	0.0	1058.1830270290375
227	934.3896	87.04413	1070.3098	841.0583	1000.0	75.85456	12.226652	107.1352	-8.136693	912000	-7.7486035e-09	775.08514	-0.046388738	-194.52563	0.0097328145	0.0	1062.897901058197
228	820.55457	99.24886	932.89087	695.8424	1000.0	83.2807	9.703678	114.797516	35.557415	916000	9.298325e-09	761.60223	-0.048264682	-138.72192	0.009633903	0.0	1067.418163061142
229	690.4342	124.56016	794.69916	481.35333	1000.0	75.062485	12.293978	105.82987	20.069933	920000	-1.9073487e-09	843.0715	-0.047790177	-200.51971	0.009661959	0.0	1071.7821917533875
230	758.3488	119.526024	962.0234	657.81805	1000.0	65.934204	11.537347	99.27427	11.0582695	924000	-2.2888184e-08	703.26776	-0.05201118	-90.81726	0.009709482	0.0	1076.8700942993164
231	792.44226	101.20687	924.7073	654.9947	1000.0	69.53935	11.119025	101.96962	19.291965	928000	1.9073487e-09	633.8036	-0.04778908	-96.01166	0.00967972	0.0	1081.2855215072632
232	818.6282	120.81901	966.588	635.5299	1000.0	74.5367	11.067687	106.23171	-5.6975	932000	3.3378602e-09	637.8401	-0.0512438	-72.24078	0.0096898405	0.0	1085.6953489780426
233	812.70667	111.60468	992.95166	699.32275	1000.0	74.06399	10.02514	100.1585	22.196592	936000	-4.9829485e-08	690.729	-0.048598636	-88.26361	0.009608433	0.0	1090.022211074829
234	799.11224	73.70988	887.0005	716.9295	1000.0	75.05353	10.207582	100.51733	28.11341	940000	-2.336502e-08	545.6	-0.04623146	-67.93405	0.00967512	0.0	1094.7035145759583
235	760.52625	100.98521	925.1747	651.28406	1000.0	72.37108	9.71311	101.73343	13.21097	944000	3.0994416e-09	563.62415	-0.048679408	-61.730194	0.009709716	0.0	1099.237295627594
236	758.43933	62.72549	834.0925	659.8047	1000.0	70.52763	10.5415535	100.23288	-1.609848	948000	6.6757204e-09	633.48535	-0.04935814	-73.90863	0.009686787	0.0	1103.44771027565
237	843.6988	84.85606	932.0991	738.8218	1000.0	71.96089	9.356927	95.73141	15.202311	952000	-8.8214875e-09	819.8232	-0.048168965	-133.2508	0.009758482	0.0	1107.908945798874
238	799.0595	24.022772	840.56494	783.6797	1000.0	77.76127	11.489172	108.75327	18.94217	956000	-2.4795533e-08	545.8923	-0.050971355	-114.44064	0.009652631	0.0	1112.6797759532928
239	765.9032	88.88319	896.3668	647.0205	1000.0	72.30464	8.63599	97.92769	9.007959	960000	-2.0980835e-08	761.4073	-0.05028409	-113.22754	0.009687575	0.0	1117.051421403885
240	899.22064	69.22347	973.5104	827.44055	1000.0	71.59775	10.915265	103.13469	25.973845	964000	-4.9114227e-08	825.6725	-0.04870734	-216.01202	0.009644949	0.0	1122.2272005081177
241	814.661	39.403095	869.8596	774.61926	1000.0	81.969795	9.331231	108.8718	26.37934	968000	2.4795533e-08	563.3156	-0.04822749	-103.266266	0.009654178	0.0	1126.82488489151
242	834.9279	70.5343	927.8428	737.61694	1000.0	76.07275	7.45561	101.001434	31.719482	972000	4.7683715e-09	607.8279	-0.048572615	-67.384155	0.009644379	0.0	1131.6915378570557
243	832.28937	31.95547	885.37506	800.5499	1000.0	77.17802	8.020346	107.013794	42.195038	976000	1.66893e-08	599.9393	-0.04701642	-68.5484	0.009745676	0.0	1136.447958946228
244	857.36884	110.491806	1048.1991	781.71466	1000.0	78.423546	8.628306	104.0918	38.610638	980000	3.170967e-08	684.5419	-0.048126966	-84.37109	0.009638949	0.0	1140.9522426128387
245	770.42114	57.336872	849.1435	700.4503	1000.0	76.852684	11.351662	105.84648	19.90632	984000	-7.629395e-09	663.9483	-0.048822492	-114.57294	0.009686289	0.0	1145.6690192222595
246	863.03296	93.1443	970.30664	741.95953	1000.0	71.9105	9.00144	100.54966	36.580933	988000	2.5272369e-08	699.16364	-0.051588126	-128.495	0.009715455	0.0	1149.8403344154358
247	919.838	59.064117	1003.8673	836.81586	1000.0	79.83145	10.280745	106.95047	0.6399562	992000	5.1259996e-09	833.07947	-0.04959322	-127.18909	0.009639478	0.0	1154.3031203746796
248	901.8939	84.156624	985.6419	761.8536	1000.0	85.034744	10.297012	113.837204	33.01397	996000	3.218651e-08	671.1514	-0.04702112	-89.20276	0.0096339	0.0	1158.6628353595734
249	694.2137	70.16261	809.38434	627.13354	1000.0	80.46799	9.789684	107.49613	15.080566	1000000	-2.4318695e-08	803.04315	-0.04782835	-341.87335	0.009658638	0.0	1163.9081921577454
