Epoch	AverageEpRet	StdEpRet	MaxEpRet	MinEpRet	AverageTestEpRet	StdTestEpRet	MaxTestEpRet	MinTestEpRet	EpLen	TestEpLen	TotalEnvInteracts	AverageQ1Vals	StdQ1Vals	MaxQ1Vals	MinQ1Vals	AverageQ2Vals	StdQ2Vals	MaxQ2Vals	MinQ2Vals	LossPi	LossQ	Time
1	-23.734015	54.645237	44.04216	-324.20685	-548.93176	763.06494	3.1332073	-1930.7295	113.181816	301.6	5000	1.6820911	3.2048805	27.00568	-8.516526	1.682152	3.205429	26.81804	-8.67935	-3.0207756	0.42862102	40.505443811416626
2	-50.962955	75.1149	11.464408	-329.71286	-43.60566	25.549261	-15.229883	-113.73206	134.97298	19.1	10000	13.80182	7.9604144	57.809742	-11.216655	13.800477	7.962256	57.678726	-9.467019	-18.273258	2.6629474	76.31548929214478
3	-115.79161	341.2819	77.62502	-2034.0785	168.15463	89.817825	288.46182	-18.232592	99.04348	717.7	15000	23.858662	7.1876683	63.33206	-24.62369	23.859589	7.1948743	60.271313	-21.321215	-26.983152	6.3980765	123.5346155166626
4	109.413506	84.10895	259.19263	5.4084144	193.8996	190.58658	542.2333	6.1024623	641.4286	408.2	20000	21.28058	8.889978	58.561607	-26.270767	21.279816	8.893657	57.90938	-22.488937	-24.051863	3.8696218	165.84500551223755
5	128.61194	159.77423	443.61844	-7.8832664	200.40704	187.38002	568.81177	-41.00602	328.94116	394.0	25000	19.91088	9.634827	56.155464	-25.03355	19.910217	9.637213	57.42304	-22.757141	-22.378302	3.3411164	214.32055854797363
6	209.90479	201.50146	582.3235	12.653945	247.89487	247.95642	623.9562	-28.636658	477.63635	478.3	30000	19.787611	9.235486	54.31402	-26.068266	19.787401	9.237524	53.135315	-25.893316	-21.903183	3.285769	261.5559380054474
7	115.27388	169.70229	604.8358	-51.001606	249.3671	250.57378	640.3186	-6.475045	303.0625	496.4	35000	19.933071	8.525786	53.569847	-29.248125	19.932547	8.529441	52.69223	-27.854643	-21.918583	3.2095644	306.1634202003479
8	184.38367	199.27243	536.2329	2.1083505	366.65076	253.10239	723.3936	52.599293	468.9091	565.2	40000	20.2743	8.048744	52.288223	-27.570688	20.274052	8.052011	52.84871	-25.71886	-22.174238	3.3279886	354.37351751327515
9	251.22995	198.43236	595.7607	44.048214	191.74667	160.0764	474.76654	28.656534	490.55554	295.7	45000	20.9654	7.8452334	51.863373	-24.832129	20.964428	7.8489604	51.757305	-23.797232	-22.789938	3.3825443	393.57189559936523
10	304.65088	251.7397	713.0828	20.841637	248.46037	273.23618	784.78564	16.085068	494.9	405.7	50000	21.688648	7.5877295	51.86583	-24.932858	21.688263	7.5912685	50.310104	-22.563602	-23.477318	3.3478892	438.15949726104736
11	244.28957	208.41101	717.9806	22.615086	395.36823	250.79279	855.8196	18.674864	435.66666	561.2	55000	22.412054	7.294435	50.781567	-26.700527	22.411888	7.297555	49.24004	-25.366156	-24.085014	3.1504774	488.2185859680176
12	330.70178	207.777	751.42664	45.50883	614.15753	322.7114	931.2568	51.96218	443.16666	699.2	60000	23.588327	7.3391666	50.957672	-22.225782	23.588093	7.340837	50.60214	-23.010878	-25.16958	3.3107693	540.2447710037231
13	441.3693	252.08119	794.73474	182.93489	464.56342	329.13455	896.9013	53.76707	549.75	530.9	65000	24.89059	7.5237603	51.215298	-24.719416	24.890387	7.5236926	51.15987	-26.26941	-26.413637	3.3291764	583.6188275814056
14	354.9702	226.55388	752.10175	89.338455	498.90118	296.51126	978.05554	80.883224	428.53845	478.9	70000	26.30311	7.955677	55.15916	-22.703838	26.30288	7.957509	54.203156	-22.522585	-27.812666	3.5037324	634.2206263542175
15	426.22626	358.9599	932.49115	38.540195	458.13843	328.84268	924.7971	22.62418	510.5	536.9	75000	27.959026	8.485117	57.282986	-26.09456	27.95905	8.482899	57.51268	-24.402628	-29.478388	3.772859	682.3018255233765
16	379.6837	295.47446	774.39276	23.83816	607.5646	417.4246	1198.3396	31.63834	414.25	557.4	80000	29.68521	8.95792	58.190624	-23.508463	29.685076	8.957763	58.756508	-22.714748	-31.234886	4.1541033	730.517086982727
17	410.13196	270.66406	781.2253	41.483276	497.14682	346.47635	926.2161	17.113031	491.0	526.6	85000	31.140493	9.342464	62.006546	-20.941109	31.140247	9.344301	60.34936	-22.53687	-32.701153	4.3533554	774.4079377651215
18	461.12784	401.7369	1099.1105	3.2935133	611.8851	321.17987	1088.73	34.067173	510.81818	735.3	90000	32.621166	9.816448	65.438034	-22.519833	32.621117	9.816884	67.79808	-20.364553	-34.12075	4.477213	829.6731550693512
19	646.4952	268.20032	990.6183	277.58807	651.23834	323.16476	1029.6316	100.817184	747.1667	657.2	95000	34.163902	10.191037	67.32739	-30.903019	34.16341	10.192694	66.23083	-18.909126	-35.674507	4.5912867	878.7925004959106
20	692.88135	315.53122	1155.9341	47.06195	645.0395	215.27963	896.5864	276.23596	780.7143	722.0	100000	35.46019	10.726086	70.243164	-24.811672	35.46003	10.727044	73.11477	-24.800499	-36.9941	4.759271	934.9951069355011
21	723.81415	252.92471	1046.6835	233.69296	545.77136	411.00354	1033.2808	54.556557	734.1667	517.3	105000	36.853306	11.10692	72.91704	-31.695484	36.85343	11.10694	74.21521	-22.13194	-38.35198	4.92861	980.7769758701324
22	590.8123	465.52466	1325.6578	14.459337	500.7706	337.94736	1113.0608	90.06447	561.3	398.6	110000	38.23382	11.564063	75.93458	-28.386383	38.23382	11.564911	80.38075	-26.46508	-39.753304	5.1152124	1032.0726976394653
23	546.5636	312.20306	917.1229	35.25138	479.21362	401.39658	1226.2163	60.080246	534.25	479.3	115000	39.6856	12.046087	77.73952	-23.103704	39.68533	12.047895	79.16113	-20.956146	-41.188545	5.4996033	1076.7823102474213
24	477.07788	291.30246	852.168	39.094402	888.84485	488.41492	1674.7751	164.58563	517.7	770.2	120000	40.820114	12.53345	82.26212	-36.375404	40.820087	12.534292	82.604744	-27.650122	-42.34974	5.7287	1132.7703666687012
25	679.8036	400.73984	1438.9503	106.90196	463.3745	389.90012	1056.0682	25.80872	559.7	479.1	125000	42.022938	13.293182	92.25327	-24.701952	42.022842	13.293923	90.33689	-28.395065	-43.537548	6.311037	1185.6136751174927
26	534.92896	325.3659	1067.4718	51.16356	930.1454	293.51392	1390.9916	342.48444	488.4	824.1	130000	42.92982	14.300514	92.22811	-23.675842	42.92895	14.303599	92.723854	-30.593903	-44.47836	6.8382897	1238.5370275974274
27	899.97064	404.24353	1600.2722	236.01839	294.5157	215.90596	761.40985	71.61492	677.5714	172.5	135000	43.940704	15.372799	96.65968	-25.178228	43.94045	15.375643	97.78634	-32.13859	-45.51421	7.3752728	1280.6615266799927
28	576.5653	352.1017	1099.7338	90.98882	481.0915	335.43558	1011.1403	38.896374	556.55554	544.2	140000	44.761078	16.43203	103.19032	-29.908836	44.760193	16.43492	99.46649	-39.246613	-46.33732	7.875906	1331.6265892982483
29	523.58997	345.3092	1130.9094	85.08348	346.25482	297.80923	990.18	25.655994	444.27274	303.0	145000	45.630928	17.451143	105.86067	-33.419712	45.62935	17.45568	106.06143	-31.281887	-47.225586	8.26778	1378.6206464767456
30	725.5667	398.25647	1309.3018	25.891924	822.02454	713.12946	1836.9421	6.8038354	593.875	487.1	150000	47.01498	18.556198	106.327805	-36.697407	47.013996	18.559898	107.52808	-31.389914	-48.608074	9.142071	1426.8529343605042
31	907.7044	666.8161	2321.418	282.8172	953.20447	568.9421	2146.7527	37.75836	704.625	684.4	155000	47.899887	19.818226	110.726006	-33.861023	47.899082	19.821217	109.30205	-37.850662	-49.53848	9.766341	1483.9915328025818
32	411.607	429.9467	1475.7255	12.970116	1369.345	700.2755	2486.463	198.22047	350.3846	827.6	160000	48.69921	21.278158	111.90649	-32.69663	48.698204	21.279102	116.160255	-31.042175	-50.470375	10.407812	1537.7987082004547
33	835.9231	723.2464	2366.6426	54.546814	1801.7496	485.65964	2418.407	651.2706	614.5	944.2	165000	49.881157	22.44896	116.48177	-38.68702	49.88088	22.449753	117.14716	-34.283607	-51.563004	11.033646	1595.6603269577026
34	673.0743	495.94263	1530.6005	111.409676	1378.7603	766.68146	2613.5388	29.495266	566.1	770.1	170000	51.33587	23.644106	124.43424	-45.84099	51.33541	23.64577	123.59443	-36.48577	-53.093266	11.662918	1654.6360547542572
35	1319.1433	574.7115	2269.0378	730.7649	989.3322	492.7957	2256.367	314.19012	902.2	853.3	175000	52.24259	24.735065	128.55162	-59.935005	52.24214	24.735256	126.862686	-90.93737	-54.043446	12.123181	1709.2414610385895
36	840.87946	597.21515	1925.3813	74.87958	2228.0962	434.2919	2584.6995	961.05176	542.2222	939.2	180000	53.57414	25.899525	132.30576	-45.722176	53.574	25.89944	131.88777	-44.79478	-55.42941	12.958932	1766.8413248062134
37	1202.6359	845.2889	2619.337	69.373055	594.75903	508.3451	1858.3391	107.48065	682.125	468.9	185000	55.24535	27.711828	137.80759	-40.610756	55.244858	27.712976	136.87209	-40.405727	-57.18136	14.624476	1821.1269357204437
38	1065.8936	623.3469	2190.1707	149.65933	1356.2275	907.98334	3074.725	438.0338	844.3333	736.0	190000	56.390793	29.356863	135.61536	-58.915367	56.390244	29.358807	135.62454	-63.898808	-58.31381	15.285078	1876.1337056159973
39	1541.4166	822.7556	2757.2485	536.4155	2231.7498	831.79346	3226.6165	718.89417	735.6667	969.9	195000	57.98117	31.065279	142.14586	-60.790947	57.980827	31.067072	144.41286	-69.46309	-59.93645	15.891082	1930.9341578483582
40	1235.5126	943.2771	3030.4302	358.27396	1278.78	500.9231	2346.6726	494.9324	476.0	749.5	200000	59.257473	33.2121	150.21216	-50.196903	59.25671	33.212566	151.30363	-58.265728	-61.34269	17.391285	1985.2772333621979
41	1879.1783	770.4876	2945.311	522.97296	1591.4171	1055.1295	3215.622	128.49507	813.2857	585.9	205000	60.748135	36.075947	156.68938	-73.108635	60.74811	36.074356	154.17648	-79.29964	-62.812435	18.948334	2042.3992829322815
42	1894.7937	207.52802	2131.3164	1602.1537	1610.0374	1036.3145	3554.9634	168.59526	941.4	619.9	210000	62.68151	38.72292	160.21834	-87.312294	62.6803	38.724613	160.4757	-87.8382	-64.88752	21.35651	2093.488425254822
43	1247.8027	1025.8799	3229.1829	-18.902172	1559.907	1154.8241	3538.1804	16.724516	460.9091	704.7	215000	64.57042	41.245823	165.84242	-76.95729	64.57018	41.245274	166.33656	-70.03105	-66.90025	22.418552	2149.2127692699432
44	1902.9171	713.5587	2980.2063	1057.2325	1577.2727	879.5957	3434.8813	516.70197	673.75	726.4	220000	66.82552	44.06156	172.75587	-80.87998	66.824196	44.061893	170.96474	-72.94749	-69.226234	24.49356	2207.692305326462
45	1572.1307	1041.4045	3005.913	36.42761	1965.6549	1155.7488	3446.699	176.58438	608.75	750.8	225000	69.21043	46.52069	176.46661	-76.0394	69.20965	46.52205	175.40489	-74.31253	-71.62916	26.628813	2262.4361069202423
46	1443.0818	571.5868	2498.333	775.1346	3155.6763	494.71277	3601.397	2154.7385	866.8	947.1	230000	70.75029	48.863716	185.53242	-90.85051	70.748825	48.867027	183.40259	-82.480484	-73.174065	28.11973	2317.8881316184998
47	1572.2412	1098.7964	3233.7375	96.688835	2202.002	1197.6151	3447.2222	46.208405	712.75	817.7	235000	72.38867	51.40448	190.84998	-80.705246	72.38835	51.404453	187.6871	-84.82378	-74.90196	29.915047	2379.8954956531525
48	1622.2313	1168.0746	3327.282	221.91745	955.17725	335.5557	1510.8674	404.13657	664.8571	639.5	240000	73.71711	53.406544	190.66061	-88.52147	73.71694	53.405476	189.85036	-93.51753	-76.214096	31.352203	2434.471373319626
49	1852.6671	1122.7781	3613.4795	680.4866	2355.9177	1226.7701	3628.5232	301.4293	912.8333	682.5	245000	75.344315	55.59797	193.4939	-94.95656	75.34387	55.59912	190.34679	-93.639626	-77.842766	32.321884	2493.415617465973
50	2557.2795	1186.7725	3364.882	127.980415	2523.4734	715.07587	3210.1772	1278.0249	773.3333	967.6	250000	77.0293	57.619377	196.88313	-102.12185	77.02935	57.619293	197.48318	-97.17569	-79.57863	34.202755	2550.8593735694885
51	2579.0044	1158.7278	3546.0527	363.8642	3070.396	953.2656	3672.7896	666.94116	936.4	929.4	255000	78.97388	59.481094	199.99284	-96.360374	78.97342	59.483425	199.82959	-93.944336	-81.68748	34.58505	2609.4071667194366
52	2248.5964	1149.9994	3578.473	553.0768	2996.4268	892.7472	3501.2021	347.64703	855.8333	1000.0	260000	80.9191	61.390568	205.5788	-103.70707	80.918625	61.39117	209.62863	-96.537994	-83.68437	35.990677	2667.406277179718
53	3193.357	272.79248	3594.2144	2823.9778	2001.4095	959.695	3657.1873	717.43036	951.6	960.4	265000	83.13449	63.203777	207.08623	-95.01204	83.13523	63.2037	209.90016	-90.83489	-86.009735	36.903355	2722.938554763794
54	2858.8145	757.0046	3578.339	1446.7784	3703.7466	203.61502	3907.9019	3292.586	826.6667	1000.0	270000	85.091866	65.01327	210.31258	-99.45689	85.09166	65.01282	216.2134	-103.86166	-87.9218	39.40854	2778.248196363449
55	2083.2065	1411.9418	3514.0303	7.9828973	1823.5691	1525.3035	3979.1443	-1197.2745	700.25	896.1	275000	87.214	67.264465	214.42224	-98.06601	87.21344	67.264114	213.7803	-102.90397	-90.07918	41.14439	2837.214220046997
56	3030.0796	902.4686	3784.2124	1271.6567	2177.5352	1053.5219	3731.2703	866.0477	965.0	882.7	280000	89.78331	69.20827	220.67831	-101.59635	89.783394	69.20681	223.47986	-104.25771	-92.449165	42.476105	2889.924132823944
57	3384.72	750.1252	3894.424	1912.0863	1995.8177	1095.6748	3888.8315	172.21739	993.0	944.6	285000	92.07864	71.07041	222.75644	-114.66749	92.07878	71.07205	222.9089	-110.927444	-94.95622	43.77794	2945.1243937015533
58	2709.8699	961.94165	3722.1028	1039.2665	3325.0735	1095.461	4187.921	709.80164	869.0	990.2	290000	95.12367	72.42963	223.78027	-119.660446	95.12429	72.42851	228.22148	-116.958405	-97.86791	46.562393	3001.509429693222
59	2809.3223	984.6591	3686.5884	1426.4479	2509.629	1402.5692	4024.9207	457.1773	877.0	696.5	295000	96.49286	74.028435	230.82884	-116.83423	96.49325	74.027374	234.77052	-120.509575	-99.45522	48.55434	3048.5574288368225
60	3469.881	513.4654	3976.8865	2629.7976	3762.6086	583.3971	4249.4746	2373.1592	933.5	943.3	300000	99.20842	75.50245	229.6732	-122.10894	99.20904	75.50172	233.69185	-117.69424	-102.19054	48.720387	3107.9599657058716
61	1943.1658	1483.458	4108.8726	-128.79985	2647.9307	1527.5145	4113.9155	310.652	653.2857	829.4	305000	101.24352	77.317856	232.77364	-127.53577	101.24249	77.32178	232.0467	-125.092995	-104.174446	49.903645	3159.572559595108
62	2695.5327	1249.3184	4035.7234	958.4405	3614.9644	836.59467	4316.5376	1932.5248	839.3333	898.5	310000	102.69638	78.71573	233.59819	-128.54889	102.69633	78.715355	236.68597	-132.65155	-105.47919	50.80324	3214.16557598114
63	2811.479	1286.7329	3937.7583	112.04114	3026.995	1609.4554	4501.824	-24.0197	813.4286	922.9	315000	105.11683	80.17642	238.95671	-131.1418	105.116554	80.17472	243.50162	-127.09289	-108.12638	52.031513	3275.7007489204407
64	1953.4047	1563.2642	4064.4663	294.38275	3934.1694	607.84296	4361.6343	2151.6838	818.0	954.0	320000	106.75891	81.74705	239.60349	-132.47232	106.75772	81.748825	244.45178	-128.76712	-109.828545	53.412308	3327.019470691681
65	3042.7876	1018.3959	3991.5898	1496.8713	3211.9111	1128.8032	4260.906	1288.1533	846.2857	853.0	325000	109.02182	82.82933	245.69269	-128.01091	109.01975	82.832344	247.53906	-150.02586	-112.00202	54.460438	3389.7140922546387
66	2292.9153	1377.6019	3878.7007	171.36732	1155.9305	772.40076	2221.1987	-451.73657	670.8571	704.8	330000	111.71008	83.44154	243.53917	-123.906876	111.70908	83.4422	245.8638	-120.40644	-114.56245	54.295334	3441.112908601761
67	2715.706	1456.9973	4029.4207	930.7793	3901.823	651.8037	4309.881	1972.3724	1000.0	949.7	335000	113.32656	84.382805	246.85548	-120.28016	113.32531	84.385666	247.41298	-137.803	-116.1288	56.24775	3497.7987649440765
68	3801.1543	314.9261	4017.1846	3191.057	2285.2769	1046.2661	3929.7288	678.77985	986.8	779.7	340000	115.20039	85.3849	249.6095	-123.478806	115.19893	85.38499	250.75565	-118.998505	-117.982216	57.81626	3551.719858646393
69	2904.7705	1136.0614	4181.618	1112.9908	2784.3323	1522.9142	4148.694	-501.95734	838.8333	904.1	345000	117.22557	86.50935	251.49162	-113.65061	117.22388	86.51186	253.34018	-109.65287	-120.282875	59.3152	3607.527980566025
70	2440.5198	1612.9971	3924.5747	403.76703	3271.8857	1585.3505	4871.385	2.7015836	629.5714	901.2	350000	118.82318	87.59466	254.47179	-119.08168	118.82169	87.59895	253.54762	-113.44757	-121.83861	58.962425	3659.954832792282
71	3376.0872	1189.3706	4251.882	1048.4753	3680.0933	67.14235	3777.725	3568.1682	1000.0	1000.0	355000	120.40488	88.90357	253.52872	-117.25056	120.4037	88.903595	253.99965	-114.472015	-122.95336	59.63064	3715.814701795578
72	3707.6365	392.75052	4021.765	2884.552	3748.7551	1023.98883	4249.0527	698.0728	945.8333	999.5	360000	123.39068	90.02904	257.9483	-126.078384	123.38776	90.03165	259.54755	-114.85466	-126.41783	59.95328	3777.7615175247192
73	2891.8684	1283.4823	4258.938	1048.0486	3347.64	1327.3768	4386.0127	630.642	876.8333	833.6	365000	125.50735	91.13413	258.2619	-120.069176	125.50561	91.136475	260.2495	-118.72959	-128.43153	60.01665	3835.123830318451
74	2954.0425	1414.073	4512.7695	906.8444	3086.6206	1303.4567	4364.703	854.56946	845.0	920.5	370000	126.40397	92.33981	261.68094	-123.570854	126.40343	92.33828	262.16144	-121.029366	-129.17023	62.008923	3887.8138048648834
75	3430.786	980.95605	4266.4814	1607.0356	4270.17	119.677505	4485.5884	4051.5713	859.8333	1000.0	375000	127.9784	93.645355	267.40472	-145.96733	127.97684	93.64577	265.885	-151.4533	-131.20415	64.389275	3945.7842795848846
76	3570.0483	637.271	4201.721	2757.8103	4303.007	246.74905	4637.4917	3687.1865	934.4	1000.0	380000	130.39336	94.542984	267.2452	-151.36414	130.39323	94.544464	267.71893	-154.10606	-133.27266	65.68869	4001.511234998703
77	3437.2913	1379.76	4196.5825	377.20728	2468.4565	1734.513	4046.4583	41.912586	849.6667	829.2	385000	132.02647	95.82853	268.84875	-140.08266	132.0267	95.82573	273.80005	-125.599396	-134.8874	65.85664	4057.7329704761505
78	2610.3901	1492.7255	4253.9097	201.2385	2938.6558	1464.226	4596.77	716.16284	708.625	738.7	390000	133.9618	97.11882	272.70026	-135.51294	133.95984	97.12058	272.9911	-136.37164	-136.99411	67.33526	4115.523824930191
79	3866.985	321.52893	4104.7656	3235.675	3015.2446	1820.9747	4636.403	97.64088	966.0	682.6	395000	135.43143	98.72156	275.91965	-134.46089	135.4309	98.72115	273.0422	-135.99251	-138.57031	68.57923	4168.281259298325
80	4245.0635	246.22176	4477.21	3816.258	1620.3582	1210.2013	3799.4192	-78.989	1000.0	581.2	400000	136.46703	100.120125	276.65146	-132.90425	136.46545	100.1245	276.39758	-142.26686	-139.4661	70.06661	4221.870365142822
81	3014.4858	1283.7145	4138.227	742.19403	3680.071	1433.0137	4942.912	755.93	1000.0	860.1	405000	137.6779	101.417656	277.8108	-152.8539	137.67697	101.41733	280.30585	-141.19336	-140.80673	72.3877	4277.697414636612
82	2742.1858	1598.951	4470.582	474.375	2833.7332	1642.3969	4656.8896	323.51492	656.75	800.8	410000	138.81287	103.23042	278.01294	-140.52295	138.81093	103.23301	279.37222	-132.83093	-142.18684	71.07179	4335.305531024933
83	3485.675	1452.5212	4400.1265	592.913	3076.5989	1116.9913	3841.7878	289.25906	1000.0	968.7	415000	140.6095	104.094734	285.2142	-127.411316	140.6074	104.09606	282.25635	-153.11617	-144.03307	73.05989	4393.577224969864
84	3410.6033	1509.3917	4538.253	186.42778	4413.879	263.6632	4615.94	3667.8052	823.5	980.9	420000	141.34772	105.356766	288.63898	-151.56818	141.3452	105.35827	285.4435	-174.67882	-144.59047	73.58579	4450.879716157913
85	4254.3257	91.36381	4344.2236	4080.647	2113.3813	1030.4209	4484.0254	691.3339	1000.0	654.2	425000	143.36137	106.78352	287.53336	-132.28072	143.35861	106.78532	286.6217	-155.2684	-146.6197	74.85837	4503.356828212738
86	3187.2136	1632.9335	4579.2144	95.78181	2715.9546	1682.7828	4517.635	-770.02704	742.3333	745.8	430000	145.04802	108.11508	287.3687	-150.09047	145.04382	108.119705	289.10504	-141.63466	-148.43399	76.1257	4555.256209373474
87	3884.2783	847.42834	4595.596	2121.7498	4046.2961	785.40735	4428.9106	1712.6418	881.5	944.1	435000	146.27003	109.09948	287.53278	-131.15117	146.26733	109.10165	288.22092	-134.01314	-149.60721	75.985016	4614.758329868317
88	4408.644	126.629585	4543.9536	4172.008	4372.0015	1028.8132	4843.6895	1306.1782	1000.0	932.1	440000	148.38423	110.21725	291.32065	-135.14171	148.38385	110.215385	294.74182	-122.00643	-151.74696	77.96438	4672.861943721771
89	3094.6948	1359.0192	4692.83	989.6339	3965.8696	1032.9208	4784.7144	1982.3594	705.1429	971.9	445000	150.0034	112.03532	295.5006	-132.48012	150.0008	112.03661	295.73398	-135.4592	-153.33116	78.58438	4729.309688568115
90	4150.1733	655.11755	4605.3984	2870.872	3573.6948	1695.3184	4941.163	144.93701	937.4	905.5	450000	151.44798	113.6497	294.99817	-132.02942	151.44443	113.65146	297.77963	-122.1818	-154.73677	79.01919	4783.088764667511
91	3615.963	994.88916	4480.415	1994.356	2969.5598	1466.0321	4551.436	564.8089	933.1667	698.7	455000	153.24025	115.31154	299.4256	-134.77596	153.23717	115.312645	301.2223	-182.83821	-156.504	82.00917	4839.556918144226
92	4310.3096	338.3486	4738.0767	3697.3376	4197.196	1175.1936	4989.955	712.64514	1000.0	916.4	460000	154.67267	116.610535	298.40002	-155.45302	154.66797	116.61371	299.75674	-186.19032	-157.50694	82.55226	4895.754056453705
93	3847.0906	1103.0396	4581.058	1651.1746	4134.2607	1413.4552	4980.84	2.9273808	1000.0	901.3	465000	156.39209	118.07382	302.98648	-150.42549	156.3879	118.07617	303.81494	-155.07639	-159.72829	84.98072	4953.473695516586
94	3140.9841	1286.2693	4586.787	1021.26874	4259.3076	972.59436	4798.6924	1371.545	845.5	924.8	470000	158.33997	119.33439	304.7088	-164.02446	158.33763	119.33403	306.16327	-185.56085	-161.42659	84.546844	5009.698590755463
95	3902.4297	1156.6317	4702.1206	1602.5396	1774.1371	1518.3392	4518.051	36.17713	874.0	502.2	475000	160.21184	120.30422	309.7819	-164.45233	160.20886	120.30673	307.96152	-147.96309	-163.39778	84.47075	5056.887746334076
96	2593.7812	1903.3054	4614.5522	6.142216	3265.6633	1365.7587	4801.1167	1144.7993	684.2857	688.2	480000	161.79727	121.30271	309.75824	-161.87044	161.79445	121.303566	309.4122	-156.05258	-164.89209	86.32746	5111.755697727203
97	3756.5938	1247.74	4666.293	1119.7225	4200.7114	909.6533	4944.9956	2141.3196	833.8571	880.9	485000	163.70364	121.7834	309.35464	-154.54527	163.70059	121.78738	310.79102	-168.68192	-166.94829	85.53652	5174.857008457184
98	4534.8394	172.52374	4743.2095	4241.202	4694.162	189.92212	5062.3994	4309.327	1000.0	1000.0	490000	165.46773	122.58599	315.9834	-188.91855	165.4657	122.586655	312.09296	-210.92082	-168.9429	87.39942	5234.508410215378
99	3337.593	1726.5978	4416.2964	-48.778763	4931.87	194.97609	5219.2847	4537.5903	955.8	1000.0	495000	166.69713	123.8863	311.72272	-158.82994	166.69467	123.8901	317.45538	-149.7967	-170.23846	88.573685	5290.930125236511
100	3855.639	1726.1449	4827.1606	6.697496	4171.374	1472.3915	4941.9077	6.183731	835.5	867.6	500000	168.58826	124.63651	318.179	-167.04184	168.58524	124.63963	319.5067	-227.21799	-171.93152	90.33637	5349.568030595779
101	3933.6023	733.266	4633.198	2612.0088	4877.575	99.755	5031.4507	4687.8286	876.0	1000.0	505000	170.4338	124.97901	320.76752	-153.3283	170.42978	124.979065	317.31412	-148.8939	-173.71114	89.52131	5404.7849407196045
102	4576.2593	205.67746	4833.381	4244.172	4431.963	1320.3185	5193.894	505.39056	989.0	911.4	510000	172.6131	125.74833	321.3023	-140.64977	172.61038	125.75242	322.55182	-144.61176	-175.83214	89.616646	5468.867213487625
103	3775.7961	1618.665	4816.087	554.9146	4363.566	1450.3982	4991.3774	15.958579	832.0	901.8	515000	174.42398	126.78739	322.33057	-211.54605	174.41992	126.79287	321.69852	-166.91338	-177.88861	89.57861	5522.272994041443
104	3228.9922	1806.4927	4551.555	423.62906	4964.966	91.60669	5101.125	4818.2295	870.8333	1000.0	520000	177.2259	126.86839	325.40366	-144.56752	177.22386	126.86944	326.54633	-213.45824	-180.63298	88.67041	5583.192217350006
105	4116.398	1409.3855	5004.549	980.62573	3222.3738	1823.3127	5044.1294	126.25438	877.6667	672.2	525000	179.20145	126.909615	327.0371	-126.3832	179.19878	126.91214	327.6356	-131.298	-182.3825	88.96027	5639.6448566913605
106	3066.505	1810.4396	4486.796	291.6468	4886.8643	122.83992	5193.661	4758.927	827.3333	1000.0	530000	180.17395	128.25836	327.58755	-155.2323	180.16792	128.26659	328.39584	-175.21486	-183.24438	94.69478	5698.273615598679
107	3777.6133	1385.0447	4950.582	1566.6643	3910.368	1354.3514	4709.947	591.3781	799.3333	846.4	535000	181.87213	129.03337	330.3682	-166.34575	181.86774	129.03845	329.8897	-156.66449	-185.41144	93.03671	5754.734765291214
108	3115.1357	1713.5776	4936.057	340.3454	4392.829	112.22974	4522.4976	4213.0996	674.75	1000.0	540000	184.2782	129.0673	331.05185	-138.61072	184.27637	129.07014	332.23276	-188.85864	-187.67233	97.51276	5817.645063877106
109	3657.4626	806.4971	4686.683	2754.5806	4141.884	2005.6058	5018.596	-1861.2435	823.3333	1000.0	545000	186.28003	129.6843	332.78894	-151.3203	186.27748	129.6869	333.23175	-146.12454	-189.7899	95.49958	5877.335834741592
110	3936.0308	1276.7871	4680.791	1389.1769	4957.909	179.9207	5135.4385	4560.6313	863.6	1000.0	550000	188.00262	129.9742	333.92053	-182.05078	187.99902	129.97649	335.26498	-192.37814	-191.04344	98.88503	5933.406044960022
111	3818.0098	1565.6725	4835.5366	203.8866	4407.577	918.35803	5011.2637	2549.8542	819.1429	956.0	555000	190.21169	129.97911	335.5717	-139.28023	190.21002	129.97804	335.60358	-129.4794	-193.60124	95.00262	5998.187705039978
112	3586.996	1438.6667	4826.9756	1131.1544	4377.3174	1328.9487	5183.969	1570.145	788.3333	1000.0	560000	193.0584	130.16507	338.7108	-124.496864	193.0563	130.16655	338.82593	-130.6755	-196.41716	92.694466	6056.972605228424
113	3537.4119	1810.4303	5029.572	956.63965	4811.802	134.14299	5086.0747	4656.7715	868.3333	1000.0	565000	194.23863	130.64046	334.99954	-161.25342	194.23741	130.64136	337.90372	-176.22816	-197.66043	94.59568	6119.77919793129
114	3796.2402	1337.0679	4829.1895	1009.29663	4353.49	994.76624	5232.8413	1911.289	821.3333	924.4	570000	196.7501	130.71748	343.32883	-140.62836	196.74738	130.71907	343.26334	-146.2214	-199.8304	95.69856	6179.418488740921
115	4098.603	1277.9059	4903.465	1262.7914	4971.2334	152.52167	5179.243	4725.7793	884.1667	1000.0	575000	198.36635	131.46257	341.97076	-144.77834	198.36372	131.46304	339.3836	-169.6691	-201.37471	98.07932	6242.515264034271
116	3596.6912	1246.4103	4697.2856	1113.937	4769.9834	1215.6797	5362.9585	1130.4293	764.6667	923.0	580000	200.48788	131.36128	347.6858	-160.7337	200.48586	131.36458	343.62848	-186.17973	-203.65195	95.764915	6298.518903493881
117	4887.837	102.48123	5045.42	4754.195	3792.931	1970.4121	5139.347	-7.9881735	1000.0	771.9	585000	202.29005	131.3113	345.65988	-145.07648	202.28845	131.31262	347.65588	-142.32625	-205.30907	99.40039	6356.5595672130585
118	3710.3835	1515.8209	4949.911	913.9834	4504.5522	1504.3208	5192.5405	7.6534004	939.4	901.1	590000	204.06058	131.39258	345.9359	-192.1813	204.05759	131.3922	347.6192	-177.79356	-207.21693	97.53684	6414.622920513153
119	3960.8542	1172.3953	4889.359	2015.6718	4606.194	1229.941	5222.4585	941.3314	840.0	1000.0	595000	205.58914	131.43378	350.75284	-162.19519	205.58719	131.43507	348.2352	-168.89075	-208.3715	99.44543	6476.6008331775665
120	3732.6484	1552.6012	5228.205	1352.9305	4305.315	1520.0074	5164.3667	95.94661	773.0	868.2	600000	207.57758	131.53893	347.2915	-242.68456	207.57433	131.54175	349.41382	-205.57697	-210.6638	98.93249	6539.6323919296265
121	4139.7554	1390.1344	4915.663	1040.0007	5072.782	123.98054	5219.7656	4785.736	872.3333	1000.0	605000	209.2655	131.94456	349.033	-219.37213	209.26292	131.94754	348.23212	-169.05312	-212.29294	101.273285	6602.508362054825
122	4159.8726	1380.4718	4984.586	1406.8336	4769.247	450.08585	5061.196	3460.2527	866.0	976.9	610000	211.12871	131.9304	352.3508	-136.77913	211.12637	131.93059	355.0572	-170.66245	-214.31638	101.23676	6658.821080446243
123	4841.3115	135.91704	4973.52	4601.019	5156.276	627.3569	5660.902	3322.767	1000.0	963.2	615000	211.84491	132.27951	349.9691	-245.85004	211.84236	132.28099	350.05347	-204.8744	-215.0241	102.281265	6718.928608417511
124	4935.4546	99.56249	5035.9873	4744.274	4940.6113	80.24015	5100.867	4811.403	998.8	1000.0	620000	213.94153	131.9857	364.3997	-166.63918	213.93816	131.9914	353.24612	-131.74066	-217.16136	98.14837	6781.012648105621
125	3801.8833	1632.4917	4942.5684	977.16833	5065.3164	144.01219	5304.156	4813.694	790.5714	1000.0	625000	215.16904	133.21158	354.63705	-181.04422	215.16675	133.21562	353.55664	-209.6935	-218.52293	99.60419	6845.472629785538
126	3293.7754	1982.3024	5052.292	87.97054	5318.5107	61.906162	5460.139	5226.7666	837.8333	1000.0	630000	215.91069	135.43408	356.3509	-175.4085	215.90776	135.43655	363.18033	-169.48253	-219.09406	99.698006	6907.995981693268
127	4381.958	941.9595	5148.877	2559.0593	5336.8984	93.43207	5495.6226	5175.6865	976.0	1000.0	635000	216.85368	136.88998	353.4904	-163.59227	216.8474	136.8999	357.9133	-140.63974	-220.32315	101.91483	6969.308819055557
128	5059.7305	120.68525	5256.8687	4885.911	4765.4077	681.74817	5225.2554	2786.6743	1000.0	959.1	640000	217.83446	137.9305	356.34308	-210.5399	217.8322	137.93204	357.79803	-160.821	-221.19577	103.84785	7030.5056438446045
129	4850.4106	262.12216	5100.646	4405.5894	5317.4937	87.0678	5420.2114	5108.057	1000.0	1000.0	645000	219.22592	138.27626	358.89117	-183.77101	219.22125	138.2821	363.28256	-172.73889	-222.74138	104.491875	7091.957669496536
130	4570.182	551.6937	5071.436	3543.8813	4623.3096	1259.2651	5362.005	884.2476	935.8	911.7	650000	220.54852	138.32605	359.206	-175.17984	220.54417	138.33218	360.05344	-171.33968	-223.86969	109.04848	7151.350452899933
131	4902.626	160.13605	5220.941	4801.4077	3938.5898	1791.0868	5385.285	252.44667	1000.0	857.0	655000	220.93785	139.17174	361.0069	-267.04623	220.93294	139.17851	360.4266	-218.8046	-224.68387	108.976036	7211.6566779613495
132	4856.1377	168.14757	5085.2095	4658.188	3992.4172	1966.849	5490.651	306.37836	1000.0	913.4	660000	222.35071	139.98207	371.5789	-218.93604	222.34631	139.98798	366.20053	-240.17056	-225.53223	108.83613	7273.492647886276
133	3319.793	1688.6193	4996.88	378.7405	4945.6064	142.33968	5205.784	4741.6963	699.75	1000.0	665000	224.05634	140.31212	367.42712	-188.85002	224.05258	140.31602	366.5274	-251.32936	-227.30373	109.28188	7340.190787792206
134	4033.0986	1377.2726	5183.4663	1653.7522	5252.497	188.39452	5538.0977	4789.915	827.3333	986.2	670000	225.5277	140.26219	367.22653	-207.15504	225.52449	140.26729	367.54932	-304.4629	-229.18196	112.797356	7402.8415467739105
135	2970.4465	1928.2645	4974.0938	149.593	4665.874	1192.0886	5439.1855	1261.5253	612.5714	917.2	675000	227.59183	139.7492	363.87524	-215.94124	227.58823	139.75388	366.1113	-242.24434	-230.92427	106.72461	7460.053519248962
136	4298.5894	1731.193	5204.4604	433.7938	4279.2	1931.678	5492.86	-45.42878	850.1667	822.3	680000	228.32448	139.63658	366.10944	-175.84497	228.32187	139.64012	367.48172	-175.4737	-231.79109	109.66325	7520.5721783638
137	4825.5767	458.9044	5202.7666	3962.106	4994.665	94.42843	5136.04	4803.1206	952.2	999.3	685000	230.20532	139.22966	366.31796	-154.10272	230.20366	139.2334	366.93726	-184.3324	-233.62631	107.574234	7580.908212900162
138	4614.5825	901.95087	5261.3403	2647.2769	4533.5537	1553.885	5235.475	-98.719986	923.8333	1000.0	690000	232.16794	139.36064	375.0383	-187.44049	232.16362	139.36453	370.56104	-203.1373	-235.29236	105.898834	7648.297321796417
139	4392.475	803.7661	4911.707	2802.6445	4847.004	752.5744	5212.3906	2600.7412	925.4	953.1	695000	233.7817	139.80852	369.88818	-181.24121	233.77866	139.81564	372.78876	-197.62209	-237.1706	108.40034	7707.59512424469
140	3117.091	2760.6184	5221.146	-1485.6157	5250.3203	140.24294	5447.71	4954.926	836.6667	1000.0	700000	234.71127	140.57756	370.26938	-181.98634	234.71107	140.58112	372.31085	-263.24457	-237.87874	110.22478	7771.296665668488
141	4862.2886	189.23387	5198.783	4629.386	4805.413	1606.9365	5598.802	4.7069287	1000.0	901.2	705000	235.46896	141.26167	373.42947	-192.5703	235.46642	141.26651	368.8587	-174.93698	-239.0151	106.65405	7833.252619981766
142	4641.0996	502.0975	5094.336	3692.3835	5614.977	133.6879	5906.043	5428.006	954.2	1000.0	710000	236.25621	142.4648	373.2223	-195.27634	236.25261	142.46942	373.01642	-170.04477	-239.43326	108.862045	7894.664069652557
143	4813.437	674.73425	5261.1055	3317.9236	5410.961	155.5921	5634.5356	5097.367	953.6667	1000.0	715000	237.76465	143.07033	376.83777	-183.01155	237.76112	143.07668	381.8216	-168.62799	-240.9276	105.942535	7963.475510120392
144	4063.2542	1771.166	5154.3374	115.36228	5171.7007	144.89816	5377.2314	4943.7637	841.5	1000.0	720000	238.85786	143.9346	377.01718	-182.8257	238.85504	143.93755	376.96973	-212.32457	-242.25653	108.46808	8026.703269481659
145	4877.748	363.93228	5275.725	4223.6377	4840.939	1436.2507	5441.283	537.3849	969.2	912.6	725000	240.14418	144.40306	377.57928	-218.0883	240.1421	144.4071	377.36313	-249.14372	-243.50412	111.630844	8087.478958368301
146	5055.4834	164.741	5229.0195	4755.383	4049.1948	1728.2246	5407.87	975.62634	1000.0	773.2	730000	241.52567	144.54926	379.7002	-207.92404	241.52243	144.55411	377.7921	-215.67639	-245.043	110.39683	8147.727822065353
147	3622.1445	1557.7957	5177.7764	1218.2158	5070.587	149.39285	5322.054	4784.0527	724.6667	1000.0	735000	242.24155	144.75653	376.13004	-210.36514	242.23807	144.76497	380.87796	-205.83934	-245.61172	109.63414	8206.2146859169
148	4130.8237	1465.2408	5203.7817	909.1574	4809.9326	1006.8928	5422.4043	2248.1118	866.6667	910.4	740000	243.2093	144.07858	381.6762	-203.31183	243.2073	144.08119	381.20883	-213.68266	-246.19307	113.76745	8269.59549331665
149	4002.721	1911.175	5289.535	9.039375	4500.582	1594.9843	5520.4204	300.82535	777.5714	907.0	745000	244.16153	144.08759	385.50595	-167.55319	244.15924	144.09233	380.51007	-169.49756	-246.81526	108.16852	8335.274896383286
150	4330.4053	1288.1062	5261.9233	1792.031	5436.8057	67.780945	5521.554	5314.1704	870.0	1000.0	750000	245.92151	144.3131	381.91614	-170.48784	245.91971	144.31543	381.9039	-189.16623	-249.09468	108.469185	8393.927925348282
151	5155.9277	144.11531	5382.1816	4981.353	5206.4805	97.265396	5331.755	5025.8306	1000.0	1000.0	755000	246.79616	145.26785	385.89752	-217.05266	246.79192	145.27675	381.48203	-185.91844	-250.58835	113.39105	8456.972673654556
152	5006.754	111.64026	5164.0864	4866.496	5123.9463	400.27533	5374.093	3951.2988	1000.0	981.3	760000	247.81767	146.23676	384.2725	-296.99924	247.81361	146.23962	383.13663	-197.8842	-251.25212	110.88504	8520.584881544113
153	5063.709	64.32381	5153.6074	4969.6147	5287.428	102.425674	5436.078	5146.6646	1000.0	1000.0	765000	248.66144	146.82852	386.83075	-173.09474	248.6556	146.8364	386.6817	-166.96416	-251.69348	107.87576	8583.10872745514
154	5056.9897	128.0948	5235.5454	4885.5215	4404.1807	1795.8308	5367.165	-768.5656	1000.0	972.6	770000	249.75647	147.67973	386.88907	-206.3192	249.75249	147.6873	384.50208	-213.5384	-253.50375	108.886375	8644.925257444382
155	3239.9004	2646.7954	5244.997	-1407.2053	4502.454	1220.7842	5346.843	1669.3021	856.3333	867.3	775000	250.29071	149.03699	387.46725	-182.90495	250.28568	149.04402	388.36053	-181.6998	-253.66588	111.48472	8707.308312177658
156	3898.2473	1092.7673	4940.7695	2300.2676	4716.2954	1486.864	5526.22	279.93982	805.4286	906.4	780000	250.34084	151.26057	387.1894	-176.6761	250.33519	151.26898	385.9854	-259.40182	-253.4752	114.64521	8773.296461820602
157	4358.4243	1657.0912	5201.269	657.16876	5167.2905	759.7964	5485.233	2892.5854	858.3333	953.3	785000	251.2526	152.06834	388.0871	-201.39018	251.24805	152.07803	388.6927	-190.28763	-254.75859	110.596405	8837.067017316818
158	5237.841	138.80383	5390.5933	5039.782	4629.0737	1741.0018	5639.963	626.536	1000.0	845.8	790000	252.79678	151.14436	388.4919	-190.88579	252.79373	151.15205	390.1509	-230.87476	-255.9502	112.3138	8898.81801700592
159	4167.3896	1728.3641	5278.032	722.5474	5531.3853	175.85805	5876.366	5229.1	830.8	1000.0	795000	253.65622	151.24939	388.27075	-217.87698	253.65419	151.25214	394.75928	-264.8789	-256.66495	112.91243	8956.61974310875
160	5070.0186	206.67935	5402.99	4811.467	5357.6187	118.39871	5551.8867	5185.748	1000.0	1000.0	800000	254.00185	152.10905	389.27304	-242.04971	253.999	152.11275	387.3437	-228.5268	-257.5065	111.39209	9019.892938375473
161	3778.9993	1879.6088	5042.142	8.547995	4888.547	1586.4039	5597.2334	143.52695	768.4286	1000.0	805000	254.0712	153.9067	393.3271	-185.27441	254.0706	153.90656	393.05078	-135.2209	-257.48517	118.09958	9085.92397737503
162	3385.282	2196.0125	5188.1836	197.71758	4394.2573	2174.727	5673.759	4.3414764	676.125	805.9	810000	255.17667	154.43709	391.1607	-173.91173	255.17468	154.44048	392.31268	-318.54416	-258.29965	114.92651	9148.177360773087
163	3700.951	1943.8058	5166.2446	26.190628	4692.361	1383.0071	5322.7734	553.5635	836.8333	912.8	815000	255.44823	155.618	393.1069	-195.83559	255.44739	155.61995	394.28467	-173.17	-259.0056	113.459694	9208.797262191772
164	4981.276	179.34937	5306.1855	4803.6963	4962.6157	740.0392	5434.885	2770.004	1000.0	949.0	820000	256.37808	155.42845	399.9832	-186.32513	256.3746	155.43451	395.05853	-162.57591	-259.77106	117.38311	9271.55304646492
165	4831.489	164.02219	5111.0083	4645.864	4960.491	1506.0337	5617.272	453.45743	1000.0	910.6	825000	257.95975	154.26884	395.20294	-246.17792	257.95743	154.2746	393.19855	-206.71924	-261.06665	115.713875	9334.840592622757
166	3754.739	2090.8816	5278.4224	156.41696	5213.58	135.6281	5369.51	4938.447	730.3333	1000.0	830000	258.39575	154.21136	394.38025	-160.30925	258.39175	154.21721	401.65347	-166.88007	-261.5248	113.79619	9393.109110593796
167	5095.146	185.64067	5381.616	4897.064	4983.1196	1121.6852	5702.7544	2156.5059	1000.0	901.4	835000	259.42706	153.68456	393.30365	-220.93797	259.425	153.68993	393.60892	-193.22525	-262.68063	116.887474	9453.305471897125
168	4070.205	1472.9762	5360.639	1589.1469	5210.585	1109.9116	5832.4053	1905.8917	782.0	933.9	840000	259.84695	153.74182	393.94357	-221.61731	259.84567	153.7459	395.73837	-289.81567	-262.76434	120.4622	9519.134243488312
169	4713.3447	775.29016	5212.9717	3170.523	5546.493	123.28387	5874.955	5409.924	929.6	1000.0	845000	260.80103	153.42499	397.28784	-194.01218	260.7995	153.42691	395.09796	-214.47572	-263.4823	113.0786	9578.561139345169
170	4145.2397	1618.0184	5332.6196	799.5327	5460.2686	108.22634	5692.279	5295.2817	808.8333	1000.0	850000	262.05664	152.82985	403.30118	-183.05367	262.05594	152.8367	394.47995	-251.35878	-264.96957	114.52636	9641.151835680008
171	4370.0474	1426.2412	5397.261	1544.1837	5224.998	84.48802	5398.08	5087.193	1000.0	1000.0	855000	262.93756	152.52136	394.82556	-157.85774	262.93472	152.52643	400.48636	-208.68227	-266.33496	113.9502	9704.706363677979
172	4992.3657	123.067055	5213.969	4873.9287	5284.3555	394.22516	5558.081	4152.927	988.0	981.9	860000	264.43063	151.84616	400.91757	-284.45023	264.42795	151.84569	396.04044	-182.67683	-267.6826	116.0512	9767.893481492996
173	5104.051	150.8825	5355.9175	4911.973	5471.206	332.86435	5727.416	4520.705	1000.0	978.3	865000	266.37878	150.9318	395.35635	-232.39824	266.37772	150.93687	397.79922	-179.49455	-269.95895	114.50631	9831.09143614769
174	4382.4355	1543.6967	5350.377	960.9355	5274.587	1034.192	5727.258	2184.4155	867.1667	941.8	870000	267.2967	150.91579	411.35287	-211.51407	267.2964	150.92075	400.5455	-199.29115	-270.9212	119.15208	9895.155105829239
175	5205.366	140.96213	5394.8115	5034.844	4981.2593	1660.6278	5748.118	8.553407	1000.0	901.2	875000	268.73785	149.94734	398.01382	-226.84442	268.73727	149.94603	397.3867	-229.06377	-271.87778	112.671524	9957.40216255188
176	4192.291	2077.6658	5403.5317	42.11549	4839.7246	1314.4403	5590.7856	1495.0352	1000.0	934.5	880000	269.5468	150.45033	399.765	-216.14677	269.54678	150.45189	400.36078	-201.76768	-272.7958	113.19682	10017.710573196411
177	4542.2905	1189.8772	5369.7705	2205.5576	5335.2334	208.60086	5532.0684	4775.0864	1000.0	1000.0	885000	269.9708	150.51367	402.85043	-187.0458	269.96954	150.51842	399.23428	-175.7366	-273.17596	116.38642	10080.416793346405
178	5110.996	101.08254	5296.4814	4990.846	4562.2603	1363.7866	5379.2163	883.86304	1000.0	916.0	890000	270.73346	150.22406	405.06104	-205.601	270.73398	150.2238	402.9262	-189.97266	-273.89127	116.33729	10143.156834840775
179	4764.786	624.4127	5293.24	3557.9968	5359.5674	137.39662	5469.3657	5002.7163	933.8	1000.0	895000	272.35132	149.01779	401.88925	-223.17796	272.35202	149.01581	400.51157	-191.16373	-275.98727	119.18736	10204.571829795837
180	4357.1074	1509.7592	5384.184	1101.4302	5212.453	1095.3939	5857.6177	1953.1337	848.1667	937.1	900000	274.04916	147.57686	402.26215	-256.61664	274.04938	147.57397	399.94693	-222.93031	-277.55362	119.986885	10268.16002702713
181	4921.535	611.29834	5368.8823	3573.4495	5573.0273	113.655815	5736.2393	5387.2544	956.3333	1000.0	905000	276.25815	146.02335	401.53076	-179.97276	276.25467	146.02908	405.5986	-199.55194	-279.502	109.62755	10338.964707612991
182	4594.448	1313.3201	5382.6055	1984.6583	5133.1753	1053.2942	5689.215	1994.3357	879.2	936.8	910000	277.23007	146.0954	421.4225	-168.50351	277.2291	146.09929	402.95724	-297.9466	-280.41336	112.80789	10397.373116731644
183	5273.5454	181.5437	5470.0938	4935.4785	5565.999	79.86009	5709.222	5446.217	1000.0	1000.0	915000	277.25552	147.20006	406.48798	-204.40352	277.25656	147.1987	406.86554	-186.35452	-280.4495	120.257225	10464.695173501968
184	4702.666	893.9252	5308.433	2922.6233	5386.573	109.19115	5515.91	5089.9434	1000.0	1000.0	920000	278.08133	147.85716	414.2513	-182.18124	278.07947	147.85994	404.6655	-204.00778	-281.36365	116.6157	10532.74873328209
185	5287.453	236.91832	5556.3813	5012.1313	5291.583	661.1517	5717.413	3344.714	1000.0	962.0	925000	278.5128	149.45274	404.0428	-197.24384	278.51044	149.45981	405.42053	-197.65839	-281.50375	114.33983	10599.745946407318
186	4237.6978	1898.0609	5294.114	2.3220506	5630.4697	139.35483	5820.6987	5382.4067	835.1667	1000.0	930000	278.80768	150.61473	405.97485	-219.99936	278.80676	150.61981	407.30508	-200.73506	-281.88177	114.24442	10668.450533390045
187	4402.8667	1962.9512	5435.1616	18.782305	4664.5303	1846.1136	5394.4014	-866.7608	836.3333	1000.0	935000	279.39908	150.6527	408.06396	-248.8147	279.39963	150.64804	406.94897	-196.79729	-282.62555	119.25693	10736.477435350418
188	3996.6404	2087.2307	5478.884	3.5026095	4490.8916	1786.4801	5645.6406	6.430698	762.4286	810.7	940000	280.7478	149.32767	407.46997	-247.65712	280.74564	149.33516	409.51587	-370.05777	-283.78003	120.411644	10804.18685078621
189	5099.703	112.7443	5319.892	5016.906	5641.1562	112.16459	5850.123	5523.6533	1000.0	1000.0	945000	281.40167	148.24947	407.00784	-192.88033	281.40002	148.2556	406.7007	-259.3122	-284.51343	119.82783	10872.53526544571
190	4480.429	1933.2859	5501.859	164.12332	5600.975	178.43071	5768.0146	5180.0327	841.1667	1000.0	950000	282.30975	147.04031	407.64316	-227.67906	282.30737	147.045	408.78983	-230.5486	-285.55957	113.94343	10941.144357681274
191	4552.4443	864.64166	5549.162	3410.0847	5688.473	134.11378	5857.4307	5492.0615	941.8	1000.0	955000	282.91373	146.43793	408.72333	-285.61017	282.91403	146.44078	409.70505	-238.67067	-285.61646	115.661354	11007.356403827667
192	4213.9326	1927.4155	5316.3154	365.59515	5047.6665	1553.0508	5852.512	407.03137	997.0	910.2	960000	282.7403	147.50204	408.33112	-223.35529	282.7374	147.50516	408.00217	-243.1986	-285.74994	116.54751	11070.300443649292
193	5248.6235	53.25183	5317.7344	5161.4077	5751.703	97.614746	5898.84	5572.9756	1000.0	1000.0	965000	283.5975	147.72304	405.88193	-242.47885	283.5988	147.72246	405.7831	-208.63496	-286.22632	111.43554	11135.423957109451
194	4354.532	1668.422	5569.377	928.08685	4255.684	2090.2534	5838.1606	394.2136	823.0	755.3	970000	284.6879	147.13168	411.0718	-188.82448	284.68588	147.13248	410.24225	-162.97766	-287.7741	116.00302	11195.702594041824
195	4676.319	1416.5105	5488.98	1515.6355	4802.7764	1734.4271	5869.724	1162.124	879.8333	853.0	975000	286.2144	146.17445	408.34613	-198.6309	286.21375	146.17671	407.68842	-230.58502	-289.3554	114.32229	11258.689999103546
196	5263.222	81.482346	5390.0635	5179.9004	5511.207	81.26981	5664.3193	5374.198	1000.0	1000.0	980000	287.24	144.98244	410.42557	-275.1328	287.2405	144.98111	411.37918	-253.43799	-289.97574	120.14914	11323.020463466644
197	5301.679	146.73984	5415.113	5024.3335	5477.139	113.509605	5694.7935	5281.895	1000.0	1000.0	985000	287.79538	144.2003	411.6663	-214.80016	287.79437	144.20688	416.93094	-215.1875	-291.1658	119.7046	11387.35764670372
198	5070.2476	146.59845	5322.12	4908.8267	4979.8022	1473.2318	5975.4478	618.808	1000.0	912.0	990000	289.32288	142.45332	409.36905	-262.64844	289.32266	142.454	410.77252	-177.36804	-292.39386	116.331024	11451.304342508316
199	4488.0366	1369.1523	5381.994	1443.4131	5222.292	994.24805	5650.2134	2248.2126	874.8333	942.2	995000	290.94995	140.62778	411.70007	-201.63231	290.95132	140.62457	414.59036	-249.80334	-294.00763	115.280815	11516.929396867752
