Epoch	AverageEpRet	StdEpRet	MaxEpRet	MinEpRet	EpLen	AverageVVals	StdVVals	MaxVVals	MinVVals	TotalEnvInteracts	LossPi	LossV	DeltaLossPi	DeltaLossV	KL	BacktrackIters	Time
0	-646.71735	61.592182	-582.7485	-736.8793	1000.0	0.03860951	0.4490755	1.8305471	-1.3658315	4000	-1.309514e-07	3685.5786	-0.05702157	-798.4717	0.008950458	0.0	5.417280673980713
1	-610.1402	66.98781	-525.6219	-713.25	1000.0	-3.5497582	5.152551	13.715949	-13.621919	8000	-8.3684924e-08	3168.7944	-0.060369823	-1513.9332	0.008797711	0.0	9.983855247497559
2	-590.95044	63.04057	-534.12286	-696.92145	1000.0	-21.031336	1.5031052	-1.0067195	-22.495712	12000	-2.4795533e-08	1478.1024	-0.055111405	-441.30713	0.0088181	0.0	14.73322343826294
3	-577.50854	57.45602	-526.5997	-671.8184	1000.0	-28.916157	0.46666014	-20.292263	-29.28741	16000	-5.0008296e-08	1047.0385	-0.05989008	-224.43	0.008832737	0.0	19.29660153388977
4	-655.5676	25.697573	-627.659	-687.8893	1000.0	-34.192028	0.17324361	-31.75424	-34.342102	20000	5.0544738e-08	1105.3027	-0.059718184	-255.69836	0.0089608105	0.0	24.025901317596436
5	-597.17267	34.838127	-565.9695	-655.9027	1000.0	-39.57421	0.16007297	-36.634827	-39.69564	24000	2.360344e-08	766.6356	-0.059915528	-81.225586	0.009008074	0.0	28.576869249343872
6	-620.79584	88.93034	-485.93536	-735.88495	1000.0	-42.736313	0.4151008	-29.301765	-42.926704	28000	-5.4836273e-09	595.0449	-0.06022716	-58.027405	0.0088397	0.0	33.55466437339783
7	-527.9938	63.332806	-437.2843	-592.76685	1000.0	-45.447144	0.37750793	-38.662193	-45.609474	32000	-2.9802322e-08	617.56464	-0.05889042	-54.614502	0.008908263	0.0	38.05757260322571
8	-583.52527	98.01067	-497.2596	-750.11835	1000.0	-42.846455	5.5169454	11.319806	-46.22821	36000	1.9311905e-08	479.39496	-0.062020183	-57.83264	0.008874487	0.0	42.60152268409729
9	-511.60632	122.15393	-357.0718	-678.6529	1000.0	-46.571205	3.5019906	11.428149	-47.786514	40000	-1.29342075e-08	601.5724	-0.059528377	-82.39563	0.008984009	0.0	47.38747310638428
10	-457.7775	169.35275	-198.52669	-644.66296	1000.0	-39.456863	10.4513855	41.82356	-48.256767	44000	2.026558e-08	593.9645	-0.05956966	-114.596405	0.009013003	0.0	52.33912205696106
11	-414.18597	51.49587	-350.53638	-480.65317	1000.0	-39.23309	9.909217	28.171318	-48.44675	48000	-1.9192695e-08	361.05893	-0.057789754	-56.805573	0.008950197	0.0	56.724148988723755
12	-622.58997	91.109505	-514.234	-761.2478	1000.0	-41.413723	6.616375	-5.4565163	-48.16678	52000	-2.8133393e-08	668.6544	-0.059054323	-158.58984	0.008872624	0.0	61.31469988822937
13	-539.35284	93.74403	-412.86423	-666.3949	1000.0	-47.006912	6.263801	29.743317	-51.121902	56000	-3.5762786e-09	598.5895	-0.05818623	-44.499573	0.008964935	0.0	65.80192518234253
14	-539.8736	132.24498	-341.09125	-690.1545	1000.0	-44.753803	14.202745	39.07661	-52.349243	60000	-1.5974045e-08	673.6149	-0.059090797	-289.85745	0.008781464	0.0	70.22038698196411
15	-479.1612	100.97492	-375.67267	-623.64557	1000.0	-45.599125	7.836636	4.524938	-53.050594	64000	-1.7881393e-09	506.75067	-0.057755966	-62.664032	0.008930891	0.0	74.65958833694458
16	-491.2118	38.496834	-445.51328	-537.2807	1000.0	-42.217915	8.094299	-0.61708355	-53.35092	68000	1.680851e-08	295.10608	-0.057665065	-36.218445	0.008873137	0.0	79.180419921875
17	-450.41736	143.29369	-222.63683	-610.2479	1000.0	-44.234444	8.1205225	0.3189262	-53.545578	72000	1.1920929e-09	499.89102	-0.058603946	-71.88403	0.008945629	0.0	83.87635660171509
18	-312.9786	82.21985	-206.11368	-409.8643	1000.0	-34.62715	9.9695835	17.547802	-53.876907	76000	2.0980835e-08	477.02188	-0.056142095	-107.415955	0.008965685	0.0	88.33310341835022
19	-434.601	53.105156	-382.8266	-521.3142	1000.0	-30.067192	11.438102	23.432823	-53.80458	80000	4.7683715e-09	555.561	-0.059732288	-177.82129	0.00899939	0.0	93.10926008224487
20	-366.3915	71.33032	-289.96985	-474.26498	1000.0	-39.79932	8.937715	26.63256	-53.710045	84000	2.861023e-09	403.0937	-0.059812482	-86.689514	0.008960564	0.0	97.9398193359375
21	-360.24948	109.00981	-221.62547	-527.10266	1000.0	-34.5255	9.382688	5.431894	-53.316338	88000	-8.46386e-09	431.12125	-0.061499763	-70.663025	0.008973	0.0	102.3724856376648
22	-457.7375	166.32318	-303.07526	-734.6031	1000.0	-22.51276	20.4177	46.002495	-52.97639	92000	2.9087067e-08	1757.7168	-0.05693296	-1207.8154	0.0090409415	0.0	106.91789150238037
23	-384.9651	90.401245	-265.00702	-495.01978	1000.0	-34.611965	10.504918	15.299614	-54.65627	96000	-6.198883e-09	423.9656	-0.059153695	-72.56467	0.0089760395	0.0	111.7536268234253
24	-530.4037	294.96237	-22.110765	-736.5819	1000.0	-35.474297	14.004955	31.389048	-54.580166	100000	8.34465e-09	1172.6152	-0.06043181	-551.42896	0.008956892	0.0	116.60326337814331
25	-425.7641	213.1654	-165.97636	-723.0885	1000.0	-38.486458	19.80586	27.732178	-57.843697	104000	1.9550324e-08	636.79425	-0.06018973	-187.99155	0.008908194	0.0	121.30419158935547
26	-534.644	218.69128	-327.68985	-887.49176	1000.0	-35.389946	17.881775	29.074696	-59.828045	108000	-1.0490417e-08	984.25134	-0.05772846	-292.4843	0.008880812	0.0	125.75782895088196
27	-348.5178	73.11291	-269.41583	-462.40698	1000.0	-40.134647	15.294067	27.903975	-61.463085	112000	-2.2888184e-08	554.0337	-0.058924332	-196.5632	0.0089683095	0.0	130.66710591316223
28	-510.99588	185.03342	-309.5339	-780.13586	1000.0	-42.447685	16.899342	10.748306	-60.958122	116000	7.1525574e-10	526.31494	-0.06192991	-70.985565	0.009007087	0.0	134.84253001213074
29	-513.71313	149.21637	-341.283	-697.7869	1000.0	-42.928024	17.667387	17.216831	-62.709354	120000	-2.3841857e-09	399.76315	-0.0602409	-63.31659	0.009065554	0.0	139.15795516967773
30	-492.14468	221.74745	-162.4782	-734.9094	1000.0	-48.759155	15.382628	25.8116	-62.907154	124000	-7.152557e-09	452.30057	-0.06789514	-107.67145	0.008877299	0.0	144.35964226722717
31	-286.1938	300.66525	26.675182	-710.2862	1000.0	-31.394482	18.930882	7.984598	-64.250984	128000	-1.001358e-08	624.31506	-0.060033873	-153.3512	0.00890635	0.0	149.1984531879425
32	-238.44151	79.46667	-147.78607	-351.8504	1000.0	-20.110106	20.196209	36.226357	-64.709755	132000	-9.536743e-09	448.83224	-0.05852734	-103.457	0.008906139	0.0	153.8435263633728
33	-356.5379	168.22028	-145.09648	-539.00433	1000.0	-32.9075	21.045868	15.372332	-63.799873	136000	-2.384186e-10	444.32733	-0.057695556	-49.17688	0.008976122	0.0	158.68346738815308
34	-270.00467	189.6562	-130.87334	-596.6093	1000.0	-27.116978	20.188223	13.260848	-63.523373	140000	1.0728836e-09	402.51468	-0.05578681	-63.97531	0.009065748	0.0	163.4109115600586
35	-415.67224	189.91083	-129.77823	-610.3545	1000.0	-19.486187	26.68767	52.09125	-63.642334	144000	3.015995e-08	1719.9604	-0.05902234	-1092.7993	0.009056583	0.0	167.81179094314575
36	-255.09647	209.07327	74.90726	-503.9236	1000.0	-32.625298	16.59238	22.507502	-64.93286	148000	1.1920929e-08	840.32104	-0.059681244	-270.78955	0.008985336	0.0	172.5431821346283
37	-254.70645	131.77449	-31.142221	-364.0908	1000.0	-19.251379	15.033426	28.185774	-62.608704	152000	1.4305115e-09	655.50586	-0.056883696	-133.81671	0.008920471	0.0	177.05062675476074
38	-257.05655	222.34961	79.59401	-499.76633	1000.0	-28.827503	18.66493	27.380152	-65.27721	156000	-4.768372e-10	569.8236	-0.060534015	-112.18872	0.008881312	0.0	181.91756176948547
39	-307.29007	198.64192	-117.92219	-631.5235	1000.0	-26.46384	20.053926	22.709349	-64.902954	160000	1.502037e-08	377.49512	-0.05793236	-79.3288	0.008902149	0.0	186.5447120666504
40	-300.12125	191.99968	2.508136	-514.2865	1000.0	-25.794601	18.16175	19.681095	-65.31387	164000	1.2874604e-08	573.0172	-0.060796857	-74.031586	0.008830482	0.0	191.60849142074585
41	-365.5441	260.2997	-50.540634	-665.7495	1000.0	-35.970425	23.638906	19.573915	-65.783394	168000	5.2452087e-09	502.91324	-0.06400948	-96.520325	0.008896297	0.0	196.0429904460907
42	-294.8965	208.57211	9.893498	-505.4507	1000.0	-12.209203	18.234667	48.401806	-67.378	172000	1.0490417e-08	1233.7423	-0.060763486	-591.99255	0.008947891	0.0	200.5001437664032
43	-194.51627	117.50746	-42.12721	-354.9776	1000.0	-25.05486	17.205954	22.55715	-67.02833	176000	1.6212464e-08	515.2932	-0.059579324	-124.59311	0.008955331	0.0	205.37812638282776
44	-305.7434	142.1855	-101.79462	-502.61725	1000.0	-21.695633	16.7661	15.061573	-65.7074	180000	-1.6212464e-08	541.39087	-0.05974084	-136.66568	0.008825096	0.0	210.44224953651428
45	-430.30096	280.2319	34.410603	-717.2505	1000.0	-43.055656	21.233215	20.024267	-67.73808	184000	4.2915342e-09	484.14487	-0.062363688	-117.21448	0.008930202	0.0	215.35786318778992
46	-219.17162	92.70238	-81.39168	-342.13364	1000.0	-14.717395	15.039043	35.06744	-60.46993	188000	-9.298325e-09	405.89694	-0.057044197	-96.09375	0.008952383	0.0	219.88523817062378
47	-52.536346	105.785255	94.9721	-179.76279	1000.0	-15.682174	12.64018	15.4188175	-61.402664	192000	1.2159347e-08	469.06284	-0.059079416	-163.12064	0.00896796	0.0	224.40802669525146
48	-485.74762	198.87361	-175.43292	-730.0583	1000.0	-28.634136	23.952696	21.921646	-67.71	196000	-5.6028364e-09	684.42114	-0.05941987	-318.04086	0.00887565	0.0	228.801687002182
49	-147.54268	148.14554	53.893436	-362.1869	1000.0	-24.19442	13.623785	16.277758	-62.36103	200000	7.1525574e-10	585.163	-0.05794538	-218.22504	0.008868508	0.0	233.1554126739502
50	-251.27687	150.81592	-42.63928	-460.79202	1000.0	-21.013123	23.679909	28.175837	-68.99099	204000	1.3113022e-08	429.50494	-0.06543722	-70.14874	0.008852295	0.0	238.054594039917
51	-162.55844	89.88489	-47.234543	-288.54538	1000.0	-19.75312	19.816187	22.443827	-68.23158	208000	-7.629395e-09	292.6495	-0.059401985	-95.82907	0.008928969	0.0	242.6697928905487
52	-173.39072	221.85583	88.28411	-524.29205	1000.0	-17.634413	19.713575	13.0630665	-66.1425	212000	1.4305115e-09	441.4044	-0.061047655	-99.54706	0.008965824	0.0	247.24882173538208
53	-366.6493	247.86308	-46.114365	-619.74005	1000.0	-33.603634	28.421999	27.132153	-68.62586	216000	1.4305115e-09	344.15817	-0.06434758	-44.77237	0.00891577	0.0	251.3452684879303
54	-265.4279	190.28233	-98.34522	-588.9577	1000.0	-23.281662	25.3349	25.349607	-69.744026	220000	1.001358e-08	363.54587	-0.060980953	-47.104797	0.008918904	0.0	256.1247980594635
55	-225.20215	62.50929	-174.64908	-329.27673	1000.0	-18.136284	22.539902	26.151073	-71.236565	224000	-2.0503998e-08	494.01288	-0.05862153	-87.96106	0.008933234	0.0	260.89948749542236
56	-105.27226	113.2877	90.429016	-183.35133	1000.0	-20.222984	19.681356	18.882236	-70.24788	228000	-1.4305115e-09	565.6435	-0.064197406	-188.13297	0.008960895	0.0	265.69547176361084
57	-199.09187	220.96117	104.90242	-509.77927	1000.0	-17.226711	25.960339	29.407358	-68.07014	232000	-2.3841857e-09	461.85205	-0.060414128	-83.88568	0.008949297	0.0	270.13630867004395
58	-356.13553	270.54962	52.75755	-706.6849	1000.0	-34.587845	31.025213	26.409191	-69.88769	236000	-1.692772e-08	455.61206	-0.06397717	-88.53232	0.008864771	0.0	274.4673068523407
59	-141.39786	183.73814	73.62822	-386.49728	1000.0	6.3196173	15.387097	49.50041	-50.498936	240000	-2.0980835e-08	1843.6193	-0.060750883	-1086.166	0.008817445	0.0	278.9824607372284
60	-106.47865	58.245773	-52.61989	-192.29381	1000.0	-10.619796	17.017614	36.986507	-61.733116	244000	2.4795533e-08	562.524	-0.059939694	-113.2847	0.008830744	0.0	284.1377766132355
61	-157.4833	256.09476	100.85249	-582.95184	1000.0	-15.52619	22.186844	37.331707	-71.078094	248000	-1.3947487e-08	549.35126	-0.057954673	-141.9812	0.008927187	0.0	288.57303953170776
62	-88.93924	112.924515	48.675526	-246.30498	1000.0	-6.4787474	20.17286	32.942223	-73.9812	252000	5.722046e-09	533.3576	-0.060911898	-97.372894	0.008918304	0.0	293.17049646377563
63	-108.27214	56.86795	-73.34868	-206.7221	1000.0	-8.906139	17.620893	27.359314	-70.847786	256000	2.1457673e-08	423.24576	-0.05949969	-78.805084	0.008981687	0.0	297.66395711898804
64	57.290634	116.58383	204.97644	-118.0111	1000.0	-6.371648	13.056097	26.662443	-48.644554	260000	-5.722046e-09	549.7746	-0.056789238	-189.20584	0.008933549	0.0	302.031849861145
65	-117.632835	142.19298	31.254969	-283.09134	1000.0	0.67785496	16.080027	37.80397	-44.248955	264000	-1.4305115e-09	832.4116	-0.058318254	-287.72217	0.009004744	0.0	306.8585584163666
66	-144.40201	111.012924	40.456913	-243.1263	1000.0	-9.861801	23.727907	37.870766	-70.45897	268000	-7.152557e-09	732.7761	-0.061673086	-122.458496	0.008953222	0.0	311.4207739830017
67	-132.8512	206.9605	140.09703	-432.69006	1000.0	-18.734655	26.580437	42.425026	-71.55741	272000	1.3113022e-08	635.32623	-0.061759304	-171.09021	0.009028234	0.0	316.19179916381836
68	48.016556	125.4514	164.5398	-136.08116	1000.0	1.873336	16.533943	37.319782	-57.717472	276000	4.2915342e-09	397.71613	-0.058688965	-88.14224	0.008975176	0.0	320.32279872894287
69	-39.134857	370.16287	197.43115	-679.6795	1000.0	-4.24768	23.617716	36.2496	-63.68215	280000	2.6702882e-08	662.2266	-0.06220882	-236.09537	0.009013327	0.0	325.10825419425964
70	-176.88998	264.68875	178.68907	-562.7702	1000.0	-7.166556	34.352886	46.008556	-77.60061	284000	3.0994414e-08	855.899	-0.06313818	-273.6983	0.008964178	0.0	329.92754554748535
71	-381.9428	201.08708	-128.15437	-643.33307	1000.0	-33.92256	29.68527	46.494743	-75.38446	288000	-6.198883e-09	533.43274	-0.06409424	-117.17731	0.008859377	0.0	334.44921612739563
72	14.978839	90.187195	164.52663	-66.21751	1000.0	-3.7416134	22.681273	47.796085	-71.98065	292000	8.46386e-09	556.6593	-0.059589054	-163.11954	0.008839039	0.0	339.36726450920105
73	-50.98136	316.39496	242.46872	-581.3736	1000.0	-5.7433467	23.018045	33.096077	-60.513214	296000	-8.106232e-09	640.17004	-0.061467633	-230.23358	0.008983822	0.0	343.9478693008423
74	87.38497	214.05177	410.91742	-134.71838	1000.0	10.078205	22.758898	55.209724	-71.26773	300000	-3.695488e-08	625.672	-0.06285429	-109.858154	0.008901802	0.0	348.28336906433105
75	-109.95527	317.724	229.64244	-619.4971	1000.0	-5.2496448	29.346382	51.222553	-66.664314	304000	-1.6033649e-08	677.54486	-0.058865536	-137.37817	0.008991808	0.0	352.7710897922516
76	-121.566475	278.94772	154.81715	-575.64636	1000.0	-9.486481	31.490936	44.443905	-75.325554	308000	2.861023e-09	524.2504	-0.061647978	-86.382965	0.009163994	0.0	357.1537597179413
77	22.41426	92.84176	152.32869	-83.3414	1000.0	-0.35658363	19.595516	43.430817	-71.137085	312000	0.0	382.38702	-0.05912937	-83.143005	0.008964067	0.0	361.81007409095764
78	-183.7709	365.54846	341.01355	-588.86835	1000.0	-14.265503	26.131691	34.21478	-62.953346	316000	-1.9550324e-08	857.386	-0.063182466	-260.22247	0.0089797005	0.0	366.91002655029297
79	-202.37955	267.16257	192.68578	-474.38278	1000.0	-17.385597	37.653454	54.157906	-75.12239	320000	-2.193451e-08	581.3836	-0.0620634	-112.22183	0.009094152	0.0	371.4766638278961
80	80.3289	153.55191	213.77747	-179.62875	1000.0	-1.6661419	23.699638	40.79468	-73.0253	324000	4.053116e-09	515.6808	-0.059809215	-130.01642	0.009027197	0.0	376.5743408203125
81	146.30685	111.7447	259.71384	-29.987371	1000.0	11.234913	16.011436	42.382492	-55.566715	328000	1.8119811e-08	509.5353	-0.059724774	-79.21335	0.009091794	0.0	381.3496673107147
82	137.68452	109.3098	277.89355	-19.174942	1000.0	9.366836	24.53633	47.660942	-67.14351	332000	3.6239623e-08	516.15015	-0.0609102	-91.20282	0.009065773	0.0	385.918564081192
83	-2.2867432	245.20784	348.9921	-342.75186	1000.0	7.2688837	25.23861	45.739426	-67.63985	336000	7.152557e-09	591.1507	-0.060130306	-192.81277	0.009024387	0.0	390.64046931266785
84	72.09613	333.36252	355.35764	-484.33197	1000.0	-3.5635	35.318104	51.708496	-74.29421	340000	-8.34465e-09	772.90375	-0.060456555	-187.94403	0.009068054	0.0	395.3630471229553
85	191.99329	79.833435	278.82224	70.04938	1000.0	21.535692	20.632744	59.677216	-48.51701	344000	-5.2452087e-09	450.64218	-0.057144765	-100.47632	0.009043859	0.0	400.0143723487854
86	86.08172	182.10585	366.38748	-138.75108	1000.0	9.528202	28.276333	53.170055	-69.3231	348000	-3.0755995e-08	518.7878	-0.06005378	-76.56485	0.0090432875	0.0	404.525591135025
87	246.30069	160.68031	471.29395	30.780497	1000.0	16.9028	16.10037	48.865185	-43.840908	352000	-8.106232e-09	510.3068	-0.055280056	-112.46774	0.009062434	0.0	408.9431748390198
88	235.23997	127.74612	436.0409	106.679855	1000.0	22.54815	17.40265	54.347527	-57.77719	356000	-3.5762787e-10	570.004	-0.059000853	-83.36041	0.009188539	0.0	413.68640303611755
89	326.62836	157.19507	556.1785	131.73639	1000.0	24.253553	16.852568	61.908623	-33.65824	360000	1.001358e-08	695.1556	-0.060086045	-110.245605	0.009164337	0.0	418.1470754146576
90	84.43687	410.9126	498.43256	-598.80206	1000.0	12.334631	34.213005	63.935745	-58.55332	364000	-9.059906e-09	854.4574	-0.058896765	-246.40027	0.00916671	0.0	422.85771083831787
91	110.49707	469.70615	536.507	-666.00745	1000.0	8.587539	43.888355	69.852234	-81.143585	368000	4.2915342e-09	517.1569	-0.06003582	-115.53198	0.009194462	0.0	427.73981189727783
92	-44.296036	100.94191	60.890724	-210.91774	1000.0	6.662716	37.70825	62.487194	-80.87407	372000	-1.4185906e-08	1038.6681	-0.058590915	-387.2376	0.009131515	0.0	432.24320578575134
93	185.6333	133.26941	315.44766	-37.441345	1000.0	5.7767286	26.18657	49.814106	-66.27375	376000	-7.033348e-09	752.2395	-0.05594477	-251.62769	0.009165905	0.0	437.0092673301697
94	-214.15007	204.44794	14.382032	-534.2076	1000.0	-17.730043	40.98205	63.599804	-70.81665	380000	-4.2915342e-09	591.1817	-0.061823267	-126.812195	0.009107115	0.0	441.8315124511719
95	222.54745	150.1671	439.41473	50.536358	1000.0	22.350325	20.03362	61.972984	-50.24267	384000	-3.0994416e-09	808.8473	-0.060943443	-145.23828	0.009284487	0.0	446.545476436615
96	235.91797	122.31535	371.29486	37.152454	1000.0	17.527811	21.449871	62.39582	-46.594555	388000	2.384186e-10	597.1493	-0.05959855	-119.41217	0.009163866	0.0	451.1980822086334
97	-123.92153	380.3611	263.57608	-571.4009	1000.0	-6.3621497	35.761444	51.867413	-67.15281	392000	-3.8146974e-09	633.3191	-0.060139343	-173.73477	0.009127759	0.0	455.91512060165405
98	472.426	129.89653	619.0165	292.48056	1000.0	27.612267	17.382658	60.255817	-47.396748	396000	2.1457673e-08	998.4325	-0.05692182	-419.34924	0.009203329	0.0	460.36564350128174
99	267.78586	142.55948	454.8779	53.70795	1000.0	27.419472	39.450703	77.15279	-79.102005	400000	9.298325e-09	569.7229	-0.06038387	-169.97461	0.009056346	0.0	465.0667178630829
100	357.79263	177.30736	591.6791	151.59755	1000.0	33.547516	20.218822	63.042847	-54.68506	404000	1.1384487e-08	940.7077	-0.05812734	-150.23547	0.009106714	0.0	470.45893955230713
101	197.66331	386.569	529.14624	-417.2684	1000.0	20.56064	35.819473	72.05496	-65.15976	408000	-4.2915342e-09	840.97943	-0.05820853	-308.99847	0.009267872	0.0	475.5161466598511
102	459.52206	108.466415	600.29285	306.5555	1000.0	40.241604	21.523788	74.46156	-59.249733	412000	-1.9013882e-08	642.0601	-0.05687535	-106.77197	0.009225114	0.0	480.40211820602417
103	480.99094	173.57143	711.172	247.79657	1000.0	37.7987	27.749136	70.9195	-77.576385	416000	2.026558e-08	841.69934	-0.056425635	-197.2002	0.009189927	0.0	485.1724588871002
104	247.1854	290.92145	506.9231	-214.70326	1000.0	41.45308	20.351044	75.132095	-35.498684	420000	-1.1086464e-08	1758.6353	-0.060008243	-916.9834	0.009249168	0.0	489.6481091976166
105	237.02618	212.16447	555.78046	5.8042445	1000.0	18.725828	38.8927	80.29689	-69.10637	424000	1.1920929e-08	673.22424	-0.05785219	-260.1863	0.0091965385	0.0	494.26782846450806
106	310.49408	350.9756	667.0718	-217.55809	1000.0	20.676485	44.27155	73.72912	-72.49858	428000	2.8967857e-08	1063.9447	-0.05999844	-196.12628	0.009211047	0.0	498.8636209964752
107	131.13478	390.16876	438.57214	-536.35785	1000.0	22.743246	46.684605	89.390335	-81.11534	432000	-6.198883e-09	750.7259	-0.058822066	-263.12946	0.009190382	0.0	503.4694287776947
108	365.34772	287.57715	690.82715	-97.341995	1000.0	24.698542	34.424595	73.6788	-75.9093	436000	5.2452087e-09	829.089	-0.059255138	-185.53174	0.009258818	0.0	507.994882106781
109	317.1166	155.94354	520.68396	164.95021	1000.0	33.671	27.732698	74.80706	-65.844055	440000	-1.8119811e-08	813.984	-0.05670986	-148.31976	0.0092536975	0.0	512.7563097476959
110	378.2539	118.40521	570.37885	249.93439	1000.0	34.15553	20.90529	71.21943	-34.230297	444000	-2.2172928e-08	761.3661	-0.05554566	-115.276306	0.009213732	0.0	518.0194518566132
111	458.1001	150.12868	635.56915	222.75764	1000.0	32.52328	29.263298	74.42152	-69.72843	448000	-2.9563903e-08	945.3565	-0.054645516	-201.97443	0.009220292	0.0	522.68510222435
112	328.73605	351.89764	744.92596	-222.71153	1000.0	29.588364	42.314518	81.236084	-70.869156	452000	4.768372e-10	720.21344	-0.0616974	-153.22858	0.009261255	0.0	527.2795813083649
113	550.92676	231.12898	828.0974	217.26825	1000.0	42.895576	34.07673	87.463844	-75.233604	456000	-4.4107438e-09	1016.89954	-0.057260267	-215.8858	0.00922064	0.0	531.6463079452515
114	273.39008	246.61043	570.66876	-114.22941	1000.0	38.58631	37.878998	89.42469	-68.59005	460000	2.861023e-09	934.48413	-0.056838322	-346.8329	0.009315847	0.0	536.3911879062653
115	607.94464	122.4961	741.00653	434.83286	1000.0	37.94965	20.132736	75.106636	-38.432133	464000	2.3841858e-08	1234.0428	-0.055845384	-545.8062	0.009163787	0.0	541.0310161113739
116	643.93445	51.995052	720.13513	582.0445	1000.0	60.651886	17.738731	94.18849	-31.646832	468000	-1.0728836e-09	711.1482	-0.055639237	-100.415405	0.009257757	0.0	545.8730890750885
117	398.94754	353.39154	797.51135	-170.84091	1000.0	42.870213	38.449497	94.31115	-69.75742	472000	-6.437302e-09	872.02386	-0.057007987	-232.2002	0.0092351055	0.0	550.5666513442993
118	626.2489	333.41443	1004.6077	97.72678	1000.0	47.160904	37.607338	93.19407	-80.4008	476000	-4.1007997e-08	1006.88544	-0.056910664	-253.05817	0.009357394	0.0	555.0504050254822
119	-79.721634	144.12888	76.175835	-294.58456	1000.0	2.109956	54.818176	97.31615	-75.42363	480000	1.4305114e-08	914.847	-0.058447987	-323.49524	0.009275248	0.0	559.4961109161377
120	273.83624	432.93433	571.2567	-471.17105	1000.0	19.980827	43.076794	75.92682	-72.750595	484000	-7.867813e-09	897.677	-0.057497364	-204.84052	0.009375994	0.0	564.7165904045105
121	109.0618	528.6309	723.49695	-702.31793	1000.0	2.1778612	59.716343	79.53499	-93.03556	488000	1.835823e-08	763.67035	-0.05639291	-151.87488	0.009166639	0.0	569.0011565685272
122	288.3968	321.37338	581.543	-253.94162	1000.0	25.770075	49.910877	84.09445	-80.1861	492000	1.7642975e-08	633.2867	-0.058332574	-150.48062	0.0093744155	0.0	573.3672578334808
123	534.3323	186.91383	807.08276	283.35513	1000.0	43.671597	27.517017	81.28427	-73.61305	496000	-1.9788741e-08	955.96686	-0.058853664	-212.03748	0.009188928	0.0	577.5635533332825
124	496.96967	257.6015	781.8324	78.26015	1000.0	43.424118	37.334454	92.33834	-64.63877	500000	-1.4305114e-08	738.965	-0.058992	-122.29816	0.009277664	0.0	582.2476284503937
125	587.9336	134.81969	773.9892	402.0091	1000.0	53.49331	22.395655	91.158714	-23.64989	504000	3.7670137e-08	875.2123	-0.05440554	-131.7873	0.009353729	0.0	586.8053140640259
126	311.49567	522.4609	919.9153	-254.42525	1000.0	30.423454	48.181576	88.24778	-62.954784	508000	-2.5987624e-08	1327.9327	-0.05747611	-448.01935	0.009322884	0.0	591.528657913208
127	571.45874	20.397947	596.85815	540.7391	1000.0	59.496586	26.971045	100.06238	-42.35466	512000	2.002716e-08	959.95	-0.057916667	-296.09967	0.009260065	0.0	595.7972037792206
128	774.7081	95.198494	907.42883	662.0336	1000.0	57.810616	13.619624	92.43171	-12.484859	516000	-8.8214875e-09	899.23724	-0.0550935	-304.35675	0.009322585	0.0	600.6265397071838
129	355.13815	608.12805	756.35046	-695.6881	1000.0	42.97408	50.257034	97.92533	-70.62229	520000	-1.2159347e-08	1146.2064	-0.058215044	-404.95312	0.009347277	0.0	605.2682554721832
130	556.5414	356.81357	765.64325	-61.452957	1000.0	43.84398	51.011982	98.683235	-90.82368	524000	-3.0994416e-09	649.4893	-0.0595398	-151.86813	0.009401807	0.0	610.5141065120697
131	337.38422	476.14468	671.0292	-484.14975	1000.0	39.928616	56.422543	96.65821	-86.88396	528000	1.2874604e-08	1133.7987	-0.054080978	-296.51917	0.009193224	0.0	615.0744662284851
132	743.3138	211.2829	1061.1722	482.73453	1000.0	58.92867	21.537455	91.10809	-39.872704	532000	-2.2172928e-08	1194.1486	-0.055943213	-289.396	0.0092357425	0.0	619.549843788147
133	761.5648	41.59801	818.35864	710.35144	1000.0	67.807396	23.785809	108.14971	-35.668587	536000	7.629395e-09	987.24725	-0.05517963	-140.69489	0.009281974	0.0	623.5477740764618
134	467.12347	601.11096	1014.54486	-547.767	1000.0	43.106552	55.767475	103.90249	-83.4423	540000	-6.508827e-08	1157.527	-0.05562973	-229.08667	0.009450163	0.0	628.3089468479156
135	668.6297	33.74869	726.8715	644.5195	1000.0	71.00368	21.907503	110.72315	-20.133585	544000	-4.7683715e-09	882.1389	-0.056658905	-237.28064	0.009359922	0.0	632.6576611995697
136	348.09082	485.91623	839.89575	-455.29895	1000.0	47.47218	37.89251	95.72344	-87.31612	548000	-4.2915342e-09	2852.6184	-0.059229013	-1858.5304	0.009366852	0.0	637.4559471607208
137	754.8116	145.80707	958.6018	608.35455	1000.0	64.580215	18.757227	103.360825	-27.760946	552000	-1.2397766e-08	976.795	-0.054173198	-206.39032	0.009404834	0.0	642.0678005218506
138	825.3319	67.13854	940.3518	771.07263	1000.0	69.69988	20.049208	107.89097	-21.407663	556000	-7.1525574e-10	964.32385	-0.054046087	-202.65497	0.009377325	0.0	646.3052153587341
139	921.1962	155.57973	1132.5479	698.08014	1000.0	77.85535	17.874638	108.55006	-42.928074	560000	8.8214875e-09	1233.945	-0.056694385	-233.1391	0.009339719	0.0	651.1413691043854
140	867.5858	105.301216	1028.6543	733.8235	1000.0	81.86975	20.641062	117.07505	-12.363756	564000	2.2649765e-08	858.47437	-0.054043617	-160.57935	0.009244426	0.0	656.7545754909515
141	784.24603	152.96204	990.1568	572.9411	1000.0	72.99672	33.994164	109.21538	-74.538445	568000	4.2915342e-09	1300.4058	-0.054845057	-193.32422	0.009364343	0.0	661.4207892417908
142	693.623	101.66125	801.32355	548.31476	1000.0	70.675514	32.93992	114.183784	-68.65249	572000	-2.2172928e-08	1345.9833	-0.056406338	-288.4198	0.009399882	0.0	666.0494360923767
143	831.3026	49.7692	905.98865	765.83264	1000.0	70.41255	22.731543	112.807785	-37.74914	576000	-3.004074e-08	1032.1517	-0.05618433	-254.54211	0.009389563	0.0	670.9827101230621
144	531.23987	545.5687	1010.6304	-382.0056	1000.0	49.511288	58.555016	111.020805	-91.03851	580000	-2.6941299e-08	988.1365	-0.057675615	-222.57312	0.009342873	0.0	675.7080926895142
145	877.6254	58.5056	941.9108	814.43195	1000.0	78.043655	20.372663	114.493034	-24.728834	584000	1.2516975e-08	756.5074	-0.055227693	-144.0498	0.009318799	0.0	680.4623465538025
146	871.00745	191.31767	1099.3464	570.82837	1000.0	72.706726	37.08809	110.50277	-81.78079	588000	-3.3378602e-09	1067.2933	-0.0563857	-211.49237	0.009393823	0.0	685.2554016113281
147	787.77905	140.52254	1021.7979	655.4459	1000.0	77.48025	38.188305	119.583595	-75.6637	592000	1.001358e-08	1146.4229	-0.053639468	-192.15247	0.009345133	0.0	690.1824915409088
148	620.7917	528.64105	1010.8107	-290.21402	1000.0	58.553207	55.12867	115.59949	-76.56255	596000	-1.7881394e-08	965.9773	-0.055742066	-184.565	0.00929155	0.0	694.7508890628815
149	1126.0106	115.02182	1302.4144	982.337	1000.0	84.855644	16.616608	113.805534	-22.949362	600000	1.2516975e-08	1439.3955	-0.05318215	-501.36987	0.009458424	0.0	699.651451587677
150	988.84796	99.50408	1122.0939	841.44867	1000.0	98.64456	24.137331	132.31245	-42.497395	604000	7.867813e-09	1263.7662	-0.053057276	-223.75964	0.009317655	0.0	704.6170735359192
151	810.8539	290.21655	1083.2659	353.70352	1000.0	87.150764	24.203556	126.92966	-15.858263	608000	-3.33786e-08	1567.5681	-0.053503584	-427.8457	0.009396267	0.0	709.2313022613525
152	941.59045	154.7134	1132.4277	764.7531	1000.0	76.238106	25.128216	120.35066	-33.77629	612000	3.7670137e-08	1194.163	-0.057174318	-304.93756	0.009395148	0.0	713.7862432003021
153	1009.0071	72.91933	1127.7435	931.2777	1000.0	90.66665	18.37102	123.77289	-1.8259811	616000	-3.8027764e-08	1125.8887	-0.051935937	-177.8847	0.0094948085	0.0	718.4887154102325
154	800.0107	186.3428	1054.5007	597.18353	1000.0	85.682434	25.609322	124.41427	-28.940912	620000	-4.4703485e-09	1291.0468	-0.05682758	-315.90216	0.00936632	0.0	723.0300843715668
155	746.87665	573.50244	1135.6565	-244.27281	1000.0	55.885597	58.435246	115.11502	-96.80584	624000	-3.0994414e-08	1121.304	-0.055933435	-396.18756	0.009418724	0.0	727.3344478607178
156	854.03424	416.88593	1168.341	145.58229	1000.0	78.90639	50.166714	125.869286	-88.44478	628000	1.2874604e-08	1465.1594	-0.05492953	-252.8794	0.009352229	0.0	731.2494463920593
157	1069.2705	152.06023	1327.9733	943.0919	1000.0	93.617546	20.457209	130.43481	-16.20806	632000	-8.46386e-09	1348.4445	-0.051469628	-232.71509	0.0093810465	0.0	735.842137336731
158	1099.1995	143.96341	1308.2255	903.7734	1000.0	99.58553	14.513188	132.93826	11.317669	636000	8.106232e-09	1123.183	-0.05352098	-177.13458	0.009473042	0.0	740.4866106510162
159	1034.4292	150.7437	1231.9264	809.68555	1000.0	100.80445	21.802425	135.5144	-25.673912	640000	-9.536743e-09	1308.7367	-0.05245007	-207.32336	0.009490792	0.0	745.3133316040039
160	993.37897	358.77228	1331.0271	392.8485	1000.0	83.59804	48.89029	129.77667	-85.13077	644000	6.0796737e-09	1283.859	-0.052354142	-264.19965	0.0093888305	0.0	750.5373110771179
161	1145.6979	176.77014	1337.5823	891.0794	1000.0	104.90647	23.067017	135.89719	-38.505722	648000	-2.1457673e-08	1697.3036	-0.05413813	-296.36108	0.009410785	0.0	755.228832244873
162	603.5331	682.7216	1125.4684	-565.96985	1000.0	66.55849	71.20104	144.62035	-93.15522	652000	-6.3180923e-09	1428.1283	-0.053000744	-463.09222	0.009395256	0.0	759.7695634365082
163	1189.3787	150.54276	1299.2715	930.0662	1000.0	91.31438	19.67587	129.89261	-15.299382	656000	-3.8146974e-09	1549.4832	-0.05413174	-517.91504	0.009475305	0.0	764.3442931175232
164	1160.4344	65.03785	1231.4762	1070.363	1000.0	109.114204	19.570045	138.20003	-33.270134	660000	-2.2411346e-08	1161.413	-0.053476837	-190.64294	0.0094508575	0.0	768.7195098400116
165	755.5096	415.32446	1205.5132	228.75127	1000.0	71.90828	65.80978	133.8907	-85.79851	664000	1.9073487e-09	1023.79315	-0.056926236	-235.12799	0.009421915	0.0	773.316969871521
166	1154.9966	82.22067	1254.5569	1037.8516	1000.0	102.548195	17.36482	129.80817	-8.947356	668000	3.671646e-08	1428.0962	-0.053039763	-247.25842	0.009461717	0.0	777.9491012096405
167	666.8506	590.38885	1151.7311	-337.31824	1000.0	70.997894	67.10889	134.90292	-89.13175	672000	-3.576279e-08	1225.9563	-0.05538443	-356.20508	0.009462341	0.0	782.576333284378
168	885.95874	563.34045	1285.8007	-85.51535	1000.0	65.27458	62.55426	124.64445	-93.86442	676000	-3.385544e-08	1407.4846	-0.056475423	-410.32214	0.00950056	0.0	787.159411907196
169	458.4583	566.7438	1074.4415	-148.35281	1000.0	50.211075	83.257706	136.54832	-93.98984	680000	3.6239623e-08	1781.8593	-0.0544694	-719.681	0.009393312	0.0	791.7647616863251
170	1142.7617	121.691124	1267.6481	963.262	1000.0	93.31736	23.576567	130.17549	-42.133053	684000	-2.2888184e-08	1477.7505	-0.054321695	-407.93408	0.009423809	0.0	796.9920339584351
171	1025.3479	197.0813	1220.9991	793.88446	1000.0	97.82562	26.50197	134.11485	-17.43442	688000	1.9550324e-08	1415.9613	-0.055708747	-252.7428	0.009434584	0.0	801.5026714801788
172	1202.7378	108.19726	1297.5881	1022.66693	1000.0	100.206955	19.143345	137.45447	-26.256294	692000	1.847744e-08	1779.1925	-0.05200966	-409.38647	0.009439132	0.0	806.2144358158112
173	694.8718	836.1345	1239.5197	-749.71906	1000.0	74.78808	69.296524	144.49289	-87.73118	696000	1.6212464e-08	1350.876	-0.05618325	-546.9803	0.0094427345	0.0	810.6103856563568
174	1157.187	141.33562	1392.689	1039.4663	1000.0	98.76867	30.066025	137.8391	-94.69726	700000	8.5830685e-09	1321.0017	-0.053457025	-275.11682	0.009463294	0.0	814.9716422557831
175	1109.165	91.94479	1247.2323	1018.1129	1000.0	109.30088	16.300632	142.03728	1.0959821	704000	1.9311905e-08	1330.2789	-0.05181074	-202.28467	0.009538029	0.0	819.3405380249023
176	657.1537	695.98157	1261.4657	-527.3716	1000.0	69.44203	66.485435	140.6889	-84.3128	708000	-2.4199485e-08	1212.5623	-0.054485865	-312.6375	0.0095457975	0.0	824.1134107112885
177	1059.6768	267.4226	1278.3496	602.575	1000.0	92.81627	22.372866	137.14352	-16.993982	712000	3.3974647e-08	1420.2032	-0.053942867	-285.93127	0.009480121	0.0	828.8615922927856
178	1103.3625	163.67549	1271.4016	843.7319	1000.0	99.524704	26.801136	135.33543	-38.507603	716000	3.1590461e-09	1135.8147	-0.051131405	-173.86334	0.009488583	0.0	833.2433307170868
179	807.749	719.80963	1371.4344	-428.16824	1000.0	67.26476	74.13031	139.68607	-100.635124	720000	-7.629395e-09	1292.3788	-0.053961646	-221.36658	0.009435448	0.0	837.5456335544586
180	1123.985	163.70627	1321.9127	926.355	1000.0	107.32587	24.04357	145.35553	-23.17763	724000	-6.437302e-09	1476.3522	-0.052852098	-226.43347	0.009514686	0.0	842.9887707233429
181	1052.6404	290.66467	1351.0602	581.4616	1000.0	91.90019	54.53602	141.77126	-96.921104	728000	1.7285346e-08	1417.5361	-0.054385822	-218.48523	0.009431504	0.0	847.3484737873077
182	1090.1503	162.28822	1289.0276	912.8249	1000.0	106.50544	24.492035	144.99828	-31.117586	732000	-7.152557e-09	1309.0262	-0.054269798	-226.90039	0.009521275	0.0	851.9098179340363
183	1316.0045	171.89244	1537.0369	1054.7975	1000.0	105.51427	17.661882	137.76633	2.006312	736000	5.9604646e-09	1520.9923	-0.0506668	-396.4463	0.009438518	0.0	856.5173351764679
184	687.5778	751.83777	1242.7073	-604.8469	1000.0	75.87454	75.7239	147.95238	-94.09849	740000	2.026558e-08	1901.5303	-0.053964198	-456.85706	0.009422217	0.0	861.014924287796
185	1321.3876	37.592213	1356.4176	1263.3639	1000.0	106.40437	21.833654	146.75702	-23.08751	744000	1.4305115e-09	1594.6353	-0.052945007	-456.3485	0.009529502	0.0	865.3369636535645
186	818.9184	721.5288	1359.6329	-423.37827	1000.0	78.96905	81.42602	153.76662	-106.02254	748000	-4.7683715e-09	1724.7617	-0.053890333	-302.83557	0.009452458	0.0	870.0227649211884
187	1133.7634	126.13846	1342.0834	1002.70294	1000.0	104.88092	27.798748	149.36464	-27.459959	752000	-4.196167e-08	1393.0698	-0.052586056	-260.34778	0.009527905	0.0	874.6600832939148
188	1248.7544	208.9653	1517.1294	936.3339	1000.0	107.33572	17.313206	143.75134	-1.1111933	756000	1.3351441e-08	1338.9578	-0.05052707	-251.37085	0.009452847	0.0	879.1984989643097
189	1224.4576	105.22103	1349.0609	1109.3412	1000.0	112.62723	23.55739	146.97964	-2.623407	760000	9.059906e-09	1558.217	-0.050627746	-200.60632	0.009518408	0.0	883.7117516994476
190	1283.4484	107.06934	1452.8723	1184.585	1000.0	116.12575	14.59682	148.74178	29.869246	764000	8.106232e-09	1512.6587	-0.052601334	-208.37341	0.0094494065	0.0	889.0002019405365
191	1351.0366	101.2455	1462.1082	1188.249	1000.0	120.01723	19.479122	152.39711	-17.878883	768000	-3.051758e-08	1216.0468	-0.050129153	-211.29303	0.009546107	0.0	893.8487911224365
192	1205.1727	244.82036	1446.6962	832.0747	1000.0	112.54317	44.78454	152.4619	-91.468735	772000	-3.3378602e-09	1353.922	-0.05068468	-219.3761	0.00957076	0.0	898.312796831131
193	1365.357	96.70242	1450.3322	1204.5121	1000.0	120.85317	17.111275	154.68256	-4.147866	776000	-1.0967255e-08	1282.2595	-0.053049654	-194.30127	0.009540338	0.0	903.0309298038483
194	1309.2803	46.33651	1372.3408	1250.8224	1000.0	123.35258	19.056988	151.94716	8.486444	780000	-1.1920929e-08	1382.9745	-0.05035964	-191.43823	0.009414414	0.0	907.3385019302368
195	1402.1483	189.52121	1626.7349	1210.9852	1000.0	123.55724	14.28833	150.37196	32.525257	784000	-2.3841858e-08	1657.9929	-0.050245922	-264.5431	0.0094751455	0.0	911.822761297226
196	1080.7499	580.81635	1507.493	83.9611	1000.0	100.766785	70.25606	157.37738	-99.64777	788000	-2.384186e-10	1385.9382	-0.051829174	-229.92493	0.009494374	0.0	916.4078593254089
197	1388.5088	179.01591	1695.3812	1245.7942	1000.0	124.40664	19.777857	154.38623	15.505547	792000	-1.2040139e-08	1455.562	-0.052273266	-223.50159	0.009492346	0.0	921.0152337551117
198	1342.6416	313.5555	1592.7417	821.56665	1000.0	127.83706	20.73878	155.90555	5.0775275	796000	0.0	1979.7393	-0.051008508	-297.07056	0.009552603	0.0	925.4166829586029
199	1400.7498	230.62112	1684.552	1073.8369	1000.0	123.03473	28.720188	159.67612	-50.061092	800000	9.536743e-09	1664.125	-0.05030788	-256.75024	0.009505243	0.0	929.9543426036835
200	1116.8761	539.11237	1685.4329	241.95396	1000.0	98.97357	74.53805	165.81415	-103.77666	804000	-1.6212464e-08	1299.3583	-0.053536136	-317.5816	0.009566603	0.0	935.2588822841644
201	1392.7603	145.77309	1544.7349	1227.8352	1000.0	126.16296	30.19767	162.3537	-28.888845	808000	-1.1205673e-08	1787.6855	-0.052625965	-304.20935	0.00957526	0.0	939.6955642700195
202	1297.187	255.39584	1610.5266	972.1274	1000.0	124.59203	24.413368	163.31404	7.2517147	812000	1.8119811e-08	1863.4011	-0.049201183	-298.14355	0.009652614	0.0	944.2677490711212
203	1375.1484	226.26617	1655.2842	1101.6448	1000.0	117.36086	35.920727	163.82224	-74.07107	816000	-2.026558e-09	2112.5	-0.05036754	-393.26672	0.009564968	0.0	948.9229817390442
204	1404.2656	162.28865	1641.6993	1191.1285	1000.0	129.33133	27.116179	168.69072	-27.278784	820000	-3.4570693e-08	1681.0503	-0.05012471	-268.98254	0.009544309	0.0	953.765618801117
205	1043.6506	750.35284	1559.7307	-251.18675	1000.0	101.45567	68.82735	166.564	-78.047066	824000	-1.45435335e-08	1572.7495	-0.05094873	-513.8843	0.0094757825	0.0	958.4526307582855
206	1449.7959	100.85884	1622.2252	1374.4833	1000.0	129.58269	21.217625	163.30885	-27.071766	828000	-6.6757204e-09	1636.3666	-0.052774034	-245.58032	0.009481798	0.0	962.8992552757263
207	1538.1451	122.549225	1687.3326	1365.2139	1000.0	131.18594	18.731451	169.30737	22.665047	832000	2.861023e-09	1889.8575	-0.04896069	-327.69812	0.009507308	0.0	967.9100065231323
208	1451.0117	56.190914	1544.6034	1395.2678	1000.0	140.72585	17.419952	174.53552	23.398727	836000	1.001358e-08	1548.7013	-0.046749845	-254.66333	0.009566871	0.0	972.7395620346069
209	1318.1498	59.26325	1394.3109	1244.6678	1000.0	130.59352	20.946756	162.93352	16.827229	840000	-1.5854836e-08	1843.1211	-0.04996411	-341.06396	0.009543745	0.0	977.1683955192566
210	1485.556	64.2931	1562.7925	1412.0955	1000.0	126.73511	21.94785	166.24625	-35.156406	844000	2.8610229e-08	1700.324	-0.05063582	-343.25403	0.009591734	0.0	982.3374509811401
211	1541.9221	72.13023	1653.421	1452.8694	1000.0	137.11052	22.66243	170.4726	-33.39341	848000	1.9073486e-08	1530.9485	-0.049957447	-233.57654	0.009616748	0.0	987.0013339519501
212	1360.4427	130.64705	1477.4077	1140.6213	1000.0	139.47618	19.04281	172.22537	-2.828425	852000	6.6757204e-09	1784.3302	-0.049251806	-366.0885	0.00961643	0.0	991.651273727417
213	1273.9128	643.62317	1728.0122	164.17422	1000.0	102.52283	67.0189	162.33028	-82.22053	856000	1.5497208e-09	1814.3798	-0.053842768	-549.7838	0.009523238	0.0	996.2445931434631
214	1455.8109	110.10289	1622.0558	1312.9918	1000.0	143.92862	24.657429	176.21332	-29.544817	860000	-2.2530555e-08	1585.7242	-0.051082086	-341.7904	0.009537657	0.0	1001.0073244571686
215	1444.4712	105.71401	1560.4469	1284.919	1000.0	132.0585	20.733023	164.4788	5.2476926	864000	-2.0623206e-08	1641.9668	-0.050237104	-214.99768	0.009597749	0.0	1005.8159286975861
216	1066.6538	505.393	1378.6162	192.02052	1000.0	103.838684	67.50091	163.89232	-82.6169	868000	2.026558e-08	1259.5865	-0.05224966	-284.89966	0.009577008	0.0	1010.2260363101959
217	1340.566	70.73601	1412.5575	1236.1042	1000.0	121.19036	24.046865	157.46712	-7.2519894	872000	-3.0636787e-08	1472.7042	-0.04872035	-225.31702	0.009510845	0.0	1014.9030427932739
218	947.68567	859.4463	1566.332	-531.7259	1000.0	82.387505	78.5676	158.14017	-92.04879	876000	-1.7166137e-08	1707.9646	-0.052102964	-303.61035	0.009555441	0.0	1019.2343833446503
219	1504.4956	100.40347	1614.9445	1349.8765	1000.0	129.09525	20.386984	160.53795	-4.369153	880000	5.9604646e-09	1741.6544	-0.05218702	-334.58508	0.009631867	0.0	1023.6969833374023
220	1519.4653	108.45337	1623.1464	1338.5739	1000.0	136.13734	26.141731	171.9788	-35.446735	884000	-1.4305115e-09	1712.5983	-0.04892354	-248.55579	0.0095178895	0.0	1029.1099781990051
221	1424.6406	60.32216	1493.4932	1332.8076	1000.0	139.1681	23.260939	171.87752	5.9952083	888000	-4.2915346e-08	1678.2996	-0.051688943	-343.25403	0.009551064	0.0	1033.83638048172
222	1584.7103	102.700806	1690.7112	1434.1855	1000.0	134.86995	12.263836	163.71649	47.927643	892000	8.5830685e-09	1588.2118	-0.050322995	-324.7793	0.009679527	0.0	1038.2413313388824
223	1446.0051	146.21689	1563.8442	1200.772	1000.0	142.06163	18.064585	172.41316	37.02733	896000	-4.2915342e-09	1944.4645	-0.048804753	-383.3285	0.009614092	0.0	1042.5045495033264
224	698.29626	850.13306	1538.523	-435.31296	1000.0	62.813572	95.82948	168.13997	-100.27252	900000	2.8610229e-08	1439.8275	-0.053170893	-322.39648	0.009574791	0.0	1047.2946989536285
225	1216.5735	464.81937	1587.5344	419.8516	1000.0	112.24329	65.20889	167.458	-116.25358	904000	-1.0967255e-08	1848.8195	-0.050264653	-294.41833	0.009637086	0.0	1052.2164120674133
226	1615.4156	62.69546	1696.2567	1527.9866	1000.0	139.559	12.828783	167.8849	64.6981	908000	5.722046e-09	1417.1125	-0.047889914	-285.5304	0.009554454	0.0	1056.6018812656403
227	1279.9526	398.63873	1730.6705	642.5515	1000.0	124.30519	64.04009	172.68379	-97.05983	912000	1.0490417e-08	1794.8673	-0.052841175	-323.583	0.009537273	0.0	1061.0314543247223
228	1569.9836	116.29513	1689.9524	1380.153	1000.0	139.1986	20.41862	169.82268	-16.499933	916000	1.9073486e-08	1480.889	-0.05020235	-238.00183	0.009583061	0.0	1065.5849194526672
229	1026.3403	855.20123	1625.9728	-445.95032	1000.0	92.317696	88.518555	172.3339	-97.470924	920000	3.051758e-08	1747.779	-0.04974578	-291.292	0.009493652	0.0	1070.107459783554
230	1680.936	171.86308	1923.2548	1489.3005	1000.0	142.72462	18.02229	170.04071	-14.804683	924000	-2.7418137e-09	1978.8015	-0.04938487	-351.25598	0.009509156	0.0	1075.4592559337616
231	1474.1042	108.17414	1653.7141	1369.8152	1000.0	149.30614	23.760855	183.362	4.1925745	928000	-9.417534e-09	1895.9403	-0.05038086	-496.88367	0.009645859	0.0	1079.9654264450073
232	1540.7098	114.8744	1715.9868	1423.5721	1000.0	136.94925	15.455545	167.69945	15.824168	932000	2.4318695e-08	1711.8853	-0.051050898	-269.7975	0.00964583	0.0	1084.7248554229736
233	1392.2731	454.67694	1891.9786	655.65717	1000.0	120.70354	66.07627	174.1377	-98.772	936000	1.835823e-08	2002.1995	-0.0511359	-343.26624	0.009590195	0.0	1089.1854524612427
234	1389.0413	368.78766	1720.8046	765.3673	1000.0	126.44476	67.61946	182.23564	-95.23139	940000	2.6226044e-09	1784.2902	-0.050724782	-255.21863	0.009565287	0.0	1093.809199810028
235	1101.1497	890.34344	1645.771	-439.7779	1000.0	105.87389	85.34998	179.27623	-90.04051	944000	1.8119811e-08	2024.8822	-0.050270885	-434.49475	0.009691713	0.0	1098.442057609558
236	1562.9304	117.26203	1740.8889	1420.616	1000.0	140.63681	21.786366	176.01842	-28.968508	948000	1.2397766e-08	1995.9149	-0.05008636	-343.64758	0.009547121	0.0	1102.833491563797
237	1476.7837	366.46906	1833.7058	865.6767	1000.0	127.17878	61.047062	179.40114	-110.92818	952000	-2.3126603e-08	1853.99	-0.049695637	-369.78967	0.009581238	0.0	1107.6180965900421
238	1619.9456	99.53567	1744.0756	1467.8914	1000.0	147.13301	22.433393	183.65329	-33.56973	956000	2.5749207e-08	1860.0803	-0.051771984	-263.24084	0.009559018	0.0	1112.1069271564484
239	882.2676	823.49567	1850.3822	-71.40186	1000.0	89.88036	94.25552	187.71886	-86.15925	960000	-5.841255e-09	2233.3894	-0.052212227	-634.99365	0.009553377	0.0	1116.826746225357
240	1236.6816	827.5561	1794.6285	-191.79427	1000.0	103.16336	83.73907	177.80194	-95.26684	964000	2.861023e-09	1953.0343	-0.04998415	-322.30786	0.00956077	0.0	1122.1070272922516
241	1674.2062	108.325676	1846.2032	1552.8016	1000.0	152.20985	17.635292	185.39516	-30.362478	968000	6.7949295e-09	1699.2955	-0.05045223	-239.6438	0.009654844	0.0	1126.390560388565
242	1656.6327	66.50707	1751.6034	1576.5514	1000.0	153.38585	17.075804	184.8217	16.143057	972000	-1.704693e-08	1806.6143	-0.049854185	-262.77026	0.009686375	0.0	1131.1967723369598
243	1722.9175	113.01067	1897.9247	1582.3773	1000.0	152.56328	20.435377	185.59671	41.769855	976000	2.9563903e-08	2275.163	-0.0509478	-450.55432	0.009606661	0.0	1135.840759754181
244	1777.6833	56.494205	1852.1056	1695.5187	1000.0	162.4219	21.558735	195.24016	5.035707	980000	-2.8848648e-08	1963.9978	-0.04788433	-328.47925	0.009580139	0.0	1140.1610493659973
245	1632.1921	144.41106	1832.7899	1488.1968	1000.0	160.99103	17.393753	193.84944	12.84438	984000	2.5987624e-08	2053.3896	-0.04839961	-363.47473	0.00956774	0.0	1144.47199010849
246	1662.2917	120.49383	1849.768	1513.6654	1000.0	151.08505	20.486074	189.80913	10.991516	988000	5.9604646e-09	2111.354	-0.048843358	-307.599	0.009659542	0.0	1148.9620158672333
247	1547.7222	168.2453	1733.2401	1278.6295	1000.0	151.5112	24.225681	192.4283	18.432926	992000	7.152557e-09	1576.646	-0.049232766	-384.3468	0.009670331	0.0	1153.5309443473816
248	1297.3127	550.0844	1757.208	370.00052	1000.0	116.49486	68.97386	177.74213	-84.15365	996000	-1.525879e-08	2021.6097	-0.050655678	-439.16602	0.009547133	0.0	1158.142686367035
249	1812.8412	17.449068	1835.7715	1793.5969	1000.0	151.12929	13.429003	184.62663	78.42346	1000000	-1.502037e-08	2048.3562	-0.04721441	-471.66382	0.009665975	0.0	1163.2277355194092
