Epoch	AverageEpRet	StdEpRet	MaxEpRet	MinEpRet	EpLen	AverageVVals	StdVVals	MaxVVals	MinVVals	TotalEnvInteracts	LossPi	LossV	DeltaLossPi	DeltaLossV	Entropy	KL	Time
0	-433.56	44.389713	-370.7701	-489.64273	1000.0	0.047914557	0.33998716	1.1530674	-1.177393	4000	-0.028854221	1740.9017	-0.012000654	-759.2999	5.5224366	0.0021931499	4.97357439994812
1	-434.35605	60.22881	-369.4882	-527.5808	1000.0	-6.5476065	7.254902	13.366855	-14.267016	8000	-0.024059985	1376.4855	-0.0045015644	-535.8594	5.528884	0.0024824978	9.174970149993896
2	-467.9577	50.50023	-401.934	-519.52606	1000.0	-19.012259	2.4749935	2.112708	-20.216253	12000	-0.06604461	860.063	-0.005434878	-306.35736	5.5150204	0.002836219	13.559845685958862
3	-517.26917	50.511024	-437.67386	-577.96014	1000.0	-20.918718	10.111687	21.423157	-26.845692	16000	-0.0344105	969.04724	-0.0041146316	-525.1718	5.571866	0.0010679814	17.972963571548462
4	-455.48624	91.59677	-363.25052	-598.15375	1000.0	-31.636286	0.53302705	-22.361235	-31.947723	20000	-0.026726097	526.4276	-0.0030332785	-66.35718	5.4425607	0.0019023044	22.408199310302734
5	-439.8815	29.964394	-390.67184	-468.25403	1000.0	-32.910374	5.1992235	20.779018	-34.77208	24000	-0.018898413	326.39212	-0.003807295	-43.10974	5.471364	0.0011982354	27.030123233795166
6	-435.84323	111.16371	-248.9406	-521.6835	1000.0	-35.886368	2.0962236	1.6618935	-36.656292	28000	-0.005485015	292.1935	-0.0022250516	-21.83139	5.521793	0.0002739269	31.33816909790039
7	-445.06595	61.859035	-345.64005	-502.55737	1000.0	-35.89403	4.036892	5.9147596	-38.082165	32000	-0.04438495	271.03925	-0.0024357773	-21.182495	5.5274725	0.00072630844	35.686638593673706
8	-419.87164	86.58043	-335.49408	-548.6219	1000.0	-38.189632	2.5220284	-2.1937966	-39.429943	36000	-0.03492964	329.0847	-0.0029074252	-10.259552	5.500613	0.0005649273	40.17135286331177
9	-404.07773	107.41198	-226.19125	-494.5924	1000.0	-37.807655	4.0387425	9.637032	-39.917362	40000	-0.0008625307	296.38126	-0.0015429182	-37.07553	5.440785	0.00080549525	44.45693850517273
10	-410.51205	69.46111	-313.6867	-492.84073	1000.0	-35.10297	6.748101	1.7366259	-40.4745	44000	-0.023630187	322.3793	-0.0027070828	-33.128143	5.516885	0.00070453197	49.301231145858765
11	-290.98236	89.12206	-174.56752	-406.8172	1000.0	-35.026085	5.090375	-1.2858106	-40.30486	48000	-0.026464432	518.45746	-0.0034889597	-124.55002	5.513629	0.0011600531	53.411149978637695
12	-453.21936	30.064678	-414.20282	-494.21402	1000.0	-33.300312	7.966697	12.981157	-39.661865	52000	-0.04325891	272.62064	-0.0017507114	-105.973236	5.5241485	0.0006549137	57.87283539772034
13	-433.9706	37.023277	-382.3237	-486.9036	1000.0	-39.5254	4.3762217	2.3591025	-41.436867	56000	-0.0668662	179.6359	-0.0016708449	-9.370468	5.5274043	0.0010347748	62.19631862640381
14	-367.17822	147.2658	-275.1417	-622.0273	1000.0	-36.659508	6.0137825	2.6094668	-42.098442	60000	-0.028908504	407.06113	-0.0017912257	-53.270813	5.492797	0.0010489632	66.73716449737549
15	-367.49445	28.85195	-324.4092	-403.9095	1000.0	-34.94772	8.260502	13.955421	-41.756668	64000	-0.023051845	208.36253	-0.0023978725	-30.111435	5.540961	0.0008835961	71.27735304832458
16	-331.86185	64.81954	-229.08171	-392.21616	1000.0	-33.66331	6.7467465	4.690118	-40.8327	68000	-0.027673347	184.55356	-0.0018687546	-29.888687	5.511959	0.0011493699	75.74852085113525
17	-408.49374	71.08862	-296.05304	-492.42358	1000.0	-32.385258	7.089781	-0.023942113	-40.083057	72000	-0.05818318	177.54997	-0.001653634	-35.290665	5.5168886	0.0012050376	80.20966839790344
18	-367.5853	54.64359	-276.4953	-418.07236	1000.0	-29.258783	7.3664393	1.791236	-41.60237	76000	-0.006620204	541.1879	-0.0015872372	-77.68469	5.5233793	0.0015952137	84.57138466835022
19	-379.67218	27.621037	-349.07736	-414.41428	1000.0	-34.29143	9.5555105	23.467123	-42.476135	80000	-0.063861094	259.35028	-0.0014517233	-36.724365	5.4931145	0.0002012881	89.04507541656494
20	-368.30057	78.95366	-239.3922	-453.6821	1000.0	-36.867	7.5882907	19.027727	-42.176674	84000	-0.06305414	300.76562	-0.0013268813	-28.244507	5.4705048	0.00016490262	93.62457585334778
21	-366.48093	81.34695	-228.34573	-435.6481	1000.0	-31.585537	9.017617	9.231082	-41.473087	88000	-0.046089243	284.78494	-0.0014984384	-34.796814	5.4843554	0.00011302221	97.78157162666321
22	-338.27158	59.165318	-285.26065	-436.33575	1000.0	-33.37791	8.09622	14.816737	-41.546486	92000	-0.0036731872	245.64906	-0.0012746288	-27.427475	5.532451	0.00021232266	101.95922684669495
23	-427.51123	11.372325	-411.03168	-442.64853	1000.0	-35.49147	7.4768806	12.274197	-41.56267	96000	-0.036308035	201.98967	-0.002286125	-44.503174	5.529975	0.0001784364	106.14452862739563
24	-384.50745	55.76332	-324.29257	-470.51556	1000.0	-38.775436	4.5962667	3.274264	-41.83994	100000	-0.04744227	235.228	-0.0017745532	-34.25363	5.5032635	0.000882099	110.48199892044067
25	-258.8478	137.87291	-49.558933	-431.8965	1000.0	-31.56757	8.171104	14.801767	-40.67636	104000	-0.051520072	360.5452	-0.0016401522	-139.97803	5.494833	0.00015628684	114.86194062232971
26	-338.992	44.001778	-286.8419	-385.77573	1000.0	-24.67333	11.679678	6.8477454	-40.510826	108000	-0.07503764	305.45587	-0.001811862	-101.60681	5.5041847	-9.122235e-05	119.03922080993652
27	-368.96088	70.03774	-293.73032	-455.87225	1000.0	-31.22984	7.8071885	-2.0689497	-40.6919	112000	-0.026616989	265.50485	-0.001889756	-45.05594	5.5474434	0.0006598262	123.24530243873596
28	-366.52463	55.788994	-273.18552	-421.19513	1000.0	-34.42297	5.24168	-2.343718	-40.066853	116000	-0.038147904	162.88797	-0.001100082	-17.111328	5.497905	0.00042117102	127.62924098968506
29	-393.5138	22.724613	-358.10797	-419.2506	1000.0	-35.43825	5.6491537	2.313015	-40.487	120000	-0.03999524	200.80865	-0.0018190853	-18.322815	5.513565	0.00015124786	131.60243797302246
30	-376.76877	19.149849	-345.5867	-397.55206	1000.0	-35.000984	6.45219	16.672358	-40.64979	124000	-0.012183355	250.80984	-0.0012589386	-24.560028	5.514782	0.00016980732	136.41276001930237
31	-404.03757	33.12206	-359.92282	-449.1058	1000.0	-37.019135	5.3525305	-3.8887043	-41.00526	128000	-0.06494861	168.69533	-0.0019670501	-12.644669	5.4828367	0.0006841312	140.4567461013794
32	-310.70633	70.90048	-198.33757	-378.3413	1000.0	-36.016834	6.950963	10.732413	-41.659367	132000	0.010865002	230.72545	-0.0016628308	-72.28458	5.4912543	-6.0425937e-05	144.92045974731445
33	-418.5081	67.56528	-367.92178	-534.1382	1000.0	-29.8702	8.076525	12.254079	-39.643322	136000	-0.04279473	418.64612	-0.0009747334	-139.68906	5.478875	0.0006984722	149.37397050857544
34	-385.47266	40.67453	-333.9667	-445.25665	1000.0	-37.69305	4.6811423	3.7223632	-41.775536	140000	0.036835857	164.09662	-0.0019223727	-17.839996	5.5064473	0.0004687513	153.6214861869812
35	-374.99396	95.01237	-247.32573	-512.6287	1000.0	-35.394627	4.275068	0.3521699	-40.182438	144000	-0.0026357824	264.31882	-0.0018158995	-57.356354	5.472264	0.00096119335	158.14035034179688
36	-353.5722	27.752506	-308.4795	-378.383	1000.0	-33.181507	9.509172	23.561342	-41.51121	148000	-0.008756338	187.6188	-0.0018606056	-25.150421	5.552192	0.00022500532	162.52700901031494
37	-355.6491	76.92015	-263.61047	-471.10052	1000.0	-32.60517	8.36322	9.402668	-41.491226	152000	0.004098483	223.89563	-0.0010689571	-68.97945	5.479661	9.652388e-05	167.16300916671753
38	-342.63724	49.74346	-295.55447	-425.53763	1000.0	-32.155666	3.4453542	-11.649402	-39.349617	156000	0.02259979	178.98662	-0.0015837494	-12.331436	5.4815526	0.00063769036	171.40442061424255
39	-396.24103	67.931984	-317.8678	-484.32413	1000.0	-33.232952	3.980604	-6.8719907	-39.3096	160000	-0.019408423	218.2605	-0.0016816575	-31.786636	5.490767	0.0007348318	175.7527153491974
40	-338.83673	22.066965	-310.27487	-372.1325	1000.0	-35.13879	6.8217735	8.692513	-41.820446	164000	-0.016514251	185.31627	-0.0017060637	-34.495132	5.4966016	3.378701e-05	180.18701910972595
41	-390.78564	37.44988	-354.908	-452.29288	1000.0	-27.095947	17.230955	35.96029	-40.244873	168000	-0.024131058	491.68726	-0.0018849485	-342.71313	5.4252634	0.00037633633	184.2614393234253
42	-322.46808	54.63204	-254.83014	-395.77393	1000.0	-35.603256	5.7487564	-4.0867167	-42.696423	172000	-0.02102303	213.494	-0.0016353261	-72.74585	5.52384	0.0008178802	188.49940538406372
43	-326.0974	31.839825	-280.22708	-356.36536	1000.0	-31.272322	7.6487765	-7.2260437	-41.883656	176000	-0.009501861	208.4551	-0.0014345553	-27.976196	5.4522185	0.0008888443	192.91995668411255
44	-394.19458	64.849976	-300.62772	-476.63654	1000.0	-33.040016	6.61185	-2.3069592	-41.323658	180000	-0.03303193	239.71811	-0.0019967183	-42.93492	5.512276	0.00092528126	197.14800333976746
45	-313.74222	73.033295	-244.17708	-426.70627	1000.0	-34.447536	5.451482	-3.1824553	-41.602867	184000	0.0009412155	285.7002	-0.001116703	-67.62372	5.525489	0.00036242456	201.58359622955322
46	-345.49475	32.313282	-297.82248	-388.18442	1000.0	-32.531628	6.4152756	1.9483798	-40.05726	188000	0.0012651195	160.98143	-0.0010265531	-15.915817	5.4471316	-7.77126e-05	206.05646896362305
47	-400.1451	60.13788	-344.65482	-498.19754	1000.0	-31.962276	5.523984	5.8738546	-39.389668	192000	-0.04520619	338.09418	-0.001494322	-61.273346	5.5010467	0.00017859667	210.3160195350647
48	-294.8983	60.13658	-231.78947	-389.45135	1000.0	-35.855587	6.4903708	14.476666	-43.19652	196000	-0.04133253	275.6346	-0.0019383058	-90.41783	5.479942	0.00023757637	214.50187873840332
49	-361.7139	50.21726	-302.8642	-433.95984	1000.0	-25.409931	15.134798	31.173243	-40.62096	200000	-0.04084462	439.57114	-0.0011627004	-291.0816	5.443115	8.3435e-05	218.58249235153198
50	-352.41833	41.38826	-285.2955	-394.07764	1000.0	-33.391975	4.1118407	-9.424899	-41.25609	204000	-0.025330741	125.973526	-0.0008868892	-13.506294	5.4603615	0.0012420779	223.3324966430664
51	-350.76828	38.21262	-284.63937	-375.31985	1000.0	-32.321133	4.577474	-11.061518	-39.811123	208000	0.0071945284	155.53732	-0.0011139237	-19.049942	5.512708	9.433544e-05	227.51457524299622
52	-369.04446	33.913197	-321.88998	-413.7905	1000.0	-32.540726	5.583	-6.882001	-39.897728	212000	-0.029231934	180.43494	-0.000769116	-19.216568	5.4919014	0.00085484184	231.25060153007507
53	-259.08087	93.2057	-137.7857	-394.69098	1000.0	-33.446228	7.166705	-2.766631	-41.980953	216000	-0.03900912	321.05267	-0.0013135746	-109.03851	5.4896226	0.00037518435	235.37015676498413
54	-335.9246	98.329834	-165.92181	-400.62183	1000.0	-29.610792	9.839136	10.729641	-41.085796	220000	-0.036250602	250.93657	-0.0022995397	-49.993347	5.4534345	0.00047074418	239.78422045707703
55	-340.57843	25.357994	-297.00235	-357.9059	1000.0	-30.09886	6.587498	6.4124403	-39.379536	224000	-0.037070278	188.05003	-0.0017991997	-22.843231	5.465242	0.00010986757	244.08609414100647
56	-325.48724	103.708984	-146.77339	-396.49548	1000.0	-31.280096	5.623845	8.312062	-39.634583	228000	-0.016736493	225.72418	-0.0014798082	-49.75847	5.481428	0.0006519875	248.30771660804749
57	-359.1697	48.08947	-289.5104	-423.83505	1000.0	-33.464577	8.697433	13.791793	-41.920856	232000	-0.03085378	149.1643	-0.0018830877	-17.072952	5.536927	0.000564579	252.64524626731873
58	-344.26562	71.51997	-269.9637	-432.00226	1000.0	-34.33821	7.1459064	-1.0920419	-41.640385	236000	-0.027201634	148.80228	-0.0009220317	-21.232483	5.480292	-0.00040930658	257.0916476249695
59	-330.7708	44.321777	-260.9951	-378.7597	1000.0	-26.850906	10.837592	9.878222	-40.530983	240000	0.037803844	232.45503	-0.0017143637	-50.530533	5.462119	0.00015403288	261.4571099281311
60	-336.5031	38.34701	-278.23904	-382.00647	1000.0	-31.23577	6.5250726	10.116445	-40.763515	244000	-0.061500747	126.26448	-0.000805296	-11.147377	5.483358	0.00048718668	266.1816680431366
61	-335.40152	98.68969	-171.41583	-434.21326	1000.0	-31.323397	5.630428	3.6076376	-38.286663	248000	-0.040842667	194.88554	-0.0016347133	-28.16301	5.421144	0.00021864224	270.43609738349915
62	-320.12198	31.80529	-273.84802	-357.0976	1000.0	-28.250484	10.494947	14.794494	-40.39116	252000	-0.0117796	195.09319	-0.0014113812	-27.59372	5.397372	0.0011794217	274.8550157546997
63	-325.10565	97.13056	-159.99113	-410.5171	1000.0	-30.008968	8.113252	17.782198	-40.12703	256000	-0.032872085	213.58124	-0.0012470111	-26.333557	5.47575	-0.00024812174	279.37347960472107
64	-250.79799	45.015797	-179.20941	-295.90906	1000.0	-28.097824	9.428992	10.0905	-40.552956	260000	-0.0066698417	238.40614	-0.001239622	-56.890488	5.463919	0.00081674085	284.0221748352051
65	-303.14694	73.05161	-187.23514	-388.64264	1000.0	-24.197754	7.7267575	17.765696	-37.22227	264000	-0.057632737	260.41757	-0.002442345	-38.632767	5.4621816	0.00041385138	288.1548330783844
66	-337.43826	53.32476	-247.88043	-388.5459	1000.0	-27.293144	7.300824	14.093734	-40.97817	268000	-0.037770692	273.91638	-0.0016170256	-45.44673	5.4305277	0.000160096	291.91930627822876
67	-350.18393	28.204512	-303.48294	-376.9761	1000.0	-30.932331	6.5474324	24.84508	-42.587093	272000	-0.008742498	222.97601	-0.0010913052	-33.66832	5.506057	0.00048302853	296.050315618515
68	-311.07422	31.141954	-266.72467	-352.17004	1000.0	-32.309265	7.4272976	22.013916	-43.09792	276000	-0.04307022	124.08142	-0.0012216568	-21.76078	5.495162	0.0002568974	300.2860460281372
69	-297.88232	45.924118	-251.17975	-369.50604	1000.0	-29.285093	7.7080216	11.498664	-41.392952	280000	-0.052049685	159.13127	-0.00124171	-29.822266	5.4610324	-0.00021563089	304.6891791820526
70	-274.07196	53.38365	-185.09386	-317.50546	1000.0	-23.362177	9.345932	10.430966	-37.560905	284000	-0.009545142	176.5305	-0.0018213727	-31.139725	5.500454	0.0009475752	309.4167170524597
71	-290.0072	23.455704	-261.36353	-323.52545	1000.0	-26.35972	6.840076	5.0903683	-38.926983	288000	-0.058824368	160.64262	-0.0009421557	-23.37468	5.4368515	-2.1050155e-05	313.75150203704834
72	-312.3169	58.19044	-227.46712	-383.52612	1000.0	-27.587664	6.4967804	16.217154	-39.98802	292000	-0.06470473	125.15727	-0.0009413734	-40.86019	5.4333167	-4.4232607e-07	318.34070205688477
73	-315.32977	24.88308	-288.89728	-345.35345	1000.0	-33.092304	6.541658	-0.32063988	-41.363277	296000	0.020780249	131.25125	-0.002022745	-44.91658	5.4969573	0.00021041906	322.4430890083313
74	-302.54156	44.323444	-251.43307	-363.88388	1000.0	-26.629148	5.2204533	0.055220008	-38.524265	300000	-0.08322289	141.20862	-0.00093946606	-18.0402	5.4767003	0.00024164474	326.81872034072876
75	-311.2753	39.10098	-259.14575	-367.41806	1000.0	-28.371037	4.584085	-0.6040913	-40.37417	304000	-0.02871575	134.92816	-0.0014589634	-15.467613	5.4961143	0.00038762056	331.10774850845337
76	-302.88916	24.326502	-275.06903	-341.10995	1000.0	-28.42069	6.235323	4.026443	-39.395702	308000	-0.008052111	181.40637	-0.0015167948	-23.830688	5.4356623	0.000115644696	335.41635394096375
77	-266.5992	51.036705	-178.62569	-302.44672	1000.0	-28.025904	6.734031	8.927791	-39.54215	312000	-0.014756428	106.021935	-0.0013373867	-23.45288	5.441874	0.00019004941	339.89345240592957
78	-338.9477	46.27431	-282.47208	-410.08963	1000.0	-22.655401	7.36605	5.5259924	-37.35646	316000	-0.021310592	276.86276	-0.0013507009	-105.524185	5.485997	0.00030019903	344.1184856891632
79	-315.38126	69.55213	-235.7988	-418.42703	1000.0	-29.758001	5.114419	-4.452448	-42.846718	320000	-0.053219624	142.79848	-0.0013107471	-27.999954	5.4909015	0.0001455236	347.59038639068604
80	-349.89172	31.115707	-313.99973	-399.69205	1000.0	-25.108347	14.023397	37.113453	-41.399727	324000	-0.035648238	389.42767	-0.0016302504	-191.66315	5.454363	0.0004020377	352.3512964248657
81	-282.92828	54.076878	-213.8221	-364.84378	1000.0	-33.33253	5.0831723	7.0116034	-45.6959	328000	-0.04393088	231.44125	-0.0015582442	-71.77638	5.482994	-0.00019016606	356.60430788993835
82	-235.53035	66.08045	-128.49774	-306.1139	1000.0	-26.270557	5.2091327	1.5069392	-41.305202	332000	-0.009099161	148.18517	-0.0018774159	-45.143196	5.4602146	-5.9094073e-05	361.1096341609955
83	-271.00803	90.75101	-120.59436	-363.03824	1000.0	-22.210754	6.8403983	2.5903835	-40.179844	336000	-0.04615376	227.86102	-0.0011993498	-39.225906	5.434218	0.00037256457	365.4237542152405
84	-241.06914	62.33132	-165.76689	-333.75995	1000.0	-23.53689	7.969521	5.920165	-41.051907	340000	-0.0211554	142.44171	-0.0013728086	-20.735947	5.435914	0.0010249085	369.088978767395
85	-288.76614	28.467497	-247.06393	-321.62003	1000.0	-26.80501	5.226465	8.792324	-36.27416	344000	-0.014695358	123.85526	-0.0016077133	-16.266953	5.44937	0.00016063488	373.20818042755127
86	-239.46033	89.18556	-111.802956	-338.83228	1000.0	-24.07936	8.258628	8.67642	-38.189724	348000	0.0050317515	146.1547	-0.0012302264	-30.223679	5.4518075	2.2220016e-05	377.4822072982788
87	-281.53278	36.349888	-245.43379	-341.10373	1000.0	-21.39125	9.505845	4.8717575	-39.89051	352000	-0.017716514	220.8905	-0.0014781654	-66.25865	5.4305067	8.305776e-05	381.7656080722809
88	-305.34912	39.626713	-266.97888	-371.39597	1000.0	-28.467691	6.484085	11.611112	-42.081417	356000	-0.049357228	177.2274	-0.0027612336	-25.475952	5.4780684	0.00022401058	386.22757029533386
89	-286.5866	44.948574	-213.90248	-327.22614	1000.0	-27.784426	5.494838	13.971793	-40.821198	360000	-0.0385637	132.60446	-0.0010185279	-17.88758	5.4972215	0.00055569975	390.6203842163086
90	-253.50348	35.891487	-213.04399	-289.27615	1000.0	-23.148964	7.1325383	6.886351	-41.58107	364000	-0.03458738	207.70892	-0.0006852448	-24.419601	5.4168625	0.0007781439	395.59101915359497
91	-279.63345	35.706535	-222.58134	-310.89624	1000.0	-24.3342	6.3663497	3.005401	-40.81599	368000	-0.04883052	167.24228	-0.0012273937	-28.204498	5.466492	0.00018090337	399.7363440990448
92	-257.868	59.450504	-195.47673	-350.36267	1000.0	-26.260298	5.1004763	1.4409106	-39.001656	372000	-0.04815911	152.09015	-0.0011944026	-44.027115	5.4751525	2.9231966e-05	404.00758481025696
93	-256.14008	74.894264	-160.21013	-358.16818	1000.0	-23.39294	8.308333	12.538922	-38.564426	376000	-0.06395716	226.45312	-0.0011925548	-42.37729	5.45204	0.00067241426	408.1828422546387
94	-299.29767	38.638462	-233.25288	-328.7007	1000.0	-23.773535	8.152362	16.00957	-42.27274	380000	-0.073382795	215.7015	-0.0016721636	-48.04698	5.468357	0.00023573106	412.3637948036194
95	-307.0027	15.126689	-294.53824	-331.684	1000.0	-29.654696	6.1098027	8.0708275	-43.527954	384000	-0.021337213	121.81694	-0.0009112805	-19.322441	5.447448	-4.4490695e-05	416.66214537620544
96	-251.76987	32.56993	-216.54834	-297.21738	1000.0	-27.566027	7.2347336	12.518031	-44.440025	388000	-0.0005044174	156.82744	-0.0012763271	-45.367706	5.4430537	0.00021670782	421.00494050979614
97	-277.70193	49.71719	-230.19273	-355.18518	1000.0	-23.418516	8.126149	13.184118	-44.912075	392000	0.061451998	196.61934	-0.0008594878	-41.079926	5.430931	1.1999428e-05	424.6484332084656
98	-245.48526	69.942024	-175.48639	-331.57703	1000.0	-25.85249	5.9726624	4.410858	-42.75164	396000	-0.025295328	142.03185	-0.0016021207	-55.09269	5.51706	-5.0028026e-05	428.64640641212463
99	-272.7527	9.387184	-257.32608	-282.70218	1000.0	-23.851719	8.258356	8.80321	-39.20907	400000	0.0056497976	105.48772	-0.0015111496	-16.274658	5.444514	-9.962642e-05	432.69119334220886
100	-252.30615	43.074272	-203.46404	-319.084	1000.0	-23.411016	8.5268	10.621757	-35.640354	404000	-0.0064598247	131.06189	-0.0016376777	-18.932068	5.475326	0.0006508808	437.595009803772
101	-263.02582	29.10119	-232.1401	-307.74792	1000.0	-23.862406	8.685956	9.557232	-40.041996	408000	-0.07099938	118.778076	-0.0012272745	-20.966873	5.4280415	0.00038603204	441.9105305671692
102	-301.75555	39.80581	-240.62344	-349.8661	1000.0	-28.092676	5.606733	1.354537	-37.650608	412000	-0.09050827	126.24909	-0.0009937286	-12.808044	5.461227	5.1136554e-05	446.5571930408478
103	-256.68732	66.11531	-144.23386	-311.7214	1000.0	-25.536926	8.114386	5.27814	-38.24032	416000	-0.07040101	109.28621	-0.0013364479	-15.26236	5.4299865	0.00018949658	451.07876229286194
104	-311.81244	32.156143	-256.91406	-338.70477	1000.0	-27.283611	5.9868536	7.817658	-38.444794	420000	-0.08188185	130.0145	-0.00083097816	-29.346962	5.4092937	-0.00033881862	454.94764733314514
105	-212.33035	63.702972	-129.29713	-292.11288	1000.0	-25.24384	5.7207136	-4.860248	-42.746315	424000	-0.013710653	212.15797	-0.0007542819	-67.00697	5.432878	0.0002802089	459.2979202270508
106	-308.60895	54.932457	-235.9564	-388.94595	1000.0	-22.124168	8.180328	0.6477208	-36.27709	428000	-0.02957088	290.44406	-0.0010900665	-94.40105	5.376883	0.00015070921	463.53157925605774
107	-281.55383	52.597225	-203.59088	-345.50558	1000.0	-30.882088	4.468516	-3.6014106	-47.91252	432000	-0.004137808	162.78185	-0.00080760196	-40.117218	5.4415927	0.0004781773	467.5142056941986
108	-311.87155	33.254375	-275.38425	-362.4338	1000.0	-27.131582	6.979047	8.407019	-41.321705	436000	-0.028340599	105.99845	-0.0011213422	-21.568672	5.418159	0.0005998903	471.74865078926086
109	-265.6803	55.856213	-190.78566	-337.9064	1000.0	-27.211506	6.355172	-0.3309551	-38.257885	440000	-0.023664951	148.41574	-0.00088391826	-29.288597	5.4595995	0.00025185276	476.0353810787201
110	-247.37933	21.473015	-230.59354	-283.90604	1000.0	-24.50406	6.61409	8.342993	-38.966263	444000	-0.027689423	190.47818	-0.001931414	-39.143097	5.434978	0.0007040097	480.40364384651184
111	-286.35474	53.23935	-248.6651	-378.00726	1000.0	-24.190649	7.017503	21.318184	-41.24952	448000	-0.031150412	122.135155	-0.0009788387	-28.007484	5.4463267	0.00016875309	484.6994023323059
112	-230.77353	41.435566	-179.1128	-275.6335	1000.0	-23.99568	7.120925	3.241815	-45.59368	452000	-0.022308212	236.06956	-0.0011265092	-53.46324	5.4528303	0.0005549286	488.74226903915405
113	-266.3059	46.16104	-197.08195	-322.18082	1000.0	-18.847536	16.344347	38.886753	-45.219593	456000	-0.049860857	381.47772	-0.0017661825	-235.93373	5.447541	0.00020681799	492.6663465499878
114	-281.39105	36.069134	-241.02704	-339.70496	1000.0	-26.23614	5.8181405	7.4196553	-44.525227	460000	-0.0038742565	160.63467	-0.0010841691	-43.014244	5.4271994	0.0003310674	496.99864864349365
115	-221.89949	43.97376	-163.93703	-275.0935	1000.0	-22.892616	10.642105	13.976546	-44.604187	464000	-0.025157169	167.9662	-0.0010781568	-42.14463	5.3728466	1.627189e-05	501.42234325408936
116	-202.99232	37.173065	-146.05719	-242.3239	1000.0	-18.056107	8.980989	8.959775	-40.18481	468000	-0.04062951	235.48557	-0.0014397055	-45.647736	5.459383	-0.00011131674	505.8125123977661
117	-264.84717	12.612098	-248.16922	-283.70068	1000.0	-21.172186	6.7428823	13.558879	-40.445126	472000	-0.05844375	150.89128	-0.0010425933	-35.46183	5.431378	4.765427e-05	510.1533637046814
118	-232.78934	51.82501	-174.26105	-305.51138	1000.0	-23.68175	5.7469473	4.990046	-38.92461	476000	-0.07994507	183.87706	-0.0016190037	-34.82521	5.4171524	0.0003839515	514.1490986347198
119	-320.85245	41.25671	-271.9775	-385.23065	1000.0	-22.880417	5.21264	3.237949	-38.770237	480000	0.0020807362	215.31015	-0.0016493283	-57.067947	5.398885	0.0002675073	518.4454927444458
120	-260.23987	35.813557	-219.30635	-298.77814	1000.0	-26.812468	6.6551647	8.877688	-44.621742	484000	-0.04755645	236.30992	-0.0009050593	-51.416504	5.477459	0.00015650374	523.1086254119873
121	-246.67145	43.7141	-195.77861	-297.19653	1000.0	-26.197657	7.938609	13.650483	-41.00837	488000	0.008209563	127.10081	-0.0010407837	-27.897652	5.4243793	0.0005478716	527.1343305110931
122	-299.9685	69.38666	-227.39246	-379.3165	1000.0	-22.713303	7.122583	5.7515006	-40.903492	492000	-0.06599313	258.54462	-0.0016930848	-52.465652	5.375075	8.397198e-05	531.5439894199371
123	-326.13763	43.03713	-260.10025	-367.00754	1000.0	-27.683023	5.117814	7.581421	-44.30653	496000	-0.075803496	146.75484	-0.0014292747	-33.99993	5.440097	0.00035251223	535.4785921573639
124	-264.0802	45.706707	-222.97643	-341.31314	1000.0	-28.55384	7.1135535	4.0256963	-42.53674	500000	-0.022067402	196.74413	-0.0011697058	-43.439133	5.4262166	7.395118e-05	539.6897127628326
125	-312.56033	81.03928	-195.71413	-422.68845	1000.0	-25.248596	7.1861043	11.221882	-43.893402	504000	-0.029197492	196.5679	-0.0007792916	-42.904053	5.4584866	0.0005169917	543.432368516922
126	-306.22046	36.388317	-249.64594	-341.5391	1000.0	-27.196291	7.4412236	19.150316	-50.5014	508000	0.0004453659	200.16606	-0.001030674	-50.22635	5.4084044	0.0003688615	547.7134659290314
127	-286.9606	37.569912	-223.85641	-318.74246	1000.0	-28.573988	3.8076642	-2.896532	-51.89256	512000	-0.0603915	110.257576	-0.0013468601	-23.415154	5.384421	-0.00040814013	551.9779994487762
128	-250.07724	31.350548	-201.7512	-289.34137	1000.0	-25.575338	6.2608786	6.0806794	-42.421413	516000	-0.02683468	120.36152	-0.0014642254	-24.163689	5.402872	0.00010274959	556.2728793621063
129	-191.39786	13.538164	-169.24371	-204.57324	1000.0	-21.05817	8.281055	8.823168	-41.60044	520000	-0.031159965	128.21414	-0.0008731466	-31.213417	5.46252	0.00031024718	560.5089755058289
130	-280.38626	44.15793	-237.06534	-351.11734	1000.0	-22.884918	7.411218	8.8894825	-34.864044	524000	-0.004676015	163.91539	-0.00087947026	-49.384544	5.4221735	0.00011372983	565.4727866649628
131	-302.90152	38.54666	-251.40053	-358.12708	1000.0	-26.482843	3.7521038	-4.747328	-40.640625	528000	-0.05346673	164.28635	-0.001600638	-34.986176	5.3908114	9.982329e-05	569.6757898330688
132	-244.73128	51.169373	-159.97809	-290.86145	1000.0	-29.077656	4.9938974	4.994042	-45.99424	532000	-0.06549502	148.9274	-0.0012180656	-56.704567	5.4438605	0.00025715856	573.8694064617157
133	-274.9049	53.99678	-213.7154	-330.3435	1000.0	-19.129398	7.9332767	6.9885826	-39.183567	536000	-0.011382274	200.73694	-0.0015481114	-65.356	5.398406	3.190303e-05	578.1108055114746
134	-222.0006	64.642944	-129.75899	-286.286	1000.0	-24.753355	8.4152565	10.685297	-42.214417	540000	-0.037304804	262.71945	-0.0010979064	-66.046844	5.417757	0.0006101439	582.4405295848846
135	-253.64218	50.365086	-214.20193	-338.2529	1000.0	-22.04162	8.85217	9.215851	-40.599068	544000	-0.051457748	178.56744	-0.0012398101	-37.816574	5.3773446	0.00060655555	586.7098126411438
136	-250.50269	25.050323	-230.90817	-293.52844	1000.0	-24.210514	6.339853	9.823816	-43.059776	548000	-0.027356286	140.91725	-0.0010055155	-21.724068	5.432247	-0.00011460507	590.6400783061981
137	-236.11275	71.165184	-117.37001	-304.02216	1000.0	-21.59079	8.106727	20.05613	-46.410976	552000	-0.0011164475	200.54857	-0.001962671	-35.531265	5.45975	0.0002498293	594.9057352542877
138	-259.21017	97.977295	-103.36131	-347.4185	1000.0	-21.758009	7.3528304	11.310853	-42.7859	556000	-0.05122868	178.44322	-0.0015411414	-38.284134	5.429591	0.0007686029	599.2364728450775
139	-291.85275	53.482452	-235.99696	-367.75195	1000.0	-24.633253	6.0945134	5.2043633	-39.977882	560000	-0.08224287	142.3632	-0.001012668	-29.267372	5.4215508	0.0007377389	603.4075541496277
140	-171.7371	93.623726	-16.133602	-256.04004	1000.0	-22.830833	8.878662	15.70058	-43.799637	564000	-0.019865913	238.3656	-0.0011703279	-78.73932	5.3827124	0.0002620864	608.2301721572876
141	-257.3182	36.59803	-219.47165	-316.52432	1000.0	-20.873856	6.3415213	10.065184	-37.719074	568000	-0.03257917	118.92991	-0.0013883896	-26.36998	5.3874445	0.00017363364	612.5077977180481
142	-274.47256	70.44356	-169.47502	-349.4534	1000.0	-23.081627	6.155147	11.457361	-33.84743	572000	-0.059943035	120.1814	-0.0014602467	-33.677567	5.455922	0.00029561497	616.9180328845978
143	-192.34274	46.543423	-121.238625	-234.74734	1000.0	-21.491856	10.708736	9.766681	-39.663532	576000	-0.054328516	139.51813	-0.0018219836	-46.76351	5.384319	0.00087194314	621.2215633392334
144	-211.41669	56.934437	-124.02401	-262.84192	1000.0	-19.201021	7.3690953	9.347206	-36.987637	580000	-0.06170603	232.10573	-0.0012838915	-37.057327	5.4526834	0.00023191112	625.7010412216187
145	-201.354	64.48916	-106.618805	-284.44864	1000.0	-19.598307	8.677201	12.847835	-41.09423	584000	-0.06703918	153.89142	-0.001503326	-34.338104	5.391802	0.0002571039	629.8555872440338
146	-216.11198	69.45874	-112.089874	-307.7646	1000.0	-21.296488	8.943002	20.89805	-38.80667	588000	0.013566751	194.92226	-0.0016058898	-43.25415	5.3980584	-5.803603e-05	634.259682893753
147	-242.35306	28.431393	-211.25261	-284.25287	1000.0	-20.65886	9.77371	11.143827	-37.97237	592000	-0.037183158	222.48578	-0.0022295564	-51.467056	5.4032245	0.0006933535	638.8334770202637
148	-229.16385	62.236862	-124.76678	-279.96667	1000.0	-27.609413	8.720209	12.622473	-44.208527	596000	0.009493414	138.3886	-0.0018113349	-53.88317	5.422389	0.0010284383	643.1339542865753
149	-200.91779	103.138	-25.422634	-283.31436	1000.0	-20.844244	10.373347	15.706052	-37.842247	600000	-0.043389965	87.208206	-0.0012426674	-17.810158	5.377993	0.00035213862	647.4572525024414
150	-248.48683	28.475191	-213.66583	-279.17834	1000.0	-15.927553	11.214553	14.763422	-33.514385	604000	-0.012402029	249.65935	-0.0012500361	-129.62595	5.372077	0.00096297014	652.214834690094
151	-226.0022	72.888954	-159.05266	-349.22858	1000.0	-22.923138	5.314657	-0.070058405	-35.805428	608000	-0.00189431	126.286766	-0.0016923085	-31.129265	5.4056106	-0.00051971973	656.8412628173828
152	-200.48003	37.974277	-142.00798	-246.64417	1000.0	-16.900246	8.791708	15.799954	-41.520847	612000	-0.019612676	206.01357	-0.0025404654	-38.0298	5.346543	0.00018398577	661.3324728012085
153	-232.2702	69.031975	-132.79791	-303.95334	1000.0	-22.552578	8.170597	7.063	-36.6304	616000	-0.07628805	92.00122	-0.0010970086	-17.057602	5.3593388	0.00039593034	665.6696965694427
154	-224.58026	32.166637	-173.97704	-262.1982	1000.0	-20.617577	8.193733	8.629703	-44.586147	620000	-0.05332607	240.59023	-0.001419954	-52.840256	5.398171	0.00013082392	670.2210772037506
155	-208.0581	36.961704	-161.63017	-257.15277	1000.0	-22.965288	7.5035586	16.275095	-40.130997	624000	-0.05065996	84.894104	-0.0017566122	-23.732853	5.4570446	0.0008812615	674.5172748565674
156	-276.88266	41.78813	-213.20723	-325.67505	1000.0	-19.510426	6.873645	9.671898	-45.658447	628000	-0.037038095	182.11794	-0.0006961897	-64.88906	5.401421	6.0385406e-05	679.1539165973663
157	-213.76245	117.61081	-31.757322	-359.118	1000.0	-22.911196	5.226017	4.7284694	-44.40333	632000	-0.048317403	240.11635	-0.00074629113	-58.546066	5.3892956	0.0006438942	682.9131014347076
158	-205.36731	24.869572	-176.86667	-233.60873	1000.0	-22.65064	5.5133824	8.904629	-43.898952	636000	-0.056044076	101.78094	-0.0014345236	-34.427246	5.399264	-0.0004326493	687.3010499477386
159	-174.9332	82.68518	-83.7995	-305.2656	1000.0	-14.805739	8.317783	13.716229	-40.50834	640000	-0.032654215	177.11713	-0.0011779293	-37.71199	5.4296923	0.00027029676	691.6234066486359
160	-301.86682	53.7436	-237.88797	-360.89636	1000.0	-20.805164	5.520244	8.379297	-45.664158	644000	-0.07939476	180.48038	-0.000980109	-81.57658	5.452099	3.137541e-05	696.321897983551
161	-254.91821	35.97026	-204.83327	-306.02756	1000.0	-27.420555	4.6294975	-2.6644342	-46.31636	648000	-0.030610228	146.46951	-0.0015717912	-33.68299	5.374753	0.0004181881	700.6731865406036
162	-234.46024	18.14198	-203.499	-248.69136	1000.0	-23.513863	4.49967	0.94264644	-45.46311	652000	-0.012614902	145.53218	-0.0016613929	-28.168663	5.3882303	0.0002699814	705.0964727401733
163	-259.14325	15.367859	-237.41841	-276.35303	1000.0	-23.384583	3.8635468	11.344422	-43.06193	656000	-0.06092712	78.92578	-0.00069392845	-15.4413185	5.3448215	0.00060137245	709.5026309490204
164	-237.77707	38.341713	-179.92844	-273.43442	1000.0	-23.45815	3.8930438	1.0175234	-41.91645	660000	-0.009454449	128.43074	-0.0014133621	-28.929749	5.393346	0.0003859527	713.7967855930328
165	-232.99503	36.55715	-173.34682	-269.51025	1000.0	-20.70362	6.607973	6.975841	-45.473152	664000	-0.04841474	125.08104	-0.0011234432	-25.902214	5.39128	0.000443686	718.4086971282959
166	-194.23633	52.40972	-109.26803	-246.926	1000.0	-22.272152	8.125655	12.23383	-37.62966	668000	-0.061283246	162.0422	-0.0013079718	-45.072235	5.399136	-0.00037150638	722.6784060001373
167	-234.41304	33.067703	-198.78311	-281.8413	1000.0	-21.304882	6.372507	14.0942135	-38.447475	672000	-0.022784624	77.53328	-0.0009596925	-14.649467	5.377435	0.00031521433	727.132833480835
168	-177.88121	57.96442	-134.26447	-277.2424	1000.0	-20.136961	6.6420164	10.335881	-41.868126	676000	-0.0719323	139.22984	-0.0015483499	-48.365387	5.3890777	0.00014716125	731.6197211742401
169	-209.68173	32.08156	-161.18703	-244.1622	1000.0	-13.422533	10.60878	18.3473	-39.466293	680000	-0.024614036	278.38446	-0.0008870922	-119.196396	5.3179564	0.00035125716	736.0547335147858
170	-212.97224	24.621454	-170.48253	-230.56108	1000.0	-20.264048	5.484432	5.2480435	-37.843895	684000	-0.09578783	139.24269	-0.0021356493	-31.040375	5.354464	0.00014030356	740.9248483181
171	-172.73328	61.42492	-75.2656	-226.6971	1000.0	-19.287184	6.337461	18.471792	-42.41648	688000	-0.081224844	192.32436	-0.0010549352	-60.401855	5.398636	0.0008575767	745.4295816421509
172	-234.22124	16.18748	-209.16565	-250.40302	1000.0	-17.820236	7.4531856	18.527754	-36.698524	692000	-0.037020545	147.4839	-0.0009501204	-55.87059	5.3450127	0.00042857014	749.9079463481903
173	-184.18907	39.566154	-125.792465	-230.14592	1000.0	-21.90048	4.9848623	12.688477	-42.50279	696000	-0.0006048164	225.63289	-0.0014278716	-66.40752	5.354209	0.0002897714	754.0970418453217
174	-185.55106	56.223274	-102.80605	-243.46346	1000.0	-15.149832	8.41511	21.079432	-41.37078	700000	-0.04641053	129.48318	-0.0012266599	-31.9152	5.3540382	-0.0002082659	758.4882130622864
175	-202.325	98.406494	-53.96919	-325.82397	1000.0	-18.359255	7.0959277	14.309385	-40.651676	704000	-0.03339356	268.43832	-0.0009337142	-60.620773	5.413465	0.00025156105	763.2531008720398
176	-161.0471	60.9223	-65.50736	-231.74501	1000.0	-15.467316	11.516106	21.429111	-48.956287	708000	-0.030600518	199.41385	-0.0016209781	-56.83542	5.3722353	-0.00044320803	767.7505404949188
177	-252.71115	13.985396	-237.631	-274.4423	1000.0	-17.077536	6.8479266	17.586477	-36.53712	712000	-0.037078135	246.1014	-0.001183141	-80.146545	5.3462524	0.0006053662	772.2117569446564
178	-201.39131	62.753235	-148.76688	-304.43414	1000.0	-20.996819	5.4696727	9.571541	-41.296204	716000	-0.06639759	143.54547	-0.0011828691	-52.34645	5.366379	0.0002092551	776.2565665245056
179	-230.4563	30.975567	-193.6913	-274.4459	1000.0	-18.855438	8.234781	18.090883	-41.367306	720000	-0.03281433	142.49622	-0.0006644502	-34.213104	5.3505898	0.00018650515	779.6947631835938
180	-242.822	54.408203	-161.64952	-315.00955	1000.0	-21.468884	6.3272095	7.8960066	-42.133373	724000	-0.08646427	148.28009	-0.0014693737	-25.497948	5.3303814	0.00026291818	783.8425827026367
181	-252.84192	63.151054	-172.21999	-347.3907	1000.0	-21.194668	7.238067	4.852834	-45.38806	728000	-0.015397609	244.62263	-0.0013987729	-42.91736	5.409661	0.0007028683	788.3953914642334
182	-164.88348	73.69919	-45.097984	-232.24844	1000.0	-20.10225	7.9695907	10.777511	-44.97957	732000	-0.038701337	239.90642	-0.0023830608	-61.31938	5.355339	0.0008646381	792.831681728363
183	-80.93175	71.61525	6.637329	-192.02187	1000.0	-14.668638	9.949346	26.616467	-48.181835	736000	-0.014779619	244.9275	-0.0017169109	-74.45009	5.3321643	6.127059e-05	797.1570558547974
184	-205.7923	34.41722	-163.07489	-259.13242	1000.0	-11.7675705	9.370624	25.353521	-43.48104	740000	-0.056082025	192.2205	-0.0012530833	-81.38236	5.342152	0.00082669145	801.6166973114014
185	-224.82146	54.146587	-132.84503	-269.70316	1000.0	-20.35932	6.399547	10.827165	-39.633877	744000	-0.028045135	160.82031	-0.0004311502	-31.374374	5.396985	0.00011583406	805.8806314468384
186	-203.77414	20.157124	-183.4801	-228.14531	1000.0	-19.77452	9.020717	12.090681	-38.44365	748000	-0.0136106	111.91705	-0.0012639482	-27.715439	5.4371886	0.000470504	810.2359087467194
187	-237.31035	21.737787	-204.97375	-264.23822	1000.0	-21.665522	4.7688713	5.296999	-35.442547	752000	-0.017741932	97.78461	-0.0015990809	-29.367058	5.3570075	-0.00055291766	814.5289771556854
188	-202.22836	88.40962	-101.99703	-344.15002	1000.0	-13.232724	9.053565	15.7957535	-38.76116	756000	-0.015820514	263.2808	-0.0012157559	-59.34642	5.376083	-0.00033360647	818.8560061454773
189	-202.88107	29.2673	-153.79689	-231.17245	1000.0	-23.819664	8.677672	12.009367	-43.61374	760000	-0.04590934	162.48631	-0.001578059	-56.95247	5.3649945	0.0008069981	822.7552733421326
190	-180.67717	4.3459764	-174.48654	-186.77005	1000.0	-16.224056	6.7214584	11.127925	-42.453358	764000	-0.04929816	156.5074	-0.0009801909	-33.203873	5.33186	0.0005549783	827.8385605812073
191	-199.73624	32.18383	-159.3234	-245.61179	1000.0	-18.798744	6.42886	4.4098186	-34.24287	768000	-0.03780921	146.28204	-0.0012746304	-38.405624	5.3416486	-0.00057666807	831.9833085536957
192	-210.88959	34.916	-151.38531	-240.28522	1000.0	-21.540108	8.079832	18.768637	-41.699642	772000	-0.042075995	107.59022	-0.0015716851	-20.563637	5.3570075	0.000114156726	836.3619773387909
193	-218.2852	32.96412	-176.81825	-255.69922	1000.0	-17.71802	8.941231	18.448618	-35.117905	776000	-0.027295738	131.16978	-0.0013172831	-43.08911	5.348012	0.0002161941	840.7707915306091
194	-192.66754	45.448616	-120.82125	-246.12949	1000.0	-19.351082	6.5927553	8.977835	-38.655216	780000	-0.045965075	246.59517	-0.0011813641	-56.8266	5.3574257	0.0008118906	844.5823745727539
195	-202.74501	40.25592	-147.58871	-241.5135	1000.0	-17.487883	7.463294	16.913502	-41.99733	784000	-0.028964818	106.839645	-0.0010933578	-29.594414	5.303546	0.0003893831	849.1217126846313
196	-175.17857	135.18752	-55.465622	-403.48996	1000.0	-15.778514	5.6759367	8.020244	-33.132915	788000	-0.09119718	298.28656	-0.0015682951	-62.405716	5.3275323	0.00023778414	853.5933544635773
197	-187.20901	77.21802	-85.49686	-272.09186	1000.0	-18.60718	6.84392	12.192973	-45.138744	792000	-0.05567954	166.85757	-0.0014250427	-31.561157	5.3656406	0.00024158311	857.9752111434937
198	-183.92471	55.307556	-89.49075	-229.05247	1000.0	-18.17482	7.564954	18.645699	-43.706165	796000	-0.03083871	173.67873	-0.0011462234	-40.612198	5.3281837	0.0010359474	862.1448409557343
199	-211.91528	54.50086	-133.39644	-271.991	1000.0	-16.411457	7.6044865	16.025372	-37.584858	800000	-0.030897439	132.84563	-0.0012639724	-39.680946	5.37663	0.0005385319	866.7131717205048
200	-180.80414	43.015663	-119.17759	-232.51384	1000.0	-19.253422	8.051293	14.094177	-41.681145	804000	-0.02215214	185.81474	-0.001018649	-32.163498	5.314466	3.372902e-05	871.6980628967285
201	-214.6625	45.629158	-164.70084	-278.6436	1000.0	-18.598913	6.2228594	10.457572	-35.84467	808000	-0.02544988	130.45003	-0.0016069114	-23.666306	5.356331	0.00038036937	875.979651927948
202	-250.48659	31.141449	-197.21811	-275.45963	1000.0	-22.651676	4.119492	4.137387	-32.869358	812000	-0.0691687	97.739075	-0.0014333054	-18.87642	5.353959	0.0002133258	880.3302340507507
203	-187.93935	40.159992	-127.05204	-237.77013	1000.0	-21.381115	7.8770676	13.541832	-34.960114	816000	-0.05482012	165.74269	-0.0014004521	-32.857224	5.336163	0.00021902686	884.6046175956726
204	-200.95653	54.610313	-111.788895	-248.9906	1000.0	-18.769987	7.95662	27.845383	-38.052616	820000	-0.009321521	123.24833	-0.0011867378	-27.71022	5.3289676	0.00080348394	888.6446716785431
205	-247.57025	62.421818	-148.20177	-319.2863	1000.0	-19.874582	7.7377915	15.169041	-38.47595	824000	-0.02455664	127.3079	-0.001000518	-35.259415	5.3793755	-0.00019488114	892.7573618888855
206	-213.52	33.00686	-180.14374	-263.22107	1000.0	-22.225218	8.243438	16.940926	-46.456577	828000	-0.028008277	165.38216	-0.00087055005	-31.002777	5.3511033	0.00023419785	897.2530655860901
207	-147.124	61.072826	-45.911373	-197.6799	1000.0	-20.189842	8.264654	17.34887	-38.557972	832000	0.016426465	160.33209	-0.0019864487	-71.052826	5.3531923	-6.992936e-05	901.4643399715424
208	-219.69272	50.118626	-142.52657	-272.6323	1000.0	-16.015598	7.525952	18.234642	-30.425629	836000	-0.019869374	141.69766	-0.0011765696	-49.077362	5.3676257	0.0002958634	905.7896730899811
209	-133.23999	75.86745	-12.486649	-219.86282	1000.0	-18.795538	7.9221015	13.468939	-37.782803	840000	-0.030540116	202.82878	-0.0013037175	-63.80287	5.3219786	0.00034439724	909.9965491294861
210	-178.18588	22.703045	-139.8685	-198.7034	1000.0	-13.750984	8.852538	17.409662	-35.09486	844000	-0.0014438743	119.28841	-0.0016086025	-35.294403	5.3758383	0.000712292	915.132523059845
211	-232.31891	61.195866	-179.28076	-328.57828	1000.0	-15.640204	7.461073	11.737787	-36.69294	848000	-0.03305979	289.9731	-0.0011921711	-74.92949	5.38628	0.00043891335	919.650116443634
212	-226.3115	21.185942	-207.56429	-262.20035	1000.0	-21.986273	5.4551196	17.311031	-40.70263	852000	-0.008517628	88.77663	-0.0013983482	-23.213348	5.35701	6.826037e-05	924.0696527957916
213	-206.98032	34.806686	-176.03453	-262.9017	1000.0	-17.352493	8.239751	16.184856	-36.094814	856000	-0.030455226	130.67622	-0.0018270742	-27.84594	5.314075	0.00014292335	928.3835809230804
214	-148.1289	34.88364	-108.3982	-204.10835	1000.0	-19.592863	7.0348167	6.918459	-35.87301	860000	-0.08284809	131.68167	-0.0014314055	-48.468216	5.332195	4.3726326e-05	932.449666261673
215	-193.50946	32.89691	-149.97513	-239.79175	1000.0	-16.921309	7.39835	9.34948	-32.278625	864000	-0.060767133	121.316956	-0.0006309822	-24.595573	5.263568	0.0001518032	936.8433561325073
216	-180.84604	36.375214	-139.39915	-222.13774	1000.0	-17.168703	7.2225633	5.5247054	-43.04626	868000	-0.06268316	174.04353	-0.0010288432	-34.446396	5.3672686	-7.821423e-05	941.3395597934723
217	-183.66034	38.731373	-144.65166	-230.29929	1000.0	-18.813036	7.2270074	17.241812	-37.519096	872000	-0.031146754	185.0368	-0.00059342757	-34.99005	5.33245	0.0005327653	945.7124755382538
218	-171.17505	62.46898	-66.12592	-220.27051	1000.0	-17.916739	6.528653	18.62233	-38.453316	876000	-0.0659509	183.19003	-0.0012053028	-52.62474	5.3380594	0.00024401653	950.0896849632263
219	-88.91732	102.29825	22.278252	-255.10411	1000.0	-14.823028	10.04102	17.439442	-38.956394	880000	-0.06837803	229.61884	-0.0014988631	-75.94914	5.367293	-0.00014382112	954.5447542667389
220	-175.92982	67.066025	-128.80865	-291.63736	1000.0	-12.930768	11.955276	22.22852	-33.29116	884000	-0.0030301127	259.36536	-0.0012563404	-85.894714	5.3580804	0.00013329052	959.2477238178253
221	-230.00143	35.92792	-186.35622	-283.08008	1000.0	-18.8463	6.286658	19.611937	-44.615776	888000	-0.0656253	99.282425	-0.0015017763	-26.86158	5.342685	0.00029790544	963.5886759757996
222	-197.67273	35.449417	-171.53694	-258.3817	1000.0	-20.946222	7.9370937	21.684143	-36.084217	892000	-0.057254814	112.56056	-0.0007872768	-22.506104	5.3598523	0.00015986341	968.0014712810516
223	-176.37444	86.33095	-73.87039	-277.57962	1000.0	-17.840355	7.839894	10.3425665	-37.04432	896000	-0.03270237	111.17563	-0.0010223873	-24.634315	5.343464	0.00017680955	972.4041423797607
224	-212.75882	49.915188	-142.68225	-283.44547	1000.0	-19.331413	8.48677	13.338343	-30.952831	900000	-0.014887921	114.60436	-0.0012364266	-30.226677	5.339705	2.7713955e-05	976.6903820037842
225	-114.09874	57.156822	-22.081095	-177.84126	1000.0	-16.587133	7.7277184	10.507209	-37.731506	904000	-0.006502258	152.97421	-0.0012755347	-67.30455	5.331827	-0.00045998496	981.172830581665
226	-186.83345	73.887344	-60.876812	-240.45767	1000.0	-11.874664	8.261446	14.36894	-28.613478	908000	-0.011170387	203.4235	-0.0011240272	-63.946823	5.3347726	4.9479306e-05	985.536958694458
227	-164.60385	57.26717	-105.68248	-235.234	1000.0	-18.407068	7.3201623	14.478057	-34.699936	912000	-0.015520351	128.22002	-0.0013191197	-40.053062	5.3573847	0.00088861166	989.7658174037933
228	-182.62311	22.065987	-153.42165	-215.51584	1000.0	-14.662531	8.712114	18.729261	-33.597702	916000	-0.014097916	138.12067	-0.0013866955	-29.73462	5.35602	6.846112e-05	994.1298520565033
229	-170.95143	39.08658	-116.475914	-225.01888	1000.0	-18.25637	6.5359116	12.523066	-31.68346	920000	-0.04216597	77.886154	-0.0009275377	-16.873753	5.35537	0.0005629579	998.7367656230927
230	-188.0279	49.08764	-118.40371	-256.96738	1000.0	-12.676739	7.775771	19.192162	-33.209454	924000	-0.014376498	190.6354	-0.00079901423	-49.5235	5.340993	0.00021915496	1004.0669636726379
231	-146.49557	53.732727	-79.74511	-227.5669	1000.0	-18.20188	9.041685	14.527617	-33.097206	928000	-0.018236117	93.86784	-0.0018797666	-31.182587	5.3586893	0.00016768248	1008.2913100719452
232	-224.1787	29.670109	-188.55972	-270.14178	1000.0	-17.914732	7.8673787	14.990187	-28.659645	932000	-0.06871672	152.22519	-0.0010017231	-58.129692	5.321743	0.0005581979	1012.7966139316559
233	-132.2165	70.970924	-39.034832	-226.5372	1000.0	-19.673067	7.4797754	11.509557	-36.469994	936000	-0.07716949	180.063	-0.0010735244	-81.21352	5.3309913	0.00034462858	1017.09326171875
234	-125.5085	25.230919	-96.555855	-164.04765	1000.0	-11.231898	10.535921	21.015165	-37.287926	940000	-0.013974609	121.155106	-0.0011056662	-27.478622	5.313125	0.0003570565	1021.023188829422
235	-170.77223	75.05164	-53.021866	-243.88155	1000.0	-15.458301	11.278981	18.809635	-31.45495	944000	-0.020916466	80.28391	-0.0010756608	-15.527649	5.323343	0.00036213093	1025.2541363239288
236	-198.72858	9.142039	-185.52754	-211.2918	1000.0	-19.559309	8.440416	13.843704	-30.608564	948000	-0.053319205	95.21896	-0.0011723042	-21.141258	5.299674	0.00021991074	1029.7561886310577
237	-131.19022	88.595436	-48.710392	-280.63568	1000.0	-11.444882	9.3194	17.885662	-32.931477	952000	-0.032926913	260.2214	-0.0014043078	-50.050278	5.3560977	0.00015061068	1034.0670499801636
238	-151.1039	72.94989	-69.76203	-264.4366	1000.0	-13.11448	9.677377	20.239302	-42.12214	956000	-0.07383437	235.71031	-0.00093106925	-76.81471	5.3625393	-2.9061854e-05	1038.3744838237762
239	-113.616745	81.73403	18.45776	-183.0132	1000.0	-15.051925	13.667687	21.507767	-44.361107	960000	-0.0554274	291.38303	-0.0006111674	-75.34181	5.3337374	-0.0001537249	1042.8096380233765
240	-110.5431	42.218655	-58.305275	-175.77939	1000.0	-12.189263	9.45421	17.767067	-37.97645	964000	-0.066239886	159.50677	-0.001011759	-38.54412	5.332373	7.25857e-05	1048.1564042568207
241	-74.21806	44.24218	-14.028223	-135.61377	1000.0	-9.097475	9.992821	16.6626	-39.31499	968000	-0.030390218	113.89666	-0.0012349039	-27.717033	5.3214474	-0.00013300299	1052.4383685588837
242	-151.76047	85.63083	-56.85392	-245.47687	1000.0	-10.281007	8.873048	15.512373	-28.565756	972000	-0.076968744	159.03624	-0.0010478646	-50.352463	5.354443	0.00046191018	1056.7266902923584
243	-160.31737	53.460793	-77.81605	-222.88243	1000.0	-15.823447	9.61524	20.326183	-36.764057	976000	-0.07824219	112.85536	-0.0011978298	-27.786018	5.30712	0.00020522653	1060.851081609726
244	-163.23573	22.282263	-134.48161	-186.0495	1000.0	-14.674587	7.621146	15.288053	-33.47878	980000	-0.0587345	128.38284	-0.0013059676	-24.667267	5.3626056	0.0003827092	1065.349440574646
245	-93.81763	79.93377	32.429913	-182.74547	1000.0	-13.929656	8.1120205	18.29153	-33.877995	984000	-0.045961414	231.51015	-0.0014463924	-60.136078	5.2793865	0.0008578545	1069.6794288158417
246	-211.14246	51.231247	-125.529366	-253.7384	1000.0	-14.285197	7.939537	21.348587	-30.497114	988000	-0.0163185	111.21877	-0.0014631804	-45.186737	5.3121448	0.0005577286	1074.2646641731262
247	-75.064575	100.072655	82.55852	-195.57947	1000.0	-13.359095	9.985863	13.784894	-32.818157	992000	-0.0850979	213.89813	-0.0012625307	-85.10556	5.2649503	0.0003085799	1078.8113975524902
248	-182.95987	79.12035	-50.643333	-254.77773	1000.0	-12.3469	12.1482525	25.331572	-34.798824	996000	-0.04616478	253.04321	-0.0017645955	-76.97627	5.3349657	0.00053061725	1083.000479221344
249	-168.70201	28.055971	-139.78534	-214.4191	1000.0	-16.76957	7.951182	22.858923	-41.101013	1000000	-0.018642928	90.79791	-0.001877809	-20.661598	5.3185644	0.0005687868	1088.0420534610748
