Epoch	AverageEpRet	StdEpRet	MaxEpRet	MinEpRet	AverageTestEpRet	StdTestEpRet	MaxTestEpRet	MinTestEpRet	EpLen	TestEpLen	TotalEnvInteracts	AverageQVals	StdQVals	MaxQVals	MinQVals	LossPi	LossQ	Time
1	-56.429817	99.84499	39.174408	-347.6884	-63.60564	32.95479	-29.802315	-118.89205	184.18518	23.2	5000	15.971225	17.937246	104.23612	-12.481716	-19.279999	1.0475855	45.664538860321045
2	-61.110138	102.36342	6.642505	-343.94223	-252.5393	314.8008	-33.79789	-1167.0331	200.80952	87.1	10000	232.17351	128.07455	629.83734	-134.51768	-258.1941	70.10703	86.19850516319275
3	-632.3346	1033.4286	-20.99093	-2698.2498	-1269.9581	1383.046	-28.097202	-2993.9019	270.0	430.1	15000	944.3969	234.87498	1472.4098	-1024.6437	-988.935	787.19507	144.05138969421387
4	-328.81354	681.75616	-19.122683	-2732.828	-75.74998	31.861242	-32.708447	-132.45935	119.65909	25.4	20000	1363.7205	112.573265	1664.62	-1435.1656	-1387.8762	1677.2351	195.78377413749695
5	-310.82397	683.05145	-19.345922	-2699.4504	-408.21585	852.47394	-26.09933	-2942.7166	117.925	137.4	25000	1327.1547	124.1339	1619.0812	-649.8287	-1344.8708	1911.9658	243.87140583992004
6	-244.9401	612.1951	-16.566162	-2727.986	-661.18567	1156.3699	-32.343273	-2993.42	91.13461	224.3	30000	1209.2506	139.62961	1498.6346	-628.617	-1223.3528	1842.4486	294.2601294517517
7	-455.98187	904.3072	-25.88834	-2771.6704	-970.8971	1294.4326	-46.327625	-2980.0403	170.06061	329.1	35000	1044.4806	139.1716	1322.9113	-591.22144	-1055.5892	1188.3379	352.91507601737976
8	-493.90292	881.5766	-28.15623	-2719.2188	-1263.1312	1398.3672	-50.73121	-3000.125	184.58333	422.3	40000	878.3723	116.79014	1102.6918	-532.50037	-887.2211	775.24585	402.4934003353119
9	-716.6047	1101.2379	-37.88532	-2723.878	-99.22065	69.102264	-22.411942	-253.75047	268.1905	36.8	45000	712.0846	101.58372	942.05743	-432.68338	-718.48346	494.8332	457.6580581665039
10	-259.95956	589.8043	-20.504616	-2721.687	-191.21385	260.9319	-75.66671	-972.26624	100.34884	64.1	50000	558.47455	77.47353	719.8656	-584.1546	-563.09454	335.33087	501.53390622138977
11	-310.76785	611.77783	-22.287073	-2638.7063	-419.65527	846.9703	-35.53385	-2932.089	118.166664	142.7	55000	415.9711	69.54282	578.17676	-289.2299	-419.19803	218.26799	558.994542837143
12	-434.2474	797.201	-24.692759	-2685.817	-700.9496	1054.0101	-38.99481	-2927.0337	164.63333	238.4	60000	284.03168	51.946026	399.3565	-311.01602	-286.1596	105.36175	610.3564131259918
13	-608.5267	985.24774	-21.58907	-2656.0679	-700.7536	1154.3486	-30.99112	-3031.877	233.09525	235.2	65000	185.3449	40.83985	289.08075	-202.60411	-186.77219	45.72226	662.2537398338318
14	-542.57947	917.48785	-24.234402	-2702.3547	-1277.5934	1376.7128	-50.77124	-2991.0938	204.69565	430.6	70000	105.27781	31.275993	182.03383	-119.91649	-105.99844	19.733402	715.9107489585876
15	-970.02954	1221.4377	-27.236176	-2761.1946	-674.44226	1129.3718	-47.66263	-2959.4941	365.8	231.5	75000	34.979355	24.354864	107.159424	-85.46165	-35.26963	7.457012	772.7432427406311
16	-252.13503	625.7787	-17.975107	-2681.7488	-686.87244	1131.0027	-37.324974	-2996.2717	97.416664	233.0	80000	-17.918816	13.080981	35.508102	-67.42555	17.495201	6.559796	823.9475440979004
17	-107.75512	351.9924	-7.7146974	-2673.8555	-85.310295	37.091236	-34.606365	-152.716	42.39496	34.3	85000	-47.771664	15.573988	27.127695	-86.00449	46.984886	10.019202	877.1980798244476
18	-41.838963	151.70271	-3.445398	-2575.7913	-34.742496	15.5644455	-12.105647	-53.528343	18.319445	15.5	90000	-67.23013	28.128849	41.87344	-117.57112	66.2441	11.975131	933.5019791126251
19	-27.55434	69.86331	13.678796	-1197.3093	-37.48645	42.21549	-11.396129	-156.22868	14.586006	15.2	95000	-72.22115	37.456776	32.534306	-126.03556	70.86658	13.236396	987.2779896259308
20	-18.023125	10.164928	27.979668	-77.11459	-31.361927	22.181862	-16.140806	-91.17606	10.535865	13.5	100000	-70.564476	43.296776	31.132963	-126.44711	69.122215	12.612143	1041.5089206695557
21	-18.120333	16.431349	-4.38859	-171.50932	-18.18845	7.2878757	-9.112847	-35.155136	11.217489	9.3	105000	-67.09217	45.152275	39.448215	-133.80728	65.580215	12.192773	1095.5929591655731
22	-18.471745	20.194275	1.8637813	-312.57312	-21.584175	9.196139	-9.345237	-35.582478	10.947369	13.0	110000	-62.861286	44.824875	42.219345	-132.50894	61.407978	11.220735	1149.5019388198853
23	-17.290863	12.73687	-2.924321	-92.38865	-15.594542	5.7466617	-9.436926	-27.516329	10.632696	9.7	115000	-58.641167	43.53493	50.30276	-125.880875	57.21146	10.899856	1203.7744903564453
24	-17.42371	17.15404	-1.227319	-204.16792	-14.537498	7.3722277	-8.529298	-31.69322	10.984615	8.2	120000	-54.74055	42.24867	57.061153	-126.9957	53.368103	10.483841	1258.093290567398
25	-17.993603	15.0406885	-4.077848	-117.72994	-21.34712	13.683945	-7.823005	-46.034477	11.48046	11.6	125000	-51.26635	40.844635	53.606823	-123.39326	49.913498	10.368419	1312.0346817970276
26	-19.626118	16.760118	-4.700891	-154.95164	-14.454559	3.9174411	-8.765171	-23.39056	11.30474	8.4	130000	-47.92887	38.99133	41.474983	-119.48855	46.630783	9.731311	1367.2204427719116
27	-17.892836	14.335543	-5.370303	-139.49042	-20.318275	11.887079	-11.401256	-50.51907	10.52	9.5	135000	-45.320103	37.83233	44.705925	-117.81509	44.07981	10.030858	1422.790848016739
28	-16.405478	11.937815	-1.9801635	-104.23515	-13.611453	2.8442752	-10.596698	-20.128706	10.388773	7.4	140000	-42.632164	36.654816	30.90038	-111.589355	41.422	9.445113	1477.1538245677948
29	-17.325397	16.112316	5.21548	-219.37506	-16.332232	9.59563	-7.353806	-35.500397	11.022026	8.6	145000	-40.36338	35.30118	33.430775	-114.7811	39.14868	9.265051	1531.237511396408
30	-16.52188	21.045597	14.297342	-324.59454	-14.0993395	4.9766016	-8.586029	-23.443872	10.419624	9.0	150000	-38.72067	34.57445	28.640701	-104.610405	37.586437	8.543248	1585.3602230548859
31	-16.7829	15.293832	0.0893727	-161.88593	-20.461096	9.269477	-9.611178	-39.234436	10.654584	9.3	155000	-37.771908	34.53085	28.26882	-107.10812	36.6562	8.556278	1639.2215991020203
32	-15.760204	12.550506	4.9761224	-155.32973	-25.117695	18.948326	-10.678501	-70.21492	10.210204	10.6	160000	-36.949604	34.60945	34.181232	-108.46397	35.856506	8.627087	1693.8647928237915
33	-15.442006	9.41584	1.36947	-73.440605	-12.522792	3.4469016	-8.659802	-21.654942	10.054217	8.0	165000	-35.32273	33.888832	34.456184	-104.89139	34.2694	8.24375	1748.412148475647
34	-14.751263	9.593489	7.765539	-135.11073	-29.426865	44.920525	-10.02891	-163.77768	9.807843	14.5	170000	-34.003605	33.311142	24.778296	-102.125786	32.92295	7.8614054	1803.2870292663574
35	-14.907171	9.436079	5.0733685	-97.10678	-15.250157	4.3234878	-10.6903305	-26.87909	9.801961	8.2	175000	-32.29554	32.295753	24.963577	-103.0847	31.222645	7.6499496	1858.1933090686798
36	-14.817389	8.76333	-3.0543272	-80.08655	-30.570963	34.772583	-10.336266	-131.36282	9.8698225	16.2	180000	-30.484442	30.967896	32.577477	-105.76969	29.443544	7.2935276	1913.2800967693329
37	-14.452461	8.178345	-0.19862285	-74.558624	-13.7479	5.7806306	-9.511882	-30.420528	9.545801	7.4	185000	-29.023588	29.828981	27.242876	-102.05851	27.998795	7.248718	1968.3984303474426
38	-14.278327	8.699891	3.650127	-81.892105	-18.743587	5.9589424	-9.786859	-27.877111	9.422642	9.4	190000	-27.877172	29.05725	25.110477	-103.76142	26.859493	6.941203	2024.017539024353
39	-14.914667	9.204776	-4.553498	-74.82666	-18.352257	10.691907	-10.782707	-43.645233	9.549619	9.8	195000	-26.467724	27.980148	22.347576	-101.795845	25.500692	6.700112	2079.638996362686
40	-14.554052	10.976483	8.085497	-117.73321	-18.8753	13.263454	-8.897809	-51.815178	10.076612	10.7	200000	-25.770945	27.413984	30.239681	-98.10113	24.820063	6.6530676	2134.821628808975
41	-13.828159	8.622637	0.7902575	-95.007576	-18.376307	7.25309	-10.331688	-29.566467	9.10584	11.2	205000	-25.332003	27.329197	28.782845	-97.11986	24.40873	6.508055	2190.369327068329
42	-14.271016	9.020456	4.051031	-80.99981	-16.293137	11.06122	-9.06794	-47.543602	9.632692	13.1	210000	-24.867554	27.04263	22.963879	-93.40275	23.93085	6.210585	2246.611273288727
43	-13.985648	9.351172	2.670455	-90.27033	-16.671719	6.1248994	-10.980473	-30.870884	9.725681	8.0	215000	-24.125635	26.35967	52.230957	-92.78129	23.184454	6.200202	2301.979108810425
44	-14.10087	8.2552395	4.2447333	-57.02311	-15.086449	3.9314613	-10.216384	-22.526215	9.639691	8.0	220000	-23.09271	25.29622	28.508184	-87.910126	22.181229	5.9515457	2358.1633405685425
45	-14.0822735	15.475187	4.6801295	-316.23642	-15.300873	4.727479	-8.4383745	-23.562178	9.865878	12.5	225000	-22.43302	24.836252	34.376045	-89.36551	21.519905	6.099005	2413.975976228714
46	-14.119566	11.007339	7.2059984	-150.1107	-18.158895	11.355452	-8.786123	-46.951744	10.080646	8.7	230000	-21.9307	24.674164	21.176447	-88.48938	21.059587	5.7736955	2470.0818605422974
47	-13.755109	10.8089905	13.492004	-121.805305	-12.840741	4.4114766	-7.75185	-22.869389	9.748538	8.0	235000	-21.996017	25.045202	29.97951	-89.0629	21.15873	5.9647346	2525.9973328113556
48	-14.151225	7.9192386	-0.03272449	-52.212883	-12.038559	3.995633	-6.251871	-22.516642	9.730994	8.4	240000	-21.857553	25.258802	20.085987	-86.95778	21.025639	5.6839514	2582.4249691963196
49	-13.129771	7.410287	11.201554	-56.059284	-13.783315	4.7883654	-9.386406	-22.34063	9.656371	9.1	245000	-21.83748	25.91741	18.896029	-87.60374	21.018106	5.58951	2638.8047726154327
50	-13.585137	8.609564	8.478563	-79.27311	-16.61964	9.357178	-9.339748	-41.773308	9.339552	10.9	250000	-21.680473	26.053429	18.149117	-90.6072	20.875065	5.803279	2694.9480538368225
51	-12.981372	8.9557085	21.56671	-76.95373	-15.080719	7.8890295	-6.4550576	-28.92897	10.212679	8.7	255000	-21.456932	26.312513	18.50704	-92.27704	20.647024	5.8871903	2750.54052066803
52	-12.313787	7.807479	6.959192	-86.299416	-14.163139	11.982165	-7.6900406	-49.639053	9.584291	10.0	260000	-21.186428	26.339865	22.683455	-94.09618	20.365656	5.8362355	2806.8888881206512
53	-12.775272	15.839719	6.20115	-275.74164	-10.948656	6.5804534	1.9798993	-25.938227	10.183299	10.6	265000	-20.690598	26.10223	19.594059	-93.40029	19.841782	5.637861	2862.1760427951813
54	-12.703661	12.897207	15.180589	-172.84325	-18.531004	16.84758	-5.66269	-54.610188	10.852494	11.4	270000	-20.14457	25.921337	16.945469	-93.61869	19.243948	5.684262	2917.8894302845
55	-10.595741	9.6834545	20.299057	-75.6834	-8.484055	6.7312193	-1.3472927	-27.69258	10.786177	10.4	275000	-19.528429	25.533567	19.316647	-90.80348	18.580841	5.490309	2974.185914039612
56	-9.604747	11.147689	13.329275	-90.20297	-9.546447	5.3620486	-5.330315	-23.282585	11.430206	9.6	280000	-18.915087	24.871922	20.239347	-87.69415	17.914892	5.401894	3030.3402564525604
57	-4.749496	16.079689	117.82878	-65.297646	5.3792295	20.667036	35.6226	-33.23499	16.531986	43.6	285000	-18.155203	25.226423	16.881832	-89.37874	17.033684	5.101755	3086.2269780635834
58	186.48799	279.1047	861.6117	1.9898121	891.06036	26.448679	910.2397	834.90985	237.6842	1000.0	290000	-15.968847	26.234377	17.14643	-89.12994	14.367092	4.843724	3148.4172127246857
59	758.7289	108.63142	892.9159	565.1598	387.85385	148.65245	566.05096	207.8483	1000.0	1000.0	295000	-9.775578	27.2631	31.32459	-94.345795	7.1300783	6.34926	3216.2067108154297
60	406.4026	47.258327	483.3628	347.73053	111.33424	39.333603	162.82745	41.978703	980.0	1000.0	300000	0.81454957	27.218723	53.065712	-76.106415	-4.75312	12.974292	3281.3243334293365
61	245.72215	146.96066	524.9255	38.216988	196.62932	83.645325	293.93066	32.294285	930.5	1000.0	305000	12.84945	30.851633	78.84191	-76.6533	-18.292866	27.564924	3353.2806136608124
62	30.640326	208.96811	291.11783	-217.50647	-175.8934	42.699013	-118.012924	-247.30038	1000.0	1000.0	310000	25.446735	35.713997	95.606735	-74.65945	-32.432304	45.84289	3418.5727565288544
63	-123.5552	297.1924	281.76675	-634.1101	-265.1283	346.3113	298.0601	-926.8349	1000.0	1000.0	315000	37.390644	40.635975	120.76858	-74.0411	-45.821995	65.908	3485.750897169113
64	-578.3357	541.7232	36.863186	-1404.5372	-948.22833	81.22391	-791.51276	-1108.4121	1000.0	1000.0	320000	49.477943	46.434326	141.98419	-81.26796	-59.30262	92.785286	3554.332214832306
65	-211.07217	358.92224	-4.3248167	-1078.2234	-305.407	382.7893	-16.849096	-1124.5691	623.7143	392.6	325000	59.2774	50.360035	159.31036	-63.96091	-69.90423	117.3757	3608.076980829239
66	-489.34277	324.62473	-97.15891	-1083.9799	-1001.70703	285.05386	-754.8543	-1589.7045	928.8333	1000.0	330000	69.75493	56.557526	189.91199	-68.221695	-81.555885	153.90147	3678.38236618042
67	-729.1046	151.65114	-489.05023	-899.25586	-595.6925	269.62854	-9.879938	-879.7471	903.6	1000.0	335000	83.8871	63.63216	230.13422	-60.395615	-96.99463	199.60252	3742.368180990219
68	-839.91003	200.4109	-638.9996	-1196.3018	-935.088	486.4588	-14.820447	-1497.9297	970.4	735.4	340000	99.393394	72.24867	296.64352	-65.39229	-113.81899	267.81985	3804.6821258068085
69	-577.4728	477.193	-23.241228	-1419.7383	-1731.8479	166.064	-1294.9332	-1850.1207	578.6	1000.0	345000	119.73784	83.53209	380.16656	-72.19711	-136.17804	364.52368	3878.5390136241913
70	-1426.5907	275.34576	-1104.479	-1813.4161	-1628.442	668.39343	-302.38193	-2137.1929	1000.0	920.9	350000	141.76411	97.39253	457.27213	-94.31654	-160.60315	502.40714	3944.3399698734283
71	-1186.5272	837.53174	-210.02444	-2415.4915	-976.0773	814.49884	-29.215193	-2164.2285	692.1429	627.7	355000	164.81761	112.23761	505.03766	-111.66561	-185.54228	666.0163	4005.2757589817047
72	-831.84186	611.7177	-190.7215	-1860.4259	-968.6138	542.6775	-30.884296	-1609.3749	633.1429	706.8	360000	187.57481	125.31066	561.1238	-125.62196	-210.31223	865.78577	4063.234790802002
73	-945.1821	628.95233	-167.81377	-1930.4777	-1897.7253	798.57574	-222.37807	-2772.1008	674.375	855.3	365000	217.60658	142.18423	661.6273	-138.75032	-242.96117	1178.6965	4131.642148971558
74	-1367.905	877.6963	-95.51451	-2352.5322	-382.5604	547.67584	-26.515158	-1487.172	666.625	265.2	370000	259.66537	164.71477	799.28796	-169.40923	-289.57553	1643.8234	4192.695877075195
75	-1723.5481	762.8649	-276.401	-2507.932	-1187.0162	956.76697	-79.22567	-2262.2388	834.6	579.7	375000	304.7999	190.72533	910.82806	-156.30783	-339.35178	2122.804	4247.382914066315
76	-1398.7609	830.3116	-330.47565	-2220.0154	-1339.6051	967.8539	-96.99218	-2752.9236	699.2857	632.4	380000	348.1284	219.98338	993.7564	-203.56364	-386.8481	2562.2856	4307.7721490859985
77	-1362.9878	720.82684	-104.19747	-2277.317	-1059.7231	984.4273	-27.37878	-2676.621	698.375	460.4	385000	399.23715	255.18915	1126.0251	-262.6127	-443.0656	3368.132	4373.465842723846
78	-1214.381	854.02344	-63.39512	-2474.7507	-2200.911	632.97845	-427.73547	-2970.4038	600.125	925.2	390000	475.7904	299.25327	1385.5453	-286.19196	-525.53186	4591.555	4438.960962057114
79	-1263.7251	947.49554	-39.669834	-2221.0781	-1296.7996	1120.0133	-126.6619	-2718.1191	597.625	525.1	395000	553.0541	347.5907	2001.5146	-347.05695	-607.7888	5988.3203	4496.990203619003
80	-1314.9565	1019.7179	-138.3044	-2406.8774	-1153.8938	1280.2747	-60.33775	-2926.5837	573.5	429.7	400000	656.8122	420.80594	3059.932	-532.83154	-719.7385	8123.5127	4563.182782411575
81	-1700.788	1010.06177	-271.06424	-2594.9802	-1444.5544	1185.869	-51.245647	-2729.7876	709.8333	564.3	405000	805.69	539.915	3783.5647	-509.37012	-879.6994	11668.961	4616.973707437515
82	-788.7511	1073.2867	-28.842121	-2581.7356	-1645.7727	1253.9711	-33.20198	-2800.2458	320.27777	618.1	410000	995.2099	674.18414	5219.2266	-536.1634	-1084.9166	17563.4	4686.959033489227
83	-1364.6914	1114.5457	-70.12781	-2615.1333	-1044.1624	1235.6212	-86.44258	-2959.5461	559.625	371.5	415000	1238.4642	815.98315	5940.615	-696.02246	-1348.8708	27149.62	4742.119073152542
84	-870.4587	1037.7538	-27.403624	-2508.1504	-1800.4193	1410.8773	-28.12314	-3032.2722	358.7143	612.6	420000	1492.4594	950.5135	6431.928	-948.0422	-1622.3843	36744.22	4805.54558968544
85	-1507.2402	1156.593	-64.37448	-2602.8596	-1228.2908	1323.1499	-23.784746	-2984.728	601.2222	440.7	425000	1736.8629	1026.9679	6328.3247	-1101.5057	-1886.5253	48066.39	4869.750893831253
86	-1109.758	1151.6503	-36.715458	-2580.7393	-1233.4019	1271.5956	-66.390045	-2934.6638	449.8	446.1	430000	1954.6097	1097.4904	5955.94	-1618.5175	-2122.5012	60191.03	4926.201758384705
87	-1105.385	962.3845	-210.22572	-2524.5005	-1327.5492	1196.2468	-222.7635	-2914.105	463.54544	475.6	435000	2181.6902	1186.5365	6208.4033	-1346.3206	-2365.477	72210.266	4988.272132396698
88	-1419.0225	1093.1727	-56.426983	-2664.614	-1865.9082	1225.3046	-50.308704	-2918.1865	568.875	664.2	440000	2423.312	1263.8674	6411.0664	-1427.6941	-2626.2505	86281.07	5048.243607521057
89	-2133.7463	828.14685	-290.48013	-2639.0417	-1336.0212	1136.8738	-94.411224	-2862.2256	855.5	510.0	445000	2649.4724	1325.3528	6801.4243	-1556.0564	-2867.1384	102605.7	5110.941298246384
90	-2156.71	719.47363	-552.08325	-2548.6716	-1558.1355	1232.6525	-29.811394	-2874.7495	868.6667	570.2	450000	2856.2688	1408.2826	7143.4043	-1993.0841	-3095.508	119378.74	5175.641660690308
91	-1888.4023	974.02496	-308.94977	-2602.5022	-2093.8582	1122.7642	-328.7179	-2914.987	761.1429	748.6	455000	3094.656	1497.6627	7849.1353	-1778.4703	-3348.6943	138529.52	5244.112021684647
92	-1681.5908	863.3131	-192.31323	-2634.608	-1265.7236	1343.0663	-68.38141	-2956.6436	685.1429	440.2	460000	3361.5007	1616.3519	8454.638	-1730.7998	-3632.372	167175.95	5302.097537279129
93	-985.2768	1006.9007	-50.685722	-2625.121	-1336.873	1269.2604	-91.89227	-2917.8723	391.75	480.9	465000	3601.0317	1724.061	8263.269	-1888.8972	-3886.6338	192806.67	5361.153471708298
94	-1108.5419	1151.3795	-81.96514	-2590.3606	-2113.0273	1172.0825	-313.2164	-2909.2075	442.6154	741.6	470000	3900.7583	1891.9016	8327.677	-2172.8628	-4208.1187	223117.6	5434.1837413311005
95	-1351.334	1124.3971	-69.49553	-2628.6956	-2153.8425	1087.0455	-41.23797	-2928.761	538.6667	751.8	475000	4162.1855	2017.1211	9492.144	-3265.129	-4485.1855	249939.38	5499.535058259964
96	-1840.465	1086.9718	-41.55079	-2554.0225	-1404.5739	1198.9095	-133.10124	-2891.8137	730.8571	502.8	480000	4433.354	2124.6982	9894.86	-3371.273	-4773.4717	283456.56	5562.515620708466
97	-1098.32	1118.0526	-101.00037	-2621.733	-1578.6936	1274.329	-141.2713	-2899.4653	443.36365	564.0	485000	4734.895	2254.878	10706.177	-2971.4146	-5094.5933	319529.38	5624.677232980728
98	-1647.2347	1134.8716	-129.27281	-2668.6843	-1083.0608	1147.3573	-100.29429	-2871.3967	637.7143	405.1	490000	4972.1665	2357.8066	10967.41	-2805.0312	-5353.1396	339646.53	5680.580983877182
99	-1907.0579	1050.2771	-244.48473	-2625.1682	-1634.78	1254.8795	-113.363	-2894.1104	747.2857	587.4	495000	5217.311	2427.8684	11213.18	-3647.12	-5608.242	365141.0	5745.95618224144
100	-1167.0504	1107.7794	-29.745306	-2645.759	-1845.0139	1221.2885	-124.14032	-2898.7046	479.5	660.0	500000	5432.6357	2495.918	11856.878	-3627.7893	-5839.247	386978.34	5810.138252258301
101	-1208.3346	1137.3824	-105.88119	-2673.7444	-1785.026	1276.2554	-154.78038	-2964.3965	478.8	637.0	505000	5724.583	2605.8997	12669.9375	-3303.6858	-6139.442	421044.03	5874.035973072052
102	-1333.6445	1108.6493	-84.73834	-2581.0288	-1887.1953	1183.8557	-74.42801	-2935.2512	535.9091	675.5	510000	5963.1396	2693.4727	12400.393	-3901.2126	-6389.6235	443886.03	5947.843955755234
103	-1630.7927	1057.4841	-26.077932	-2592.0034	-1851.4998	1311.5007	-47.44157	-3000.6233	660.8571	648.1	515000	6236.5996	2812.5354	12604.159	-3644.8865	-6679.4297	483773.3	6009.9107837677
104	-1660.1631	1137.6565	-55.59863	-2636.4995	-2121.8618	1067.6975	-27.726664	-2899.8647	662.5	763.8	520000	6478.992	2924.7405	13719.787	-4553.5557	-6935.9014	524384.6	6079.694943666458
105	-2478.3691	65.21568	-2392.1802	-2572.8506	-1307.7367	1295.5594	-48.04833	-2941.0105	1000.0	466.7	525000	6670.153	3027.8777	14328.644	-4713.696	-7134.5854	547235.3	6140.904997110367
106	-1370.321	1168.1477	-99.29831	-2581.4028	-2113.121	1193.6066	-48.86912	-2975.7488	546.625	741.8	530000	6820.892	3054.0327	14273.72	-4951.2744	-7294.3535	554260.8	6202.704701900482
107	-1108.268	1171.362	-64.630135	-2687.0305	-1864.941	1280.6929	-38.220154	-2969.033	437.45456	659.9	535000	6975.2095	3107.4592	14439.392	-4642.141	-7452.537	568824.75	6265.830515623093
108	-1197.1798	1196.6392	-46.193638	-2648.4734	-1197.9069	1250.7786	-63.88223	-2943.8892	471.5	445.1	540000	7128.196	3151.7656	14525.114	-5389.6323	-7610.976	592098.25	6334.636364221573
109	-2565.7854	73.27641	-2485.7385	-2680.2583	-777.6551	1057.2147	-27.155905	-2934.2798	1000.0	300.6	545000	7206.977	3153.2222	14934.278	-3994.254	-7690.653	593153.0	6395.792536973953
110	-1248.1173	1218.0309	-22.028141	-2640.0994	-1057.8519	1195.9178	-30.7158	-2941.874	490.22223	386.4	550000	7358.784	3194.248	14617.12	-5358.5967	-7839.672	612128.1	6451.493874311447
111	-1260.6769	1218.7227	-18.27187	-2643.9941	-727.5319	1051.123	-65.87753	-2899.702	490.0909	271.0	555000	7519.6665	3317.9668	15564.121	-5827.2954	-8017.719	640774.6	6516.029130458832
112	-1778.985	1120.6119	-36.593685	-2675.9258	-1533.3245	1250.7357	-193.46504	-2898.6306	687.7143	548.7	560000	7706.7656	3424.4268	16546.594	-5155.935	-8204.225	649012.9	6579.170597553253
113	-2191.7588	858.7613	-275.1376	-2616.19	-2364.3962	1040.9867	-87.32052	-2953.6553	848.8333	824.9	565000	7758.018	3477.7192	17010.916	-4430.669	-8247.83	660131.75	6647.929944515228
114	-1569.7374	1186.7529	-28.482145	-2622.955	-2051.888	1256.3077	-98.19263	-2941.179	619.875	719.1	570000	7879.639	3613.8303	18766.596	-5055.0977	-8378.92	686198.2	6715.738080263138
115	-1997.6781	861.2528	-464.40802	-2676.4614	-1552.2823	1339.6134	-39.30353	-2956.8535	792.8571	545.6	575000	8064.0073	3793.0823	20329.164	-4529.3965	-8580.451	713949.5	6785.050584077835
116	-1098.8254	1125.4336	-90.97817	-2665.783	-1535.6882	1337.388	-34.803986	-2949.88	433.54544	541.8	580000	8186.556	3897.3376	20780.357	-4799.8716	-8698.867	746143.6	6848.114171028137
117	-1690.0629	1084.1544	-18.926525	-2606.7136	-1925.6262	1061.1714	-84.5202	-2891.6086	663.4286	681.8	585000	8277.194	3925.6357	21094.426	-5494.6333	-8795.023	758461.5	6911.636790037155
118	-961.7896	1065.4679	-37.3689	-2663.229	-1125.6412	1089.1718	-28.883774	-2929.8794	386.2143	404.8	590000	8388.83	3961.514	20416.578	-4825.4907	-8901.874	767909.0	6977.171583414078
119	-1623.375	1078.2189	-105.41525	-2645.5654	-1552.2317	1140.4531	-116.71185	-2887.4055	646.2857	554.0	595000	8529.601	4039.938	21857.85	-4862.3594	-9054.442	777927.5	7038.782033205032
120	-1588.3134	1068.0808	-82.72821	-2684.4944	-1258.6396	1136.4034	-82.979515	-2912.7578	620.44446	454.1	600000	8563.057	4086.8525	20033.756	-5125.174	-9089.976	771772.5	7107.392858028412
121	-807.57367	972.7071	-24.776264	-2686.6318	-1340.3134	1278.335	-84.11861	-2959.8674	323.42856	475.0	605000	8634.818	4126.9365	20523.02	-4763.836	-9160.515	783815.4	7166.892398357391
122	-1349.9565	1271.8475	-20.367098	-2682.077	-1745.4983	1293.3877	-35.422302	-3011.6768	519.5	607.4	610000	8624.232	4145.09	20476.467	-5375.853	-9143.133	780157.7	7234.537721633911
123	-1112.6128	1035.0012	-37.468338	-2630.8176	-1723.9333	1232.2332	-96.43886	-2892.9968	451.2	608.7	615000	8580.153	4171.648	21129.13	-5829.965	-9098.486	777324.5	7296.297533273697
124	-1899.1425	1079.0568	-184.56079	-2650.882	-1151.3792	1165.3983	-143.07117	-2951.0833	741.7143	413.2	620000	8513.536	4178.7324	22372.318	-5302.17	-9023.345	756718.5	7361.689371585846
125	-1525.9995	1049.4187	-127.051125	-2671.395	-1972.0837	1276.2434	-23.157444	-2921.151	598.8889	704.1	625000	8573.535	4285.2163	26082.486	-4716.5454	-9087.086	765225.5	7431.932247400284
126	-1856.8903	867.4564	-420.4776	-2626.6477	-438.663	839.21674	-23.353277	-2911.4558	719.6667	167.9	630000	8578.669	4414.383	25069.584	-5868.6685	-9091.846	774169.56	7484.835378170013
127	-1221.9137	1166.9093	-51.48915	-2661.3213	-1967.7305	1133.949	-105.34579	-3034.3865	480.66666	703.2	635000	8638.1455	4525.303	25890.129	-5908.77	-9154.451	803213.9	7559.803622245789
128	-1310.1385	1071.9089	-61.165718	-2671.9285	-2278.6313	1124.4757	-37.386395	-3000.5896	519.7778	804.8	640000	8684.068	4608.2915	25597.66	-5343.093	-9205.179	785390.75	7624.962918758392
129	-1612.8196	1071.1075	-164.9691	-2678.8633	-1191.058	1208.7253	-38.09193	-2930.5178	627.125	418.8	645000	8717.872	4678.058	26378.936	-5250.1895	-9241.23	810012.56	7688.961966991425
130	-1516.9313	1154.7272	-76.45565	-2680.9153	-865.7007	980.91376	-73.21606	-2807.0928	588.25	322.9	650000	8722.168	4679.779	24691.395	-5449.54	-9241.0625	806106.9	7748.761801242828
131	-2193.127	914.88635	-149.73949	-2634.9275	-1998.8412	1099.6415	-357.03516	-2997.2258	846.5	702.0	655000	8716.889	4708.235	24685.838	-7224.7275	-9239.622	803227.7	7815.966237783432
132	-1392.0004	1125.1613	-29.362873	-2658.824	-1647.7926	1284.5286	-300.7007	-2997.9338	560.2	567.9	660000	8710.218	4750.0244	24626.342	-6072.949	-9229.131	799816.4	7886.094501495361
133	-1507.9113	1103.6921	-65.6094	-2643.7197	-2280.316	1024.7299	-25.336256	-2999.892	604.625	812.8	665000	8783.713	4836.8926	25558.732	-5805.4126	-9301.471	806744.75	7952.886918783188
134	-1626.8173	1030.3973	-298.68723	-2639.8604	-1951.32	1173.7974	-196.01863	-2953.085	636.375	679.9	670000	8762.228	4874.6724	25611.482	-5591.8716	-9276.984	807491.56	8020.518647670746
135	-1400.9376	1039.3665	-69.900696	-2616.5103	-1313.5847	1279.4069	-46.8046	-2924.793	570.0	468.1	675000	8661.851	4778.6025	25400.12	-5549.127	-9168.551	798683.2	8086.241525173187
136	-1408.5415	1041.1653	-111.750275	-2677.3726	-2062.7324	1219.0704	-114.13507	-2975.8455	557.0	727.7	680000	8601.539	4702.308	26164.232	-7271.5874	-9104.234	796442.6	8152.8767557144165
137	-1297.558	1158.1064	-19.63041	-2696.6707	-1228.1857	1190.6934	-114.2061	-2950.9175	495.7	447.2	685000	8491.891	4646.766	26435.764	-6469.9194	-8978.28	779481.0	8217.07191991806
138	-1670.5042	1166.8834	-125.81491	-2746.1348	-1273.5054	1345.8004	-25.286856	-2981.4941	633.4286	449.2	690000	8416.936	4555.7134	26830.797	-7493.8174	-8891.544	767253.56	8274.963746786118
139	-1430.9812	1143.0767	-61.844982	-2690.9485	-2163.0085	1179.4045	-197.48453	-3002.9026	557.5	744.0	695000	8374.959	4545.488	26548.744	-6165.168	-8847.722	763157.9	8349.5768866539
140	-1372.578	1123.4918	-74.92639	-2679.903	-1532.4686	1361.6724	-73.05563	-2930.1375	542.55554	538.7	700000	8328.791	4582.41	26102.676	-5295.9287	-8800.146	754049.56	8413.5592648983
141	-1937.3265	1035.7573	-178.71533	-2680.9658	-1434.0626	1220.8425	-62.820896	-2944.0303	744.6667	504.7	705000	8224.511	4510.7876	25479.428	-6473.6685	-8682.744	727109.3	8472.822279691696
142	-1464.6831	1222.2511	-47.193115	-2695.6218	-1616.1829	1322.1134	-39.48855	-2930.2927	577.0	566.4	710000	8095.121	4442.8076	25193.184	-5318.23	-8545.151	700901.25	8538.226073980331
143	-767.42456	915.8034	-9.235137	-2711.1648	-1308.025	1154.5212	-93.03045	-2975.9592	310.52942	459.5	715000	8014.895	4388.922	25056.64	-7073.951	-8455.418	703683.56	8602.909520626068
144	-1032.007	1168.7552	-21.390116	-2627.3787	-1006.62683	1201.2559	-35.493305	-2909.0552	403.69232	368.5	720000	7945.178	4388.698	25291.994	-7365.3994	-8381.689	691664.0	8666.281341075897
145	-1014.8571	1074.4226	-120.933075	-2690.9875	-1489.7783	1182.964	-94.93561	-2939.843	402.0	534.6	725000	7890.531	4386.283	25028.04	-7099.088	-8327.776	671595.0	8722.388248443604
146	-1269.7657	1156.0507	-57.04696	-2657.412	-1105.9093	1065.9001	-70.23667	-2833.4705	495.58334	400.0	730000	7758.2637	4297.2764	25508.31	-6428.291	-8183.531	657776.1	8794.174203157425
147	-1497.5563	1138.8495	-45.44711	-2623.3586	-1711.6921	1339.9276	-23.875769	-2970.2808	578.125	618.8	735000	7582.961	4218.1675	24520.898	-6291.863	-7991.379	627394.8	8856.692173957825
148	-1934.2314	1073.9203	-135.8558	-2694.7683	-1598.6149	1311.3575	-28.678373	-2919.3337	747.4286	566.0	740000	7412.085	4154.1714	24421.912	-6029.814	-7810.4097	606854.0	8925.283038377762
149	-1135.9795	1066.2654	-116.75416	-2650.388	-2097.8254	1087.6786	-216.70221	-2908.5225	445.0	754.7	745000	7321.0073	4129.3228	24249.893	-5809.2007	-7709.422	586471.5	8988.926578760147
150	-1732.9954	1128.1348	-22.75491	-2643.6973	-1205.6565	1333.5043	-10.388983	-2903.8503	672.75	435.1	750000	7089.893	3995.1086	24070.19	-6747.4233	-7470.6353	565992.3	9055.768408298492
151	-2255.6018	714.94666	-669.16113	-2679.2876	-967.9694	1134.4503	-37.720707	-2979.3372	884.1667	342.4	755000	6933.3286	3857.9656	23797.85	-6192.9556	-7304.4478	538897.1	9120.861056089401
152	-1743.2167	964.20264	-135.29482	-2630.4177	-1222.8053	1203.347	-35.190784	-2946.7493	683.6667	462.3	760000	6815.6367	3770.9736	23429.3	-5602.75	-7176.5146	543794.94	9176.417303323746
153	-1154.6619	1070.1239	-38.156197	-2684.2085	-1574.5354	1177.3253	-40.16504	-2965.516	451.07693	554.5	765000	6659.909	3627.0398	23215.191	-5817.9736	-7006.9126	495987.6	9249.4221367836
154	-1065.3557	1034.8757	-66.30359	-2687.874	-1172.048	1212.3907	-15.972127	-2900.0696	428.6	416.2	770000	6609.6377	3597.1365	24547.996	-6090.443	-6956.2266	500573.03	9306.571097135544
155	-1512.5135	1119.0817	-66.9447	-2621.1199	-666.39075	957.7111	-28.885412	-2930.8767	610.6667	274.2	775000	6510.538	3579.5493	24911.248	-4762.99	-6843.421	474212.06	9372.925702571869
156	-1185.7139	1086.9152	-31.876677	-2571.0579	-2229.6006	1104.1102	-35.139248	-3016.602	487.4	803.3	780000	6440.5625	3599.562	25573.932	-4762.078	-6767.864	456560.28	9442.64233970642
157	-1800.7479	1054.9948	-84.99116	-2619.091	-1815.2305	1152.0056	-34.16659	-2684.8574	734.0	709.2	785000	6444.411	3596.3804	25454.1	-4165.3027	-6768.0405	435971.6	9511.610681056976
158	-2021.5026	875.1573	-99.41604	-2643.6438	-975.0244	1162.1724	-74.01047	-2875.3064	842.5	363.1	790000	6355.085	3571.6587	26148.797	-6458.7646	-6672.6235	428641.7	9576.102444410324
159	-1452.5901	1035.2292	-88.73717	-2520.7288	-1429.5715	1375.751	-20.703001	-2981.4536	651.875	516.7	795000	6296.9067	3582.0396	27205.326	-5021.835	-6604.419	413003.06	9644.585958719254
160	-1879.8787	944.2499	-40.2481	-2614.7285	-1839.2522	904.0079	-83.805336	-2865.8804	804.2	809.4	800000	6249.8223	3585.2783	27336.47	-5813.773	-6548.7393	398530.12	9704.177145957947
161	-2347.309	178.32646	-2122.1294	-2648.9692	-1790.095	1357.3536	-15.1249485	-2985.5635	1000.0	621.8	805000	6207.012	3573.306	26899.057	-4379.877	-6500.0664	396843.22	9772.23831987381
162	-2521.393	188.50171	-2171.4023	-2704.6543	-2147.7056	982.98175	-54.340523	-2993.7393	1000.0	792.6	810000	6236.612	3643.9097	25102.232	-4976.347	-6532.154	401407.22	9841.79468369484
163	-2247.3704	827.26465	-399.02414	-2661.2788	-2308.8552	1113.8585	-15.372876	-2979.2097	859.1667	807.8	815000	6227.0757	3592.447	22607.508	-5830.606	-6518.577	377259.75	9914.191096544266
164	-1207.6427	1189.7096	-29.662739	-2603.5234	-2297.3286	956.8943	-239.88503	-2925.89	486.81818	809.1	820000	6036.3623	3413.2576	19647.377	-5713.309	-6317.8784	359266.16	9988.375322818756
165	-1256.2712	957.7413	-209.4691	-2568.5615	-1725.6858	1218.4633	-56.960884	-2962.3406	526.7	614.2	825000	5854.303	3231.4631	18612.09	-5293.633	-6125.9	341426.75	10060.061866044998
166	-1397.4971	1035.6079	-74.61334	-2582.86	-2010.5865	942.2528	-344.5263	-3048.5024	597.875	744.8	830000	5660.379	3048.1619	18018.598	-5339.4307	-5921.518	327237.3	10127.998558044434
167	-1857.7384	942.2155	-133.8835	-2650.9353	-2186.7935	1080.9403	-20.140846	-2985.6091	752.5	806.8	835000	5512.31	2907.2363	16436.25	-5226.294	-5766.562	305890.47	10195.48306798935
168	-2605.4558	40.901695	-2548.8062	-2668.2903	-1811.3772	1128.9415	-10.9123745	-2971.535	1000.0	719.3	840000	5378.5293	2797.758	15504.208	-4881.393	-5628.1514	300907.4	10264.429482460022
169	-1232.7932	1131.4819	-27.966173	-2645.8125	-1381.4131	1243.9587	-58.204895	-2977.9568	494.8	485.1	845000	5221.805	2675.594	13801.349	-5414.218	-5459.3296	278082.94	10330.208348751068
170	-2145.259	917.9176	-118.44923	-2709.4158	-1186.9772	1187.1857	-25.791561	-2990.8286	841.0	421.9	850000	5052.285	2552.0278	14444.765	-4299.185	-5285.017	267314.8	10395.679522275925
171	-1464.1007	1084.6532	-51.731285	-2694.4167	-1498.7329	1373.206	-21.90795	-2930.606	612.2222	529.4	855000	4914.554	2496.106	15260.858	-4379.189	-5137.511	253125.5	10467.309174776077
172	-1662.4094	1253.8447	-10.668353	-2687.2402	-2672.5881	878.21875	-40.51869	-2993.7073	632.875	901.4	860000	4773.7583	2434.8372	14894.903	-4166.71	-4989.1353	228994.1	10539.953140974045
173	-1846.6356	1140.4988	-28.639954	-2707.939	-2007.4316	1293.67	-15.219059	-2988.181	722.4286	705.4	865000	4674.5464	2369.6755	13562.174	-4365.126	-4883.5327	212831.9	10609.930489063263
174	-2553.6558	130.8214	-2372.437	-2683.8499	-1894.3633	955.38824	-37.665462	-2966.122	1000.0	762.4	870000	4536.935	2309.964	13836.477	-4017.1516	-4740.2495	213149.12	10681.163839101791
175	-2404.4407	101.187744	-2323.3687	-2603.6975	-2203.399	1004.378	-83.8508	-3015.8062	982.8	816.3	875000	4438.5684	2305.3032	14714.418	-4510.805	-4635.697	201309.22	10752.775003910065
176	-1655.1313	1237.7517	-52.87275	-2661.1785	-2220.5735	1118.9297	-9.32514	-3003.4355	636.75	803.8	880000	4380.489	2324.3657	14548.357	-4219.972	-4570.894	192872.4	10825.449906349182
177	-1909.0011	1060.2166	-113.618774	-2678.2947	-2099.569	1011.24725	-139.13687	-2991.0774	748.1429	813.4	885000	4337.873	2319.7927	13442.117	-3717.6067	-4523.536	186325.17	10898.669541358948
178	-1988.5137	787.7145	-451.67416	-2689.572	-1824.0186	795.8137	-84.811646	-2433.3252	837.6	780.8	890000	4265.2056	2294.6426	13338.482	-4136.6396	-4448.059	186484.38	10961.445632696152
179	-1354.3744	1111.0076	-19.56642	-2694.0356	-2077.8032	1289.6187	-28.187246	-3007.8042	581.2	714.5	895000	4195.19	2284.6497	14712.552	-5924.3345	-4370.3013	173241.23	11037.988509654999
180	-2013.9545	942.00684	-139.49643	-2638.4739	-1375.9949	1289.776	-24.691408	-2945.6616	811.6	520.2	900000	4102.8086	2215.0583	12401.975	-3656.2761	-4273.591	164412.64	11097.0309176445
181	-2188.6824	618.2806	-866.1196	-2680.5723	-1581.8801	1365.3774	-102.690254	-2991.2256	893.8333	546.5	905000	3983.831	2120.3582	12254.413	-3977.0525	-4147.3076	164488.03	11169.70537853241
182	-1615.5511	1110.8673	-166.17064	-2688.3293	-1448.9141	1220.5166	-132.27368	-2978.404	662.75	502.9	910000	3872.9353	2028.4237	13171.311	-3901.9297	-4032.083	159443.83	11240.190664052963
183	-2605.908	137.32132	-2339.045	-2713.2505	-1847.3883	1169.7307	-62.30723	-2974.941	1000.0	635.0	915000	3741.467	1957.9468	12097.13	-3333.211	-3895.8467	151460.08	11309.63172030449
184	-1046.9226	1084.1055	-19.812508	-2747.2256	-1832.9955	1303.609	-41.84532	-2980.4656	417.33334	639.1	920000	3609.9338	1879.4744	11168.58	-4122.4116	-3756.23	140232.48	11379.72160077095
185	-2176.1533	971.6213	-12.968638	-2672.3486	-1298.1733	1116.822	-58.544247	-2886.8467	834.8333	455.8	925000	3495.0413	1807.7875	11068.318	-3762.36	-3638.5789	127155.57	11445.65680027008
186	-1231.2098	1207.9362	-66.94711	-2722.6848	-2007.1511	1162.2681	-216.47833	-3021.664	468.8	685.7	930000	3385.8062	1755.9485	10997.563	-3664.198	-3524.6514	119683.63	11513.42393398285
187	-1606.9408	1111.0828	-27.517246	-2657.6387	-1092.6376	1231.6086	-17.610386	-3038.9119	621.125	383.5	935000	3238.664	1693.8169	11341.594	-3481.4229	-3368.61	109821.195	11578.613822460175
188	-1096.4014	1148.9734	-59.253345	-2753.2368	-1540.5701	1358.4764	-66.409836	-2998.8403	425.0	534.7	940000	3091.8896	1629.2081	11700.087	-3463.2146	-3214.1987	101245.8	11643.230123281479
189	-2154.7542	942.2602	-54.06241	-2708.5042	-1901.4834	1313.6868	-56.37005	-3056.299	838.5	643.5	945000	2923.1897	1545.6952	10633.345	-2603.9768	-3035.501	91642.195	11714.24983882904
190	-1462.4203	1108.8705	-106.032455	-2698.8801	-1051.0242	1010.055	-191.2742	-3009.4192	552.55554	360.6	950000	2768.7358	1474.8848	10760.426	-2633.6035	-2873.2869	78935.61	11779.250751018524
191	-1589.9792	1121.8834	-52.91437	-2704.7073	-2668.518	703.7798	-576.9989	-2994.6355	596.4	919.4	955000	2663.4795	1439.8185	11440.673	-2939.5898	-2762.3481	74773.06	11862.582834243774
192	-1888.747	1136.3596	-137.88826	-2717.8318	-2654.5132	761.1304	-385.1696	-2996.6768	701.6667	914.2	960000	2514.9326	1393.2379	11783.947	-3841.7231	-2604.152	63528.195	11928.260362386703
193	-1793.6646	1158.5432	-203.32895	-2699.1177	-2691.9321	884.4652	-39.594296	-3017.341	670.5	901.5	965000	2397.237	1371.9072	12226.911	-2944.0068	-2483.2158	60036.117	12003.523204803467
194	-1790.456	1148.0492	-86.670494	-2728.7805	-1423.9994	1341.0637	-22.478579	-3100.7231	672.125	478.4	970000	2297.5032	1352.0715	12151.651	-2474.2014	-2380.3633	55675.92	12073.921564817429
195	-2143.3113	966.7454	-31.91731	-2698.964	-2406.8757	1131.9694	-26.415926	-3043.5574	799.5	811.7	975000	2188.4685	1333.7515	11524.133	-4985.8257	-2266.0364	50731.766	12142.844119548798
196	-1947.113	1109.6715	-61.69368	-2690.6458	-2401.606	1044.3523	-32.979992	-2989.8726	738.4286	824.3	980000	2103.275	1330.6198	10428.289	-2227.9155	-2177.9775	45208.91	12216.067230701447
197	-2671.2036	34.412457	-2615.483	-2704.9832	-2828.8684	122.81126	-2652.554	-2977.3062	1000.0	1000.0	985000	2030.911	1317.7723	9276.644	-1752.7021	-2102.8367	42561.746	12291.553692102432
198	-1889.9905	1134.6807	-56.02122	-2697.1392	-2521.05	953.1148	-350.26337	-3017.0298	726.5714	841.9	990000	1941.1609	1265.7218	10113.454	-2691.3723	-2008.4642	38581.21	12364.484664201736
199	-2644.9824	56.126106	-2553.3977	-2724.9866	-1991.2695	1196.7745	-53.66359	-3009.865	1000.0	723.1	995000	1866.7318	1228.8644	8202.543	-3315.877	-1930.7966	34657.707	12435.294510126114
