Epoch	AverageEpRet	StdEpRet	MaxEpRet	MinEpRet	EpLen	AverageVVals	StdVVals	MaxVVals	MinVVals	TotalEnvInteracts	LossPi	LossV	DeltaLossPi	DeltaLossV	Entropy	KL	ClipFrac	StopIter	Time
0	-539.9144	56.48908	-476.51392	-604.9011	1000.0	0.02328603	0.3436016	1.0770293	-1.2394123	4000	-3.7789345e-08	2914.4714	-0.05839294	-756.25146	5.5224366	0.015446962	0.29575	26.0	5.327533483505249
1	-416.19144	155.77306	-183.71432	-597.6235	1000.0	-7.241003	4.014922	6.6257215	-14.624491	8000	-1.6212464e-08	1533.5558	-0.049581002	-675.3004	5.5015464	0.016503396	0.258	25.0	9.846737384796143
2	-421.53687	88.400215	-288.8389	-525.4224	1000.0	-20.180426	3.406159	17.709558	-21.66468	12000	2.270937e-08	754.1546	-0.046676498	-171.35413	5.4563613	0.016629154	0.23775	23.0	13.99798321723938
3	-453.4608	21.172241	-421.93625	-481.3142	1000.0	-26.186102	1.7601111	3.2455957	-26.713741	16000	-1.7523766e-08	513.5105	-0.041304115	-121.808685	5.4911523	0.015398249	0.19975	17.0	18.684746742248535
4	-406.1515	107.998924	-294.5056	-581.7801	1000.0	-29.765348	3.6380634	11.086617	-31.207792	20000	3.194809e-08	455.98187	-0.014397878	-36.239807	5.348807	0.018136516	0.2095	5.0	23.25868511199951
5	-381.7718	86.23656	-284.20142	-494.55148	1000.0	-30.759165	6.119859	20.184036	-33.592903	24000	9.536744e-10	330.25656	-0.042261574	-26.82138	5.373506	0.01563688	0.2045	20.0	28.077812433242798
6	-435.53366	40.744446	-374.95358	-488.4662	1000.0	-31.52544	5.45544	18.745323	-34.951893	28000	-4.768372e-10	325.18274	-0.04912629	-74.72542	5.401338	0.015229739	0.239	26.0	32.88439440727234
7	-325.00702	107.79754	-217.31384	-459.9747	1000.0	-36.461918	1.2423166	-19.570017	-36.97153	32000	-1.1920929e-08	334.56882	-0.021988356	-146.67229	5.405879	0.0139368195	0.181	7.0	37.49973917007446
8	-464.1384	54.36979	-402.83975	-531.32495	1000.0	-27.664686	8.112486	0.35606807	-36.010983	36000	1.5497207e-08	534.44763	-0.047417056	-207.71289	5.378003	0.017067226	0.22225	22.0	41.95330309867859
9	-431.3422	113.359024	-259.19128	-562.80176	1000.0	-37.7604	3.4121306	10.489472	-38.940483	40000	-8.702278e-09	386.63412	-0.049942184	-94.655	5.3104424	0.015719008	0.241	26.0	46.3911247253418
10	-388.34613	131.36862	-175.86539	-535.2307	1000.0	-31.23769	11.9297495	26.327486	-40.76053	44000	-1.5497208e-09	465.5479	-0.019401895	-63.85736	5.350874	0.02123451	0.26075	6.0	50.95031499862671
11	-374.91766	63.413025	-302.46024	-472.1359	1000.0	-34.59226	8.949227	19.532476	-41.42141	48000	-1.2874604e-08	295.09863	-0.017457603	-41.972794	5.3370013	0.014364753	0.199	6.0	55.20798063278198
12	-379.87097	105.42626	-225.96396	-512.18726	1000.0	-34.20424	7.857676	14.045035	-41.413048	52000	-1.692772e-08	402.73834	-0.014910259	-30.409607	5.340345	0.018274307	0.24	6.0	59.46447801589966
13	-487.58765	45.57009	-413.08267	-531.7833	1000.0	-37.560345	6.316718	-0.83986735	-41.830368	56000	-9.536744e-10	407.30887	-0.016187062	-87.06561	5.3387623	0.019582678	0.2185	6.0	63.65377140045166
14	-353.58563	39.31478	-312.76465	-408.39847	1000.0	-41.572212	4.8684278	11.502504	-43.787003	60000	5.9604646e-09	448.25323	-0.048521556	-126.12598	5.294504	0.016065005	0.2495	24.0	68.22402310371399
15	-410.3742	18.692913	-390.08612	-440.92215	1000.0	-38.915703	5.96751	11.206636	-42.032604	64000	-7.152557e-09	167.52684	-0.016435677	-34.111526	5.3092794	0.020893583	0.2595	5.0	72.31934547424316
16	-363.6664	40.173252	-297.50024	-404.04126	1000.0	-33.919895	11.4426775	11.501041	-42.700783	68000	8.5830685e-09	187.10046	-0.04458721	-24.31044	5.275439	0.015714543	0.23375	20.0	76.65413570404053
17	-452.75986	21.094084	-421.33148	-472.4136	1000.0	-39.013462	5.016753	-0.8226813	-42.222065	72000	-3.0994414e-08	137.08119	-0.015955249	-19.887596	5.2533236	0.018809665	0.23125	5.0	80.74528002738953
18	-318.8839	43.113636	-266.1485	-386.30878	1000.0	-32.90471	8.874822	15.698254	-43.092045	76000	-6.198883e-09	292.5062	-0.021790972	-57.359375	5.2518845	0.015134659	0.1565	8.0	85.12991333007812
19	-408.39215	43.062397	-354.98825	-459.02347	1000.0	-33.477398	6.985277	3.2782881	-41.930744	80000	1.2159347e-08	369.43213	-0.019435892	-53.44162	5.211337	0.016262334	0.1915	7.0	89.4569571018219
20	-367.06287	90.237885	-249.92288	-462.77484	1000.0	-34.976116	7.1201096	21.095234	-42.432285	84000	-5.00679e-09	267.85126	-0.013079026	-57.768875	5.1829295	0.020204833	0.22975	5.0	94.30540657043457
21	-389.4226	59.889626	-292.33478	-446.75034	1000.0	-32.981754	9.279465	9.985165	-42.58377	88000	2.002716e-08	246.02588	-0.013687793	-34.141144	5.1921906	0.02463382	0.26625	5.0	98.7677731513977
22	-340.94345	118.55367	-191.90697	-519.88196	1000.0	-35.066376	9.528842	8.692696	-43.03693	92000	-7.033348e-09	487.46863	-0.043108672	-98.84201	5.2358317	0.01593543	0.211	18.0	103.42864418029785
23	-384.2881	44.268566	-318.12622	-433.08078	1000.0	-33.007793	8.478633	20.997839	-42.743324	96000	2.3841857e-09	189.48804	-0.0426701	-55.365204	5.2221475	0.016836481	0.20675	18.0	107.75573992729187
24	-357.9404	51.17098	-270.4263	-399.76205	1000.0	-32.9534	10.615707	9.161199	-42.559216	100000	2.7179718e-08	342.89532	-0.014438969	-61.17694	5.180886	0.016967217	0.2005	5.0	111.79700589179993
25	-329.5534	88.98171	-182.50702	-421.16528	1000.0	-31.310617	9.898797	23.84576	-42.312782	104000	-1.6689301e-09	228.23106	-0.012254145	-34.600433	5.1646447	0.021180943	0.25375	5.0	116.10812425613403
26	-348.58566	81.69369	-260.98328	-431.30185	1000.0	-31.465218	9.543603	13.77963	-41.948063	108000	3.8146974e-09	180.75325	-0.016024526	-23.75557	5.1669526	0.01765474	0.22725	6.0	120.6312484741211
27	-319.60736	60.952713	-234.72598	-387.65286	1000.0	-31.110006	9.085581	4.225042	-42.22218	112000	-3.218651e-09	203.06668	-0.016762607	-39.59227	5.2023134	0.017381119	0.286	6.0	125.0020501613617
28	-374.36914	45.115032	-326.82452	-440.72556	1000.0	-33.66675	4.5805926	-0.8063575	-40.582634	116000	4.768372e-10	136.33823	-0.040638003	-9.571693	5.144756	0.015926827	0.19475	18.0	129.13148760795593
29	-301.92184	47.346943	-224.8244	-343.60977	1000.0	-30.867458	7.724449	23.724497	-41.374855	120000	-1.4781952e-08	162.72957	-0.043980148	-27.49501	5.140215	0.016205722	0.19425	19.0	133.38723587989807
30	-317.99954	121.27726	-116.24642	-439.38943	1000.0	-28.460875	8.525581	10.586301	-39.621223	124000	5.722046e-09	293.46793	-0.058897704	-54.072647	5.104637	0.015374649	0.30275	33.0	138.45199394226074
31	-310.90616	88.983475	-181.6651	-421.5591	1000.0	-29.48357	8.2407	26.833244	-40.054916	128000	-9.536743e-09	168.85497	-0.045420505	-29.672836	5.0495467	0.01602145	0.20025	20.0	143.17474913597107
32	-304.7929	44.601	-242.06798	-364.48633	1000.0	-29.993237	8.695796	9.275395	-39.926853	132000	-2.324581e-08	148.38806	-0.016562292	-15.135468	5.0367365	0.016495062	0.19	6.0	147.49755358695984
33	-338.80536	54.540543	-275.71732	-414.96902	1000.0	-28.738184	8.053812	13.506155	-39.259605	136000	1.013279e-09	174.49399	-0.04506856	-37.355362	5.0179157	0.016119083	0.2265	21.0	152.09238862991333
34	-252.89911	73.75344	-151.02031	-356.34482	1000.0	-29.58398	6.7595744	12.875647	-41.303963	140000	-1.9788741e-08	310.0934	-0.019914126	-84.31061	5.0350757	0.014652924	0.233	7.0	156.4576234817505
35	-335.3531	35.76955	-301.38757	-394.2019	1000.0	-26.367731	8.301963	14.472428	-39.48026	144000	7.152557e-09	331.21436	-0.018857786	-59.695557	4.9988194	0.015723446	0.21075	7.0	160.71022939682007
36	-334.7877	27.731705	-299.17468	-365.4049	1000.0	-30.054327	6.2310038	29.828276	-42.355167	148000	1.6570091e-08	132.71915	-0.044107955	-23.638023	5.0758085	0.016640674	0.21275	19.0	164.85267043113708
37	-354.07364	30.782316	-318.58652	-399.7484	1000.0	-27.570929	12.349716	33.154087	-41.083527	152000	2.2411346e-08	296.67456	-0.062501974	-161.71646	4.9920316	0.015363299	0.30675	40.0	169.3425121307373
38	-271.01376	21.56606	-254.35172	-307.66763	1000.0	-30.9247	4.161955	-11.696963	-43.25982	156000	-1.1205673e-08	235.80441	-0.043862563	-75.86667	4.9810004	0.015819753	0.194	19.0	173.88626337051392
39	-248.90596	43.740456	-177.54156	-292.18216	1000.0	-25.721638	5.2862334	3.7379327	-39.359962	160000	-2.7656554e-08	155.93697	-0.05173901	-36.712982	4.9703965	0.015115974	0.25775	26.0	178.217449426651
40	-257.9668	39.292675	-196.66454	-303.62482	1000.0	-22.821644	7.4622087	9.621966	-38.987045	164000	6.437302e-09	215.78868	-0.01479479	-39.41263	4.9380507	0.018823149	0.24175	5.0	182.67865371704102
41	-274.53546	51.511936	-205.41824	-332.4514	1000.0	-23.526714	6.55355	11.502104	-39.484226	168000	3.2663344e-08	252.73482	-0.042503398	-41.79492	4.858704	0.016687011	0.21675	18.0	186.94099879264832
42	-253.36974	72.15601	-142.48996	-338.91483	1000.0	-25.783665	5.5337176	1.6858788	-40.29696	172000	-2.193451e-08	220.57373	-0.036351282	-37.000168	4.9234753	0.015867036	0.1905	14.0	190.98469591140747
43	-273.52228	34.732853	-215.32388	-303.22482	1000.0	-23.81121	5.6192365	7.607803	-38.657326	176000	2.193451e-08	117.064964	-0.021499306	-33.742355	4.825404	0.017041223	0.20375	7.0	195.2844955921173
44	-256.0387	64.45947	-149.57036	-318.7763	1000.0	-22.151392	9.595559	13.398227	-37.364185	180000	-4.529953e-09	153.30672	-0.021667419	-36.922226	4.8726006	0.015262416	0.18225	8.0	199.32085990905762
45	-259.01447	5.0333066	-253.96333	-267.2635	1000.0	-27.161915	7.6586943	11.867279	-36.79723	184000	2.3126603e-08	107.52536	-0.017677259	-18.54641	4.8713202	0.017678514	0.22025	6.0	203.27227926254272
46	-242.03583	83.49782	-169.03355	-383.32077	1000.0	-9.228145	17.29853	32.40766	-34.408424	188000	-3.7789345e-08	823.37775	-0.042830568	-608.5783	4.7839947	0.016988408	0.19075	17.0	207.72938752174377
47	-235.03036	20.91328	-217.26004	-269.1887	1000.0	-21.715668	6.457394	13.925455	-39.178463	192000	9.536743e-09	150.97023	-0.040604256	-31.854233	4.8169246	0.016540028	0.1935	16.0	212.02321815490723
48	-212.14746	69.18079	-104.340195	-293.13156	1000.0	-22.511688	5.981776	4.572609	-35.62109	196000	6.437302e-09	146.537	-0.052428864	-19.56092	4.771443	0.015858239	0.25575	28.0	216.29572105407715
49	-233.31456	38.642414	-183.45222	-272.4661	1000.0	-21.095242	6.2143273	0.44753787	-31.791698	200000	1.45435335e-08	120.79261	-0.01679075	-16.706291	4.7140245	0.017245026	0.20875	6.0	220.497891664505
50	-258.69876	46.502922	-185.48253	-306.5511	1000.0	-21.093672	7.386428	7.2892632	-33.2598	204000	4.4703485e-09	199.95012	-0.017516166	-40.13336	4.7253904	0.015402024	0.21175	6.0	225.11459112167358
51	-190.38849	79.24968	-72.984314	-291.4337	1000.0	-24.394905	5.9817567	7.199255	-38.428387	208000	1.7642975e-08	231.04332	-0.048885692	-53.79535	4.77097	0.016273247	0.2335	22.0	229.51485085487366
52	-184.36798	54.37559	-148.04793	-278.17606	1000.0	-18.231863	7.3778987	7.992631	-36.820526	212000	4.2915342e-09	180.2241	-0.04500951	-22.912537	4.744634	0.016235871	0.25275	20.0	233.99911069869995
53	-140.35376	85.021255	-24.889893	-261.85742	1000.0	-19.093136	8.079045	14.249043	-32.046288	216000	-2.026558e-08	187.99896	-0.042648092	-61.967545	4.7263	0.016673502	0.19275	17.0	238.25614976882935
54	-246.31676	28.935656	-202.3234	-283.57626	1000.0	-16.584005	8.451626	15.690953	-31.922714	220000	-1.4305114e-08	149.73584	-0.013205781	-62.39971	4.663138	0.017501242	0.23925	5.0	242.6705458164215
55	-159.15002	60.401516	-83.2827	-228.99574	1000.0	-14.213924	6.5903535	13.372869	-32.637535	224000	-2.4914742e-08	212.28671	-0.048404574	-39.336456	4.66544	0.015374207	0.2395	21.0	247.09072875976562
56	-208.47699	52.776936	-137.92458	-260.96347	1000.0	-18.37163	7.3334594	9.305832	-32.16564	228000	1.0490417e-08	128.6037	-0.042185947	-18.131462	4.6588655	0.016123693	0.197	16.0	251.26426649093628
57	-231.44513	28.857464	-193.79477	-265.99277	1000.0	-19.09192	7.8649483	7.0358095	-32.82502	232000	2.6106834e-08	133.70946	-0.015931485	-32.526756	4.692199	0.020718155	0.2135	5.0	255.39084315299988
58	-147.1591	91.88417	-43.995018	-292.16147	1000.0	-20.844824	7.4158254	10.591652	-32.876503	236000	1.6450882e-08	202.83577	-0.0136405965	-90.33868	4.6294026	0.017464321	0.19175	5.0	259.73913168907166
59	-237.71211	56.29869	-182.19554	-307.17792	1000.0	-19.483027	9.056114	10.969476	-31.208275	240000	2.0384789e-08	249.4785	-0.047806263	-63.218033	4.604535	0.015567682	0.245	22.0	264.21779799461365
60	-258.772	30.498224	-235.32782	-311.21167	1000.0	-22.976383	10.987504	30.092678	-35.590294	244000	2.6226044e-08	142.2252	-0.046920862	-30.383545	4.612676	0.016521778	0.23375	22.0	268.8519649505615
61	-74.68444	135.5095	62.753277	-299.45862	1000.0	-17.97297	9.911303	18.62592	-36.089775	248000	-7.152557e-09	320.2445	-0.041039374	-155.61288	4.502613	0.015956981	0.19075	16.0	273.05168056488037
62	-253.41838	53.426403	-167.26103	-306.61746	1000.0	-12.111294	12.004158	19.94317	-33.53533	252000	5.3644182e-09	376.94147	-0.054657478	-192.39586	4.443699	0.016117886	0.292	27.0	277.3782866001129
63	-125.23018	52.541817	-41.590084	-174.71754	1000.0	-20.468298	7.1054244	13.781042	-37.036137	256000	-1.001358e-08	324.93533	-0.052585524	-125.89299	4.481979	0.016151711	0.26375	24.0	281.7132956981659
64	-89.34897	18.374468	-60.363155	-105.59146	1000.0	-11.259981	9.39479	21.767353	-33.386074	260000	-2.0980835e-08	194.11241	-0.019023824	-34.963318	4.454259	0.014035274	0.159	7.0	286.17656350135803
65	-182.13734	93.68629	-21.491367	-253.70154	1000.0	-13.65136	8.950789	17.207577	-27.023777	264000	-5.2452087e-09	112.63828	-0.012160084	-25.832443	4.445003	0.022241268	0.25275	4.0	290.4340398311615
66	-162.93304	70.63307	-83.735146	-245.84143	1000.0	-15.274513	9.087411	15.097573	-30.092869	268000	1.5199184e-08	108.04086	-0.014014432	-13.396851	4.4069486	0.022093307	0.21	5.0	294.76259779930115
67	-202.47281	73.981155	-108.56252	-315.83194	1000.0	-17.307882	10.156195	11.433944	-31.767097	272000	-4.887581e-09	158.928	-0.016530225	-19.900406	4.475234	0.015666636	0.2505	6.0	299.06654810905457
68	-207.85446	101.68951	-41.356754	-313.7834	1000.0	-15.081242	8.937242	17.15048	-32.718845	276000	-3.671646e-08	296.15155	-0.050041795	-50.26367	4.457213	0.016248954	0.27375	24.0	303.4569616317749
69	-162.4171	56.400486	-74.072395	-215.16216	1000.0	-18.126232	8.673168	14.308792	-36.427822	280000	9.536744e-10	152.87833	-0.02119404	-31.406914	4.387713	0.015709009	0.2005	7.0	307.789687871933
70	-41.36741	119.265396	86.28288	-216.44815	1000.0	-13.401135	7.6664004	23.0076	-32.85132	284000	-1.9073486e-08	280.44183	-0.040186796	-114.170685	4.418501	0.0166233	0.18225	15.0	312.60868740081787
71	-80.20319	43.618206	-30.377165	-150.19275	1000.0	-4.4550653	10.212994	21.819492	-28.434183	288000	4.2915342e-09	193.54459	-0.012452155	-25.714584	4.3443966	0.01945219	0.27025	5.0	316.59895634651184
72	-169.57744	121.40702	-10.803614	-310.3774	1000.0	-10.358084	10.064044	17.689932	-27.384455	292000	-1.6093255e-08	218.42569	-0.0661191	-49.89081	4.338461	0.015270113	0.335	43.0	321.02091789245605
73	-46.439133	43.31602	10.529848	-106.9578	1000.0	-6.407941	8.928159	23.007343	-35.148914	296000	-2.2649765e-08	193.02171	-0.016225068	-42.27368	4.382867	0.01676119	0.23475	6.0	325.3487637042999
74	-101.092705	100.535355	5.7946377	-249.91425	1000.0	-6.110239	7.8084474	17.269487	-28.074007	300000	1.29342075e-08	356.98343	-0.01644375	-84.130554	4.3603396	0.015245876	0.22475	6.0	329.67430424690247
75	-43.557297	47.4605	4.5606008	-119.34012	1000.0	-3.8463116	10.169557	31.937809	-37.000206	304000	7.867813e-09	206.46921	-0.013216348	-46.693985	4.3771663	0.019436864	0.272	5.0	333.8875901699066
76	-68.76015	118.34582	74.245224	-244.2582	1000.0	-6.043364	9.575603	20.891256	-30.937393	308000	6.198883e-09	163.05606	-0.014245507	-49.452232	4.315757	0.018031117	0.21925	5.0	338.1429307460785
77	-27.786598	38.23087	31.940386	-61.24399	1000.0	0.027405364	7.155103	27.127325	-27.552265	312000	4.2915342e-09	181.44179	-0.06210461	-35.9281	4.3194685	0.015371637	0.27825	43.0	342.7839734554291
78	-73.575714	143.52538	77.65385	-288.71692	1000.0	-0.61294323	7.4473567	26.473982	-22.341766	316000	1.1920929e-09	512.56256	-0.038045745	-256.14612	4.327303	0.01648925	0.198	15.0	347.25404500961304
79	30.01329	49.119698	89.51227	-47.100983	1000.0	-3.012919	7.0470157	17.344288	-32.699574	320000	-2.4318695e-08	289.92752	-0.013099406	-70.311386	4.323333	0.019563023	0.26625	4.0	351.4280812740326
80	-49.877884	73.185135	59.279873	-146.24207	1000.0	-0.29554322	8.414513	24.060448	-31.327503	324000	-3.242493e-08	220.73466	-0.039644387	-44.585327	4.284457	0.015792169	0.20075	16.0	356.32567381858826
81	-147.12819	58.831654	-57.187847	-213.147	1000.0	-9.066975	9.879325	15.370019	-30.583662	328000	2.0861625e-08	138.33734	-0.053019647	-63.948357	4.3024035	0.015965335	0.24875	24.0	360.4961349964142
82	-6.0376296	78.67738	75.567665	-135.68086	1000.0	-5.076756	5.375393	12.712078	-26.048403	332000	-3.695488e-09	261.79785	-0.017690213	-53.16455	4.2740264	0.016810585	0.21175	6.0	364.39078736305237
83	23.564196	98.359695	161.63313	-71.237915	1000.0	0.4420464	6.3859687	20.551016	-24.69374	336000	-1.2218952e-08	245.2125	-0.024539411	-37.88031	4.2439404	0.014751873	0.20725	8.0	368.45309042930603
84	52.116276	46.73532	130.5866	7.274213	1000.0	2.7465165	6.478823	20.429335	-21.190048	340000	1.45435335e-08	224.50006	-0.048869178	-37.787094	4.240242	0.0152630005	0.24425	25.0	373.0938296318054
85	64.228455	84.66355	204.52095	-7.057438	1000.0	3.9503908	7.027918	25.95685	-32.287685	344000	1.9788741e-08	408.12393	-0.042949192	-55.108612	4.2218113	0.016735813	0.23775	18.0	377.07107162475586
86	24.940702	74.395836	125.90027	-51.966957	1000.0	4.2426405	9.9397335	28.423138	-31.106995	348000	6.9141386e-09	264.92017	-0.014230148	-42.774857	4.211597	0.016009757	0.21325	5.0	381.121933221817
87	-6.4381456	92.10209	127.03785	-126.657234	1000.0	3.348623	7.89799	28.118843	-28.045591	352000	1.6212464e-08	312.46918	-0.05116546	-97.019485	4.1898026	0.01609724	0.247	23.0	385.35268902778625
88	39.186684	40.815956	96.34008	-18.80352	1000.0	1.1906332	6.7081957	22.475357	-25.46085	356000	-3.33786e-08	205.46951	-0.05089233	-73.383514	4.208388	0.016052425	0.27125	22.0	389.3754127025604
89	17.825764	30.199007	57.25735	-22.142527	1000.0	5.6197286	6.267569	30.033098	-24.220537	360000	8.34465e-09	281.05075	-0.037634764	-46.37372	4.2104955	0.015827235	0.197	16.0	393.8655595779419
90	-40.465702	64.66831	29.48201	-135.93813	1000.0	2.2579327	8.401632	30.15672	-28.383202	364000	-2.2292138e-08	303.81207	-0.04707869	-75.31656	4.110225	0.016780673	0.2495	19.0	398.6249487400055
91	-17.111296	85.85586	111.798584	-109.23644	1000.0	-7.4388785	9.666976	20.692987	-29.950418	368000	6.6757204e-09	235.6358	-0.045331746	-71.013275	4.140211	0.016298601	0.21025	19.0	402.82985043525696
92	150.86578	50.007294	215.17757	77.88518	1000.0	5.344571	7.8145475	27.763168	-28.427877	372000	-7.390976e-09	290.35263	-0.053722024	-115.38153	4.1291385	0.015434515	0.26975	27.0	407.2450602054596
93	52.034252	87.091995	191.44379	-48.12716	1000.0	13.492168	5.746304	29.270588	-20.74337	376000	6.198883e-09	308.442	-0.016757604	-104.857864	4.089802	0.01568319	0.234	5.0	411.47879242897034
94	101.84054	164.34872	268.29523	-163.86942	1000.0	3.1544156	8.674973	25.754368	-26.257675	380000	-1.3589859e-08	384.1204	-0.02101438	-162.28583	4.101619	0.016675072	0.1735	7.0	415.6685516834259
95	158.5124	82.44282	247.32835	32.57015	1000.0	12.059278	13.075121	39.669384	-34.19613	384000	9.536744e-10	162.05379	-0.04671388	-42.679695	4.0728674	0.015624823	0.2275	20.0	420.09766840934753
96	84.59003	107.430954	233.12808	-22.999527	1000.0	16.492735	6.4530272	35.88867	-23.60248	388000	9.775162e-09	478.4999	-0.042670883	-128.18533	4.0477138	0.01614458	0.2375	19.0	424.3065378665924
97	181.84656	64.97362	279.32693	99.66824	1000.0	9.796685	8.754563	32.699688	-24.878735	392000	-2.861023e-09	268.64877	-0.0160049	-82.78148	4.010853	0.01535499	0.229	5.0	428.35798835754395
98	38.359367	44.290424	105.75203	-12.425908	1000.0	14.817348	7.811736	34.709614	-26.721436	396000	8.8214875e-09	502.7132	-0.033714347	-174.26135	4.0904784	0.01604733	0.20375	12.0	432.62155175209045
99	14.009918	84.32779	109.534035	-76.55585	1000.0	1.1955483	10.74147	27.46165	-30.35029	400000	-8.5830685e-09	284.80063	-0.045268707	-40.521378	4.0086613	0.015343555	0.2535	19.0	437.2696008682251
100	123.7296	52.926025	205.38498	57.236744	1000.0	4.4159346	7.3152986	27.9336	-27.868135	404000	1.8119811e-08	304.1071	-0.01378018	-82.32277	4.024984	0.015167043	0.21725	4.0	442.2613081932068
101	-31.430986	100.71237	121.83209	-148.65709	1000.0	7.20204	10.077797	28.862644	-24.746351	408000	1.704693e-08	298.82605	-0.06539107	-124.31589	3.9735048	0.015547901	0.29625	40.0	446.8123850822449
102	75.48654	102.05452	206.33977	-77.84017	1000.0	1.2147688	6.486486	28.969728	-24.210793	412000	-1.502037e-08	375.41074	-0.01494322	-65.71774	3.9645889	0.01598804	0.21275	5.0	451.08594942092896
103	143.048	68.86172	257.3609	84.426605	1000.0	6.215729	7.550332	30.106384	-22.396318	416000	-6.556511e-09	290.45078	-0.03411934	-88.4043	3.9313579	0.015546698	0.186	13.0	455.3393063545227
104	207.11395	84.7706	337.24847	109.60251	1000.0	13.695482	6.3803096	30.67006	-25.579063	420000	4.2438508e-08	304.91275	-0.01373541	-78.01193	3.9006615	0.016741248	0.20675	5.0	459.609943151474
105	74.52459	64.04381	143.94403	-29.37343	1000.0	18.506542	8.2401495	37.262997	-28.502037	424000	7.092953e-09	421.2756	-0.04667553	-144.02097	3.920877	0.015669338	0.23625	19.0	463.808345079422
106	116.45903	73.02512	235.68945	48.840282	1000.0	7.851588	8.386921	32.131573	-25.560328	428000	2.9325486e-08	235.10202	-0.013336412	-31.871078	3.8500664	0.017804537	0.25725	4.0	467.64271092414856
107	169.06949	36.933037	225.62105	130.20908	1000.0	11.418109	6.2115126	31.808918	-21.172562	432000	7.987023e-09	256.86658	-0.048132423	-42.27426	3.9123945	0.01639301	0.2735	21.0	472.0989582538605
108	193.73611	118.350235	279.96466	-9.227789	1000.0	15.204426	7.6530995	35.18075	-30.028145	436000	3.8146974e-09	413.53705	-0.045958307	-64.23639	3.8661752	0.016243272	0.2575	20.0	476.52926421165466
109	264.39816	52.101364	314.35254	177.18129	1000.0	19.771935	8.98713	44.568527	-28.958942	440000	2.861023e-09	313.47913	-0.05407496	-64.46738	3.9018264	0.016041165	0.27825	24.0	480.7122721672058
110	240.4013	28.167227	273.7926	200.3133	1000.0	23.599178	6.9139347	40.146942	-9.313414	444000	-9.298325e-09	182.20212	-0.0652555	-35.75331	3.849286	0.0154362945	0.31325	44.0	485.9013967514038
111	194.25284	24.752361	228.34071	164.33739	1000.0	21.570545	5.7950535	36.497936	-11.744306	448000	1.5974045e-08	232.25801	-0.04756556	-38.94522	3.8362865	0.016540507	0.2635	21.0	490.1744213104248
112	252.57677	107.78765	433.96936	156.66699	1000.0	18.489534	5.8084292	32.98827	-10.55423	452000	-5.1259996e-09	345.13943	-0.043031383	-64.46942	3.833019	0.01652097	0.256	17.0	494.53935742378235
113	64.4078	117.168106	189.28247	-127.25279	1000.0	16.149406	13.856606	44.249172	-22.727743	456000	2.7298928e-08	418.16898	-0.016359167	-164.08307	3.8148963	0.01911105	0.2555	5.0	498.8274927139282
114	58.82122	117.232124	210.74617	-101.58747	1000.0	1.4927986	18.206835	33.901073	-36.29815	460000	1.0490417e-08	192.21458	-0.050854173	-38.030914	3.7935283	0.016437469	0.26625	22.0	502.8837037086487
115	148.67245	200.12848	344.55478	-181.93877	1000.0	8.507848	19.111912	38.841072	-33.586594	464000	-1.0490417e-08	253.28644	-0.017420582	-54.600494	3.7427497	0.017806126	0.20975	5.0	507.08291816711426
116	94.74784	198.45969	264.3129	-243.18556	1000.0	11.913158	19.966217	38.714886	-31.686129	468000	-1.9311905e-08	269.36444	-0.044546727	-58.915497	3.8297026	0.015629385	0.25075	19.0	511.2463119029999
117	182.6846	116.58922	369.66382	49.026268	1000.0	16.730507	8.370829	39.98086	-22.54658	472000	-2.2172928e-08	387.63425	-0.048131272	-57.449646	3.7865038	0.015490847	0.25125	23.0	515.8168382644653
118	153.51173	196.92436	322.6139	-177.49883	1000.0	14.351708	13.31835	43.25988	-31.877323	476000	1.9550324e-08	336.65558	-0.04622604	-54.39395	3.7476287	0.01643575	0.25525	20.0	520.1965937614441
119	209.72618	33.264946	255.67169	161.67519	1000.0	17.875816	8.875545	44.709583	-23.656567	480000	1.001358e-08	263.48282	-0.04716705	-50.61931	3.709462	0.015560051	0.25025	21.0	524.5352845191956
120	275.70068	57.14265	322.11273	178.37231	1000.0	21.529284	6.862039	41.512108	-15.946516	484000	2.861023e-09	327.92755	-0.045469213	-59.059174	3.7504556	0.01667133	0.246	19.0	529.2728471755981
121	281.92484	68.48175	357.16528	206.29808	1000.0	25.656366	7.5908165	49.363228	-14.261407	488000	1.1444092e-08	310.20395	-0.047745045	-43.81421	3.6750526	0.016740311	0.26175	19.0	533.8806419372559
122	216.22928	49.12093	267.169	146.19688	1000.0	23.938992	8.897031	47.544373	-19.497051	492000	-4.482269e-08	340.31842	-0.012214343	-66.091034	3.6157725	0.021334354	0.22225	4.0	538.0540885925293
123	283.91003	108.8422	416.86182	113.65251	1000.0	21.41064	8.210803	44.979347	-20.08472	496000	2.5868415e-08	403.52298	-0.044936854	-77.78931	3.680796	0.015932133	0.28025	19.0	542.309707403183
124	222.83205	36.203896	264.3153	178.20726	1000.0	25.254984	9.240019	49.3518	-19.898987	500000	-5.00679e-09	280.6485	-0.044246662	-90.757675	3.6589215	0.016156234	0.24025	19.0	546.6187608242035
125	296.8147	59.2252	373.32095	206.89017	1000.0	18.162617	10.74743	40.80605	-30.313097	504000	-4.7683715e-09	371.26337	-0.019293576	-122.75087	3.676768	0.015571278	0.166	6.0	551.0164551734924
126	219.0516	77.18068	348.79306	148.46547	1000.0	22.8433	16.41553	47.366657	-31.299057	508000	1.4305114e-08	287.78024	-0.033339713	-59.495575	3.6227593	0.01559835	0.22325	11.0	555.4478743076324
127	309.53088	83.26602	389.92383	191.54022	1000.0	24.63775	6.7781343	47.398838	-6.733554	512000	-2.3841857e-09	289.61963	-0.034602996	-55.558456	3.5995908	0.015312951	0.21125	14.0	559.665586233139
128	347.63416	39.73314	387.77945	282.94247	1000.0	28.602617	7.9428883	48.239307	-11.245404	516000	4.172325e-09	324.14764	-0.0478447	-63.414703	3.6135006	0.016237862	0.28025	20.0	563.7428143024445
129	330.9754	138.19495	558.66205	187.09532	1000.0	30.818586	7.585074	50.977417	-9.014066	520000	-9.536744e-10	445.44666	-0.048338525	-62.708954	3.6577094	0.01588469	0.2745	21.0	568.1034867763519
130	330.51782	95.21551	424.07397	175.62993	1000.0	31.279146	9.06462	54.578144	-17.839977	524000	-4.768372e-10	355.6176	-0.01308475	-61.13144	3.5831835	0.018803684	0.234	4.0	572.7997210025787
131	428.8642	53.117798	505.1099	358.38745	1000.0	31.788519	7.6584296	51.87655	-7.7104645	528000	2.7179718e-08	336.3905	-0.035001103	-104.65332	3.5473802	0.016476346	0.227	14.0	576.875684261322
132	264.3897	35.623325	307.87518	210.0892	1000.0	38.007828	7.6185308	57.67013	2.8958824	532000	1.1444092e-08	513.5322	-0.01635245	-255.95569	3.5906534	0.017676579	0.2185	5.0	581.4668207168579
133	417.17487	59.30187	489.32584	336.84558	1000.0	24.819115	6.411822	48.15932	-6.168955	536000	-1.7166137e-08	503.28635	-0.014156441	-244.16382	3.5410454	0.016058339	0.19225	4.0	585.7217650413513
134	311.96283	40.497902	376.5353	264.7697	1000.0	36.647125	9.989253	62.702297	-21.242449	540000	3.8146974e-09	420.7838	-0.037707366	-109.130585	3.5554073	0.016238514	0.22425	16.0	590.1266705989838
135	326.0269	100.53768	444.41388	168.45093	1000.0	29.598633	8.335244	52.46736	-10.140619	544000	8.5830685e-09	379.81284	-0.064922936	-51.8815	3.5066183	0.015524979	0.30075	40.0	594.5409452915192
136	331.71942	79.951004	452.99857	234.08957	1000.0	31.559443	8.394958	51.667168	-18.709599	548000	1.2397766e-08	486.3005	-0.04293019	-72.89456	3.5388544	0.015015744	0.23875	19.0	599.027134180069
137	316.04788	66.461174	391.2227	209.01659	1000.0	29.74782	10.879112	61.055878	-17.292665	552000	9.298325e-09	414.5685	-0.068061806	-63.812958	3.5627608	0.0151903	0.341	48.0	603.3246512413025
138	365.24615	75.48852	486.9536	282.00717	1000.0	30.368765	9.034943	52.180653	-13.962455	556000	-1.4305115e-09	407.366	-0.06182916	-64.39313	3.501036	0.015463357	0.3205	34.0	607.740312576294
139	308.71338	50.71387	384.124	243.62778	1000.0	32.841843	8.473014	52.6066	-7.2841096	560000	1.2397766e-08	280.743	-0.07058381	-57.506012	3.4601698	0.015256884	0.3345	49.0	612.5973291397095
140	264.055	89.1417	381.90994	135.99246	1000.0	25.222073	14.369743	50.70672	-21.868612	564000	4.053116e-09	372.38254	-0.041475236	-75.20935	3.406771	0.01605249	0.20175	15.0	617.7154803276062
141	275.5271	214.3026	490.44287	-78.16318	1000.0	21.130714	19.869326	56.67704	-31.349695	568000	-1.5974045e-08	450.55237	-0.016679464	-90.65982	3.3946617	0.016850442	0.1825	5.0	622.0406684875488
142	340.49573	95.66079	421.64877	183.92162	1000.0	33.97539	10.039456	55.57479	-22.968544	572000	-9.894371e-09	371.11456	-0.04370236	-62.099243	3.4572017	0.016409341	0.25775	17.0	626.4291999340057
143	344.26877	47.227936	393.82922	269.19894	1000.0	33.71212	8.617511	58.014797	-14.186319	576000	6.6757204e-09	329.23135	-0.045015365	-60.257294	3.365006	0.015671644	0.2445	18.0	631.0630695819855
144	362.38358	57.06143	418.37082	267.5709	1000.0	32.099052	7.5512657	52.414722	-4.2013087	580000	3.4689904e-08	326.47867	-0.03657554	-55.876617	3.4154873	0.016519299	0.22	14.0	635.3922469615936
145	334.83295	109.00697	478.72302	179.1239	1000.0	33.95533	8.455463	55.214996	-9.153893	584000	-1.2993812e-08	277.18784	-0.044335384	-60.615555	3.3418813	0.016246594	0.255	18.0	639.653514623642
146	423.14825	46.388184	491.715	363.38455	1000.0	31.424633	6.777646	54.042217	3.4879532	588000	2.3841857e-09	337.0905	-0.05107526	-104.46474	3.326977	0.016345078	0.28375	23.0	643.2507772445679
147	420.9539	66.18996	495.2656	336.58804	1000.0	39.766056	7.278275	59.928165	-2.7250295	592000	-2.1457671e-09	320.41632	-0.06767467	-43.03485	3.3104594	0.015060624	0.335	46.0	648.114438533783
148	349.5933	143.55295	515.73083	121.1957	1000.0	38.662525	8.174182	60.551327	-2.245551	596000	-4.4584276e-08	446.731	-0.019622076	-109.71298	3.3040001	0.017495885	0.1595	5.0	652.6738433837891
149	405.68207	60.270096	500.22818	340.11942	1000.0	33.45226	8.230336	55.718517	-4.5225816	600000	-4.529953e-09	377.98474	-0.034626048	-79.59808	3.2561796	0.016191207	0.2405	13.0	657.000953912735
150	388.1705	71.43845	499.68054	321.09747	1000.0	38.063583	8.366351	61.280834	-6.2825904	604000	-2.503395e-08	432.91037	-0.058331355	-73.27008	3.248419	0.015107473	0.29425	32.0	662.5423102378845
151	462.86865	45.541454	531.13495	417.3478	1000.0	36.782734	8.262533	57.744545	-4.563854	608000	2.4795533e-08	379.38565	-0.050648205	-101.38803	3.2623734	0.016395168	0.267	23.0	667.2250411510468
152	437.22314	100.097336	571.3584	302.2888	1000.0	43.852875	8.446808	61.659565	-1.1234109	612000	-1.5735626e-08	575.5142	-0.049345147	-102.95007	3.1754122	0.015579077	0.2675	23.0	671.819874048233
153	413.0419	81.31926	498.55466	282.06067	1000.0	38.90706	11.354303	67.6691	-18.865204	616000	2.5272369e-08	392.97345	-0.03772279	-68.04315	3.172454	0.016009819	0.2335	14.0	676.1256375312805
154	378.15002	21.906958	402.25916	355.25735	1000.0	38.098976	8.676243	57.87456	-10.536536	620000	-1.6450882e-08	296.4032	-0.026857603	-54.251602	3.1953206	0.016736351	0.16475	8.0	680.1812899112701
155	431.29172	39.34112	467.3574	371.9251	1000.0	35.98035	6.2610674	55.58179	8.584176	624000	-1.2397766e-08	232.05273	-0.013696813	-42.43239	3.250478	0.016106686	0.223	4.0	684.5401742458344
156	488.5933	89.52723	569.80066	337.03708	1000.0	38.96497	6.0840764	56.301147	3.506639	628000	4.1723253e-10	494.16312	-0.013018052	-122.80917	3.194172	0.016753018	0.20225	4.0	688.7993483543396
157	394.20853	77.57519	522.08997	314.3627	1000.0	45.740425	9.8334675	66.46559	-14.344652	632000	8.5830685e-09	897.98145	-0.044692244	-230.44781	3.1824439	0.01553853	0.27525	18.0	693.2178018093109
158	287.68304	128.52835	383.1828	68.824715	1000.0	29.460562	19.74947	63.906933	-34.01929	636000	-1.7881394e-08	349.45737	-0.045156743	-143.94713	3.1789722	0.016758608	0.256	17.0	697.4983472824097
159	456.99353	98.80089	552.62177	313.39047	1000.0	35.403805	7.749926	56.64431	-12.055765	640000	1.3828277e-08	508.24313	-0.02173737	-107.29883	3.1925113	0.017952077	0.21925	6.0	701.6627337932587
160	430.57562	78.57572	521.43274	311.97046	1000.0	40.727814	9.067578	63.70799	-10.972438	644000	2.3841857e-09	347.09497	-0.026371473	-57.72052	3.2058513	0.015542758	0.195	9.0	706.59455037117
161	493.55618	38.698025	538.39777	444.66013	1000.0	39.784946	7.861784	61.340405	9.584039	648000	-4.529953e-09	412.0288	-0.014499829	-80.43729	3.119356	0.01601554	0.188	4.0	710.8463416099548
162	443.95624	110.63555	559.15094	278.0886	1000.0	43.9317	8.663738	67.325775	-11.876831	652000	5.722046e-09	531.9063	-0.050536808	-94.025116	3.1302514	0.015515526	0.26525	24.0	715.4265387058258
163	428.64667	27.615269	446.71356	380.9602	1000.0	39.961945	10.689997	66.773605	-22.800037	656000	2.193451e-08	397.08105	-0.016743368	-59.907043	3.070416	0.016561097	0.2255	5.0	719.8991253376007
164	454.5038	135.14824	625.5649	247.9991	1000.0	40.323196	7.49944	60.6209	-0.54711056	660000	-3.71933e-08	561.43677	-0.04103061	-92.64072	3.1172714	0.01674326	0.24425	17.0	724.2463662624359
165	424.7992	154.4952	659.7093	238.37651	1000.0	41.72443	11.743934	70.216774	-14.8769	664000	3.9339065e-09	520.60913	-0.034323696	-85.878235	3.1038575	0.01636045	0.22275	12.0	728.7629399299622
166	318.66074	117.1034	437.77783	124.1771	1000.0	32.755062	17.0986	62.942757	-28.15118	668000	1.7642975e-08	395.97513	-0.045491435	-119.54535	3.1056268	0.016946461	0.264	17.0	733.1519799232483
167	464.76453	117.24898	663.5142	368.2199	1000.0	37.7856	7.698013	62.579247	-5.905932	672000	8.5830685e-09	508.27274	-0.040305693	-94.49893	3.0788198	0.015777303	0.2315	15.0	737.5560760498047
168	521.3544	74.21399	644.38403	452.61578	1000.0	43.81207	8.237407	69.029625	0.0352246	676000	1.8119811e-08	415.11752	-0.017769892	-68.90427	3.071616	0.014140493	0.20225	5.0	741.8476068973541
169	429.8594	21.41944	459.12195	400.0907	1000.0	45.98864	8.75873	68.83156	0.44800377	680000	-7.152557e-09	382.64838	-0.01804538	-102.05737	2.9904616	0.015133429	0.21375	6.0	746.0977425575256
170	473.25104	34.88817	512.2752	437.34622	1000.0	39.56818	7.1838827	66.74624	4.575525	684000	1.6689301e-09	313.4267	-0.03637324	-64.09088	3.0150633	0.017056907	0.2255	15.0	751.0842459201813
171	479.23633	44.086742	552.2438	438.6588	1000.0	43.97719	7.020252	67.75602	7.431529	688000	-2.2172928e-08	361.72418	-0.020496039	-48.98349	3.0478144	0.015763784	0.193	6.0	755.2697615623474
172	523.6912	52.785385	577.21484	459.20563	1000.0	44.944656	7.8930845	65.58316	2.6258793	692000	-2.384186e-10	473.6553	-0.07836415	-73.93707	2.9927156	0.013152935	0.38825	79.0	760.060916185379
173	580.7827	61.63895	634.89294	476.2224	1000.0	50.212994	7.8154545	74.86192	1.2962391	696000	6.7949295e-09	495.6885	-0.0450284	-76.185	2.9335387	0.016276732	0.244	17.0	764.321337223053
174	475.01874	110.25351	604.0032	300.16257	1000.0	50.555706	10.680478	77.66584	-18.457054	700000	1.4305114e-08	524.36084	-0.015808022	-120.82617	2.9087896	0.014345257	0.2195	4.0	768.4087066650391
175	594.18	70.91039	690.1776	491.09946	1000.0	45.66485	8.595242	71.583176	1.3102049	704000	-2.002716e-08	396.7476	-0.024227766	-136.74976	2.961644	0.01476351	0.17275	7.0	772.6420254707336
176	561.7769	52.931038	631.5608	482.46677	1000.0	54.076576	6.853156	72.28702	14.888466	708000	2.0980835e-08	467.21094	-0.059558664	-63.813904	2.9106688	0.014967169	0.31925	32.0	777.3680472373962
177	609.04517	69.33359	719.13983	546.15875	1000.0	52.82493	8.152427	73.38883	13.720487	712000	1.0967255e-08	475.55417	-0.027748706	-82.77673	2.87298	0.017253792	0.18625	10.0	781.6383516788483
178	539.84827	29.94414	566.6394	489.62927	1000.0	56.9561	9.011412	81.351746	11.407537	716000	-2.2172928e-08	452.06305	-0.033062395	-101.13599	2.8894153	0.016746204	0.213	12.0	786.0642940998077
179	508.76892	120.75415	677.4855	391.35547	1000.0	50.037895	8.740763	75.197685	5.7759476	720000	-4.7683715e-09	672.503	-0.04589043	-118.989624	2.8611782	0.01657804	0.2725	20.0	790.023583650589
180	514.01	97.72733	638.3027	364.33313	1000.0	47.148766	11.615473	77.611694	-4.840815	724000	-1.9669534e-08	452.07907	-0.04760446	-79.589966	2.8262954	0.015494636	0.26625	21.0	794.7468309402466
181	612.6965	60.556923	687.3189	519.364	1000.0	48.95947	10.408729	80.57404	3.965756	728000	2.6226044e-09	489.89975	-0.038520977	-123.34326	2.898662	0.016073998	0.23075	13.0	798.8979156017303
182	559.80774	58.311275	631.5278	479.56674	1000.0	55.35312	8.089242	76.401375	9.615169	732000	-6.6757204e-09	358.51007	-0.048041146	-59.67102	2.8298633	0.015610106	0.299	21.0	803.1062297821045
183	562.0565	82.38955	661.93445	433.30936	1000.0	52.486965	7.322145	76.08886	9.575664	736000	-1.7881394e-08	525.4129	-0.042625412	-75.307526	2.7897038	0.0153562175	0.23525	17.0	807.3755853176117
184	589.6409	118.45246	747.8249	413.74207	1000.0	53.13739	10.058837	79.27608	-1.7895236	740000	7.1525574e-10	701.93335	-0.017696751	-107.01373	2.788987	0.01691253	0.191	4.0	811.4142115116119
185	609.4341	33.896927	654.6927	575.6415	1000.0	56.084373	12.333238	86.82309	-9.898634	744000	1.3351441e-08	500.9793	-0.02816847	-92.03494	2.8416893	0.017864434	0.21925	10.0	815.9734427928925
186	561.0604	123.26888	728.25507	403.65112	1000.0	56.067524	10.951852	80.807785	-11.926415	748000	-1.4305115e-09	687.57196	-0.018284034	-114.19263	2.8754897	0.018120399	0.244	4.0	820.166829586029
187	530.0017	120.85466	638.1413	330.3352	1000.0	53.05742	12.641522	82.02635	-17.783146	752000	-8.46386e-09	567.3643	-0.04361912	-113.87912	2.7922728	0.016200734	0.26825	18.0	824.2784492969513
188	584.83765	51.383263	658.6144	519.43304	1000.0	48.56875	10.0678	73.16982	9.862722	756000	-4.768372e-10	474.1054	-0.044418562	-107.18231	2.804294	0.016653463	0.2565	18.0	828.5884652137756
189	547.6982	92.99498	649.1387	427.62457	1000.0	53.828846	10.33492	78.7471	1.3898199	760000	-2.3841857e-09	761.0321	-0.011784069	-115.15863	2.7798822	0.023096973	0.2045	3.0	832.8635218143463
190	608.64355	42.70103	674.5699	570.2028	1000.0	52.861206	10.332131	79.99882	-14.611833	764000	-2.6702882e-08	367.08698	-0.069084205	-79.27023	2.7450516	0.015286977	0.33975	44.0	838.0533859729767
191	650.3143	50.0321	730.78754	595.86725	1000.0	55.5671	6.9506326	74.487305	20.745438	768000	-2.002716e-08	435.532	-0.031385887	-76.199524	2.717458	0.017418014	0.22125	10.0	842.4929091930389
192	610.83356	68.64089	715.4998	546.0802	1000.0	59.95861	6.946444	77.88187	25.342802	772000	3.051758e-08	462.045	-0.03776209	-74.40927	2.720838	0.015975617	0.2515	15.0	846.9967725276947
193	567.01654	78.09062	653.3084	479.33945	1000.0	55.991253	8.27019	80.34439	17.045088	776000	-1.9073486e-08	626.9636	-0.01540015	-109.01648	2.6974216	0.017429646	0.19575	4.0	851.1647810935974
194	662.2327	56.742985	755.27997	615.1489	1000.0	54.496075	10.938559	78.983505	-1.5201244	780000	1.3113022e-08	639.07776	-0.018179564	-129.06741	2.7048438	0.017115181	0.193	6.0	855.3850626945496
195	674.60724	92.79749	747.9455	515.9327	1000.0	60.3931	10.689405	87.14437	8.560533	784000	-4.2915342e-09	560.87524	-0.017304722	-82.0954	2.6488032	0.016635507	0.20975	6.0	859.8509352207184
196	685.4932	126.20519	836.74274	532.5607	1000.0	61.891064	10.53869	87.28743	5.1062183	788000	2.6702882e-08	587.0062	-0.029135868	-83.8833	2.669463	0.017442737	0.237	10.0	864.1827638149261
197	727.5849	69.05724	841.04865	661.10175	1000.0	64.53224	10.363202	88.96314	6.541802	792000	-2.0980835e-08	548.0112	-0.05031105	-101.25003	2.701483	0.015761485	0.28175	22.0	868.709885597229
198	731.0522	94.49698	887.63025	656.07684	1000.0	66.49901	7.950201	91.91804	19.327015	796000	5.662441e-09	529.78345	-0.019311834	-81.50339	2.65871	0.014421317	0.1995	5.0	872.89346575737
199	677.2433	36.713936	733.8954	634.95996	1000.0	67.01775	8.61301	93.7243	10.394376	800000	-7.033348e-09	463.42813	-0.030940183	-95.6994	2.7060194	0.016832799	0.28475	11.0	877.1735506057739
200	717.7746	68.37455	827.8957	640.0128	1000.0	61.874348	7.9112115	83.06103	14.316865	804000	2.5749207e-08	506.27856	-0.02945261	-98.77811	2.638406	0.0161676	0.23975	10.0	882.263457775116
201	740.9133	91.691376	893.6947	649.15466	1000.0	67.25158	7.889192	88.72956	20.366692	808000	-2.5987624e-08	525.7254	-0.013901125	-99.839355	2.6701427	0.016008848	0.202	4.0	886.3794763088226
202	754.9813	131.6934	911.38635	599.4174	1000.0	69.985825	9.124484	91.90632	22.849588	812000	3.8146974e-09	636.6605	-0.046290305	-87.33185	2.6637287	0.016611349	0.2725	20.0	890.6809122562408
203	754.67004	136.38576	959.9314	609.3198	1000.0	70.17559	9.253999	92.54899	24.896696	816000	-3.027916e-08	584.81036	-0.026137881	-87.04767	2.6248202	0.015988674	0.22275	9.0	894.787689447403
204	743.78577	75.196075	813.8537	628.9124	1000.0	70.59539	10.389378	97.72047	10.131727	820000	-1.9073487e-09	572.2738	-0.01473746	-90.57742	2.6033754	0.018189533	0.215	4.0	899.0312111377716
205	719.84174	131.45818	909.42267	554.49896	1000.0	68.56187	8.998439	92.47803	25.724966	824000	4.768372e-10	682.12964	-0.015791103	-109.06915	2.6463585	0.014039753	0.2155	5.0	903.397362947464
206	759.6177	75.1589	861.12585	672.53827	1000.0	69.24421	11.860931	98.913536	1.253108	828000	-9.6559525e-09	716.30286	-0.02744982	-123.67261	2.6102483	0.017750632	0.19725	9.0	907.6375703811646
207	722.3473	58.286453	786.72723	653.0812	1000.0	69.34115	10.353243	94.80129	-2.8177006	832000	1.0728836e-09	616.6961	-0.026892647	-102.58557	2.601897	0.017024314	0.26575	9.0	911.8569822311401
208	700.00104	64.626015	793.1073	622.352	1000.0	66.093376	11.000607	94.94747	-2.117606	836000	-2.7179718e-08	586.39777	-0.030990116	-102.36734	2.6073081	0.015148848	0.253	11.0	916.0170023441315
209	689.6679	84.147026	821.52045	593.0646	1000.0	66.55469	10.345352	92.68393	9.011867	840000	-2.360344e-08	821.31714	-0.030463336	-131.0199	2.5571973	0.01704085	0.23625	11.0	920.3000614643097
210	604.8439	75.16593	703.94055	525.9989	1000.0	62.628593	13.175644	92.892845	-0.3361831	844000	-1.0967255e-08	479.124	-0.02711401	-150.77286	2.5997682	0.018676918	0.2465	10.0	925.2850370407104
211	624.68097	81.826065	738.1918	506.90094	1000.0	56.889915	7.962137	79.82705	18.258074	848000	2.0980835e-08	660.772	-0.073188365	-111.32324	2.5937514	0.0149743175	0.36175	57.0	929.7900428771973
212	747.068	75.610466	828.626	623.28357	1000.0	59.940662	10.624231	89.51841	12.476912	852000	8.106232e-09	625.3505	-0.030625563	-149.28201	2.5279577	0.01548446	0.201	10.0	934.1204702854156
213	705.2001	78.04663	802.30597	590.5068	1000.0	67.27725	9.265328	93.65649	16.509207	856000	4.2915342e-09	617.4081	-0.021850588	-99.42114	2.4763467	0.016925061	0.1915	7.0	938.3117637634277
214	676.93787	84.58525	804.6055	574.68054	1000.0	62.928783	10.875271	90.67308	3.9177787	860000	9.536744e-10	702.5054	-0.034337565	-106.72101	2.486677	0.016066788	0.26275	12.0	942.6081218719482
215	759.53204	25.391056	800.0662	736.949	1000.0	63.972424	10.205607	93.57384	10.745578	864000	-3.0994416e-09	640.7525	-0.029889457	-125.405396	2.411685	0.018723283	0.255	9.0	946.6831395626068
216	790.52075	134.7906	944.3812	587.5806	1000.0	69.530685	11.675384	95.976974	-1.9545324	868000	5.0544738e-08	871.13715	-0.07101681	-157.91559	2.511881	0.01473132	0.349	63.0	951.3484663963318
217	722.67993	165.79796	921.59467	553.72034	1000.0	72.6355	14.510678	105.85869	0.7694093	872000	3.528595e-08	772.85974	-0.030915841	-140.85242	2.4730406	0.017085686	0.1965	10.0	955.7559049129486
218	733.2649	81.36412	862.6962	640.73816	1000.0	68.41906	14.815833	102.85457	-11.938014	876000	1.66893e-08	666.0423	-0.010127749	-123.57355	2.46847	0.014623085	0.22675	3.0	959.9338672161102
219	769.4056	19.876549	789.7152	737.539	1000.0	68.15738	9.294157	92.133385	25.635023	880000	1.4305114e-08	536.77435	-0.029521314	-87.524475	2.494682	0.017662186	0.253	10.0	964.1874203681946
220	719.1844	86.37719	855.0186	642.5013	1000.0	70.67523	10.12802	94.53095	14.862653	884000	6.6757204e-09	576.0144	-0.013482125	-93.96283	2.480443	0.013397926	0.11875	4.0	969.1027145385742
221	880.0601	71.59545	996.79297	809.5479	1000.0	71.2087	9.787021	96.13756	11.172428	888000	3.0994414e-08	949.1126	-0.010543534	-233.156	2.4652286	0.015768817	0.1865	3.0	973.0219330787659
222	721.6924	212.58638	1080.3607	546.4668	1000.0	79.61385	10.533554	106.34719	17.92874	892000	-2.8610229e-08	980.8537	-0.01928249	-302.42255	2.481599	0.015701665	0.20975	7.0	977.0767583847046
223	749.7168	67.0236	844.6939	685.8117	1000.0	66.87995	13.887669	105.36306	-6.6359787	896000	-4.768372e-10	634.18823	-0.028964596	-126.122955	2.4603004	0.016934238	0.23775	9.0	981.4681007862091
224	766.681	47.52917	828.01965	718.3628	1000.0	68.69436	11.187528	100.040665	17.112818	900000	1.0490417e-08	615.70886	-0.017309437	-107.51703	2.4483316	0.018622145	0.23975	5.0	985.7314231395721
225	702.591	104.54829	861.45776	569.0423	1000.0	71.53719	10.769421	106.49448	7.781265	904000	3.1471252e-08	867.89526	-0.019008743	-155.66394	2.4368348	0.017607158	0.20625	5.0	989.8444635868073
226	776.21204	110.147995	955.5747	656.7166	1000.0	67.01305	12.492471	102.12631	2.0904472	908000	-2.0503998e-08	697.9055	-0.028406102	-132.80237	2.435506	0.016939258	0.23425	11.0	994.1382222175598
227	812.6307	79.672615	888.7442	699.4311	1000.0	73.35533	10.50505	100.54091	23.773659	912000	-2.3841857e-09	675.2949	-0.029198961	-99.506714	2.4498656	0.016187545	0.20825	10.0	998.5448763370514
228	794.79895	66.97455	885.07806	696.1457	1000.0	75.48166	10.591422	102.75581	27.825275	916000	-2.1338463e-08	809.81506	-0.037885834	-123.18219	2.4441123	0.017852863	0.30175	14.0	1002.1529250144958
229	782.0564	62.518116	878.9586	706.33093	1000.0	73.48895	11.675203	101.81992	20.055517	920000	-1.9073487e-09	726.29333	-0.031247325	-113.69531	2.437216	0.016133191	0.24425	11.0	1006.5880105495453
230	766.6417	25.506205	798.4082	727.3282	1000.0	72.73297	11.003635	104.09188	13.726784	924000	9.536744e-10	591.82825	-0.032507725	-89.10831	2.4142177	0.018409364	0.22975	12.0	1011.5509457588196
231	730.12054	126.026115	933.71515	611.26666	1000.0	71.77098	11.873555	106.94866	-5.78198	928000	1.0967255e-08	947.32025	-0.028882897	-187.91553	2.4267976	0.01786565	0.265	10.0	1015.3497734069824
232	734.08716	140.37543	903.98413	515.65546	1000.0	67.97592	16.012753	103.95681	-24.958473	932000	7.390976e-09	786.74927	-0.030678788	-131.26453	2.3828619	0.017398179	0.2515	10.0	1019.7964186668396
233	671.67737	46.72885	729.1832	601.7937	1000.0	66.799614	13.553506	100.94539	-18.23873	936000	2.9325486e-08	587.12085	-0.033497907	-137.37796	2.3858697	0.016899612	0.23775	12.0	1024.2972118854523
234	898.1876	35.132656	957.9481	869.68085	1000.0	65.64182	9.5105505	94.781	21.394382	940000	-8.5830685e-09	889.4566	-0.03106405	-361.06476	2.3709037	0.016235562	0.233	11.0	1028.431646347046
235	758.9221	70.39653	824.6374	650.62494	1000.0	80.18986	8.674663	104.66451	26.27596	944000	9.536744e-10	898.3489	-0.039594665	-241.86859	2.377118	0.016468447	0.23975	18.0	1032.9160981178284
236	930.6863	92.823875	1058.8085	802.93225	1000.0	70.97276	10.437842	104.697914	13.626401	948000	-3.8146972e-08	1013.9318	-0.03869075	-353.8382	2.347754	0.016256262	0.228	14.0	1036.9719970226288
237	919.9146	143.09074	1156.6777	776.47174	1000.0	86.74842	10.722847	118.51674	11.32836	952000	1.6212464e-08	722.545	-0.02702269	-91.274536	2.4031749	0.017558053	0.25975	10.0	1041.1485795974731
238	820.0869	84.36607	886.83636	676.5867	1000.0	82.41646	11.440862	112.26368	7.579117	956000	-6.9141386e-09	878.65295	-0.032429814	-149.73956	2.4027333	0.017668277	0.246	11.0	1045.440697669983
239	827.96387	117.12494	945.16437	675.9045	1000.0	75.9571	12.37763	106.10137	10.474648	960000	-4.768372e-10	858.7706	-0.03411052	-114.052795	2.3659663	0.017093245	0.2615	12.0	1049.5706338882446
240	848.9418	123.714325	995.19666	705.8622	1000.0	77.20486	12.153895	110.77338	14.217696	964000	-5.042553e-08	691.319	-0.011292722	-102.34973	2.3585637	0.02441415	0.27925	3.0	1054.7616314888
241	761.3396	134.2983	894.90924	573.7481	1000.0	76.938576	11.889678	105.52522	-6.4912677	968000	2.026558e-08	783.9994	-0.03599297	-144.09235	2.3469286	0.01595717	0.26825	13.0	1059.3035562038422
242	813.95325	135.82835	935.39124	584.69086	1000.0	72.483574	12.667567	108.82082	11.2554245	972000	2.8371812e-08	644.5557	-0.03434605	-112.384766	2.374292	0.014373241	0.205	12.0	1063.7686519622803
243	732.06854	91.508286	819.5237	580.3791	1000.0	74.43087	11.218582	106.62991	14.774501	976000	-1.6570091e-08	800.11316	-0.037018996	-156.89789	2.325767	0.016545529	0.20975	15.0	1068.0348858833313
244	786.1233	64.635475	894.93646	725.07605	1000.0	68.35625	12.230871	108.91681	23.079182	980000	1.0967255e-08	524.6442	-0.032264173	-113.343445	2.3696585	0.018577881	0.24075	11.0	1072.35702586174
245	947.9281	30.77058	991.5688	904.5379	1000.0	73.59224	8.128935	100.53428	45.035774	984000	9.298325e-09	1018.91614	-0.025967484	-288.39386	2.2758498	0.015090936	0.252	9.0	1076.6871755123138
246	777.70154	63.085194	840.9834	701.265	1000.0	84.021614	11.902859	118.84786	29.000074	988000	-7.152557e-09	648.49316	-0.016337086	-236.77444	2.3078113	0.017885787	0.194	4.0	1080.9443323612213
247	786.73413	35.023384	846.37836	757.0926	1000.0	71.92037	8.412684	98.021484	30.422033	992000	-9.536743e-09	568.8031	-0.013618855	-76.34714	2.260079	0.016289715	0.19975	5.0	1085.0885484218597
248	802.04614	97.44653	963.10925	723.28235	1000.0	72.5837	8.584273	97.24814	25.560736	996000	1.9073487e-09	756.50415	-0.016585523	-120.918335	2.3311405	0.014610172	0.20425	5.0	1089.4805953502655
249	779.7629	69.81572	864.40186	674.8277	1000.0	74.46651	10.11443	108.983246	24.11462	1000000	-4.529953e-09	530.83826	-0.010012229	-85.05676	2.3155499	0.020971745	0.30725	3.0	1094.8590433597565
