Epoch	AverageEpRet	StdEpRet	MaxEpRet	MinEpRet	AverageTestEpRet	StdTestEpRet	MaxTestEpRet	MinTestEpRet	EpLen	TestEpLen	TotalEnvInteracts	AverageQ1Vals	StdQ1Vals	MaxQ1Vals	MinQ1Vals	AverageQ2Vals	StdQ2Vals	MaxQ2Vals	MinQ2Vals	LossPi	LossQ	Time
1	-257.466	65.16662	-136.57014	-329.39053	-609.64575	30.552128	-567.95496	-679.40814	1000.0	1000.0	5000	0.68252414	2.34288	14.656684	-7.705213	0.6830721	2.3425384	14.457759	-7.848616	-1.675188	0.35500106	49.16700887680054
2	-337.7094	87.325096	-232.0581	-477.46695	-514.5355	137.00671	-133.82928	-628.4272	1000.0	1000.0	10000	10.670843	5.8124375	34.471645	-6.8234434	10.671316	5.8117905	34.322716	-6.5287085	-13.184297	1.2644866	99.73080205917358
3	-421.83276	145.79637	-182.67972	-611.75696	-309.02545	211.91927	38.50571	-610.1834	1000.0	1000.0	15000	21.23824	8.861242	49.937443	0.5550108	21.23845	8.860866	51.923073	0.6691221	-23.094234	2.3080719	154.63127541542053
4	0.4377823	330.3506	558.2167	-340.45175	366.79016	520.5447	1334.8813	-236.63063	1000.0	1000.0	20000	21.406511	11.64839	72.71092	-2.9486663	21.406803	11.648046	70.32988	-3.638194	-22.532818	2.2432106	209.32990646362305
5	647.3646	737.213	1892.296	-21.659458	1421.0853	533.0833	1996.6901	370.49426	1000.0	1000.0	25000	22.137918	16.682732	89.30176	-6.5998626	22.137894	16.682655	87.45193	-7.7689557	-23.320278	3.6064153	262.1977159976959
6	2116.3257	460.66174	2563.0732	1548.0275	3005.8276	303.58588	3374.5466	2168.3767	1000.0	1000.0	30000	32.006855	26.16869	117.53717	-11.368647	32.006763	26.169437	117.9717	-10.587164	-33.61442	5.8426075	314.1776535511017
7	2504.2363	1010.6567	3258.29	511.04868	2299.226	1060.6289	3284.501	485.28885	1000.0	1000.0	35000	48.160625	37.70382	156.87729	-12.070984	48.16022	37.704536	155.28629	-11.81102	-50.139442	8.67609	368.05945229530334
8	2138.4478	1377.8225	3851.883	577.62866	2083.3525	1229.2898	3717.441	305.9028	1000.0	1000.0	40000	64.05166	49.48756	183.1335	-15.679068	64.05148	49.488308	183.84013	-15.216525	-66.09974	11.449611	424.492493391037
9	3335.0645	1005.67896	4169.2656	1407.2867	4367.6167	92.00128	4495.7305	4211.031	1000.0	1000.0	45000	80.653435	62.09543	218.60416	-19.568325	80.65319	62.096638	218.73286	-19.389862	-82.920715	14.780653	477.9088134765625
10	4031.317	548.1009	4498.1553	2968.0012	4368.564	1018.1506	4913.746	1342.1458	1000.0	1000.0	50000	103.25195	73.74775	240.97636	-21.263124	103.251884	73.74864	243.22601	-19.911009	-105.59825	17.229618	530.80797123909
11	4527.105	375.9631	5033.6436	3862.7878	4833.1475	115.365166	5068.1167	4688.026	1000.0	1000.0	55000	126.35316	84.691444	270.73828	-22.947935	126.35268	84.69251	272.92642	-21.986835	-128.81938	19.400856	584.4636337757111
12	4656.2617	198.34178	4881.38	4328.5435	5273.254	111.245476	5435.1978	5098.1704	1000.0	1000.0	60000	149.2577	94.0752	302.44928	-22.543257	149.25764	94.07582	303.12427	-22.680746	-151.7464	23.393772	640.3135004043579
13	4550.6646	1182.2472	5214.1084	2188.867	5455.2544	175.14511	5823.354	5152.0474	1000.0	1000.0	65000	171.61465	102.84407	328.33252	-23.558588	171.61462	102.84512	324.74667	-22.781906	-174.41638	25.269848	695.8060138225555
14	5291.975	98.67152	5429.6763	5168.202	5397.2373	126.098495	5658.8223	5235.8906	1000.0	1000.0	70000	193.12753	110.91117	349.85474	-50.40066	193.12782	110.91244	351.86993	-47.71672	-196.06213	27.712938	750.3004307746887
15	5436.1357	174.28711	5681.468	5178.116	5371.245	66.70023	5484.519	5236.497	1000.0	1000.0	75000	214.68752	117.88646	372.96158	-27.13532	214.68768	117.88842	373.30136	-29.778912	-217.52126	29.933369	803.7104177474976
16	5503.62	218.00485	5743.324	5139.193	5652.954	85.50184	5795.1187	5492.126	1000.0	1000.0	80000	235.45494	123.86715	388.91293	-30.794155	235.45485	123.8685	393.29123	-26.167828	-238.18112	30.609581	858.5479934215546
17	5708.104	215.3921	6011.882	5466.6543	5994.947	106.99351	6152.044	5755.7725	1000.0	1000.0	85000	255.55194	128.72797	414.32806	-28.83113	255.55151	128.72945	412.33127	-30.064188	-258.4332	30.392143	914.7915236949921
18	5384.361	289.26672	5642.034	4835.5713	6134.0664	82.08117	6234.0317	5956.1016	1000.0	1000.0	90000	274.8129	132.80104	423.2077	-32.42802	274.81314	132.80206	426.421	-26.503635	-277.6268	31.797663	968.1489953994751
19	5876.6724	120.89111	6046.72	5686.005	6059.789	91.203354	6202.349	5872.9355	1000.0	1000.0	95000	292.45526	136.28154	444.47284	-34.862843	292.45563	136.28172	443.48123	-30.792295	-295.3983	34.082096	1021.1656982898712
20	5945.6016	116.53615	6101.2456	5804.432	6343.1978	94.774734	6459.161	6189.3755	1000.0	1000.0	100000	309.3752	139.11415	453.78265	-31.374582	309.3757	139.11382	455.65894	-31.040785	-311.97906	33.802498	1073.7991485595703
21	5957.732	116.0332	6068.441	5749.1665	6346.8545	122.086044	6565.573	6097.395	1000.0	1000.0	105000	325.6507	141.62317	468.0229	-30.983341	325.6511	141.62245	467.18665	-40.527477	-328.1161	33.613045	1129.9348883628845
22	5967.273	149.371	6144.72	5733.766	6459.7563	92.13294	6607.4263	6277.6895	1000.0	1000.0	110000	340.54944	143.65143	484.01462	-39.542873	340.54947	143.65108	480.3011	-37.10112	-343.32404	34.03048	1187.0494458675385
23	6335.15	131.88733	6504.3975	6162.0566	6727.06	118.463684	6891.731	6477.7124	1000.0	1000.0	115000	354.9551	145.707	495.97693	-42.56546	354.95572	145.706	497.83273	-45.87745	-357.71048	33.08526	1241.2170329093933
24	6389.552	132.88904	6597.135	6188.47	5993.7505	1022.8273	6434.9717	2934.6626	1000.0	1000.0	120000	369.61368	146.88382	509.8896	-38.374866	369.61398	146.88359	511.12296	-44.075703	-372.2624	33.613197	1294.3569798469543
25	6241.8926	116.95448	6358.667	6045.9873	6401.8267	59.91036	6488.7305	6311.9116	1000.0	1000.0	125000	382.87534	149.08209	525.13116	-34.88491	382.8757	149.08078	524.9333	-29.95096	-385.76712	34.221375	1349.053204536438
26	6378.224	178.79587	6595.661	6133.8457	6664.1577	100.73588	6845.3174	6492.304	1000.0	1000.0	130000	395.47638	151.03458	532.8927	-34.229973	395.4768	151.0345	533.2669	-34.22765	-397.7863	35.28135	1406.9159591197968
27	6413.4326	208.22209	6646.226	6029.2666	6318.6133	839.0515	6848.441	3862.7358	1000.0	1000.0	135000	407.3693	152.21289	547.61926	-32.844414	407.36935	152.21179	550.75	-37.44362	-410.2823	34.71179	1462.908047914505
28	6353.87	148.39575	6631.4106	6219.3384	5473.96	1794.9275	6547.8174	1131.9768	1000.0	1000.0	140000	418.1364	153.5893	557.1188	-34.469917	418.13654	153.58879	556.6432	-31.75185	-420.54675	36.262203	1517.3392777442932
29	6442.3745	226.08131	6651.408	6015.43	6980.1143	89.05019	7138.54	6833.1875	1000.0	1000.0	145000	428.718	154.11491	566.00476	-32.207882	428.7186	154.11418	567.0138	-36.0142	-431.0706	36.591927	1569.908147096634
30	6703.5635	96.9103	6837.119	6563.8936	6699.37	141.29099	6949.0347	6386.329	1000.0	1000.0	150000	438.45117	154.98155	572.96594	-44.132248	438.45193	154.97981	574.3077	-43.054844	-440.4611	37.352245	1623.8357276916504
31	6708.583	82.897736	6820.995	6573.8936	6645.589	118.23788	6768.166	6326.7515	1000.0	1000.0	155000	448.01532	154.96704	582.76624	-48.159977	448.01532	154.96756	583.06256	-45.039635	-450.4474	38.03827	1681.3204414844513
32	6581.7666	210.78183	6839.623	6200.049	6845.7954	132.95206	7008.359	6613.9995	1000.0	1000.0	160000	457.15112	154.8345	589.7695	-48.86391	457.1518	154.83307	587.5022	-62.824745	-459.77414	38.022243	1735.8318362236023
33	6803.843	216.31331	7186.775	6514.224	7391.5728	99.64052	7534.7437	7241.1953	1000.0	1000.0	165000	465.1904	155.15236	595.2638	-66.58875	465.19092	155.15155	594.25586	-62.490864	-467.6986	37.293926	1789.004085302353
34	6297.362	1583.7517	7206.0264	3134.612	7241.0713	126.332535	7350.062	6992.461	1000.0	1000.0	170000	472.00836	157.02615	602.4408	-105.92884	472.00903	157.02573	601.1973	-79.386024	-474.5586	39.07416	1843.6768226623535
35	6849.5845	166.77664	7134.8516	6677.629	7374.7764	143.33441	7545.0713	7001.385	1000.0	1000.0	175000	479.1693	157.84677	611.1633	-163.48569	479.1701	157.84479	612.79974	-114.889786	-481.4897	42.174732	1900.3929648399353
36	7063.448	202.61235	7312.542	6711.9355	7628.129	149.60243	7830.4014	7385.586	1000.0	1000.0	180000	485.98895	158.93158	616.6274	-93.31587	485.98956	158.9313	617.2473	-74.35834	-488.86444	40.775787	1957.0994291305542
37	7127.1523	92.41689	7297.3633	7031.352	7601.2744	58.937935	7750.2383	7522.964	1000.0	1000.0	185000	492.81628	158.92035	623.3581	-61.533504	492.81683	158.91862	627.49207	-65.7597	-495.24677	41.125175	2011.106585264206
38	7328.8936	88.00227	7415.2627	7191.4116	7601.0376	82.789856	7755.2227	7483.935	1000.0	1000.0	190000	500.10114	158.70566	633.6232	-52.825996	500.10196	158.70424	635.15295	-52.26286	-502.5994	39.10583	2065.087049484253
39	7178.7393	432.91214	7570.147	6401.0005	7751.2134	101.52473	7903.867	7576.1904	1000.0	1000.0	195000	506.5677	159.63708	641.10724	-61.43031	506.56845	159.63658	641.90094	-58.863483	-508.94464	40.597157	2118.891017436981
40	7459.3345	115.568825	7673.8657	7349.195	7924.8994	215.30939	8325.639	7475.8716	1000.0	1000.0	200000	513.51965	159.54523	648.20496	-68.656944	513.52026	159.54364	647.6501	-77.03723	-515.9719	41.830933	2176.336992263794
41	7455.7407	85.06337	7584.279	7320.8057	7664.2095	112.030525	7850.9	7448.6484	1000.0	1000.0	205000	520.17084	159.8175	661.4407	-69.36936	520.1715	159.81647	660.6014	-57.478302	-522.6433	42.55358	2235.006514072418
42	7536.624	200.55856	7845.8237	7305.5337	8045.052	73.76495	8148.512	7901.0024	1000.0	1000.0	210000	526.9743	159.81169	673.2084	-62.297344	526.97485	159.81021	672.30176	-89.51145	-529.7716	42.989143	2290.152557849884
43	7596.4663	129.61713	7812.5576	7448.8643	8224.08	117.60625	8426.05	8101.156	1000.0	1000.0	215000	533.787	160.014	678.8839	-64.820595	533.7881	160.01231	678.00574	-71.49541	-535.8498	43.205738	2347.775059938431
44	7609.7305	329.35355	7961.1465	7004.0977	8318.269	190.4779	8596.341	7922.858	1000.0	1000.0	220000	539.2231	161.12035	691.6962	-70.22174	539.2235	161.11844	689.6577	-60.229424	-541.6388	44.59948	2404.9544281959534
45	7829.6006	263.52014	8098.435	7367.3296	8408.753	67.236046	8506.274	8298.279	1000.0	1000.0	225000	545.38525	161.25005	695.4621	-71.79094	545.38617	161.24835	693.09235	-59.18042	-548.0771	45.07956	2463.0453958511353
46	7768.8076	152.66599	7953.4116	7612.3574	8033.659	122.784386	8218.1	7787.3257	1000.0	1000.0	230000	551.82776	161.09949	701.6284	-63.667953	551.82855	161.09743	701.8338	-85.65973	-554.3259	47.746807	2520.3122379779816
47	7760.279	145.54976	7933.8584	7511.873	7989.374	192.72383	8166.5425	7457.1084	1000.0	1000.0	235000	557.70184	161.26569	705.1308	-77.19804	557.70294	161.26414	705.9166	-60.76146	-560.2015	47.549774	2578.19318652153
48	7857.672	99.86264	7988.6597	7717.121	8261.553	107.95657	8426.566	8112.0522	1000.0	1000.0	240000	563.62787	162.0958	712.6439	-57.911827	563.6282	162.09406	711.1503	-69.244606	-566.0626	47.83365	2634.5546684265137
49	7924.357	190.40321	8277.781	7735.9927	8425.729	104.962074	8588.06	8194.069	1000.0	1000.0	245000	570.0359	160.98642	716.5264	-95.36478	570.0366	160.9845	716.1226	-83.33088	-572.4866	49.928284	2689.675634622574
50	7907.16	169.32074	8085.925	7638.2656	8615.851	159.91463	8917.513	8344.528	1000.0	1000.0	250000	575.24335	161.65051	720.3877	-81.43444	575.24396	161.64961	720.68524	-71.23438	-577.59576	48.657	2745.193546772003
51	7826.639	344.58722	8068.3115	7141.6064	8125.78	77.38173	8240.05	7944.1997	1000.0	1000.0	255000	580.86646	161.37769	727.8433	-96.97482	580.8674	161.3752	728.43115	-103.165855	-583.2766	49.558475	2801.1219279766083
52	8146.1016	157.35287	8307.027	7894.7607	8653.787	85.03876	8790.229	8535.861	1000.0	1000.0	260000	586.7825	160.4757	732.46765	-63.866547	586.7831	160.47409	732.5946	-55.670155	-589.5531	51.175117	2856.085905313492
53	8185.668	34.181923	8217.405	8121.8086	8381.338	72.41559	8468.08	8203.747	1000.0	1000.0	265000	591.9795	160.77051	736.9965	-76.04532	591.98016	160.76797	735.8594	-77.8265	-594.4026	49.73523	2909.47039604187
54	8143.0376	108.22334	8255.977	7979.696	8535.436	145.61018	8800.815	8380.498	1000.0	1000.0	270000	595.86835	161.47308	745.98663	-103.4914	595.8693	161.4703	745.5335	-115.90037	-598.5466	50.06483	2963.746204853058
55	8186.802	227.77307	8444.173	7768.692	8811.709	154.86945	8990.569	8481.963	1000.0	1000.0	275000	601.0208	161.45409	751.47925	-83.851135	601.02155	161.45245	753.9092	-101.278984	-603.6419	49.854656	3017.882787466049
56	8433.861	243.7188	8650.216	7976.644	8609.162	193.39859	8762.758	8133.134	1000.0	1000.0	280000	605.78046	162.14272	759.18805	-91.81913	605.78094	162.14064	759.85077	-94.00804	-608.3878	49.50323	3074.5251512527466
57	8359.822	143.76048	8579.618	8158.591	8878.385	77.73885	8996.897	8748.61	1000.0	1000.0	285000	611.4041	161.08704	765.28894	-83.31332	611.405	161.08557	763.9818	-77.56257	-613.8794	49.21674	3131.2377030849457
58	8187.711	339.90555	8571.072	7562.186	8991.193	119.90831	9224.597	8787.665	1000.0	1000.0	290000	615.8167	162.16234	768.268	-90.21433	615.8171	162.16016	768.82263	-95.859764	-618.4352	50.33062	3186.34414768219
59	8643.777	175.6121	8903.164	8444.78	8842.542	131.64172	9032.139	8665.16	1000.0	1000.0	295000	620.98114	161.57832	775.9502	-90.79601	620.9811	161.57742	774.31476	-93.57511	-623.5547	52.398865	3243.448041677475
60	8501.529	140.31314	8679.479	8320.736	8817.693	143.09016	9055.539	8567.849	1000.0	1000.0	300000	625.93567	161.11456	781.05695	-107.09535	625.93695	161.1117	781.9833	-112.66315	-628.84326	52.16217	3301.077091217041
61	8531.983	89.7696	8632.001	8391.571	9109.43	127.830376	9366.339	8923.544	1000.0	1000.0	305000	630.2893	161.71318	784.3392	-97.14299	630.29	161.71135	785.4008	-85.246346	-632.9668	52.94959	3359.109418153763
62	8568.08	219.55139	8825.045	8159.121	9231.892	128.08037	9349.1045	8892.623	1000.0	1000.0	310000	635.52563	161.80667	787.03827	-108.10501	635.5266	161.80383	787.1709	-97.28063	-638.34467	54.27509	3416.9880249500275
63	8603.659	202.67622	8809.36	8225.812	9210.519	126.9628	9390.27	8942.644	1000.0	1000.0	315000	640.832	161.36258	794.3191	-100.405396	640.832	161.36185	796.57117	-89.75481	-643.7206	55.95346	3474.6507711410522
64	8684.268	317.9035	9025.828	8135.8257	8949.089	146.36996	9134.956	8752.249	1000.0	1000.0	320000	645.0508	161.69539	810.1183	-117.09203	645.0517	161.69292	808.72235	-112.13906	-647.5695	57.192856	3531.3363337516785
65	8674.415	370.29352	9097.565	8003.8105	9309.413	151.05797	9511.031	9088.686	1000.0	1000.0	325000	649.73883	161.61351	812.7548	-86.78374	649.73895	161.61194	814.553	-84.15313	-652.4852	56.111294	3587.623063802719
66	8805.597	133.59753	8895.772	8542.245	8987.201	150.31393	9183.361	8704.994	1000.0	1000.0	330000	653.7014	161.59013	814.8091	-91.77335	653.70197	161.58759	815.40247	-87.918106	-656.5047	58.261524	3642.496241092682
67	8750.604	64.886086	8835.593	8644.869	9293.175	102.96932	9481.415	9148.644	1000.0	1000.0	335000	658.0693	161.82278	821.2369	-108.94852	658.0697	161.82239	822.24426	-88.29919	-661.1312	59.452126	3698.6025052070618
68	8960.46	48.892616	9029.977	8891.24	9324.854	63.76025	9425.402	9207.571	1000.0	1000.0	340000	661.72766	162.19939	823.1348	-81.72777	661.72876	162.19711	822.4115	-87.54094	-664.1549	60.071014	3755.3689393997192
69	8829.287	107.66985	8966.741	8698.69	9371.181	73.56739	9486.549	9223.063	1000.0	1000.0	345000	665.80664	162.1934	827.9547	-101.015656	665.8069	162.19284	827.55707	-80.5501	-668.2814	59.374817	3811.6304059028625
70	9038.6	154.25858	9241.432	8813.22	9344.21	87.51994	9458.094	9164.865	1000.0	1000.0	350000	669.76965	162.16687	830.00165	-83.12697	669.77045	162.16486	830.8629	-94.628044	-672.6277	58.39543	3867.9760150909424
71	8873.947	298.48468	9058.948	8278.158	9362.24	106.43975	9484.595	9147.411	1000.0	1000.0	355000	674.0743	161.93755	835.6965	-90.62685	674.0746	161.93645	834.1491	-69.26451	-676.7803	58.22965	3925.281302690506
72	8862.33	183.82132	9098.675	8568.3955	9341.26	131.41182	9553.404	9148.522	1000.0	1000.0	360000	677.82196	162.40222	836.1016	-77.82501	677.82275	162.40082	834.4738	-80.18547	-680.31323	59.83455	3982.573714733124
73	8877.553	196.13367	9209.186	8618.236	9498.523	246.76349	9896.35	8995.033	1000.0	1000.0	365000	681.9442	160.77028	839.02875	-87.56688	681.9445	160.76947	838.1932	-81.58608	-684.5676	59.700863	4041.4070558547974
74	8966.651	207.99127	9215.076	8603.327	9592.059	94.3238	9751.011	9380.302	1000.0	1000.0	370000	684.916	161.41354	843.27936	-94.37593	684.91614	161.41249	842.61694	-95.85676	-687.878	61.048264	4099.241928100586
75	9080.909	161.36024	9323.09	8862.485	9388.163	138.0552	9619.471	9152.86	1000.0	1000.0	375000	687.6086	162.54057	846.24475	-122.336136	687.60895	162.53802	845.5808	-143.91652	-690.43494	62.43012	4154.337404489517
76	8881.422	268.8794	9163.514	8438.225	9611.473	78.82674	9763.025	9497.004	1000.0	1000.0	380000	691.0116	161.51784	846.93176	-102.38858	691.0121	161.51723	849.4772	-110.29027	-693.6419	60.320732	4210.530133962631
77	9067.394	393.93466	9479.74	8331.124	9724.939	94.84846	9891.611	9555.265	1000.0	1000.0	385000	694.5237	161.00938	847.91144	-137.88849	694.52435	161.00694	848.2899	-149.03824	-697.19495	59.953564	4267.936866044998
78	9093.039	213.37593	9416.417	8744.831	9721.535	65.3941	9836.56	9622.239	1000.0	1000.0	390000	698.3167	159.97968	852.82495	-110.040405	698.3167	159.97922	849.9914	-148.59653	-700.9976	60.056007	4325.259024143219
79	9217.571	236.89392	9413.69	8796.132	9498.9	101.349434	9621.028	9263.135	1000.0	1000.0	395000	701.11005	160.36104	853.42285	-135.88844	701.11084	160.35893	857.04865	-138.08966	-703.3673	59.458977	4382.859920978546
80	9237.151	165.66336	9478.416	8975.397	9651.291	60.557594	9774.548	9571.873	1000.0	1000.0	400000	704.3063	160.48744	858.38367	-107.54469	704.3066	160.48602	857.8667	-94.29655	-706.78546	59.352875	4440.807262659073
81	9329.493	168.53546	9519.86	9012.604	9745.783	107.66207	9893.718	9498.526	1000.0	1000.0	405000	707.3072	159.6938	860.106	-89.66768	707.3075	159.69244	857.3662	-83.204315	-710.1993	59.71325	4502.506939411163
82	9285.335	235.98358	9669.527	9045.597	9543.678	139.46983	9712.322	9262.719	1000.0	1000.0	410000	710.21185	159.82327	860.6024	-96.326805	710.212	159.82188	861.0092	-109.67052	-712.41095	59.096107	4553.434851884842
83	9167.702	412.68182	9747.38	8519.532	9896.334	125.13784	10052.389	9638.607	1000.0	1000.0	415000	712.58923	159.9676	864.9342	-106.70262	712.58984	159.96661	868.0162	-129.35504	-715.2714	61.046787	4601.011713266373
84	9301.662	182.24115	9655.2295	9131.698	9668.484	94.62394	9779.871	9485.786	1000.0	1000.0	420000	715.21967	159.80373	864.42065	-158.1519	715.2205	159.80142	865.4688	-140.5097	-717.7249	61.0017	4648.246632575989
85	9336.515	169.30849	9525.953	9101.728	9675.689	158.15096	9837.166	9368.149	1000.0	1000.0	425000	718.06775	159.997	870.70496	-94.1608	718.06836	159.99734	870.1029	-103.82392	-720.23816	59.61156	4696.159651041031
86	9355.686	162.40765	9572.089	9093.776	9777.377	152.98145	9955.905	9538.72	1000.0	1000.0	430000	721.20026	160.06503	873.30774	-96.38245	721.2005	160.06363	873.7656	-121.13629	-723.7086	62.966476	4743.739274978638
87	8716.061	978.79846	9631.862	7035.838	9398.873	1870.9049	10232.651	3791.9639	1000.0	1000.0	435000	723.5629	160.43323	875.1932	-115.22708	723.5635	160.4319	876.86926	-83.61304	-726.4553	62.610607	4790.916554689407
88	9379.0205	238.8427	9755.361	9113.553	9954.458	90.12185	10052.834	9765.0205	1000.0	1000.0	440000	726.32715	159.70009	878.54663	-80.43964	726.3269	159.69983	877.6813	-81.27347	-728.972	65.417854	4838.904611587524
89	9268.719	487.264	9674.193	8321.441	9822.854	84.53312	9945.083	9683.011	1000.0	1000.0	445000	728.16156	160.38914	882.2399	-57.74094	728.1621	160.38834	884.0378	-110.80936	-730.7338	65.380974	4887.199696779251
90	9293.903	231.94246	9572.703	8986.212	10028.626	104.823395	10164.9	9768.023	1000.0	1000.0	450000	730.4308	160.01869	882.7492	-148.80797	730.43085	160.01941	879.90674	-138.47699	-732.9954	62.812263	4934.506963253021
91	9356.678	149.35883	9606.01	9165.419	9922.8545	130.68848	10124.168	9729.006	1000.0	1000.0	455000	733.26324	159.34972	886.61945	-87.18799	733.26337	159.34625	884.5834	-77.31612	-735.9823	64.94641	4982.450958013535
92	9473.662	147.21259	9678.774	9305.068	9708.528	854.89966	10238.279	7181.319	1000.0	1000.0	460000	735.6714	158.79668	888.50885	-86.52549	735.67206	158.79538	888.0782	-80.894104	-738.2686	62.3069	5029.7956802845
93	9389.213	424.7092	9736.969	8555.854	9372.855	161.23357	9717.483	9133.932	1000.0	1000.0	465000	738.2031	157.679	889.8277	-99.51082	738.2032	157.67857	889.1181	-106.33934	-740.759	61.124687	5075.904664993286
94	9315.507	181.29579	9616.287	9055.444	9458.972	95.72481	9629.038	9298.342	1000.0	1000.0	470000	739.6075	158.60373	893.05884	-73.7751	739.6079	158.60304	891.34375	-70.74142	-742.0948	64.98754	5121.274390935898
95	9329.139	285.7109	9626.628	8855.98	10017.298	166.11775	10297.59	9652.7295	1000.0	1000.0	475000	742.2558	157.3799	896.1325	-85.47244	742.25604	157.37743	895.09766	-97.806404	-744.6147	63.97474	5167.7488622665405
96	9298.549	298.4565	9782.677	8971.439	9894.753	97.56708	10098.217	9767.525	1000.0	1000.0	480000	744.5595	156.45947	898.9273	-95.12253	744.56	156.45885	900.91284	-102.290985	-746.9924	64.96648	5213.93021440506
97	9431.55	131.28108	9623.826	9245.866	9741.615	142.92316	9940.389	9469.669	1000.0	1000.0	485000	746.1605	157.35115	898.6901	-89.06083	746.1608	157.35083	897.0665	-78.73091	-748.814	65.40423	5260.66987490654
98	9313.523	476.23328	9765.475	8415.239	9974.558	140.59862	10184.526	9760.911	1000.0	1000.0	490000	748.51013	156.61781	900.32697	-122.18237	748.51025	156.61664	900.372	-95.98561	-751.65094	65.15825	5308.77326464653
99	9432.245	347.4657	9805.924	8827.4	9899.682	64.47206	10008.74	9804.424	1000.0	1000.0	495000	750.2873	156.82524	904.2366	-69.42615	750.2878	156.82277	902.1421	-87.262634	-752.96436	65.984764	5355.4833307266235
100	9471.74	146.14212	9672.865	9226.463	10137.28	83.53676	10263.749	9952.662	1000.0	1000.0	500000	752.96234	155.8257	903.39386	-73.89591	752.96277	155.82436	900.9666	-62.86609	-755.5299	64.97103	5403.1283094882965
101	9615.166	174.16171	9804.469	9297.362	9914.725	111.37538	10110.058	9728.743	1000.0	1000.0	505000	754.47205	156.52507	902.7004	-73.202675	754.4719	156.52473	903.70886	-62.016045	-756.9763	65.21846	5451.591868638992
102	9630.811	88.97803	9744.6875	9479.397	10108.906	155.95467	10248.233	9700.601	1000.0	1000.0	510000	756.1992	156.52194	909.62714	-74.93274	756.19934	156.5216	906.8809	-68.58527	-758.8077	65.36736	5499.578334331512
103	9534.413	481.5304	9949.224	8639.277	10212.029	135.64789	10360.785	9968.0	1000.0	1000.0	515000	758.2857	156.56297	906.35767	-95.10625	758.2855	156.56184	907.7741	-83.76443	-760.6969	65.48107	5549.128854513168
104	9497.056	114.101166	9684.855	9369.567	10171.119	164.28091	10395.175	9835.801	1000.0	1000.0	520000	759.90106	157.94821	907.522	-84.46667	759.9014	157.94832	909.5805	-99.91805	-762.2073	66.880974	5597.25207233429
105	7999.022	3166.1775	9740.778	1668.8562	9858.303	75.31446	9969.273	9748.773	1000.0	1000.0	525000	760.99866	159.03386	909.8391	-110.2605	760.9991	159.03427	911.8402	-124.25382	-763.5347	69.36548	5643.230381727219
106	9418.025	121.58233	9550.689	9191.759	10106.0	120.89902	10283.778	9914.851	1000.0	1000.0	530000	761.8965	159.93195	911.9656	-117.48182	761.8969	159.93114	911.0201	-101.82349	-764.2991	70.497665	5690.839932203293
107	9690.943	224.7043	10011.854	9340.194	9817.509	182.06105	10036.415	9494.813	1000.0	1000.0	535000	764.3118	158.7823	913.3671	-124.129814	764.31213	158.78136	913.8446	-126.148346	-766.91	70.9192	5737.25924539566
108	9611.728	220.44499	9867.27	9285.717	10188.088	106.02854	10348.781	10035.911	1000.0	1000.0	540000	765.6682	158.95227	909.5791	-121.709305	765.6681	158.9533	911.7483	-112.41587	-768.3683	69.942085	5784.9906594753265
109	9680.842	108.58136	9790.479	9485.179	10161.439	182.38614	10402.534	9798.996	1000.0	1000.0	545000	767.2967	158.47762	915.7786	-130.69353	767.29706	158.47578	916.945	-111.721535	-769.728	67.57306	5832.593207359314
110	9616.776	70.088524	9718.037	9500.529	10256.9	103.68008	10400.849	10045.216	1000.0	1000.0	550000	769.2175	158.05838	914.3415	-126.868706	769.21735	158.05873	912.2137	-121.89854	-771.925	69.504814	5879.613862276077
111	9627.825	186.71945	9894.545	9463.677	10225.266	161.86382	10410.73	9964.8125	1000.0	1000.0	555000	770.9298	158.08597	914.40717	-82.622505	770.9298	158.0853	913.0951	-126.68597	-773.8781	69.4392	5927.222031831741
112	9814.929	115.34291	9928.047	9658.796	10072.25	129.31082	10241.683	9874.37	1000.0	1000.0	560000	772.60187	156.91623	917.2657	-82.06032	772.60236	156.91599	917.8241	-117.93745	-775.3427	69.01715	5975.460605621338
113	9634.648	134.94647	9829.617	9440.663	9751.963	122.71141	9891.112	9475.589	1000.0	1000.0	565000	774.0559	157.5262	917.439	-94.395424	774.0561	157.52644	918.6457	-106.56505	-776.2717	68.408714	6023.261029243469
114	9697.005	234.32967	9997.02	9293.381	10130.408	83.39247	10275.852	9986.9375	1000.0	1000.0	570000	775.6764	157.39346	918.8166	-102.23773	775.677	157.39224	916.2795	-111.267845	-778.3668	69.487595	6070.517498970032
115	9633.072	167.61177	9757.502	9302.435	10224.217	167.73767	10568.949	9942.798	1000.0	1000.0	575000	777.1253	157.71095	926.69086	-118.31525	777.1252	157.71248	928.284	-96.796844	-779.348	70.66092	6117.744802951813
116	9689.156	164.33046	9955.782	9459.191	9906.046	100.192055	10038.906	9665.526	1000.0	1000.0	580000	778.85315	157.09357	926.0884	-69.57233	778.8532	157.09518	927.5928	-76.24164	-781.4571	69.595795	6164.259272813797
117	9150.356	889.5227	9862.591	7410.3643	10345.624	211.84158	10596.401	9877.035	1000.0	1000.0	585000	780.05695	157.48903	930.3859	-168.25679	780.05725	157.48726	927.6773	-128.4041	-782.56116	70.23896	6210.50598859787
118	9844.058	224.54074	10082.277	9418.429	9561.518	158.2854	9898.683	9376.937	1000.0	1000.0	590000	781.71405	157.70016	928.9132	-146.00217	781.7143	157.6993	928.61633	-130.09036	-784.15497	70.21017	6256.7638211250305
119	9806.8545	266.1793	10049.156	9317.737	10171.618	141.66428	10389.308	9891.129	1000.0	1000.0	595000	783.6403	157.71785	928.84973	-99.62316	783.64105	157.71683	928.5112	-109.02097	-786.11	71.02044	6305.533664464951
120	9653.893	238.36319	9953.734	9312.099	10357.604	125.42357	10521.544	10164.352	1000.0	1000.0	600000	785.3987	156.98763	928.9635	-133.36778	785.3991	156.98514	932.2037	-124.52458	-787.8992	70.59793	6353.040754556656
121	9843.586	262.46933	10116.486	9470.787	10282.395	78.37652	10412.634	10141.765	1000.0	1000.0	605000	787.1064	156.60123	932.5495	-172.60414	787.10675	156.60127	931.9731	-140.53134	-789.6037	73.88809	6401.48091506958
122	9794.985	285.38254	10042.759	9271.756	10026.916	79.30664	10203.8545	9920.604	1000.0	1000.0	610000	788.14545	156.75108	931.0762	-84.27011	788.14526	156.75247	930.6701	-146.45541	-790.4646	72.55999	6449.522925853729
123	9698.253	186.26297	9980.858	9402.851	10293.193	93.011826	10408.113	10097.197	1000.0	1000.0	615000	789.78577	156.18073	933.6389	-135.90788	789.78595	156.17998	934.97754	-122.415474	-792.2435	73.51845	6497.563452243805
124	9749.136	267.05832	9982.849	9239.575	9994.443	168.10303	10153.459	9718.214	1000.0	1000.0	620000	791.5347	155.07526	934.0859	-113.74252	791.5347	155.07631	934.2798	-132.80176	-794.1847	71.91353	6545.726398706436
125	9826.071	200.43188	10063.701	9509.13	10384.802	144.29338	10581.819	10080.782	1000.0	1000.0	625000	792.8144	156.13438	940.69037	-126.931946	792.81445	156.13301	938.7756	-140.0861	-794.9699	71.83684	6592.96885228157
126	9828.895	348.6524	10338.576	9515.884	10205.417	153.73341	10418.139	9988.855	1000.0	1000.0	630000	794.408	155.85838	935.6934	-134.35388	794.408	155.85881	936.39844	-116.390144	-796.9562	73.012695	6641.580627918243
127	9784.87	130.75623	9966.306	9573.551	9995.783	332.47873	10470.695	9396.864	1000.0	1000.0	635000	796.0722	155.9253	940.21533	-153.43263	796.07263	155.92583	939.21606	-143.79396	-798.4542	73.32241	6690.900653600693
128	9718.935	269.43845	9984.805	9211.36	10336.552	117.16541	10459.626	10101.993	1000.0	1000.0	640000	797.5499	155.23424	937.7942	-140.83838	797.55023	155.2337	941.6152	-147.8563	-800.2333	73.49369	6738.435743570328
129	9893.466	199.05627	10101.6875	9539.496	10167.521	93.20673	10388.586	10022.139	1000.0	1000.0	645000	798.37286	155.80762	937.1126	-165.80128	798.3725	155.80896	936.6921	-182.56633	-801.2231	73.72797	6786.42662191391
130	9908.748	59.06267	10018.92	9861.149	10273.067	98.740326	10414.785	10054.772	1000.0	1000.0	650000	800.4468	154.43471	943.6787	-128.07278	800.4465	154.43542	941.32385	-127.11388	-802.7396	76.22603	6834.37163066864
131	9710.035	185.63374	9928.381	9439.599	10349.877	114.304375	10513.831	10125.226	1000.0	1000.0	655000	801.01324	155.13676	940.97675	-144.34435	801.01373	155.13525	941.6746	-162.92303	-803.6387	76.965675	6882.379091978073
132	9949.997	282.30502	10248.188	9582.178	10295.875	123.71177	10478.446	10013.914	1000.0	1000.0	660000	802.6537	153.22768	943.42224	-109.97232	802.6541	153.22731	945.9676	-123.85936	-805.17444	75.9546	6931.253392457962
133	10002.188	164.57384	10235.865	9761.512	10036.478	95.87025	10129.387	9808.657	1000.0	1000.0	665000	803.52954	153.56248	943.47424	-100.874756	803.52997	153.56038	943.6887	-103.10943	-806.1967	73.97791	6980.560411453247
134	9748.604	203.0566	10121.955	9515.201	10300.051	593.97925	10653.88	8536.599	1000.0	1000.0	670000	804.13965	154.72322	951.6189	-148.88351	804.1401	154.72105	945.2984	-160.29842	-806.27106	71.0604	7029.787958860397
135	9880.893	118.53689	10017.327	9708.834	10212.94	137.22705	10348.265	9894.244	1000.0	1000.0	675000	805.9865	153.33594	950.24054	-143.26898	805.9869	153.33534	952.19525	-134.36752	-808.26685	71.70241	7078.55869102478
136	9941.995	134.21344	10093.796	9730.463	10400.782	125.88259	10576.971	10210.296	1000.0	1000.0	680000	806.6445	154.18065	946.85455	-158.61069	806.64496	154.17992	945.32544	-174.46768	-808.9419	70.89973	7126.343207836151
137	9997.028	119.182884	10115.734	9801.126	10444.071	73.6419	10581.0	10328.175	1000.0	1000.0	685000	807.8276	154.25537	948.2427	-171.59094	807.8273	154.2559	946.74164	-163.73325	-810.4609	72.618935	7176.643387556076
138	9896.714	299.16058	10156.348	9331.751	10370.063	103.39182	10648.984	10278.463	1000.0	1000.0	690000	808.73883	154.01505	946.8937	-165.79294	808.7391	154.0112	949.5797	-137.89172	-811.07324	72.65041	7225.091977357864
139	9744.297	118.40905	9959.795	9637.638	10379.984	142.04248	10603.281	10157.969	1000.0	1000.0	695000	810.4273	152.47986	950.0571	-171.37364	810.4269	152.48314	947.67957	-168.35098	-812.633	75.555916	7274.066040992737
140	9930.37	184.46053	10226.441	9737.687	10547.753	113.09831	10713.07	10343.605	1000.0	1000.0	700000	811.29004	153.18303	953.63086	-139.04826	811.29004	153.18286	956.2619	-145.59117	-813.5115	74.381485	7323.377326726913
141	9936.54	178.8557	10138.234	9604.585	10471.456	131.82256	10727.145	10306.82	1000.0	1000.0	705000	812.047	154.18147	953.29755	-136.41469	812.0474	154.17947	954.15674	-133.62103	-814.418	75.93938	7371.848704814911
142	10122.278	77.56153	10257.213	10030.714	10459.023	131.04834	10660.925	10181.993	1000.0	1000.0	710000	813.1282	153.6491	953.6567	-139.3227	813.1281	153.65042	953.0411	-148.66745	-815.07794	72.97889	7422.101966142654
143	9880.591	111.94287	10078.786	9751.406	10552.986	218.66608	10817.342	10015.437	1000.0	1000.0	715000	814.2044	152.70784	953.33594	-161.91624	814.2048	152.70692	953.1719	-151.67719	-816.9684	74.515564	7471.102960109711
144	9908.7705	208.10599	10117.635	9512.749	10194.133	160.86452	10469.509	9985.117	1000.0	1000.0	720000	814.8536	152.29811	950.9072	-118.61953	814.8543	152.29594	954.28455	-134.51573	-817.0254	75.08285	7519.816353797913
145	10109.591	263.11127	10374.388	9682.441	10531.65	99.07131	10658.167	10391.282	1000.0	1000.0	725000	815.3631	151.9627	955.12085	-99.527306	815.36273	151.9619	956.0409	-128.04506	-817.619	74.67373	7569.290093421936
146	9739.664	199.41028	10090.794	9513.523	10394.924	66.56421	10477.926	10291.787	1000.0	1000.0	730000	816.52594	150.86972	961.5974	-101.10707	816.52563	150.86984	962.9449	-95.8606	-819.19135	73.324974	7617.639134168625
147	9922.541	317.60498	10314.281	9383.15	10556.905	139.1818	10712.15	10326.839	1000.0	1000.0	735000	817.1169	150.93791	957.7056	-174.5342	817.11755	150.9359	956.7291	-164.71954	-819.6066	73.16714	7666.500947475433
148	10107.311	127.11092	10347.523	9993.533	10366.74	156.05652	10564.293	10159.517	1000.0	1000.0	740000	817.8073	151.42285	958.18585	-132.44713	817.80774	151.42355	959.13934	-151.39128	-820.6719	71.90143	7714.776663303375
149	9975.558	122.51441	10137.249	9830.535	10462.577	156.39066	10695.58	10152.692	1000.0	1000.0	745000	819.071	150.95465	958.2636	-184.01352	819.0712	150.95287	959.26245	-206.99559	-821.2174	72.356766	7764.481108188629
150	10035.471	253.49557	10351.072	9754.443	10430.584	40.819454	10510.034	10377.673	1000.0	1000.0	750000	820.19305	151.01834	954.61334	-162.95581	820.19324	151.0195	954.8604	-199.62349	-822.2994	71.625885	7813.90994811058
151	10017.272	47.437447	10069.218	9941.422	10422.078	135.54266	10571.887	10174.591	1000.0	1000.0	755000	820.7549	151.32428	956.37146	-155.34863	820.7546	151.32457	959.68335	-133.40518	-823.3047	72.2745	7863.591514587402
152	10018.257	131.47786	10186.122	9820.552	10798.957	135.0556	11071.018	10583.044	1000.0	1000.0	760000	822.4926	149.49826	957.51666	-159.02441	822.4929	149.49889	960.65125	-158.4002	-824.92114	71.54607	7913.1352915763855
153	9967.201	128.55962	10149.87	9787.897	10639.0	169.047	10820.194	10204.186	1000.0	1000.0	765000	822.832	150.1113	959.1754	-212.27034	822.832	150.11298	958.94794	-282.13528	-824.8969	74.138664	7963.00874042511
154	10022.498	242.35397	10313.366	9706.675	10607.395	94.26103	10720.83	10475.293	1000.0	1000.0	770000	823.671	149.88701	964.1452	-170.8958	823.6713	149.88976	962.24554	-174.94725	-825.5669	75.32607	8012.4381465911865
155	9987.147	56.65713	10084.505	9909.245	10446.214	614.0069	10794.185	8643.183	1000.0	1000.0	775000	824.35095	150.88152	959.34424	-141.58218	824.3515	150.8809	961.8957	-175.99075	-826.9562	73.83709	8061.894157171249
156	10144.769	220.52068	10509.084	9864.485	10685.26	124.84949	10884.778	10490.8	1000.0	1000.0	780000	826.0871	149.19064	960.9468	-208.89922	826.08673	149.19351	961.408	-188.74046	-828.255	74.06022	8111.6628341674805
157	10102.698	206.72017	10429.372	9787.297	10431.181	169.85492	10728.951	10170.207	1000.0	1000.0	785000	827.3858	148.0912	961.2043	-272.9729	827.3862	148.09174	959.33417	-258.17844	-829.8892	73.60642	8161.341220378876
158	9987.558	432.20453	10415.978	9172.615	10670.3545	95.243004	10856.794	10530.65	1000.0	1000.0	790000	827.77026	149.08315	961.36694	-229.26242	827.7705	149.08157	963.3817	-248.09775	-829.8537	72.624466	8210.119991064072
159	9891.963	468.10785	10285.058	9006.222	10627.066	251.40875	10896.175	10137.362	1000.0	1000.0	795000	828.77576	148.13408	962.82404	-174.13704	828.7759	148.13522	964.1954	-198.85808	-831.36554	74.84273	8260.056006669998
160	10261.152	169.53632	10518.768	9998.884	10656.754	147.59016	10851.668	10383.38	1000.0	1000.0	800000	829.7854	147.83401	963.8962	-212.77715	829.7849	147.83524	964.68976	-214.31186	-832.2075	75.79105	8309.817593097687
161	10089.1	96.858406	10268.029	9982.509	10726.598	114.835014	10846.961	10521.974	1000.0	1000.0	805000	830.8767	147.16277	964.0941	-156.35979	830.87665	147.16194	965.9689	-164.56363	-833.2973	75.85665	8359.135896205902
162	10061.254	381.94278	10317.1455	9309.42	10442.186	122.757774	10587.437	10157.844	1000.0	1000.0	810000	831.3964	147.33862	964.335	-197.84964	831.39636	147.34023	967.26044	-218.7328	-834.0827	73.46346	8409.3513712883
163	10015.6875	194.54442	10368.897	9832.491	10323.8545	190.87233	10532.279	9887.072	1000.0	1000.0	815000	832.79565	146.44803	973.1559	-229.40427	832.79626	146.44821	970.8658	-309.75537	-835.0652	73.56608	8460.083193063736
164	9880.782	180.48543	10074.009	9582.806	10459.563	107.776184	10610.18	10296.03	1000.0	1000.0	820000	833.28845	147.23187	969.75354	-178.02151	833.289	147.23175	968.72955	-169.09323	-835.5886	74.99326	8510.949884176254
165	10064.408	128.04425	10203.207	9847.213	10701.476	136.62865	10921.203	10456.544	1000.0	1000.0	825000	833.6751	147.7829	973.49036	-177.71043	833.67456	147.78313	971.78516	-131.67715	-835.6715	73.14658	8561.377168893814
166	10059.217	107.92107	10240.399	9931.574	10627.088	94.74439	10785.644	10507.313	1000.0	1000.0	830000	834.9394	146.76466	978.8346	-127.14218	834.93945	146.76884	973.7991	-147.92987	-837.1194	75.971756	8611.577910423279
167	10082.815	51.906593	10147.01	10005.374	10782.322	64.44111	10889.59	10660.565	1000.0	1000.0	835000	835.47876	146.27367	970.61365	-140.0745	835.4786	146.27457	971.4057	-112.1869	-837.60443	76.13446	8661.763245821
168	10181.532	244.27205	10468.121	9759.853	10705.577	207.66281	11029.652	10411.874	1000.0	1000.0	840000	835.9806	146.0124	972.765	-188.54254	835.98114	146.01146	974.8475	-150.76236	-838.57886	73.02788	8712.072080850601
169	10048.65	197.77005	10301.423	9718.977	10662.333	144.69131	10869.023	10436.244	1000.0	1000.0	845000	836.5994	146.32434	977.85583	-107.41335	836.59955	146.32405	979.28564	-139.68439	-838.809	76.13377	8761.767772436142
170	10186.48	232.72647	10454.856	9765.876	10600.619	88.18615	10747.277	10479.303	1000.0	1000.0	850000	836.97144	146.51018	974.40845	-132.1401	836.9716	146.51114	972.4509	-127.78811	-839.2756	73.69469	8811.969207763672
171	9972.026	93.40477	10085.769	9853.657	10485.593	95.177536	10657.537	10294.669	1000.0	1000.0	855000	837.8983	145.7461	971.97675	-119.471985	837.89813	145.7467	975.56464	-127.795555	-840.305	74.44212	8862.134642362595
172	10104.037	204.25107	10360.13	9848.66	10612.646	129.00517	10781.787	10319.728	1000.0	1000.0	860000	838.67017	145.73116	977.61566	-133.82053	838.6701	145.73076	979.84485	-173.39713	-841.2211	74.88806	8912.783064603806
173	10143.329	89.32374	10298.493	10034.638	10704.76	170.19987	10943.828	10343.062	1000.0	1000.0	865000	839.5022	145.8529	973.862	-135.48065	839.5027	145.85275	976.993	-120.399216	-841.7114	74.6476	8963.764733314514
174	10214.237	111.468445	10385.551	10059.321	10690.276	125.04276	10842.513	10432.675	1000.0	1000.0	870000	840.5262	144.43057	979.3001	-123.58477	840.5262	144.4306	975.4302	-135.61786	-842.843	73.09574	9014.500688314438
175	10061.657	354.11426	10427.135	9431.395	10467.414	187.31706	10679.829	9994.974	1000.0	1000.0	875000	841.6	144.63011	976.65234	-171.98857	841.59973	144.63115	978.5687	-168.78961	-843.6756	73.84182	9065.365787506104
176	10197.49	256.69028	10389.837	9735.28	10808.349	80.64084	10957.988	10693.181	1000.0	1000.0	880000	842.17755	144.65317	976.2376	-192.13408	842.1773	144.6561	976.4354	-118.624504	-844.428	73.80664	9115.661502361298
177	10217.287	67.39194	10285.569	10095.129	10904.854	91.76894	11054.963	10769.301	1000.0	1000.0	885000	843.36127	144.32999	978.88434	-131.16182	843.36206	144.329	977.5365	-169.94237	-845.581	75.24084	9166.444556474686
178	10261.0	145.65884	10454.23	10081.711	10660.998	148.45436	10888.623	10447.318	1000.0	1000.0	890000	843.5135	144.46066	981.1702	-159.89523	843.51355	144.46075	981.46686	-129.9425	-845.9412	78.34103	9217.38123679161
179	10252.794	100.636185	10415.245	10152.462	10861.173	181.6209	11171.659	10491.603	1000.0	1000.0	895000	844.8735	143.23024	982.2564	-126.435524	844.8737	143.23007	981.22205	-166.58485	-846.7812	77.83793	9268.313910007477
180	10206.872	137.37787	10425.417	10021.973	10416.592	209.95262	10733.888	10059.411	1000.0	1000.0	900000	844.8366	144.47266	979.28656	-139.74272	844.83685	144.47282	980.3463	-140.98796	-847.2722	76.118675	9319.448196411133
181	9990.968	202.10071	10259.356	9747.161	10617.052	123.82748	10806.272	10405.797	1000.0	1000.0	905000	845.5484	143.22693	978.21326	-92.228096	845.54846	143.22675	977.04803	-91.22752	-847.8003	75.566124	9370.337215423584
182	9842.022	311.36896	10335.203	9388.855	10773.717	96.76614	10938.301	10602.543	1000.0	1000.0	910000	846.3336	143.18904	975.66925	-105.37806	846.3338	143.18831	974.6041	-91.0035	-848.0746	75.5582	9421.675172328949
183	10162.713	235.3393	10584.991	9914.617	10771.744	79.5382	10881.198	10669.711	1000.0	1000.0	915000	847.0729	143.33522	976.0019	-128.83623	847.07275	143.33792	975.6232	-125.31913	-848.9682	75.115585	9474.16692018509
184	10236.137	234.68558	10551.472	9954.354	10309.703	1545.1144	11001.645	5684.3306	1000.0	1000.0	920000	847.68506	142.71712	977.64087	-142.81079	847.6851	142.7177	979.0828	-141.90256	-849.9224	72.19996	9526.283985376358
185	10402.635	142.9297	10543.515	10154.08	10709.104	183.03687	10996.329	10392.994	1000.0	1000.0	925000	847.96295	143.7097	979.20764	-143.55914	847.96326	143.71007	979.40186	-121.96391	-850.3272	70.925316	9578.301442861557
186	10224.076	56.604595	10284.352	10133.129	10610.891	171.57329	10847.693	10336.07	1000.0	1000.0	930000	849.1544	142.80284	980.50555	-167.3	849.1544	142.80194	980.2351	-137.72939	-851.4202	71.06914	9631.091941356659
187	10002.264	258.2376	10299.334	9537.005	10240.2295	1582.6346	10901.171	5509.7417	1000.0	1000.0	935000	850.13086	143.4302	985.6413	-125.906845	850.13116	143.42998	983.2754	-145.07445	-852.5972	71.18218	9683.02816915512
188	10194.745	168.57065	10343.855	9881.621	10815.669	133.04498	10992.801	10588.169	1000.0	1000.0	940000	851.17896	142.54857	978.364	-132.84544	851.17914	142.54988	982.7645	-165.2472	-853.0848	74.29504	9734.524626731873
189	10281.072	297.94266	10691.772	9783.691	10745.458	134.06917	10951.667	10480.703	1000.0	1000.0	945000	852.12933	142.15877	984.66736	-133.13501	852.12964	142.15941	987.37646	-170.24031	-854.5501	73.15267	9787.671552181244
190	10256.674	105.97337	10421.245	10141.67	10783.249	142.66861	10964.8	10525.833	1000.0	1000.0	950000	852.90906	142.44093	990.23785	-166.05688	852.90894	142.44345	987.6017	-181.4854	-855.0211	72.183586	9840.283242940903
191	10173.557	155.4846	10388.455	9916.991	10684.862	97.14279	10875.363	10569.528	1000.0	1000.0	955000	854.25037	141.63545	985.7213	-167.61375	854.24994	141.63742	984.638	-169.92322	-856.6344	73.97437	9893.23664355278
192	10175.572	380.8925	10544.88	9593.075	10908.847	127.93826	11084.246	10692.052	1000.0	1000.0	960000	854.9963	141.86409	992.78326	-287.4165	854.9969	141.86172	990.4358	-254.03426	-856.8788	75.432526	9945.993832826614
193	10085.373	275.7786	10535.455	9763.17	10727.832	111.803635	10914.297	10534.166	1000.0	1000.0	965000	855.484	141.88914	991.78687	-211.99783	855.48364	141.8902	991.3179	-245.12746	-857.2829	76.25486	9998.818868875504
194	10216.963	185.26837	10472.231	9900.955	10645.467	182.52982	11031.043	10314.849	1000.0	1000.0	970000	855.60004	141.87003	995.6554	-184.60193	855.6005	141.86998	996.9905	-188.45303	-857.7054	77.99504	10050.071398973465
195	10307.127	242.20216	10717.17	9995.313	11062.676	111.204796	11250.3955	10851.68	1000.0	1000.0	975000	855.59937	142.53423	995.11755	-152.8423	855.59906	142.53473	994.4594	-199.29886	-857.7571	77.8789	10102.438929319382
196	10260.636	237.45456	10438.629	9793.298	10451.174	414.7947	10786.019	9260.472	1000.0	1000.0	980000	856.6004	140.89877	995.8285	-82.2354	856.6006	140.90082	995.19385	-104.09539	-859.0069	74.997475	10154.546021461487
197	10273.029	181.2501	10509.562	10003.261	10772.986	119.5124	10919.737	10531.607	1000.0	1000.0	985000	857.0104	141.66853	998.8479	-181.95729	857.0108	141.66638	999.7472	-177.24623	-859.5661	75.6753	10206.156984567642
198	10267.586	108.65807	10439.134	10124.1045	10782.186	117.09364	11015.228	10591.18	1000.0	1000.0	990000	858.0839	140.37856	994.5328	-163.30058	858.0842	140.37703	992.0664	-219.21657	-859.8102	74.60774	10258.532576560974
199	10298.925	299.4749	10657.608	9831.268	10794.479	124.158775	11043.08	10552.01	1000.0	1000.0	995000	859.1269	139.70169	995.5388	-153.71556	859.1267	139.70273	995.9795	-190.91219	-861.7252	73.27085	10309.673109769821
