Epoch	AverageEpRet	StdEpRet	MaxEpRet	MinEpRet	AverageTestEpRet	StdTestEpRet	MaxTestEpRet	MinTestEpRet	EpLen	TestEpLen	TotalEnvInteracts	AverageQVals	StdQVals	MaxQVals	MinQVals	LossPi	LossQ	Time
1	-48.561783	55.9387	14.890696	-308.38998	-2659.307	883.79596	-10.114166	-3027.538	120.17073	900.6	5000	28.994772	32.852634	154.2759	-28.290215	-35.287445	4.0218043	56.29569411277771
2	-53.608692	99.57096	23.573904	-375.47437	-69.86401	56.737278	-22.8643	-224.75159	179.07143	25.8	10000	626.9181	409.21893	1812.5863	-277.00912	-695.2011	586.5677	102.14529204368591
3	-604.1695	1002.3381	-29.98065	-2706.5215	-49.937065	35.516346	-12.162572	-150.89561	233.95238	18.1	15000	2213.2856	389.4615	3162.9502	-1009.49414	-2297.908	5537.835	150.86152243614197
4	-353.99597	737.6876	-6.362178	-2687.6475	-426.56885	865.1352	-46.448055	-3013.8667	132.30556	141.5	20000	2823.202	260.1665	3356.5583	-1626.868	-2872.3774	9942.775	199.6550965309143
5	-418.96686	889.529	-20.102291	-2714.2183	-391.0805	850.854	-48.21964	-2939.991	157.23334	130.8	25000	2838.7183	264.43762	3495.096	-1595.9872	-2881.3289	7854.9976	248.06131553649902
6	-721.15106	1107.7765	-28.326746	-2749.4353	-392.85645	862.9596	-22.866661	-2972.3706	267.90475	132.8	30000	2718.131	270.44275	3260.1125	-2124.396	-2753.6353	7527.3315	303.19631123542786
7	-240.71974	601.864	-16.047066	-2632.8235	-301.96732	485.21378	-26.293755	-1710.9729	93.3	104.1	35000	2508.4392	258.97012	3124.4902	-1898.6528	-2537.6611	6701.5107	351.5641691684723
8	-295.99847	621.7402	-22.94372	-2633.77	-673.4407	1146.6515	-19.178942	-2967.0452	116.175	227.5	40000	2265.065	266.8884	2799.771	-1258.689	-2291.389	6812.6304	400.64757895469666
9	-541.48193	1003.61896	-20.972271	-2630.1003	-642.74023	1115.6774	-27.605463	-2939.8796	210.84616	229.0	45000	2052.0635	244.734	2532.3838	-1210.3547	-2078.1765	4308.523	456.11384892463684
10	-568.6732	924.45465	-23.096785	-2602.5771	-636.24475	1078.2631	-36.190685	-2821.779	223.65218	228.4	50000	1864.5454	208.37888	2287.37	-1502.3683	-1887.0144	3607.0166	508.6773965358734
11	-648.75305	1042.3536	-32.546154	-2608.8271	-793.62585	1111.0089	-22.910963	-2662.1738	260.70587	296.7	55000	1676.7588	176.22885	2045.1492	-1642.7747	-1696.3247	2489.6145	556.9447245597839
12	-427.2604	755.4918	-11.750812	-2410.465	-79.61279	47.471928	-19.659517	-166.56717	186.57143	42.5	60000	1483.1282	154.12769	1794.1837	-1428.2032	-1500.0172	1934.9106	608.4641790390015
13	-292.39886	573.8156	-19.068148	-2344.2825	-384.5198	777.653	-21.594833	-2680.6536	135.05	152.1	65000	1278.1095	133.92914	1529.0519	-976.1199	-1292.4867	1536.4963	663.7811126708984
14	-330.86276	658.33417	-18.305824	-2340.906	-710.00256	1023.2167	-30.201357	-2538.4976	157.25	287.8	70000	1081.9734	114.90751	1338.1151	-764.1305	-1093.6534	1195.3176	717.8404920101166
15	-257.29352	497.1405	-11.688989	-2258.5823	-803.415	1141.3281	-21.259861	-2655.5996	135.11111	321.1	75000	908.3018	99.64382	1119.6293	-845.1514	-917.9963	870.66785	771.4765186309814
16	-557.4901	841.1302	-11.248411	-2437.6167	-925.8956	1018.8915	-25.66704	-2536.058	242.27777	398.5	80000	757.3052	81.716606	918.782	-575.22894	-764.8721	550.0446	821.656886100769
17	-392.4375	631.27124	-8.267673	-2304.0776	-520.6698	639.7186	-17.162237	-2314.98	218.20833	304.4	85000	611.0449	72.06503	763.9576	-529.5743	-616.9367	350.32587	878.358181476593
18	-846.5161	722.3693	-38.15328	-1915.973	-958.4613	619.0347	-28.287045	-2078.7793	546.6	746.3	90000	467.98572	57.76591	610.5457	-476.50818	-472.4748	199.68744	942.0098342895508
19	-808.91547	530.79877	-32.313286	-1532.1229	-1258.3978	1080.4913	-29.83949	-2720.4333	841.0	703.6	95000	352.14304	42.796528	468.2862	-300.50052	-355.63312	110.50982	1002.9698066711426
20	-695.5789	508.8924	-121.15955	-1472.5234	179.67487	33.818287	219.82332	122.48084	994.4	1000.0	100000	265.62277	33.739853	364.01035	-348.29077	-268.7337	61.749435	1070.2016952037811
21	-16.019531	471.18207	310.80682	-946.9228	2.9490256	35.960587	51.177895	-57.814674	1000.0	1000.0	105000	204.83818	28.927744	290.12503	-225.34064	-207.93175	42.698536	1136.147320985794
22	-88.12034	217.81985	124.05178	-517.8475	-48.61872	132.61906	162.31313	-295.56235	837.5	941.8	110000	166.108	30.017694	244.20018	-211.75313	-169.29195	32.849163	1199.782397031784
23	-244.37886	348.82657	210.69308	-872.70184	53.217876	168.53006	268.8184	-365.64813	649.1429	593.3	115000	140.4001	34.700153	221.1361	-229.02803	-143.46591	29.044651	1254.4870307445526
24	-207.80054	283.8559	109.354256	-607.873	-83.36674	100.3796	188.28304	-190.77596	1000.0	1000.0	120000	119.9036	41.44367	213.73888	-151.52399	-122.78685	24.672462	1319.5330753326416
25	-21.889181	121.59894	147.22589	-225.46245	-69.30086	372.1101	483.73438	-731.11237	770.2857	750.1	125000	102.6832	48.720474	208.69278	-146.43214	-105.53329	21.702187	1385.6498470306396
26	-215.98457	324.52194	118.0984	-815.37305	243.74771	114.45464	413.21182	20.858313	838.8	848.4	130000	92.33553	53.152695	201.81952	-123.66809	-95.20692	20.29796	1441.2623949050903
27	-5.996188	342.69733	494.03592	-844.20624	20.859692	141.93184	370.8491	-130.22812	589.4	778.6	135000	87.612495	54.250107	191.80684	-150.68129	-90.53538	19.194925	1512.9864223003387
28	-400.9751	817.4633	225.01746	-2203.0193	159.73636	160.67996	474.36984	-45.42752	700.8333	599.4	140000	86.064354	53.372147	180.95113	-154.54977	-88.963005	17.81897	1565.9063713550568
29	-191.0789	464.6598	195.49567	-914.17017	446.25595	153.78198	665.0743	191.557	917.0	906.3	145000	85.794304	51.039425	174.24083	-123.010315	-88.69155	16.575895	1635.6279573440552
30	144.45464	142.14017	427.70523	-43.899998	79.68632	168.63014	363.29062	-282.87595	639.4286	762.3	150000	87.9967	48.145493	177.67216	-107.84963	-90.845955	16.25172	1694.2109243869781
31	114.338554	181.33504	363.22345	-129.4518	173.83832	148.85915	448.3451	-22.666573	874.3333	529.0	155000	89.91378	45.65304	188.69495	-136.24567	-92.75164	15.827106	1755.7400496006012
32	-102.63927	378.8727	322.9265	-900.816	117.0125	240.05153	470.1024	-307.71658	646.875	626.4	160000	92.85891	44.20193	209.58301	-134.02377	-95.726265	16.25603	1818.980054616928
33	80.46208	120.40754	245.98401	-111.35772	-101.861534	365.36398	151.70325	-1175.6909	704.2857	680.7	165000	97.51008	43.5996	203.57602	-125.71758	-100.3869	17.309492	1879.588624238968
34	-145.57114	405.59933	167.6149	-1198.6656	56.5164	323.778	470.00598	-774.85	588.875	904.6	170000	101.83978	42.9639	194.19746	-112.551384	-104.70172	17.28461	1943.9086034297943
35	14.117059	352.24213	442.03656	-761.55963	79.712906	217.9842	567.4893	-232.03879	710.0	354.3	175000	105.08919	42.663414	198.29762	-114.911934	-107.90658	17.10312	2001.4369759559631
36	4.473871	87.54396	215.02036	-176.68306	-33.585453	82.006454	103.23044	-189.7249	443.84616	532.8	180000	107.30242	43.24964	207.49751	-85.5625	-110.0948	17.50209	2067.5077311992645
37	45.972477	185.2641	366.78262	-264.07874	87.11752	118.606316	364.04007	-20.426764	491.1111	428.8	185000	108.94036	43.923016	206.63582	-88.98792	-111.69986	16.832897	2121.289001941681
38	196.3479	217.65193	497.3076	-81.51823	92.19849	175.38295	545.3766	-86.06279	859.5	737.9	190000	109.44417	44.955727	209.06334	-107.3714	-112.16439	16.589706	2184.375063896179
39	104.26147	167.11208	443.77164	-8.882274	174.54526	229.9933	698.7944	-74.120155	399.84616	665.1	195000	110.247826	46.12746	206.79654	-105.65447	-112.95875	16.092415	2248.0541048049927
40	119.23401	212.16667	511.43356	-126.492874	241.4259	198.0729	536.861	37.551258	576.3333	646.4	200000	111.59323	46.93732	201.12558	-86.65161	-114.274605	16.504702	2311.7860157489777
41	36.179348	150.08527	342.0586	-143.45938	113.82727	163.38531	431.50232	-84.424	733.8333	763.0	205000	111.82072	46.235744	193.42647	-93.24809	-114.40661	15.665108	2369.6555309295654
42	174.83163	216.03969	455.52997	-146.86159	221.55305	176.5055	553.6889	39.87553	725.2857	745.2	210000	110.41626	44.66663	193.6138	-107.901436	-112.90104	13.801608	2433.883276462555
43	207.83022	226.89548	558.6083	-92.33948	210.67447	210.10872	542.8203	-24.054647	587.6667	438.9	215000	108.280655	42.49206	210.96458	-81.64774	-110.725655	13.601735	2496.601649045944
44	179.60963	194.41058	621.446	-40.934227	-306.37543	488.71152	339.74957	-1242.2676	583.6667	479.7	220000	107.29525	40.763577	204.85228	-84.87579	-109.686966	13.470993	2558.4827179908752
45	-25.508295	554.296	550.75604	-1617.0748	146.60727	235.9513	714.1909	-23.193632	413.0	269.6	225000	106.48997	39.81458	232.98647	-107.81389	-108.809204	13.27565	2608.490782260895
46	174.12035	195.06517	531.05725	-74.8682	110.13115	240.9422	553.43304	-373.24792	523.63635	485.7	230000	105.39175	39.002956	225.77399	-165.02406	-107.71826	14.067173	2676.5725395679474
47	257.30984	301.6641	620.30286	-133.84953	67.111565	202.94647	453.2276	-296.34406	743.0	454.2	235000	105.3124	38.83794	258.9795	-80.980995	-107.632515	13.7131	2732.1951143741608
48	-14.699906	290.8849	409.834	-851.5221	385.69128	226.13771	645.94495	-3.3634698	488.0	775.2	240000	105.29171	39.56125	270.3734	-160.48166	-107.562035	14.433344	2799.8849256038666
49	86.576996	199.80019	619.8836	-128.95177	71.89765	177.04947	506.24548	-148.54128	398.84616	714.7	245000	106.32934	40.37136	320.2194	-90.86463	-108.68222	16.155586	2866.703953266144
50	309.80713	240.91351	581.502	-0.21545269	117.66593	252.87384	754.969	-97.156525	643.125	296.9	250000	108.62184	40.414047	356.66174	-99.03256	-111.01846	18.06731	2925.7164256572723
51	-219.88258	746.22217	387.77704	-2285.1543	183.0712	245.5369	645.40857	-10.748112	549.44446	440.1	255000	112.43569	41.359035	399.27045	-87.970055	-114.88386	20.89163	2984.6723992824554
52	-54.318413	509.50732	454.12897	-1516.209	99.84326	185.8615	573.7403	-29.65953	443.1	340.1	260000	115.13853	42.783176	411.08478	-114.67978	-117.53193	20.75307	3039.0291471481323
53	-365.88312	526.1623	308.40054	-1338.18	-319.57794	445.83163	272.38882	-1030.939	554.7	526.2	265000	117.71297	44.467735	451.64423	-143.0684	-120.19582	23.27177	3107.4855065345764
54	-77.683655	245.62662	340.4244	-386.82706	125.22109	183.64769	534.9271	-63.91736	697.3333	484.1	270000	120.241585	46.665894	388.5809	-124.890144	-122.668304	20.889074	3160.388659954071
55	-193.5211	470.33157	394.39804	-1251.9868	17.549187	127.58565	351.71213	-178.6742	717.7143	370.6	275000	121.41199	48.385708	284.37512	-90.169914	-123.82086	20.256445	3220.1214179992676
56	-337.8804	563.6101	26.705637	-1933.2998	-281.0254	362.04523	179.17757	-1067.1783	421.6154	916.2	280000	127.25954	47.065193	244.83682	-110.258804	-129.93568	21.71238	3291.1958808898926
57	-289.38095	682.5459	323.55276	-1781.2032	76.256485	213.71657	481.73062	-244.41582	832.3333	525.9	285000	129.26627	45.46739	262.29318	-106.369995	-131.63506	19.486477	3351.6916241645813
58	43.48294	244.20427	302.2335	-320.75034	96.65381	202.8431	370.06955	-186.96927	960.2	805.7	290000	127.42531	44.907604	260.46155	-94.37814	-129.78427	19.175262	3414.7612705230713
59	97.49742	121.40503	302.1622	-53.234325	179.45967	258.272	581.78156	-334.10373	658.875	881.6	295000	126.00075	44.656433	283.95633	-93.87785	-128.3213	19.29156	3483.7526857852936
60	160.60986	236.09056	482.76007	-228.41655	339.9246	265.10696	674.74445	20.88371	643.625	650.8	300000	123.47265	43.317455	267.5141	-111.68989	-125.67618	16.650253	3548.4932749271393
61	143.92325	197.8151	487.38068	-107.175766	326.30386	279.80298	616.68805	-110.52894	744.8333	824.2	305000	119.537445	41.05291	259.9743	-87.44884	-121.64954	15.059594	3610.4822161197662
62	306.44125	238.44757	558.07996	21.754368	421.9081	303.86154	692.7647	-289.09433	725.4286	903.1	310000	115.24173	38.185356	261.51776	-85.44314	-117.26457	14.090888	3679.566582918167
63	39.737347	433.203	509.11566	-1030.0885	161.2375	391.28143	635.8147	-794.83124	565.44446	730.8	315000	110.86449	35.570618	231.86864	-71.74982	-112.81583	12.393163	3745.9565925598145
64	354.27496	194.8842	563.7175	38.440434	68.54542	185.68213	542.7115	-106.084496	1000.0	623.4	320000	106.826454	33.553	225.74844	-93.56446	-108.7219	11.274419	3808.1361799240112
65	336.714	232.05539	567.48444	15.134497	159.92203	511.08902	896.171	-726.03864	656.5	921.7	325000	103.23451	31.637793	213.2889	-97.39291	-105.10187	10.5923815	3878.1745676994324
66	188.37816	213.06673	559.5226	-23.991608	261.80597	396.15097	942.0437	-519.77704	632.375	651.0	330000	100.47696	30.02211	199.08974	-85.351135	-102.312416	10.052866	3941.9404244422913
67	99.9079	243.46417	502.64035	-237.87381	361.3945	251.88327	766.07916	-0.77017593	733.3333	675.4	335000	98.60891	28.84547	167.04361	-88.83078	-100.42105	9.905891	4000.6085319519043
68	306.99557	227.5224	703.7731	27.732407	225.5706	127.16628	465.16632	69.408646	727.0	925.6	340000	97.0787	27.712055	166.66536	-86.12973	-98.8667	9.213048	4069.531821489334
69	415.32315	228.35489	730.838	93.46783	497.46826	357.81668	890.78186	16.884716	857.5	635.4	345000	95.7543	26.567358	169.97575	-73.32294	-97.52176	9.035315	4134.147244215012
70	567.52814	133.05806	693.62604	328.12048	142.49164	256.82883	641.1539	-210.16269	1000.0	457.7	350000	94.72507	25.78304	176.42783	-81.393456	-96.495636	9.0582075	4195.292131662369
71	399.58734	258.72818	700.2657	28.656872	206.80876	215.94447	633.6862	-0.56999755	677.0	521.2	355000	94.6784	25.46576	179.90817	-83.225136	-96.45441	8.940166	4261.065159320831
72	276.37616	128.72113	559.0588	154.7394	119.31931	362.6599	660.96765	-328.04724	677.5714	617.7	360000	94.74146	25.294668	173.63889	-117.37316	-96.47678	8.467882	4322.634973287582
73	296.1247	246.51321	742.9651	24.16689	227.3332	265.64374	634.101	-33.027836	474.7	421.9	365000	94.475975	24.772814	163.40318	-73.17507	-96.20807	8.534015	4381.131816625595
74	382.67133	275.2062	765.93256	74.688416	351.32315	312.43433	668.9948	1.7263066	756.8571	526.5	370000	94.30191	24.626673	174.34561	-57.550552	-96.00418	8.711653	4447.359219789505
75	469.2066	259.13937	720.4058	-4.3776474	668.68933	385.06992	1219.3462	40.30827	732.2857	821.8	375000	94.28077	24.218039	166.29662	-100.35055	-96.00273	8.665972	4516.209248304367
76	546.5804	201.04153	815.69495	216.19485	219.7001	329.02258	994.7161	-2.2094486	875.6	259.8	380000	94.63508	24.1282	168.92867	-70.80551	-96.342896	8.203855	4569.3401420116425
77	410.80365	262.7742	750.3792	1.6674441	676.81555	302.07822	1035.0092	29.871523	662.75	784.1	385000	94.68548	24.31211	166.9733	-104.12996	-96.363075	7.764782	4638.68051815033
78	506.623	326.12918	788.25934	-4.1369357	598.65485	309.11063	1103.6659	29.43787	723.0	744.0	390000	94.61931	24.744123	163.38731	-82.746506	-96.27854	7.647171	4704.678913116455
79	521.96106	311.98538	976.2026	18.926342	690.81055	315.30246	1113.717	16.345373	688.375	783.5	395000	95.04682	25.277224	163.06297	-86.13358	-96.70123	7.926804	4775.091954946518
80	739.87616	167.81082	1020.7028	495.8064	712.5226	339.85413	1128.4055	87.96218	873.4	830.4	400000	95.48898	25.299147	165.97147	-111.86457	-97.14736	8.251799	4836.821137428284
81	578.8552	264.61258	828.79614	163.10387	765.7796	219.95456	1180.8177	277.75723	748.8571	885.5	405000	95.80653	25.49205	170.11778	-108.93498	-97.4542	7.9569507	4904.04647397995
82	368.02228	304.61166	781.45844	12.226676	345.3511	288.41757	799.52466	33.40608	474.0	456.8	410000	96.71223	26.083942	172.68582	-77.27802	-98.3622	8.178423	4966.070127725601
83	581.55096	220.64337	791.3997	114.749466	575.0485	274.87183	812.0326	35.933846	846.6667	762.3	415000	97.266075	26.617916	173.1185	-81.02671	-98.911125	8.243491	5033.589865922928
84	480.329	247.56532	746.17554	51.23874	805.5541	361.97247	1468.7463	24.326979	716.3333	796.7	420000	98.03678	27.07224	174.63152	-81.56643	-99.67845	8.393036	5093.268515110016
85	723.78973	119.445724	947.7353	591.70074	287.6549	297.05588	808.92584	24.052853	1000.0	441.5	425000	98.70075	27.32514	181.76497	-67.7561	-100.33351	8.23003	5154.174548625946
86	551.07166	231.42784	734.41284	44.937332	717.57007	295.78232	984.4855	13.479329	839.6667	788.6	430000	98.9883	27.641222	175.9545	-70.90143	-100.61765	8.136401	5220.167829036713
87	328.15753	313.76813	788.6684	4.1159916	587.17786	292.05402	928.6121	116.52686	520.36365	737.2	435000	100.149666	28.008764	181.35278	-81.79074	-101.8011	8.821401	5291.864194154739
88	433.35352	375.43182	1400.8344	5.419444	519.97473	254.27544	779.567	44.77221	452.72726	606.0	440000	100.903114	27.968718	197.88728	-68.6397	-102.51805	8.631741	5356.281576156616
89	869.6219	255.76797	1374.5746	689.7173	666.47833	243.101	976.38873	123.847305	1000.0	782.7	445000	101.57289	28.393635	193.12929	-99.619835	-103.19357	9.104712	5423.695763587952
90	727.22766	69.4305	815.27203	620.328	575.43835	281.0111	820.37036	7.986656	957.8	737.8	450000	102.64107	29.210243	183.72786	-64.39911	-104.27865	9.182734	5486.970895767212
91	722.2419	136.03224	967.9038	559.2826	527.4525	378.2033	885.53076	5.902554	914.2	634.5	455000	103.821266	30.169292	186.16104	-117.84199	-105.463	9.377991	5546.989216566086
92	471.95035	233.26984	738.626	114.28231	646.02655	252.2074	1110.8752	147.68095	745.8571	910.9	460000	104.71695	31.140186	196.84099	-68.21445	-106.33625	9.439653	5618.808198451996
93	568.9054	290.99304	903.1624	93.948395	486.53775	442.5708	1150.6383	-209.85504	767.1429	587.2	465000	105.569786	31.97817	193.50775	-96.4621	-107.201584	9.395927	5687.996474981308
94	498.0438	302.96307	1050.8246	4.177596	472.84503	288.79245	906.3266	25.983582	561.55554	532.4	470000	106.485275	32.595432	199.59547	-73.226585	-108.115776	9.880365	5752.969177722931
95	474.6701	398.45557	1261.6237	-1.0496433	747.05334	326.15268	1139.9722	45.62074	551.125	816.9	475000	107.51182	32.999954	194.31677	-63.21118	-109.16217	9.880023	5815.619225740433
96	525.3904	322.51755	957.0189	48.73914	920.64294	436.12863	1610.8936	128.88863	591.125	770.8	480000	108.714966	33.31631	193.43074	-84.17471	-110.33755	9.980968	5879.735233068466
97	518.5553	327.33942	1072.8193	29.98885	563.62964	383.53033	1229.2673	-17.233736	670.125	649.7	485000	109.76394	33.878574	196.74944	-79.54116	-111.40925	10.348507	5948.241565942764
98	576.466	354.89594	1040.1273	8.958109	563.85315	332.23273	1180.0742	64.72597	707.0	693.3	490000	110.966866	34.098625	203.62166	-89.67852	-112.61332	11.088295	6013.299391746521
99	697.7248	295.7322	909.2665	55.368523	531.503	269.8529	880.7323	68.13608	776.1667	557.9	495000	111.89545	34.831993	224.03178	-71.14927	-113.51856	10.665296	6075.652175188065
100	562.8742	332.72165	861.8743	36.2189	650.7584	229.37386	914.3351	285.59778	727.7143	763.9	500000	112.516846	35.863686	212.73506	-91.063446	-114.163216	10.963338	6144.156064271927
101	754.73047	480.41464	1374.842	-1.2963861	792.74396	141.7586	1074.2129	608.0432	740.7143	917.6	505000	113.46133	36.631203	218.22388	-73.179855	-115.11118	11.469854	6215.89845085144
102	348.9977	409.6008	1086.9425	-202.13371	636.2728	318.60342	999.0707	24.102919	499.27274	705.6	510000	114.61794	37.577534	254.30356	-98.65916	-116.23662	11.429871	6288.115052461624
103	418.80292	310.41714	966.9018	9.326746	373.92456	314.4026	826.7639	3.7892592	492.7	476.6	515000	114.9168	37.869797	275.18848	-65.42827	-116.5325	11.858282	6351.501980543137
104	589.7614	456.25385	1503.4778	9.122607	616.2518	343.4897	1095.486	46.56792	647.25	703.8	520000	115.45459	38.479435	240.83289	-86.6277	-117.08057	11.654269	6420.173223018646
105	544.54803	411.0612	1154.2262	9.126723	903.6576	464.74927	1506.0612	72.95999	525.25	748.3	525000	116.79585	39.43112	226.78331	-76.69038	-118.43048	11.558343	6480.895711898804
106	552.97314	420.4891	1260.6361	14.780742	998.70685	352.64233	1465.5829	202.66554	597.0	912.1	530000	117.65107	40.388195	228.75458	-123.01687	-119.2668	12.2639675	6555.673627614975
107	525.67694	427.7216	1289.2601	28.396399	606.0016	325.97595	885.6547	34.427177	526.55554	639.2	535000	118.08417	41.0382	235.32256	-73.839745	-119.718796	12.371422	6620.046992778778
108	674.3667	284.09497	1049.0385	206.23267	560.3081	436.8251	1636.9275	105.69065	735.4286	555.3	540000	119.71616	42.394012	238.71147	-95.89124	-121.406685	13.003308	6686.683498382568
109	666.66675	269.33765	916.06006	90.70311	858.23846	473.7865	1483.6031	5.9977145	844.8333	795.4	545000	120.78246	43.84001	228.94142	-79.89481	-122.41643	12.715766	6757.163779020309
110	658.7515	471.9092	1421.0414	18.60959	547.2555	215.69873	762.7809	67.6195	835.5	823.4	550000	121.472786	44.70542	232.97818	-85.56867	-123.12011	13.430009	6827.388573169708
111	730.2669	332.04083	1039.3784	66.17705	591.80316	426.6637	1540.8582	123.0459	842.5	578.9	555000	122.385284	45.394485	239.0008	-102.06903	-124.02351	13.148893	6893.1380977630615
112	807.8036	106.69562	938.67017	678.8745	248.9753	208.19664	789.51337	-21.993076	919.2	247.0	560000	122.556305	45.620594	247.28088	-85.28067	-124.18689	13.222369	6949.566917896271
113	566.6677	280.20526	997.57294	59.657223	629.27246	267.72174	969.1252	96.41813	694.5	781.2	565000	123.2763	46.41524	252.495	-110.15679	-124.908615	13.4736395	7022.009219408035
114	608.16797	338.73697	1093.591	220.29189	785.73413	456.16263	1472.8137	129.09111	602.5	685.9	570000	123.82754	46.968708	239.91252	-86.83744	-125.43592	13.912964	7087.330808401108
115	415.03287	348.30984	1143.252	8.32328	509.74332	229.74982	755.2561	41.524467	480.7	834.1	575000	123.98092	47.113495	237.47707	-76.00145	-125.60885	14.230961	7152.40634894371
116	507.42178	329.5808	813.4214	-2.5284474	509.77594	357.99115	1001.59534	22.407183	722.0	511.1	580000	124.35155	47.31582	245.05763	-83.9234	-125.97669	13.770024	7215.934663057327
117	582.67645	335.5661	1144.7943	49.553425	489.18253	343.51648	919.9045	16.982244	623.625	643.1	585000	124.94852	47.830036	248.44925	-76.69389	-126.57046	14.609538	7282.36444234848
118	486.34174	343.05368	957.3123	12.642803	629.89185	371.9158	1152.9518	15.127658	627.8889	603.0	590000	125.012665	47.80521	280.2091	-101.156784	-126.60757	14.430116	7353.390961647034
119	394.8095	438.88544	1474.9042	15.140102	606.9282	289.66992	908.7488	104.375305	385.46155	714.6	595000	125.14151	47.600906	308.09763	-106.26689	-126.69925	15.258721	7419.934121131897
120	404.45773	209.03792	704.5883	128.6434	604.77484	433.75385	1227.8881	11.030968	608.75	527.2	600000	124.73377	47.56072	296.06244	-90.962395	-126.3087	15.80573	7482.2614023685455
121	458.22195	312.24557	930.52386	22.453074	485.2896	360.17282	996.0455	-168.52406	544.1111	662.5	605000	124.72776	47.648914	281.41373	-126.11852	-126.311386	15.860342	7547.674860954285
122	600.8999	428.6566	1412.2706	21.44063	616.5104	256.81006	981.21765	75.00273	676.4286	639.5	610000	125.54034	48.08846	283.97043	-94.45775	-127.159454	15.799409	7612.172298908234
123	545.8663	319.16324	1174.6163	92.29	409.80542	335.4379	969.4844	-6.088621	662.75	468.8	615000	126.75715	49.34444	289.1345	-71.656075	-128.40274	16.754562	7677.933333396912
124	440.82013	335.8386	965.0243	12.957528	695.177	433.7158	1650.3466	53.113388	424.54544	610.1	620000	128.38326	51.49388	299.53848	-113.64165	-130.06227	17.520493	7740.17427110672
125	469.8421	306.33878	942.274	66.21187	417.71127	314.14008	934.048	28.233679	512.8	431.6	625000	131.53694	55.533485	348.13412	-92.735306	-133.30766	18.635996	7803.636962175369
126	209.15997	167.79253	533.41315	-5.0766864	725.0624	573.428	1634.3167	83.787155	270.7647	671.3	630000	135.65408	60.709732	397.92157	-129.11026	-137.44458	21.135353	7866.475606441498
127	92.38403	575.0286	1099.4395	-685.0085	-65.89834	619.7256	657.452	-1291.8685	641.3333	545.9	635000	138.97638	64.0032	360.93762	-99.352974	-140.77516	22.472887	7939.394977807999
128	253.41058	276.7639	754.59686	-10.079782	134.24132	152.48544	540.4501	0.69686115	491.55554	369.1	640000	141.64389	65.43698	324.12872	-92.040184	-143.46513	23.602255	7997.713111400604
129	-430.99698	544.22534	263.86328	-1214.464	-318.60724	369.23904	31.340889	-1012.8429	982.4	505.4	645000	143.35536	65.92709	309.9272	-139.54741	-145.14023	22.335787	8060.428545475006
130	-1187.8042	801.0442	41.924423	-2021.4811	-395.80035	502.6746	787.6118	-886.19946	841.6667	810.6	650000	144.57173	67.06529	309.80148	-96.8675	-146.3974	22.462618	8130.462907791138
131	174.94266	273.4882	771.39624	-52.673275	449.40714	288.6998	841.04736	9.210338	481.6	731.8	655000	144.77748	66.579926	321.7018	-195.78386	-146.51869	21.759314	8198.037855863571
132	426.84998	395.59824	1264.5071	-17.482622	161.14247	283.37344	836.60406	-120.58346	697.0	586.8	660000	143.71262	64.93877	307.63806	-120.252594	-145.432	21.489803	8269.023635149002
133	229.58664	199.30888	696.5763	35.281235	377.07416	228.60043	807.87646	-49.95677	500.33334	747.3	665000	142.20041	62.14025	308.58612	-107.554665	-143.88475	20.241648	8333.671365261078
134	261.3361	331.78516	659.08856	-156.39584	49.920403	550.4437	652.68506	-1188.6431	822.3333	883.8	670000	140.2733	60.306526	311.07828	-92.928345	-141.94814	19.457176	8402.784133672714
135	-106.27951	378.322	183.44872	-1215.8595	-118.19702	845.36444	740.73694	-1627.6277	452.27274	824.4	675000	139.53175	59.03583	345.08063	-141.70569	-141.18639	19.69695	8472.164477348328
136	272.20233	672.18555	1005.5112	-1279.1968	204.16855	209.44814	778.4679	22.88309	677.0	313.4	680000	137.90053	56.89015	328.24768	-95.482956	-139.5101	20.147947	8538.35396528244
137	610.3128	332.16888	1173.9434	28.521381	414.54694	386.78806	1213.1609	44.026703	844.5	422.7	685000	135.78528	55.161846	299.31122	-111.55217	-137.4234	19.040916	8601.906460762024
138	411.75452	297.91086	973.8794	63.44717	580.8801	643.82465	1496.3722	-153.04788	539.2222	903.9	690000	134.82593	54.656704	313.3155	-124.70743	-136.44305	17.279467	8669.984272003174
139	510.64658	536.9304	1291.537	-259.3046	731.0894	456.24277	1640.503	9.46217	675.125	760.3	695000	133.32344	54.143234	270.0674	-164.81476	-134.90326	18.156199	8741.379224777222
140	554.6856	221.75848	870.403	139.60115	452.4485	313.11142	826.2774	71.558044	732.8333	648.5	700000	132.47157	53.72449	296.65402	-103.40539	-134.05699	18.15177	8801.4994161129
141	636.01996	327.70895	1312.5919	107.639626	524.1224	363.99374	1019.4071	3.787719	716.8571	584.4	705000	131.61592	53.31555	298.31073	-105.26087	-133.21983	18.49401	8867.301950931549
142	494.84082	248.1854	805.5107	0.012164922	915.32764	247.62012	1376.3802	670.7764	702.5	791.2	710000	131.99637	53.837498	286.24133	-96.66422	-133.59235	17.55058	8939.90782237053
143	960.1787	279.04083	1301.1467	552.34534	1071.238	494.26035	1667.0907	157.00935	858.6	928.9	715000	131.58392	53.68468	266.29117	-139.5283	-133.17316	18.800318	9003.92635345459
144	406.86725	334.23444	1053.6704	26.241598	603.06415	287.08273	1062.5808	-3.3753054	534.6667	748.1	720000	131.36024	53.21775	279.60327	-84.51892	-132.92839	17.016384	9071.107506513596
145	524.9129	327.47827	932.16455	-18.57446	811.8951	427.44604	1366.4298	128.389	616.1111	744.9	725000	131.33421	53.49221	326.0327	-93.94055	-132.88745	16.796103	9143.392043113708
146	745.5419	382.05157	1620.6206	188.60802	862.453	448.91934	1694.5353	173.02374	672.75	727.6	730000	130.71054	53.573437	268.77667	-95.17265	-132.24794	17.236628	9213.362619400024
147	932.11926	452.56912	1426.3693	109.01202	527.52057	398.0266	1231.1205	-17.60165	814.2	548.2	735000	130.56693	53.683784	262.31528	-78.9344	-132.14447	18.074217	9269.717653512955
148	814.37274	426.77283	1300.4434	118.82346	1231.3131	443.42172	1833.091	511.18445	754.5714	837.2	740000	131.33684	54.037243	254.60056	-133.63623	-132.91386	18.214706	9342.617582798004
149	1088.4651	335.10962	1539.8866	705.6326	634.95764	290.372	981.07245	28.747778	946.2	745.8	745000	132.14174	54.41911	253.39626	-106.247894	-133.72954	17.937414	9408.21779370308
150	601.13727	472.40988	1578.9398	11.611481	1033.0984	377.37762	1835.8176	695.5817	511.18182	836.4	750000	133.22026	54.856216	278.62183	-106.15372	-134.79675	17.518585	9484.322840690613
151	637.6025	427.0702	1321.9109	70.12249	767.1708	468.31042	1478.8783	73.10946	524.6667	674.2	755000	134.33958	55.19595	261.03876	-87.85508	-135.90652	17.867805	9548.378621339798
152	611.5502	292.40903	907.06177	83.76561	1632.2552	376.2231	2093.2932	913.8633	699.25	985.9	760000	134.65366	55.30433	307.7696	-167.78459	-136.22098	17.714252	9624.444856882095
153	542.9423	456.45285	1149.447	15.950962	761.41034	394.76834	1554.3977	90.346695	531.7778	722.5	765000	135.00021	55.669502	266.873	-102.96666	-136.56683	17.561178	9689.834892511368
154	863.46454	433.4639	1411.2223	248.62509	796.7229	523.29266	1566.2057	33.609062	757.8333	714.5	770000	135.70572	55.74275	266.54327	-103.69094	-137.28424	17.975496	9752.90373802185
155	697.94275	329.3773	1285.1704	165.36378	660.4048	448.88174	1285.1337	21.58712	657.5	647.1	775000	136.28874	55.732876	264.83688	-136.67104	-137.86296	18.066107	9822.683431386948
156	959.0114	413.8062	1838.8303	648.8765	678.9168	413.23407	1428.067	100.09463	886.6667	657.1	780000	137.28978	56.09977	259.56497	-85.393265	-138.89359	18.760658	9893.533164978027
157	885.065	582.2291	1499.888	125.62592	762.09296	453.78302	1646.4625	173.02017	631.5714	657.9	785000	138.25897	56.568863	256.07904	-79.79809	-139.85416	18.538733	9955.245442390442
158	826.0788	457.23856	1534.5704	93.27677	638.1488	379.56873	1191.6455	32.537914	686.75	575.2	790000	138.98822	57.234352	304.49976	-108.89345	-140.5822	19.069096	10027.022988796234
159	1133.5267	398.33438	1770.388	624.54504	1047.0911	542.63	1820.2098	129.33568	828.0	733.4	795000	140.0293	57.68563	275.8347	-103.78956	-141.6315	19.62856	10094.789290428162
160	954.24634	429.14673	1469.508	387.67935	1387.5509	602.2533	1924.8982	40.88637	749.3333	904.4	800000	141.13116	57.570763	261.14523	-104.99909	-142.7468	20.571234	10161.397014141083
161	752.9943	580.5426	1819.2738	69.90709	983.35046	462.58447	1823.3667	286.60855	570.7	707.5	805000	142.52441	58.257313	268.0984	-101.190834	-144.1414	19.124176	10235.828889131546
162	1163.3617	613.8737	1998.5857	245.31308	964.33777	517.02026	1955.5569	47.112766	710.0	543.3	810000	142.96373	58.648544	266.81842	-115.50652	-144.57143	19.619122	10294.253871202469
163	668.3489	404.18674	1346.8556	1.5826687	1121.2712	617.1352	1957.8916	133.41867	691.0	702.2	815000	144.00534	59.350163	267.88986	-95.42767	-145.63518	19.562159	10367.873839139938
164	919.11346	613.43823	1805.7931	96.24683	1202.7933	566.67053	2144.9648	47.64742	689.8571	847.5	820000	144.92615	59.861786	278.7183	-108.82548	-146.53276	20.278908	10436.743490457535
165	823.3839	493.30402	1453.5667	31.32094	1411.1724	453.57367	1951.3927	683.34784	748.4286	884.4	825000	145.50964	60.936222	281.69617	-99.98289	-147.13843	19.894833	10509.395758390427
166	1049.3878	485.41293	1705.6791	227.75587	1086.9446	455.04132	1816.7921	288.77216	854.6667	860.6	830000	146.80919	62.44231	270.4293	-110.26545	-148.45981	21.21814	10580.405479192734
167	1015.69867	614.99457	1892.0378	154.31236	829.38586	286.9043	1079.2596	74.31544	672.1429	819.1	835000	148.52963	63.599518	276.59583	-120.13301	-150.16325	21.176516	10646.64233803749
168	1144.7635	406.19833	1611.7885	598.6782	1019.73944	548.01227	1978.0845	16.020515	825.0	723.0	840000	149.40074	64.43977	273.2215	-114.90671	-151.04594	20.538288	10714.05925154686
169	790.82227	636.7868	2059.295	41.277153	1102.3972	463.66257	1725.2313	329.98654	532.2222	809.7	845000	150.51912	64.877396	286.79285	-82.04589	-152.162	21.416294	10781.761929750443
170	888.2424	470.76266	1662.2848	119.23796	1045.4866	729.8888	1971.8939	18.87521	699.5714	731.3	850000	151.16339	65.53298	284.68854	-119.862465	-152.81604	22.439335	10849.819879293442
171	851.07306	409.36813	1498.9392	374.66116	886.5426	547.7475	1831.6176	118.9219	634.5	711.9	855000	151.88977	66.11379	288.46506	-119.848465	-153.52263	21.083937	10918.54808807373
172	952.71545	664.9893	2073.3462	20.36208	782.60236	455.4355	1625.0186	164.58298	707.0	593.2	860000	152.40553	66.41144	313.7158	-137.33067	-154.04602	22.193594	10983.833773136139
173	870.0068	424.15228	1487.1333	202.4655	963.7088	429.7273	1583.049	74.05239	696.5714	812.6	865000	152.38644	66.582115	300.94672	-119.29711	-154.02167	21.909779	11052.373142004013
174	1126.0251	494.62787	1985.4698	527.42004	849.4374	480.1247	2211.6821	420.45068	770.1429	858.1	870000	152.99551	66.56139	285.50906	-107.79515	-154.6228	20.80738	11128.26687669754
175	709.97955	563.53186	1998.3192	10.301704	1243.8695	383.1418	1858.1713	663.18054	594.44446	866.0	875000	153.55237	66.85734	285.35022	-97.18497	-155.18498	21.805994	11202.154759168625
176	896.8376	522.90045	1992.7417	379.1233	812.4397	463.9981	1367.1023	3.0166144	763.5	625.6	880000	154.02356	67.608925	284.11588	-89.02445	-155.66263	22.600769	11265.877894163132
177	1125.3826	617.6562	2116.123	74.06401	886.6846	720.9775	2032.1421	11.610273	697.5714	535.3	885000	154.94771	67.99267	287.30194	-111.48602	-156.60918	22.124435	11330.511057138443
178	749.81775	590.46625	1749.3396	27.780643	1481.8049	412.3076	2062.3054	776.5331	661.5	938.5	890000	155.86053	68.623604	301.015	-93.92512	-157.49525	22.72765	11405.148228645325
179	735.8267	358.96042	1277.1685	82.34678	574.8722	203.01048	955.29474	259.6572	740.0	609.5	895000	156.09343	68.532646	288.8624	-110.62829	-157.73573	22.769695	11468.182842731476
180	1144.9227	654.3062	2012.6154	280.6548	1248.9937	658.6188	2011.0801	72.80996	674.625	719.0	900000	156.71397	68.02756	324.31265	-100.629555	-158.37228	21.91585	11540.507645845413
181	848.749	531.9785	1599.1306	125.310196	932.6497	474.86044	1752.7504	318.4042	740.0	768.4	905000	158.48578	68.06722	327.7897	-125.73805	-160.1602	21.836052	11610.53109240532
182	911.7727	546.26	1785.2921	25.117374	670.1876	239.47653	1015.5018	258.36914	630.125	660.0	910000	158.80103	68.57473	305.33817	-105.05809	-160.41635	22.447632	11678.717344522476
183	728.73083	594.73413	1700.7008	95.85286	1409.6262	567.6653	2307.765	633.6049	435.6	903.4	915000	159.09044	69.05333	285.99124	-99.306015	-160.73454	22.264856	11743.386063814163
184	1030.027	482.05557	1908.1898	288.5669	673.7507	502.89914	1616.7966	7.679465	820.5714	512.7	920000	159.17706	69.075745	295.50333	-100.10181	-160.81764	23.246328	11815.710406064987
185	649.61835	648.12335	2065.7515	9.806101	1153.9342	619.6691	1965.0052	358.51526	509.55554	692.0	925000	159.89967	69.36843	311.01883	-106.3714	-161.53903	22.658686	11881.675795793533
186	676.18854	474.6853	1531.2332	15.883593	752.3984	452.5872	1343.5721	1.8394961	614.7778	709.7	930000	160.06648	69.42716	288.8218	-118.813995	-161.71675	22.983576	11957.06974196434
187	972.716	655.33606	1832.2424	96.946976	447.86386	392.30518	1187.8469	6.1801376	707.5	382.7	935000	160.65018	69.92744	316.1529	-106.97277	-162.30531	23.14749	12016.014291286469
188	1012.7662	325.93253	1527.9761	692.18304	697.13776	221.92995	1088.8137	197.65501	902.6667	863.9	940000	161.00739	70.72798	291.65408	-104.852325	-162.6475	23.411736	12092.911866903305
189	855.07306	397.0685	1702.8295	466.2466	968.8141	432.34512	1844.4238	152.1224	888.1667	836.1	945000	161.18073	71.12683	301.0283	-136.31348	-162.82712	23.165657	12168.285030603409
190	1076.4504	335.774	1690.39	688.7979	1018.9215	639.9799	1950.0514	65.5712	1000.0	625.3	950000	161.7637	71.83051	308.9251	-92.89977	-163.39548	24.461655	12236.87938785553
191	774.1255	581.5136	2064.7253	59.944954	1348.1952	641.14606	2310.167	423.36133	582.1429	805.1	955000	161.77742	72.18618	296.77255	-118.817024	-163.39389	23.436678	12300.641212701797
192	858.88916	447.6672	1580.5134	88.20648	801.0758	394.01642	1518.8491	346.4314	843.0	580.6	960000	161.2477	71.95421	314.47195	-105.72498	-162.85518	22.24514	12369.248840093613
193	887.7858	368.56976	1535.5953	405.6181	664.47614	330.6042	1176.5245	218.2598	800.5714	631.0	965000	161.18198	72.43484	310.23004	-116.7281	-162.78802	24.104	12441.930498123169
194	1026.018	745.05524	2146.919	51.492317	1497.4501	848.59216	2191.0166	-607.648	695.2857	1000.0	970000	161.38292	72.69974	297.25986	-92.94739	-162.98805	24.641932	12513.000477552414
195	788.68317	595.16327	1866.3422	86.193054	1318.4246	580.5014	2218.2058	326.58298	559.7778	895.0	975000	161.62068	73.00772	312.75174	-121.48004	-163.24492	23.731592	12586.035188674927
196	734.9582	293.19476	1132.492	335.61722	1102.9628	316.32797	1825.1917	782.99786	818.0	967.6	980000	162.14029	73.324196	308.97705	-81.40285	-163.74046	22.987524	12658.059148550034
197	933.33057	640.3536	1941.8383	137.62122	1276.7582	545.8102	2238.1663	223.15999	669.625	830.1	985000	162.20273	73.60954	292.7388	-202.44801	-163.78908	23.91229	12733.319813728333
198	1516.4968	418.27936	2025.9575	846.2977	965.11115	479.957	1661.7698	195.22797	834.8	677.4	990000	162.37627	73.72944	363.7476	-101.287994	-163.96936	24.084414	12792.516079187393
199	845.2041	373.72653	1382.153	339.92734	528.99146	353.44553	1053.2944	45.893238	836.5	512.3	995000	162.53964	74.123085	342.4054	-139.43517	-164.1253	24.717882	12858.907632827759
