Epoch	AverageEpRet	StdEpRet	MaxEpRet	MinEpRet	AverageTestEpRet	StdTestEpRet	MaxTestEpRet	MinTestEpRet	EpLen	TestEpLen	TotalEnvInteracts	AverageQ1Vals	StdQ1Vals	MaxQ1Vals	MinQ1Vals	AverageQ2Vals	StdQ2Vals	MaxQ2Vals	MinQ2Vals	LossPi	LossQ	Time
1	-55.096313	85.83813	10.956597	-371.1856	-692.25665	583.07764	-21.538889	-1376.1014	138.83871	541.6	5000	0.50503105	2.5634162	20.182858	-11.398701	0.50509435	2.562511	20.742197	-12.687806	-1.7009516	0.30184236	40.97212815284729
2	-78.92292	112.13092	20.09657	-361.39026	-41.620472	15.9854355	-21.651556	-74.818474	245.60869	17.8	10000	8.813892	5.5533133	42.32154	-11.606903	8.81294	5.5544047	42.279694	-11.456602	-11.723329	1.1811966	80.78032302856445
3	-122.307755	429.76276	621.38934	-2103.292	233.2692	106.66704	389.93576	93.15118	154.625	803.6	15000	16.812193	4.370139	45.008183	-9.934274	16.812044	4.373698	43.30544	-12.554298	-18.995464	2.866646	132.73789477348328
4	59.94847	87.628654	180.92232	-136.3755	178.15018	148.92094	433.54785	-4.838368	383.92307	573.6	20000	16.418114	5.396432	45.664455	-15.609855	16.41741	5.399133	45.0061	-18.414244	-18.469019	2.2698724	182.11468362808228
5	271.09735	180.37914	509.5555	18.266628	352.7886	252.88593	747.2984	21.242353	696.0	690.1	25000	15.802512	6.1100917	45.05729	-16.491991	15.801828	6.112862	43.807312	-17.223263	-17.726202	2.1711333	227.72374296188354
6	288.1352	231.16841	635.6265	-9.01909	636.63055	84.041145	741.0095	430.29337	529.4	989.0	30000	16.216282	6.1462884	46.96419	-17.55907	16.215654	6.148579	47.449554	-18.956568	-18.0222	2.0532403	285.15897846221924
7	422.9478	242.01932	644.0933	28.736675	469.296	214.62415	698.0769	131.42464	734.4286	756.5	35000	17.537655	5.8727455	47.213043	-15.990684	17.53699	5.8749733	47.840183	-18.201775	-19.224266	2.0463374	338.0633850097656
8	419.5559	240.81331	669.6138	67.65481	640.2407	195.29898	728.7214	56.740936	685.125	906.9	40000	19.107542	5.544512	47.57782	-18.274311	19.106998	5.5467286	47.162746	-15.442433	-20.69295	2.0445485	395.02383375167847
9	453.1523	311.3731	760.24347	-1.8230263	654.4789	213.02835	786.30255	118.25034	684.8333	855.8	45000	20.625278	5.4016724	48.80252	-17.67394	20.62481	5.4032297	48.69177	-18.673334	-22.146248	1.9834951	440.57749581336975
10	527.3734	241.36371	747.8932	143.554	517.47516	300.4712	777.35925	4.8689337	821.1429	736.6	50000	22.311209	5.2600307	48.570633	-23.645184	22.310781	5.2604833	49.477715	-22.335785	-23.73038	1.9522562	495.68001770973206
11	432.29434	298.2573	741.9416	47.238968	509.91425	315.2111	774.9915	14.969009	615.7143	682.5	55000	23.94608	5.259817	49.521286	-20.519758	23.9458	5.261211	48.74525	-19.931189	-25.282225	2.0080616	541.4510579109192
12	446.54092	322.82004	811.2315	17.092075	549.4051	352.8875	894.9848	-2.753592	602.55554	712.1	60000	25.691637	5.2025156	50.596848	-20.98648	25.691345	5.2052574	49.465958	-20.281784	-26.970564	1.9657153	593.6161203384399
13	744.17816	128.00403	845.51685	491.6313	600.61285	325.06964	848.5375	62.664284	961.8	736.0	65000	27.33692	5.178703	49.789906	-15.676546	27.336617	5.1811285	51.83454	-14.616818	-28.572956	1.9738791	643.1622686386108
14	503.49222	335.1971	807.6159	7.36542	557.52704	309.2469	819.895	14.017013	659.25	720.7	70000	28.952229	5.2702317	51.649605	-18.423054	28.952164	5.271325	53.28542	-18.159548	-30.151337	2.0168605	693.8561177253723
15	597.50995	245.50882	766.6913	53.32477	647.0182	320.73068	902.1572	19.789228	824.3333	767.8	75000	30.663292	5.4596705	57.264442	-18.230455	30.663168	5.461278	57.78322	-17.240097	-31.844324	2.0493793	744.4712274074554
16	540.1939	327.8501	851.31525	7.8830647	610.523	327.42758	979.6688	16.168325	725.8571	737.5	80000	32.181892	5.8063264	57.691414	-19.056036	32.181873	5.8069477	59.386257	-16.249887	-33.32319	2.1225295	795.9323573112488
17	560.47034	332.86017	813.53107	25.740852	618.20105	320.4714	872.0323	27.930895	728.5714	748.3	85000	33.74281	6.2469177	61.215897	-24.873137	33.742588	6.2478867	61.61443	-16.307837	-34.87211	2.1817071	845.0784542560577
18	575.2469	357.6622	960.12317	15.326781	836.1541	56.601624	901.82654	760.4329	724.5714	987.6	90000	35.188507	6.746059	62.469555	-15.567003	35.188366	6.7479186	62.92293	-31.343327	-36.30049	2.2411532	898.9803721904755
19	848.7919	63.406418	925.1717	761.7945	644.9972	404.1925	998.16095	12.568475	1000.0	714.9	95000	36.59483	7.166022	64.82657	-16.40645	36.594524	7.166858	65.86996	-23.88308	-37.68044	2.308338	949.4935436248779
20	641.0043	370.51025	1009.216	112.7539	827.3412	247.80232	1003.5987	115.20865	705.5	909.9	100000	37.93685	7.4312854	67.17372	-21.6689	37.936802	7.4320364	67.1336	-24.766098	-39.019737	2.3619635	998.5783877372742
21	765.978	342.67145	1071.6517	29.36251	758.6711	481.50693	1156.0859	9.6486635	838.3333	713.5	105000	39.34495	7.680891	68.33618	-22.894604	39.34478	7.681077	67.22618	-27.425713	-40.415203	2.420096	1049.3378982543945
22	1006.8867	113.31618	1130.9977	802.66364	841.709	540.98065	1308.9991	22.98683	1000.0	710.9	110000	40.925755	8.021327	68.332	-22.920097	40.925636	8.020163	68.42464	-25.389965	-41.997364	2.468158	1099.3540625572205
23	861.3891	408.92242	1195.5336	11.291706	816.1522	530.9992	1250.1171	-13.964455	836.8333	731.9	115000	42.579784	8.420446	70.44104	-22.505186	42.579643	8.420299	70.44403	-21.126163	-43.66099	2.504648	1148.8767533302307
24	578.38226	498.35498	1191.9984	28.135975	416.05136	399.6361	1182.9156	26.131397	574.2222	520.9	120000	44.244556	8.875857	70.87516	-22.057936	44.244495	8.876936	70.72154	-18.642124	-45.331036	2.7466571	1198.0361330509186
25	656.78577	426.39935	1167.7529	11.286567	1117.9873	420.76764	1432.2953	70.17947	734.2857	904.2	125000	45.750957	9.367054	69.459435	-28.226984	45.75076	9.368259	69.72792	-30.935013	-46.81373	2.7353961	1252.2505939006805
26	764.5138	549.6573	1355.6115	75.00612	815.30096	452.28687	1378.9895	23.931698	592.875	678.9	130000	47.33863	10.015195	71.2627	-44.05878	47.338577	10.015181	70.59549	-32.149193	-48.365887	2.816949	1301.5991094112396
27	592.2139	478.78778	1329.3473	-0.7836635	209.57126	401.11002	1406.1299	18.5605	620.125	156.2	135000	48.59552	10.76442	74.59157	-30.532541	48.595116	10.765625	73.47403	-20.61362	-49.66069	3.015466	1344.3961374759674
28	1326.3867	98.61307	1434.0867	1150.9526	1234.1239	472.80032	1582.5742	58.171844	1000.0	906.8	140000	50.259644	11.620097	75.60405	-21.226574	50.259495	11.62087	76.17214	-23.263582	-51.318462	3.242471	1399.8237564563751
29	1085.3596	523.7764	1467.3507	92.88535	1400.8506	364.29572	1737.1716	847.27527	846.5	1000.0	145000	51.913734	12.5201845	80.49473	-23.069214	51.913578	12.520757	80.43837	-26.857502	-52.97735	3.3184283	1455.4236979484558
30	1190.2318	548.1639	1578.2104	38.133114	1017.7967	792.73944	1733.8385	20.195827	839.6667	614.7	150000	53.78149	13.654866	83.827156	-28.2318	53.78135	13.655304	83.830795	-25.353075	-54.860992	3.5594184	1506.155058145523
31	1315.4269	546.52545	1642.0134	98.09051	695.2462	716.6237	1673.4719	0.059951603	850.8333	486.4	155000	55.945374	14.887423	89.36141	-25.260073	55.945267	14.889379	90.11093	-34.123634	-57.04748	3.6547978	1554.4910538196564
32	729.941	754.899	1723.0477	14.512823	995.59314	801.789	1797.4622	17.856682	526.4	623.6	160000	58.16141	16.295456	93.00456	-33.82668	58.16124	16.29703	93.50524	-20.817358	-59.262432	3.923978	1606.3568580150604
33	1112.9187	773.85333	1855.6302	21.857525	1060.4158	757.8431	1814.8278	40.67809	662.75	714.0	165000	60.596832	17.971876	100.3677	-27.634794	60.596752	17.972666	99.88066	-24.185701	-61.739285	4.218887	1659.7852020263672
34	1058.28	473.68674	1801.4601	657.3035	1439.6332	736.9741	1972.0203	11.842549	1000.0	902.1	170000	62.70902	19.53879	105.71051	-23.027235	62.708874	19.54031	106.479996	-26.614176	-63.873512	4.65803	1714.0621819496155
35	832.5654	546.7972	1709.5728	98.863174	1217.6482	845.96814	1989.3451	18.283394	814.2	705.0	175000	64.07179	21.083248	109.06711	-19.8738	64.07164	21.084558	108.84198	-24.356834	-65.35208	4.9173784	1760.004614830017
36	594.2436	664.6146	1888.7701	49.818035	1180.965	887.82886	1950.2982	67.89843	540.6	627.5	180000	65.202095	22.567059	112.483864	-29.354261	65.2022	22.567827	112.61677	-27.838308	-66.51884	5.224102	1813.417801141739
37	588.1435	652.5895	1846.1184	-42.571983	1393.7504	773.68414	2005.4312	29.568155	503.0909	811.3	185000	66.71566	24.337448	115.71453	-32.106773	66.71598	24.338161	116.47872	-33.653305	-67.94815	5.474639	1868.2743768692017
38	573.3588	745.94696	1794.0696	15.100608	1344.3428	746.72516	1878.1707	10.540325	398.0909	805.1	190000	68.72199	25.888103	118.02407	-28.786842	68.72197	25.888315	118.37097	-30.35165	-69.99349	5.7857637	1918.8747038841248
39	927.5829	818.39636	1867.9108	27.263128	1635.1624	674.71234	2085.5881	65.21895	571.44446	903.2	195000	70.30361	27.270271	122.14419	-32.55096	70.30357	27.271387	121.96561	-28.944534	-71.633934	6.060049	1975.275753736496
40	1306.0121	806.6055	1934.6738	44.436848	1345.5216	718.84564	1970.2722	93.69799	723.0	907.1	200000	72.45063	28.853819	123.083275	-29.47395	72.45081	28.854914	123.790054	-33.20111	-73.76778	6.0637045	2028.9293093681335
41	1194.7668	791.553	1984.794	36.169952	1765.861	481.72162	2091.3962	798.5543	741.0	1000.0	205000	74.39003	30.327116	127.29449	-53.976974	74.39023	30.327024	127.171616	-30.808403	-75.694275	6.4316325	2082.6622478961945
42	1058.3688	847.2694	1939.4623	39.37793	1371.3875	831.16364	2064.854	31.153376	655.375	808.3	210000	76.02627	31.90081	131.15863	-37.488922	76.02626	31.901205	130.24187	-33.667965	-77.3789	6.7290225	2138.2034759521484
43	812.7133	546.08057	1898.4417	52.729824	1597.7108	778.87244	2085.1348	40.05138	839.5	807.1	215000	77.23357	33.21368	133.7994	-29.513857	77.23348	33.214848	133.55222	-20.83562	-78.67315	6.8108745	2189.471075296402
44	1440.9607	698.03754	1921.4508	62.99292	1635.8843	806.1865	2150.4895	21.388958	809.8	795.6	220000	78.66513	34.26594	135.1169	-52.16983	78.665344	34.2666	135.42493	-24.447386	-80.0692	6.883948	2234.2128252983093
45	1667.7504	565.7167	2060.9429	416.7973	1252.6688	819.8357	2131.8772	56.893726	870.1667	811.0	225000	80.82463	35.372528	138.77368	-40.71179	80.82441	35.373768	138.31506	-26.113081	-82.25176	7.021093	2288.093613386154
46	882.0204	734.31494	1937.9507	36.834503	1115.1418	930.8094	2093.5415	15.611113	726.8571	566.9	230000	82.45576	36.459793	141.09232	-30.192524	82.45548	36.46099	141.20393	-54.57296	-83.897224	7.503565	2339.0696098804474
47	988.737	959.8203	2072.7756	0.12991892	1706.4089	659.8214	2064.915	59.494946	517.3	903.5	235000	83.97482	37.470947	142.488	-35.35245	83.97426	37.47282	142.25375	-26.130045	-85.3804	7.6108837	2394.248595714569
48	1654.975	723.4357	2117.0461	54.56952	1086.2004	945.3055	2254.6384	36.002052	846.5	714.6	240000	86.07192	38.39235	143.74597	-39.85778	86.07127	38.39424	144.06537	-44.46694	-87.46623	7.783066	2445.8479351997375
49	1276.1207	898.66864	2140.7673	6.3882837	1649.876	817.59546	2105.0903	10.331682	723.4286	803.5	245000	87.580215	39.285435	145.90396	-27.479637	87.57871	39.289265	145.38206	-29.062698	-89.08242	8.1191635	2499.3151893615723
50	1639.3602	715.53326	2018.1848	42.79996	1605.0632	855.4031	2201.5603	76.79686	840.3333	904.3	250000	89.388466	40.180744	147.6127	-42.005024	89.38622	40.18622	149.23029	-25.131044	-90.88172	8.22715	2553.932574748993
51	1473.6058	812.46075	2074.1328	35.269676	2152.2708	38.33574	2221.0876	2083.2458	837.8333	1000.0	255000	90.90277	41.014626	149.464	-43.99079	90.900856	41.01927	149.39389	-35.19219	-92.259224	8.43168	2608.3805816173553
52	2033.6406	61.046318	2120.8154	1947.0928	1116.9902	1080.4985	2297.4963	5.858572	1000.0	515.0	260000	92.44515	41.977283	151.76945	-36.83086	92.44299	41.982437	152.0486	-32.77046	-93.892136	8.455686	2657.8125495910645
53	1469.1206	825.1671	2126.4521	40.810604	1401.9215	871.15765	2156.5833	33.289352	838.6667	902.6	265000	93.87302	42.80562	153.84146	-36.856888	93.87135	42.810062	153.14151	-35.37818	-95.21586	8.628111	2711.919333219528
54	1108.0735	926.30865	2082.6062	15.06213	1383.2855	1028.983	2270.902	41.478287	640.0	709.4	270000	95.03397	43.575897	154.65295	-54.077106	95.03238	43.57963	154.82556	-32.257095	-96.507	8.571243	2764.1066043376923
55	1767.2074	539.4291	2120.4182	693.4336	1933.6248	703.42426	2314.2014	458.93555	1000.0	1000.0	275000	96.38927	44.551144	157.39073	-50.64198	96.385704	44.55891	157.12413	-35.61386	-97.8713	8.934989	2820.10142827034
56	2066.7334	110.37345	2180.8403	1904.1626	1699.9036	835.6591	2346.8538	14.661784	1000.0	901.2	280000	97.915276	45.38528	159.1538	-36.37223	97.91144	45.394165	159.4988	-55.436745	-99.38935	9.181038	2873.506817340851
57	1736.2335	757.911	2141.8196	47.370995	1732.7435	875.7586	2254.407	-33.089848	843.0	904.9	285000	99.248024	46.284554	160.60797	-52.21518	99.24454	46.293156	160.70526	-30.130936	-100.82486	9.477283	2926.552140235901
58	1715.8063	765.8552	2159.2468	9.785423	1414.7034	968.3764	2260.3677	8.457707	838.8333	714.9	290000	100.578384	47.25425	161.95883	-44.921185	100.57408	47.26385	160.99178	-45.701508	-102.17065	9.58275	2979.005825281143
59	1675.28	841.1209	2223.5356	4.9924383	1567.7	1102.4678	2378.6875	-376.4777	808.4	806.8	295000	102.12763	47.886097	163.16428	-39.818928	102.12644	47.88934	162.60957	-40.603123	-103.70771	9.862043	3024.571037054062
60	1389.6519	812.1878	2165.1848	60.186707	2112.6787	518.9091	2338.58	560.3123	936.8333	930.5	300000	102.9558	48.614838	163.9003	-38.57987	102.955475	48.616516	164.25697	-38.747845	-104.40204	9.590778	3083.877068758011
61	1782.5312	783.8666	2205.4932	34.638256	1894.4203	821.6874	2358.4888	8.762667	838.3333	902.3	305000	104.0918	49.496586	165.26624	-42.447617	104.09172	49.497032	165.86774	-34.55527	-105.627495	9.752923	3137.62775182724
62	1027.9667	932.55615	2236.3665	22.45807	1825.3737	860.52576	2380.8406	43.51944	724.0	903.0	310000	105.10607	50.11892	166.13075	-57.830746	105.10677	50.117607	166.21213	-42.8137	-106.50054	9.699654	3193.2449429035187
63	1241.1866	1083.5092	2294.0024	15.281302	1680.5398	846.6501	2240.7737	34.300674	570.44446	874.4	315000	105.92717	50.831074	167.95248	-58.739384	105.92742	50.831158	167.6643	-54.806667	-107.41359	9.884986	3249.843040704727
64	1844.5164	628.6675	2237.118	589.9642	1166.3007	1129.5193	2369.4656	23.077559	1000.0	514.5	320000	107.03899	51.210297	169.50407	-36.693195	107.03907	51.21042	168.30876	-48.68468	-108.47531	10.243892	3300.511869907379
65	1533.8885	952.5237	2224.7234	23.473843	1217.5597	1014.3175	2256.9631	17.94479	723.5714	567.4	325000	108.13512	51.391468	168.69682	-45.179447	108.13517	51.392696	169.89333	-57.831516	-109.828835	10.437894	3351.6982684135437
66	1355.8297	816.7045	2171.7952	4.812729	1532.2322	948.94965	2375.7927	14.469608	841.6667	901.4	330000	108.89707	51.842953	171.11526	-37.70569	108.89674	51.844707	170.64766	-41.673195	-110.43256	10.446058	3407.5890374183655
67	1378.0023	938.2975	2192.722	-6.9536386	1983.0895	820.6162	2444.2788	32.06876	804.0	902.9	335000	109.3371	52.440895	171.59564	-35.704422	109.336555	52.442764	171.05334	-40.39972	-110.96124	10.650295	3455.710387468338
68	1930.1146	620.2901	2319.0994	693.36365	976.09534	1075.607	2345.5842	16.810635	1000.0	518.1	340000	109.914635	53.044304	171.31848	-33.331547	109.91353	53.047092	172.85405	-42.569542	-111.4421	10.861172	3505.871935606003
69	2185.6172	61.12249	2277.003	2103.4062	1945.5602	817.58966	2452.8892	41.264713	1000.0	903.4	345000	110.78019	53.63401	172.63858	-65.141075	110.779144	53.637028	173.6539	-45.075974	-112.31091	10.850164	3561.364264726639
70	1206.3696	948.57104	2222.2512	15.400396	1440.9781	1440.4331	2348.449	-1924.2957	634.1111	808.2	350000	111.637924	54.43273	173.24379	-49.419212	111.63653	54.43676	174.59923	-49.466995	-113.14073	11.059205	3621.75669836998
71	2199.3389	72.45427	2271.3162	2069.7417	1401.1921	1113.2296	2366.3596	26.871758	1000.0	612.0	355000	112.59797	54.996735	174.15158	-72.098076	112.597404	54.998802	174.73666	-47.71446	-114.10765	11.312531	3715.0401751995087
72	2207.748	107.783264	2382.9785	2080.986	2038.9479	427.70386	2276.6702	763.0974	1000.0	999.7	360000	113.70169	55.257862	176.46562	-46.67624	113.70167	55.258648	176.75198	-49.020382	-115.3268	11.154989	3810.248012781143
73	2205.357	107.20878	2349.5608	2021.5159	2363.8962	20.123234	2395.005	2327.6294	1000.0	1000.0	365000	114.44999	55.809986	177.1759	-53.28818	114.44877	55.81336	177.3909	-56.47102	-115.97492	11.358851	3910.681175470352
74	1606.6656	906.5624	2320.3035	32.710133	1315.3425	1155.2814	2498.629	16.42473	840.5	615.8	370000	115.06605	55.904755	178.90459	-51.588505	115.06609	55.9059	177.55917	-47.907738	-116.510956	11.843083	3999.9502749443054
75	1472.6149	922.7939	2396.3489	19.104683	1463.5771	1169.8586	2493.835	18.410543	749.1667	611.0	375000	116.021225	55.92652	178.2519	-53.459396	116.02073	55.928104	179.58752	-74.16865	-117.53981	11.725408	4082.3003153800964
76	1382.1859	1053.2618	2306.9868	10.654074	1481.7047	1173.4866	2491.752	24.386057	635.625	615.5	380000	116.85419	56.21628	191.31445	-56.072323	116.85435	56.217354	181.68721	-55.42928	-118.46103	11.974916	4149.363101482391
77	1071.8568	1028.7859	2229.441	19.133139	1848.9004	879.8466	2529.668	22.197395	571.8889	842.4	385000	117.91376	56.279945	179.37639	-58.954506	117.91345	56.280846	180.03375	-46.13119	-119.43818	12.208092	4216.7875328063965
78	1657.2324	1025.1584	2436.3982	13.83391	2064.2622	669.3189	2351.2341	58.9383	722.5714	903.8	390000	118.80708	56.33265	180.13141	-45.832214	118.806595	56.33494	181.05199	-48.94654	-120.28065	11.825079	4284.217347621918
79	1908.9938	839.73944	2341.4775	33.028305	2325.599	540.20605	2538.9675	706.0831	838.0	1000.0	395000	119.631004	56.576393	180.83206	-63.798454	119.631195	56.577133	180.51389	-62.037075	-121.23254	11.992425	4348.468545436859
80	1740.1863	647.45483	2257.9412	589.3923	2179.757	481.02054	2462.3699	921.3142	926.8	941.6	400000	120.301254	56.884212	181.17686	-68.141914	120.30086	56.886623	181.55238	-70.55494	-121.7394	12.296541	4408.4854056835175
81	1942.2158	871.0661	2463.4722	3.7351112	1823.9207	1004.1641	2538.8157	17.116724	835.6667	901.7	405000	121.253105	57.109528	183.44106	-71.140724	121.252754	57.110626	183.11092	-65.0553	-122.56679	12.187023	4468.594050884247
82	1427.8452	1084.0095	2308.1877	16.881905	2024.0963	837.88885	2492.58	7.4084673	634.875	833.3	410000	122.25475	57.266575	183.27124	-81.07958	122.25453	57.269012	182.65294	-71.916336	-123.76516	12.292711	4530.412155866623
83	1716.2665	886.59424	2337.7048	3.7073376	2087.0493	685.41675	2408.6191	36.008205	763.4286	905.0	415000	123.08966	57.47304	182.9814	-71.897995	123.08939	57.474712	183.20837	-69.87916	-124.58261	12.137106	4591.053093194962
84	1635.2357	1024.6504	2335.849	6.1249866	2074.8835	877.80414	2577.9587	33.870808	722.4286	902.8	420000	123.93931	57.865074	183.35237	-78.33301	123.93932	57.866886	184.65643	-75.18257	-125.45619	12.145818	4654.915599107742
85	1656.0342	890.7215	2383.9006	17.10051	1816.2418	984.12524	2513.6914	15.774589	836.0	805.4	425000	124.8062	57.82582	184.96112	-78.63693	124.80625	57.82655	185.02045	-62.187458	-126.26291	12.721426	4713.579137802124
86	2270.3735	51.834347	2364.3555	2214.569	1946.0891	958.482	2492.5698	22.980682	1000.0	807.6	430000	125.60305	57.755505	186.1597	-71.35954	125.60258	57.757446	185.4197	-70.593155	-127.00555	12.903968	4774.02060675621
87	1601.3112	922.94324	2367.7378	18.461369	2147.1235	706.1876	2488.7705	43.86389	807.0	905.5	435000	126.27507	57.684017	185.73402	-70.31404	126.27459	57.686	186.40805	-66.37952	-127.78614	12.953271	4829.772469758987
88	1932.2212	858.66986	2399.707	17.781374	2026.4174	1004.64215	2580.548	8.466061	845.6667	806.6	440000	127.11623	57.47005	186.6161	-79.578415	127.11632	57.47042	186.54045	-62.96548	-128.52284	12.679633	4892.194998264313
89	2319.9917	102.92054	2426.6973	2139.5852	1781.0697	919.7042	2399.1418	29.067501	1000.0	902.7	445000	127.96593	57.34401	186.80373	-53.552055	127.965866	57.34489	186.72852	-57.32168	-129.5324	12.489153	4954.739826917648
90	2290.815	29.806833	2334.1514	2241.0183	2099.7202	682.88696	2402.3958	54.930454	1000.0	903.0	450000	128.88177	57.410423	187.08688	-65.498665	128.88187	57.411266	187.695	-66.54097	-130.26062	12.588597	5020.249802827835
91	1659.9825	1034.9253	2401.74	24.196932	1523.9716	1120.6547	2519.5923	6.511428	721.2857	704.8	455000	129.32297	57.581764	187.38377	-64.59603	129.32297	57.58302	187.82263	-59.58936	-130.7452	13.175799	5083.942271947861
92	1656.976	1042.9584	2430.4111	4.9747977	2001.4563	989.29694	2589.2805	14.842446	719.8571	804.7	460000	130.01215	57.567604	187.23384	-85.06332	130.01227	57.56905	188.49077	-70.37169	-131.3044	12.97899	5145.49228477478
93	1958.296	866.80334	2414.1184	22.007807	2023.4092	980.7281	2554.9778	46.636093	836.3333	808.5	465000	130.97597	57.597706	187.73143	-58.835197	130.97542	57.599136	188.15776	-62.598564	-132.35162	12.470555	5209.960245370865
94	1958.2657	879.79517	2537.4111	10.078614	1860.251	972.6433	2565.3076	19.03836	835.1667	762.7	470000	131.75789	57.682762	188.49252	-58.491077	131.75772	57.684284	188.46	-79.36159	-133.28102	12.599213	5273.401593208313
95	1690.6345	1058.1321	2408.7375	7.586451	1138.9865	1138.8942	2431.1003	1.3727996	720.0	485.8	475000	132.34279	57.86114	189.60414	-58.64298	132.34297	57.8629	189.39969	-77.96258	-133.88278	12.92263	5334.884997844696
96	1488.6743	1146.1036	2432.6272	-0.76741135	1395.1205	1111.5112	2353.9832	6.8648295	630.875	706.7	480000	133.02272	57.820534	190.01465	-97.086266	133.02278	57.821423	189.8828	-79.97124	-134.46321	12.968549	5396.613898277283
97	1892.3574	845.17566	2393.3374	13.4578085	1907.9026	1017.22925	2633.756	11.763821	837.1667	857.0	485000	133.56264	57.8202	189.61655	-50.561523	133.56236	57.82254	190.26875	-48.892303	-135.07524	13.008621	5459.6572144031525
98	1930.672	869.904	2483.9397	31.390259	1233.6146	1354.3505	2623.7532	-636.21375	803.1667	610.5	490000	134.0224	58.151356	192.28653	-53.128975	134.02255	58.152042	191.46388	-43.318398	-135.59772	13.205503	5516.99391579628
99	1358.0583	1050.9478	2367.7405	7.4530406	2014.317	700.50275	2439.4722	55.810493	720.5714	907.0	495000	134.36119	58.272285	191.24078	-60.954746	134.36125	58.27313	191.11742	-60.29544	-135.8766	14.00237	5579.889903783798
100	1681.9701	872.87225	2490.4124	7.727559	1596.8468	1135.0267	2535.194	16.265814	836.6667	709.2	500000	134.4101	58.38716	192.20769	-50.901173	134.4102	58.388844	191.5966	-66.484955	-135.76443	13.814128	5640.211982250214
101	2375.6802	64.838036	2444.126	2263.5212	1345.8784	1136.2384	2477.7102	-415.9454	1000.0	691.5	505000	134.56857	58.73016	191.07256	-58.579357	134.56825	58.7318	191.6453	-51.53105	-135.95877	13.496904	5698.638995170593
102	2240.1907	130.53229	2376.3486	2022.1165	1629.5222	954.19305	2453.2463	37.766945	965.0	696.5	510000	135.1732	58.823975	191.32191	-108.624466	135.17299	58.826424	192.42896	-86.503006	-136.70381	13.860143	5755.990033864975
103	2034.3945	714.8495	2448.161	608.96765	2018.6449	995.9017	2605.7249	8.695925	1000.0	811.0	515000	135.60182	58.90615	191.60179	-61.257298	135.60127	58.907722	192.05475	-96.74417	-137.06079	13.649468	5818.141529083252
104	767.54553	1023.6719	2403.4497	3.1718526	1012.40607	1194.8289	2525.136	2.7320652	718.7143	418.7	520000	135.6728	59.275894	192.05862	-71.522316	135.67303	59.276928	191.70778	-83.030785	-137.04216	13.726098	5870.568502187729
105	1628.2734	971.82825	2417.7083	14.304193	1908.7214	1010.1315	2608.2224	8.59091	812.6667	757.7	525000	135.70659	59.583973	192.8578	-76.64967	135.70604	59.58727	192.8282	-82.28868	-137.03448	14.035182	5929.89840388298
106	1330.3049	1020.08435	2473.9966	56.766582	2221.1833	732.27435	2506.3433	25.564177	582.0	902.6	530000	136.04974	59.820805	194.20258	-67.02824	136.04878	59.823643	193.94698	-63.472637	-137.52274	13.65278	5994.796188592911
107	1967.7937	707.55975	2366.4375	555.8517	2227.149	609.6388	2645.3618	645.4322	1000.0	966.2	535000	136.1192	60.29547	194.32893	-81.371864	136.11829	60.298744	193.9993	-70.41193	-137.49394	14.713661	6059.659382820129
108	2381.239	94.30418	2501.2769	2227.3586	2026.7493	911.9565	2635.073	16.797573	1000.0	868.8	540000	136.39056	60.75341	194.47757	-139.59666	136.38995	60.756634	193.4328	-130.46208	-137.79703	14.382306	6120.274364233017
109	2351.9246	69.14521	2474.0742	2271.451	2478.8257	34.82022	2543.172	2416.9282	1000.0	1000.0	545000	136.539	61.114952	194.68932	-81.25225	136.53812	61.117683	193.96715	-94.68785	-137.89165	14.619616	6180.95752620697
110	2390.4614	68.15912	2504.443	2290.4824	2184.67	707.87933	2566.2163	243.6845	1000.0	874.1	550000	137.0196	61.453224	193.76375	-76.32439	137.01886	61.45542	194.00986	-78.4095	-138.3232	14.4882	6244.294783115387
111	1113.9441	1005.8869	2468.492	13.569112	2308.13	751.9476	2607.899	54.937088	664.625	906.0	555000	136.986	61.822308	195.03854	-131.28557	136.98543	61.824253	195.5017	-140.00566	-138.332	14.842608	6307.156046628952
112	1468.2648	987.1066	2377.9182	14.416038	1941.0833	1065.3975	2576.6917	-809.223	653.8571	902.5	560000	137.23587	62.009026	194.652	-88.5832	137.23592	62.010487	194.39348	-83.294205	-138.48027	15.6183605	6366.543977975845
113	2390.8176	23.840515	2425.497	2362.6274	2520.8767	49.643127	2596.0188	2425.2385	1000.0	1000.0	565000	137.75548	61.94393	195.82034	-76.07492	137.75552	61.945667	194.9771	-81.38037	-139.13661	14.995636	6431.350528478622
114	2082.1802	635.86896	2494.669	818.33075	1963.6289	974.50867	2683.9849	105.463486	1000.0	906.2	570000	137.74898	62.36288	195.02573	-68.942276	137.74867	62.363773	195.26111	-80.863205	-139.1901	14.46304	6489.909531116486
115	1997.6842	712.95056	2459.6648	453.31543	1814.7875	875.2356	2561.6003	33.04929	843.5	774.1	575000	138.21576	62.3083	196.08691	-129.91049	138.21724	62.30709	195.90869	-94.8829	-139.63707	15.397836	6550.652130842209
116	1356.325	1189.2401	2532.3633	13.243871	1972.3796	953.52386	2718.5046	347.68216	569.6667	833.4	580000	139.00201	62.062965	195.67953	-75.75371	139.00302	62.0626	195.9318	-69.71984	-140.49077	15.1002655	6611.933224916458
117	2066.4958	440.1817	2385.6406	1135.2563	1984.1165	644.3631	2421.4238	596.8159	869.5	860.4	585000	139.12189	62.129986	196.69138	-92.7358	139.12132	62.131866	195.95483	-105.19562	-140.55957	15.779436	6676.601939916611
118	2129.8623	187.09193	2326.6538	1775.2385	2366.2686	587.21295	2674.9478	731.7867	968.8	973.7	590000	139.57779	62.056435	196.00883	-129.35533	139.57776	62.057873	196.18198	-102.25525	-140.94463	15.644386	6740.73575425148
119	1257.4803	1023.2299	2492.2087	3.6076024	2473.4033	112.626526	2565.095	2146.291	615.0	989.8	595000	140.14835	61.648	197.56972	-88.94526	140.14874	61.647705	196.8522	-97.21183	-141.47385	15.312709	6811.660444259644
120	1969.2799	873.0102	2468.644	24.086376	1939.0244	974.685	2666.0696	44.111534	836.8333	904.2	600000	140.90558	61.363132	197.13745	-84.74789	140.90633	61.363747	196.04768	-77.064476	-142.31845	15.840638	6880.059924840927
121	1722.176	1087.4491	2563.4407	3.0028617	2067.965	944.11127	2580.642	22.631735	717.2857	902.0	605000	141.28236	61.23188	196.2317	-91.84231	141.2815	61.234924	196.44577	-88.539276	-142.70885	15.551037	6948.5622498989105
122	1737.2185	845.17035	2435.0537	50.544014	2339.946	769.79913	2691.8552	38.056133	729.2857	903.8	610000	142.00436	60.86165	196.75012	-88.51172	142.00403	60.86351	197.09825	-74.71863	-143.24013	15.673312	7016.2566249370575
123	2462.482	85.94004	2572.5002	2358.8538	2361.959	777.46936	2702.568	34.799095	1000.0	903.5	615000	142.7731	60.651306	198.43869	-106.73688	142.77318	60.65279	197.51541	-90.15055	-144.17688	15.243147	7083.585296392441
124	1632.6134	951.402	2343.8772	19.437265	2162.0366	719.9021	2471.3284	7.090811	704.3333	901.4	620000	143.32878	60.465034	198.70137	-72.725464	143.32915	60.465324	198.78113	-86.22037	-144.70216	15.895979	7144.9021990299225
125	2411.9907	74.015076	2503.2012	2333.7874	1606.2966	1130.9822	2606.0657	15.516896	1000.0	649.0	625000	143.78629	60.380386	198.7811	-67.28037	143.78656	60.382072	198.95871	-65.3914	-145.1906	15.653147	7210.905711650848
126	1982.2213	845.5566	2533.2405	36.051685	2230.3574	743.158	2573.4058	6.125587	815.5714	903.9	630000	144.40706	60.157963	198.45383	-122.48184	144.40741	60.15863	198.92798	-92.10503	-145.72191	15.329028	7285.9403438568115
127	2062.3367	396.35815	2436.1313	1501.5757	1822.3239	1175.2833	2676.833	24.30963	873.0	709.7	635000	144.80013	60.111214	198.5858	-97.16544	144.8008	60.109196	198.14787	-113.12232	-146.2428	15.332951	7344.676309347153
128	1670.7113	981.3061	2613.1868	35.746048	2262.6482	751.0109	2609.9075	14.034236	799.6667	902.0	640000	145.22018	59.911556	199.44751	-98.84942	145.22029	59.913647	198.46754	-95.43983	-146.52896	15.578963	7408.8853058815
129	1199.8047	1559.519	2520.6494	-1566.9446	1344.303	1330.0172	2727.6687	5.881809	724.1429	511.4	645000	145.39877	59.933838	200.08	-106.75476	145.40042	59.930973	199.9814	-94.31575	-146.7399	16.148624	7468.596305131912
130	1414.5009	1161.01	2555.365	34.45339	2161.3584	1063.0333	2738.9343	34.445007	589.8889	808.3	650000	145.57896	59.618607	198.551	-81.11909	145.57939	59.619907	198.84122	-95.651375	-146.89159	16.572966	7535.198436975479
131	2457.0674	34.694168	2503.3142	2404.3342	1987.9906	985.08636	2540.8333	15.60354	1000.0	804.6	655000	145.99756	59.309593	199.10674	-107.28371	145.99776	59.31082	199.1504	-66.238	-147.3645	17.451029	7597.4249811172485
132	1597.3729	1215.362	2471.3547	-314.7392	2464.3638	388.6242	2645.8513	1301.3424	847.8333	952.8	660000	146.39685	58.77143	199.19551	-90.5546	146.39761	58.771587	199.54172	-94.07409	-147.66376	17.216373	7664.664917707443
133	2407.429	106.454475	2506.8804	2205.8623	2260.914	747.2584	2574.097	23.624647	1000.0	902.6	665000	146.48917	58.723614	199.05478	-121.37935	146.48932	58.724304	199.15201	-113.004456	-147.80869	16.52049	7729.487238407135
134	2440.1858	46.962746	2488.0972	2375.5422	2396.363	793.98047	2733.8809	20.516256	1000.0	902.1	670000	147.32323	58.230225	198.35454	-65.80731	147.32358	58.231297	198.2776	-81.49537	-148.5483	16.437859	7790.939111232758
135	1718.2089	1058.2432	2563.378	50.912693	1777.099	1153.0334	2582.2793	10.1958	726.0	708.1	675000	147.55858	58.007538	198.89864	-107.22721	147.55846	58.009727	199.16455	-148.33533	-148.70433	16.585098	7851.821673154831
136	2386.5552	60.49612	2443.3547	2269.509	1542.1292	1242.0231	2605.5166	9.994303	1000.0	612.9	680000	147.94261	57.795532	199.94496	-66.02245	147.943	57.796383	200.7313	-62.008286	-149.24918	16.043917	7906.237459421158
137	2216.2156	487.31708	2533.4644	1247.1783	2175.915	951.9462	2709.9019	4.929412	906.8	901.7	685000	148.49619	57.642403	200.12584	-76.17276	148.49521	57.64573	200.28767	-80.53521	-149.84639	16.402798	7963.387724399567
138	1992.6461	882.3089	2472.8765	27.948498	2556.7656	215.03102	2659.4163	1914.3118	838.0	974.1	690000	149.03984	57.544914	200.05678	-176.83487	149.04031	57.545506	199.72975	-195.86539	-150.33513	16.56097	8024.880092144012
139	2214.0608	541.2078	2530.3638	1017.7055	2387.679	792.4788	2744.9043	14.902161	907.3333	902.0	695000	149.33	57.53173	200.66486	-170.04248	149.32938	57.536278	200.77959	-179.78374	-150.75427	16.319492	8088.570065975189
140	2079.0425	908.4116	2519.9895	49.356186	2110.2185	1038.1229	2692.7485	30.466194	840.1667	806.7	700000	149.96873	57.208168	200.41339	-118.795616	149.96835	57.211315	201.04338	-82.723854	-151.16013	16.47944	8151.683049917221
141	1594.4694	1163.8977	2546.4336	10.32641	2317.8044	765.9354	2625.0022	22.925299	656.625	901.9	705000	150.2189	57.2225	201.20822	-72.79709	150.21901	57.223835	200.87158	-60.431274	-151.73698	16.504412	8216.381119251251
142	2022.163	890.1636	2512.2927	34.967957	1732.1051	1149.7859	2680.379	23.076485	837.8333	672.3	710000	150.84186	56.84178	200.56865	-87.29884	150.84142	56.844593	200.38599	-72.75624	-152.28474	15.711495	8276.900687217712
143	1475.2955	1125.1188	2505.25	24.20518	2082.4045	1021.9104	2668.6667	39.688957	723.2857	806.5	715000	151.05687	56.859486	200.72023	-77.74935	151.05722	56.85989	201.27948	-63.539852	-152.43051	16.476992	8335.667041540146
144	2448.1108	89.60759	2567.1738	2313.4397	2382.283	602.0611	2632.139	579.4431	1000.0	1000.0	720000	151.16223	57.16983	200.6687	-76.24709	151.16153	57.1735	201.06982	-107.93283	-152.4711	16.545391	8398.696277856827
145	2356.519	205.66054	2531.7546	1958.3633	2386.284	538.8544	2643.363	772.42773	961.2	1000.0	725000	151.59161	57.179775	201.7174	-128.21942	151.59114	57.182976	201.74927	-82.758736	-152.93921	16.80017	8463.039317369461
146	2436.4692	67.860405	2532.5774	2358.951	1827.178	1186.929	2678.4556	0.2877768	1000.0	707.0	730000	152.03865	57.108986	201.27063	-116.37564	152.03862	57.110676	201.39336	-118.52307	-153.45895	17.19772	8521.709571361542
147	2463.914	97.00455	2549.0178	2310.6724	2523.4011	53.364098	2600.1807	2416.9155	1000.0	1000.0	735000	152.57771	56.976402	203.18793	-79.56117	152.57756	56.979492	203.33813	-78.66621	-153.86401	16.733738	8580.8219332695
148	1064.1947	1063.9977	2469.6082	16.42142	2669.6497	37.856815	2735.1602	2596.234	636.25	1000.0	740000	152.95468	56.659668	203.0596	-120.6838	152.95459	56.661148	203.41019	-101.75771	-154.28348	16.06784	8645.624975204468
149	2425.55	63.848892	2547.6182	2375.0344	1643.1097	1236.8375	2675.5325	12.590977	1000.0	901.7	745000	152.95122	56.867188	202.86864	-56.890705	152.9511	56.869156	202.875	-72.56327	-154.31673	16.513487	8710.521712779999
150	2082.1255	926.7721	2660.4275	17.345325	2446.2488	666.6232	2736.2058	452.3538	835.8333	1000.0	750000	153.25822	56.797913	202.72412	-148.06499	153.25764	56.801853	203.15363	-127.36379	-154.5179	16.615358	8773.23561000824
151	2113.8264	939.4053	2586.3052	15.442373	2230.1016	724.74744	2525.3447	59.76896	836.6667	904.1	755000	153.4697	56.92352	203.42932	-68.65275	153.46957	56.925304	205.1899	-72.29813	-154.69788	16.088215	8834.281926393509
152	2081.0137	742.0995	2503.9429	603.5686	2051.051	1029.8698	2685.4167	13.441798	1000.0	806.5	760000	154.1389	56.65234	204.36943	-80.915695	154.13942	56.65352	204.34306	-61.1332	-155.42053	16.119091	8893.247768163681
153	1674.9701	1155.7687	2557.696	1.7362415	2148.7207	602.2056	2509.1477	693.04736	683.5	884.2	765000	154.07639	56.859943	203.58896	-89.722855	154.07655	56.860447	204.5127	-81.19217	-155.6444	16.018929	8949.859203100204
154	2119.9788	761.1876	2529.856	598.6718	2043.5178	1003.86523	2598.0833	28.357328	1000.0	807.2	770000	154.4936	56.710815	205.76141	-77.0642	154.49309	56.711502	204.72827	-80.9593	-155.7501	16.557102	9011.812618255615
155	2474.8323	20.554506	2492.3438	2448.6455	2172.0967	919.34656	2703.615	28.673512	1000.0	831.7	775000	155.03334	56.423927	205.02763	-93.74815	155.03323	56.424713	204.80019	-84.38617	-156.40273	16.857182	9072.053666114807
156	2134.3005	938.8251	2626.3752	36.83266	2443.462	807.13776	2793.1467	25.070385	839.5	902.4	780000	155.3796	56.49926	204.78937	-67.51908	155.37955	56.500664	205.34557	-86.08716	-156.59166	16.130592	9133.618870258331
157	1777.5957	1102.3271	2585.4695	22.427094	1616.3589	1297.6609	2804.0242	24.406294	727.0	612.3	785000	155.42342	56.853783	204.89296	-71.264694	155.42325	56.854637	204.62129	-64.07123	-156.83318	16.440178	9191.00965476036
158	2453.1309	97.162544	2594.189	2315.2034	2096.0356	1029.2136	2687.3071	27.390524	1000.0	808.0	790000	155.74867	56.98295	205.09625	-113.018036	155.7488	56.983624	205.17393	-90.59704	-157.05626	16.388021	9246.913929462433
159	2445.77	127.61483	2572.3035	2201.719	2548.2878	145.67828	2741.4304	2158.0647	1000.0	988.0	795000	156.09633	56.903225	205.09898	-78.42751	156.0963	56.905983	204.98901	-103.74402	-157.53685	16.893152	9308.948394298553
160	2227.342	702.70306	2572.7705	657.9802	2109.954	1039.2186	2705.378	27.883709	889.5	805.4	800000	156.52538	56.739704	205.8657	-112.288445	156.5251	56.742718	204.8961	-101.72014	-157.86932	16.44989	9370.45199561119
161	2480.5312	95.40976	2627.195	2377.9062	2156.6992	1071.2247	2733.8486	4.8145695	1000.0	803.0	805000	156.52565	57.2521	204.98082	-114.63498	156.52544	57.25559	205.52466	-94.36583	-157.8423	17.36889	9423.898119449615
162	1809.2787	1128.5388	2560.1653	25.002563	2671.0208	56.12737	2798.7617	2594.0796	722.4286	1000.0	810000	156.47134	57.821278	205.2392	-101.41386	156.47128	57.822487	205.69534	-73.639435	-157.86496	17.063711	9482.072863817215
163	2551.1685	82.741425	2675.1895	2414.7163	2398.2969	785.8624	2721.6494	45.43941	1000.0	903.3	815000	156.76355	57.418465	205.68454	-136.02594	156.76308	57.41956	205.51695	-149.42143	-158.11722	17.011019	9536.807302951813
164	1768.2906	1108.948	2533.3916	18.351183	2354.8333	781.8813	2750.4285	24.042517	719.4286	902.4	820000	157.30302	56.73696	206.00829	-96.116264	157.30275	56.738808	205.42764	-115.09291	-158.60971	16.771446	9592.236850738525
165	2400.4888	212.76099	2546.564	1977.4075	2202.309	957.6253	2749.9868	31.502943	957.8	903.5	825000	157.66791	56.51783	205.68759	-58.383335	157.66734	56.52043	205.567	-97.780815	-159.11864	16.669725	9648.96260523796
166	1808.8605	1124.441	2625.8657	30.839417	2281.5598	1083.5658	2711.7468	-965.0352	721.4286	1000.0	830000	158.47502	56.095592	205.52661	-82.41397	158.47461	56.099525	205.37952	-93.83119	-159.86891	17.204613	9708.126682043076
167	2062.179	903.32916	2514.7056	45.201973	2668.143	55.268795	2753.002	2546.9165	840.5	1000.0	835000	158.737	56.09474	205.43497	-114.43049	158.73659	56.09647	205.37523	-67.68713	-160.32422	17.968918	9774.914727687836
168	2542.0552	53.4764	2614.807	2452.5076	2455.9927	806.8357	2763.7625	36.403465	986.4	902.7	840000	158.82857	56.031227	205.5811	-97.29546	158.82799	56.0341	205.96794	-108.96275	-160.33488	16.883934	9841.32011961937
169	2561.1414	22.155594	2598.5884	2535.7505	2637.3003	43.520966	2687.9521	2564.645	1000.0	1000.0	845000	159.53256	55.83466	206.44736	-110.28285	159.53261	55.835663	206.861	-93.14892	-160.88048	16.689224	9907.702866315842
170	2124.467	933.03046	2674.2646	47.236782	2688.4917	61.58369	2763.89	2560.4314	842.1667	1000.0	850000	160.12442	55.506016	206.26756	-62.145626	160.12398	55.510124	206.6548	-60.35835	-161.49239	17.039553	9971.51337146759
171	2542.7593	63.581005	2620.8804	2454.7983	2379.2993	776.2546	2699.7227	53.203457	1000.0	903.7	855000	160.55032	55.328537	206.74693	-102.192406	160.54965	55.33293	207.14607	-111.72203	-161.77126	17.000462	10029.153402805328
172	2526.8743	33.234676	2578.1238	2476.7466	2803.5852	42.468994	2871.9014	2742.067	1000.0	1000.0	860000	160.64325	55.75742	207.07118	-60.49518	160.64302	55.758842	207.69638	-61.360157	-162.16893	17.140911	10090.00423002243
173	2557.8833	71.97054	2653.8945	2456.3188	2374.7903	787.87524	2699.8162	14.024571	1000.0	905.0	865000	161.0642	55.593487	206.72765	-89.46612	161.06396	55.594673	207.2473	-85.39586	-162.52354	16.64298	10148.743914365768
174	2587.9712	47.257423	2658.5352	2513.5537	2204.5415	1088.0958	2787.972	21.429178	1000.0	808.9	870000	161.88562	54.708107	207.83453	-80.45316	161.88565	54.709473	207.53227	-102.05986	-163.34427	15.412947	10210.52488231659
175	1806.6544	1131.2482	2565.927	4.877645	2021.9926	1164.36	2814.2175	19.789013	724.2857	823.0	875000	162.86188	53.949528	208.27898	-135.65834	162.8619	53.95112	208.30737	-57.133	-164.2391	15.632442	10272.85744857788
176	2093.2122	939.5879	2647.4343	42.779896	1798.0006	1215.2329	2775.153	26.266462	808.0	665.4	880000	163.29597	53.82559	208.29138	-76.861084	163.29575	53.82841	207.74384	-70.794365	-164.52023	15.909533	10326.676872491837
177	2226.5774	812.0391	2694.065	420.64438	2376.693	816.0505	2768.7563	29.221596	864.6667	873.7	885000	163.66223	53.762794	208.76021	-91.05287	163.66188	53.7648	208.80717	-69.55487	-165.1554	16.23352	10386.18457365036
178	2178.1624	962.3549	2670.195	28.992538	2453.8652	810.3532	2828.7551	26.206036	837.0	903.5	890000	163.9981	53.550575	209.47859	-118.7006	163.99825	53.55075	209.96126	-105.89241	-165.39409	16.755487	10446.806964635849
179	2548.6418	63.296734	2650.4277	2477.7156	2470.4216	815.8697	2818.8447	27.742756	1000.0	902.9	895000	164.39066	53.286804	210.32425	-79.12063	164.39058	53.288395	211.0377	-166.63382	-165.80748	17.385574	10507.360827684402
180	2545.3918	98.27291	2693.7485	2442.6038	2705.3328	46.57674	2799.4863	2656.8203	1000.0	1000.0	900000	164.41301	53.12956	208.91566	-62.249214	164.41241	53.132664	209.38701	-75.73543	-165.5989	16.759604	10567.956286430359
181	2546.1292	96.649925	2619.0925	2358.5579	1766.8953	1287.4921	2861.6082	15.41881	1000.0	707.8	905000	164.59473	52.86989	209.7742	-79.90374	164.59496	52.87077	209.05457	-90.99841	-166.0579	15.787212	10626.338742494583
182	2618.7363	59.67002	2719.7764	2541.9338	2446.624	825.7711	2858.7258	30.49925	1000.0	902.3	910000	164.94394	52.607506	209.90724	-122.78258	164.9437	52.609325	210.19069	-139.65512	-166.20657	15.904534	10688.055071353912
183	2556.6113	70.42999	2654.1138	2472.9038	2343.8208	867.47375	2816.0767	49.477596	1000.0	903.5	915000	165.55432	52.569458	210.33664	-104.42925	165.5539	52.57171	210.44138	-92.484566	-166.7954	15.6773205	10746.019129753113
184	2256.795	780.4761	2649.5745	513.27606	2507.0654	821.0511	2847.8398	52.182487	871.1667	903.4	920000	165.6741	52.69877	211.4359	-70.76978	165.67377	52.70173	211.77977	-90.89674	-166.93918	16.38392	10808.246674537659
185	1734.6968	1269.3154	2702.225	-142.0783	2439.025	955.8748	2852.768	-423.32492	839.8333	1000.0	925000	165.83699	52.68618	210.86354	-121.27518	165.83653	52.687805	210.79184	-91.63517	-167.06293	16.55223	10869.09749674797
186	1747.1923	1093.8623	2662.7007	10.214283	1730.6501	1391.825	2936.1172	15.766034	837.5	611.9	930000	165.84404	53.095066	210.47118	-101.52889	165.84357	53.099293	210.4511	-122.094215	-167.1622	15.925267	10927.040409088135
187	2548.914	75.58248	2661.4346	2454.177	2528.2952	194.85385	2725.0193	1992.3794	1000.0	978.3	935000	165.71318	53.85987	211.0765	-156.81827	165.71312	53.859818	210.68172	-154.0769	-167.10466	17.07156	10989.678770542145
188	2372.0554	355.70853	2631.3047	1676.0935	2263.7996	1116.9376	2898.9092	29.047983	933.0	805.5	940000	166.16142	54.15107	211.42393	-151.62427	166.16113	54.15363	211.71925	-152.51677	-167.44916	16.334366	11044.330779075623
189	2228.6296	977.3677	2741.1846	47.08007	2529.8872	850.3769	2890.522	-18.33744	838.8333	1000.0	945000	166.00388	54.58962	210.89925	-67.15372	166.00359	54.591503	210.45665	-67.83126	-167.25745	16.818682	11105.452589035034
190	1837.5853	1078.1179	2685.7617	39.13162	2033.6238	1084.8383	2828.6035	38.212353	841.1667	823.3	950000	166.07385	54.599834	211.17918	-109.19585	166.0737	54.602856	211.61322	-84.962364	-167.32677	16.752459	11165.49611401558
191	2559.6028	79.81776	2648.3208	2437.4106	2554.7104	652.6476	2848.6716	602.53656	1000.0	1000.0	955000	166.07372	54.91203	212.0833	-166.74911	166.07335	54.91318	211.7786	-183.30434	-167.4698	17.272741	11224.771029233932
192	2572.7036	56.555336	2628.1365	2469.4404	2720.601	259.66666	2886.7498	1961.1294	1000.0	971.1	960000	166.12122	55.26826	211.45027	-97.42616	166.12128	55.269695	213.048	-100.00087	-167.50314	17.413298	11286.25853562355
193	2027.6439	1100.4001	2647.8516	-167.82863	2836.8008	28.480124	2869.9817	2792.2058	1000.0	1000.0	965000	165.92894	55.788975	212.40352	-82.50825	165.92865	55.79038	212.28357	-69.30089	-167.477	17.260015	11348.496274471283
194	2643.7622	44.409885	2699.264	2588.9658	1609.7223	1288.2062	2734.851	15.303202	1000.0	610.3	970000	165.70396	56.039047	212.42184	-199.81497	165.70393	56.039288	213.15143	-164.60219	-167.0869	17.812649	11409.65911269188
195	1789.1068	1111.4156	2679.8657	27.863186	2498.8716	824.0021	2868.4902	31.516819	837.5	902.4	975000	165.3725	56.41998	211.2648	-82.48477	165.3721	56.422886	211.08237	-90.703514	-166.61746	17.725449	11471.333769321442
196	2608.4443	97.1656	2729.2622	2444.6008	1990.0393	1292.5143	2878.9102	8.115215	1000.0	707.9	980000	165.62784	56.34949	211.32944	-134.52594	165.62761	56.351337	211.85365	-162.13408	-166.92679	16.581997	11530.63148856163
197	2171.0251	970.2913	2639.1018	3.125321	1883.9352	1213.962	2746.5664	8.70865	836.5	709.4	985000	165.75516	56.44827	211.29964	-168.9601	165.75523	56.451096	212.236	-203.0087	-167.06068	17.586374	11591.97068309784
198	2159.7825	832.68524	2646.6062	496.615	2866.6506	33.893078	2920.3174	2810.9695	1000.0	1000.0	990000	165.92816	56.41046	211.81352	-129.17657	165.92868	56.409187	212.50072	-115.775894	-167.21655	17.902418	11653.913138628006
199	2647.8335	83.685	2753.3042	2496.4893	2732.7192	50.06383	2788.0393	2627.4214	1000.0	1000.0	995000	166.12927	56.335415	213.12411	-82.34644	166.12933	56.335537	213.1379	-98.71793	-167.47021	17.033566	11720.336607217789
