Epoch	AverageEpRet	StdEpRet	MaxEpRet	MinEpRet	EpLen	AverageVVals	StdVVals	MaxVVals	MinVVals	TotalEnvInteracts	LossPi	LossV	DeltaLossPi	DeltaLossV	Entropy	KL	Time
0	-684.89575	154.33058	-542.6616	-943.91956	1000.0	0.010848091	0.60027516	1.8231641	-1.8905658	4000	-0.018847061	4607.0483	-0.01206021	-596.3479	5.5853953	0.005503713	5.252143144607544
1	-661.63	76.18553	-577.35565	-771.6656	1000.0	-7.2721586	3.937266	7.061603	-13.589489	8000	0.020330925	3179.1384	-0.0075972183	-1310.5042	5.526584	0.002653355	9.527301549911499
2	-762.23425	181.00108	-579.53	-954.14716	1000.0	-10.464144	17.068628	22.277279	-22.625013	12000	-0.04551319	4119.027	-0.0053252727	-1635.8843	5.5000167	0.003313376	13.918770790100098
3	-663.22675	111.70519	-496.5971	-808.93756	1000.0	-29.42393	0.58356553	-18.289206	-29.748735	16000	0.030263409	1291.1453	-0.0041839685	-256.43298	5.477667	0.0023925425	18.454333782196045
4	-623.90857	135.1699	-507.0702	-854.04004	1000.0	-34.35067	0.36828277	-23.856112	-34.505722	20000	-0.05205179	883.2834	-0.0017687045	-145.6529	5.494286	0.0018302833	22.584485292434692
5	-550.9768	82.33781	-421.34726	-633.66595	1000.0	-38.060635	0.27562296	-32.805058	-38.177277	24000	-0.07479385	598.72473	-0.0032938868	-46.78308	5.439116	0.00026823336	26.839218854904175
6	-584.44995	69.70758	-508.123	-686.5999	1000.0	-40.300774	0.47226608	-28.653196	-40.404922	28000	-0.052925263	653.94574	-0.0037609711	-43.502075	5.4712214	0.001513359	30.99853539466858
7	-723.1212	141.12604	-482.68396	-832.74835	1000.0	-42.429203	0.3232979	-35.450542	-42.573605	32000	0.020887157	1411.0612	-0.0024548955	-171.96521	5.4923477	0.0017622921	35.151063203811646
8	-773.05707	49.508728	-715.81635	-838.78973	1000.0	-46.7267	0.5651198	-26.09896	-46.873535	36000	0.01311689	1130.0204	-0.0035781702	-189.8056	5.508524	0.00078701007	39.01633834838867
9	-542.48645	25.606438	-506.78384	-578.6112	1000.0	-51.42961	0.39423797	-36.07107	-51.53098	40000	-0.045699093	629.0934	-0.0020162687	-18.840149	5.483426	0.0019561276	42.85763072967529
10	-662.6238	70.81722	-584.7905	-775.1277	1000.0	-50.24043	4.4159107	41.033077	-51.509026	44000	-0.02608593	657.178	-0.0026171096	-65.18945	5.490956	0.0004012409	47.51043629646301
11	-515.20013	64.548416	-439.67426	-617.96204	1000.0	-53.002407	1.5197536	-17.462856	-53.346638	48000	0.006427166	400.83173	-0.0018712962	-36.993805	5.50581	0.0013416291	51.81220483779907
12	-664.09753	91.4518	-569.7719	-768.79767	1000.0	-49.92572	5.5475926	26.8223	-52.13213	52000	-0.0384291	884.1623	-0.001602076	-75.37628	5.4951806	0.00043530858	56.28017497062683
13	-569.0689	115.55252	-453.78204	-695.46954	1000.0	-52.60129	5.316592	44.0898	-54.25872	56000	-0.02723129	367.83786	-0.0019630846	-37.66504	5.485153	0.0014378908	60.45571446418762
14	-639.26355	80.76518	-561.1066	-771.5234	1000.0	-51.98227	4.4896283	12.174413	-54.50749	60000	-0.023203705	361.10898	-0.0023407731	-38.667175	5.516792	0.0002296989	65.00808596611023
15	-594.09485	68.71536	-502.3291	-670.42145	1000.0	-49.504	6.8461084	-16.122074	-55.699917	64000	-0.02159587	353.7725	-0.0026139151	-16.596588	5.518717	0.00048575646	69.28937363624573
16	-485.62332	69.37574	-397.20898	-588.0257	1000.0	-52.683235	4.4399514	-23.78041	-56.0624	68000	0.008709961	573.09265	-0.0015622745	-155.76971	5.4762483	0.00018420904	73.42590546607971
17	-559.8091	80.156456	-433.8897	-656.8677	1000.0	-42.77626	6.947269	6.095459	-54.766163	72000	0.013207885	458.22275	-0.0013965638	-83.84363	5.4883223	0.00080881093	77.8784031867981
18	-536.5521	132.37616	-391.1915	-689.6799	1000.0	-48.764038	6.5355825	-6.50309	-55.89891	76000	-0.043791145	462.36682	-0.0004923865	-36.64212	5.5212593	0.00035692836	82.33767199516296
19	-558.53687	115.932785	-414.47833	-711.9184	1000.0	-46.459137	7.3212256	23.378305	-55.85596	80000	-0.037855532	388.82465	-0.0027149282	-28.063202	5.5550556	0.00040097375	86.6923360824585
20	-505.72717	97.387764	-407.10828	-632.7832	1000.0	-45.7205	5.6500516	-6.850215	-56.300816	84000	-0.06857309	590.0563	-0.0017549992	-100.71176	5.514736	0.0016610253	91.360844373703
21	-505.14453	65.70925	-444.93124	-613.8875	1000.0	-44.089855	11.35732	35.758007	-56.905	88000	0.009217999	541.1342	-0.0017588735	-93.07968	5.5274706	-0.000112825874	95.56806087493896
22	-490.54956	60.93087	-405.38498	-570.5591	1000.0	-42.397476	9.834554	50.450554	-56.915897	92000	-0.04408821	294.03088	-0.0018380284	-116.836136	5.5189013	0.00090960093	99.70754742622375
23	-468.38873	27.508629	-423.9463	-492.90213	1000.0	-42.771717	3.671848	-13.283984	-56.812386	96000	0.01759648	258.4784	-0.0019771159	-67.83832	5.4914813	0.0013307563	104.19969344139099
24	-557.37787	43.560684	-513.04694	-605.0364	1000.0	-41.06957	6.1988955	1.4540243	-57.11631	100000	-0.025589805	347.52713	-0.0015277024	-106.9496	5.522792	0.0010201135	108.479905128479
25	-451.25177	70.96387	-348.28467	-540.13544	1000.0	-44.348545	9.453152	36.77884	-58.674892	104000	-0.03531804	334.33383	-0.0016618483	-138.8315	5.447931	0.0013641663	112.74835062026978
26	-464.61783	65.95907	-387.66602	-533.68286	1000.0	-43.29004	7.0441613	18.359089	-57.708847	108000	-0.052675765	279.04715	-0.0011854395	-33.336365	5.498803	0.00032383847	116.98252248764038
27	-442.36258	66.31477	-345.13638	-517.55634	1000.0	-39.46454	8.154346	14.420012	-57.307766	112000	-0.05004652	482.3888	-0.0010337308	-64.58789	5.477472	0.00011049104	121.52142024040222
28	-449.3121	46.205956	-385.50058	-516.06274	1000.0	-40.4894	7.9654675	6.7332606	-57.391636	116000	-0.0013062248	373.28015	-0.0024258536	-36.588654	5.509734	-0.0004327439	126.0040054321289
29	-518.6805	28.393824	-474.11847	-544.45276	1000.0	-39.532124	6.231746	-1.5610317	-57.26601	120000	-0.01364022	501.46765	-0.0012875693	-100.26535	5.542553	0.0006755561	129.85256695747375
30	-472.26495	96.14185	-327.9063	-573.5534	1000.0	-38.921906	14.739625	40.345135	-58.83165	124000	0.0039534415	543.005	-0.0019730185	-225.35406	5.5053253	0.00023815388	134.42668795585632
31	-479.411	22.865025	-447.6726	-512.1308	1000.0	-42.37587	5.74642	-2.909668	-58.709885	128000	-0.051166736	197.95772	-0.0010341592	-22.84462	5.5160937	0.0008008436	138.304203748703
32	-508.80533	119.64072	-429.2248	-715.7224	1000.0	-43.92497	4.3111205	-20.916557	-58.664642	132000	-0.041212443	486.27557	-0.0021882318	-83.01788	5.4599285	0.00046998495	142.34714555740356
33	-450.5129	24.542479	-408.7497	-471.85373	1000.0	-42.71913	5.563806	-9.778886	-59.342445	136000	0.009966161	196.72316	-0.002790094	-34.432343	5.5297537	0.0012328299	146.61755084991455
34	-454.37814	18.849764	-432.383	-483.63922	1000.0	-42.390892	5.047691	2.317031	-58.979923	140000	0.02629186	159.37837	-0.0015633348	-15.839615	5.485961	0.00086976873	150.89845442771912
35	-433.0031	49.309795	-372.54953	-504.8042	1000.0	-40.37813	6.1426144	-5.657225	-58.82634	144000	-0.029753102	340.95996	-0.0015912149	-51.78076	5.4846945	-0.00012683243	155.191823720932
36	-476.09723	60.222725	-405.1313	-561.08954	1000.0	-39.672485	6.9786615	1.8336947	-58.323162	148000	-0.047372628	299.05838	-0.0015212707	-43.704254	5.5138807	0.00038685554	159.3474314212799
37	-422.20453	43.78642	-356.5398	-471.7599	1000.0	-41.146946	6.2091436	8.258964	-58.8166	152000	0.009673861	193.16943	-0.0017435746	-36.97719	5.5145907	0.00040545053	163.43877482414246
38	-469.94843	31.581318	-437.83423	-522.40173	1000.0	-38.310085	6.8143964	18.689678	-55.87213	156000	-0.04319239	222.09229	-0.0014949329	-84.86665	5.5203	-0.00021644915	167.85283946990967
39	-495.22812	42.808926	-446.65808	-563.3318	1000.0	-40.974483	4.342552	-15.465219	-58.212257	160000	-0.026879853	234.3576	-0.0022633504	-28.847214	5.526793	0.0008775467	172.06634521484375
40	-449.18115	43.024952	-411.19363	-521.14294	1000.0	-44.895206	4.387261	-24.184053	-58.890114	164000	-0.017723817	269.88162	-0.0018142518	-52.705597	5.523598	0.0008520234	176.81424236297607
41	-486.679	74.22699	-412.88388	-588.1908	1000.0	-40.6443	6.357861	5.4759707	-58.100166	168000	0.005778856	349.66336	-0.00086337654	-59.961426	5.543405	0.00017852182	181.19180536270142
42	-420.69736	56.57441	-327.4073	-477.3842	1000.0	-39.80873	7.994356	0.9852143	-58.7487	172000	-0.026532015	344.9431	-0.0016009603	-90.02013	5.487119	0.0003982697	185.5807921886444
43	-353.97235	98.41762	-183.97398	-419.9595	1000.0	-36.979916	8.807515	34.496784	-57.678135	176000	-0.019632969	344.263	-0.0011694841	-82.23068	5.482214	0.0009182689	189.38840699195862
44	-411.45993	33.391434	-379.41577	-467.52158	1000.0	-34.68732	10.417043	29.542463	-56.845493	180000	-0.02513896	286.45853	-0.001508968	-85.95764	5.4805536	0.00018332106	193.71636724472046
45	-464.74524	84.65429	-379.19632	-583.00055	1000.0	-33.898586	11.068908	27.729069	-57.522667	184000	-0.036693607	514.3225	-0.001474984	-274.10266	5.422971	0.0012968606	197.8692901134491
46	-376.97452	50.229954	-294.08148	-429.16928	1000.0	-38.58217	5.2467065	-9.66958	-58.96597	188000	-0.035192125	193.24507	-0.00086669624	-46.18048	5.4776583	0.00087385107	202.18407893180847
47	-451.9392	32.856873	-418.70502	-502.52155	1000.0	-35.48165	4.5090814	-6.8265114	-56.572098	192000	-0.03136631	214.24916	-0.00083341077	-46.862305	5.4478135	0.00059882767	206.60623145103455
48	-413.9513	35.88554	-364.89877	-450.79465	1000.0	-40.7674	5.3037663	-2.6548088	-58.77417	196000	0.022943938	320.28375	-0.0015888661	-44.235687	5.5195904	6.828028e-05	211.12310075759888
49	-418.16632	64.3519	-332.7749	-512.4274	1000.0	-38.323803	6.23241	8.927315	-57.419415	200000	-0.024148257	261.1361	-0.0011663251	-26.56186	5.451337	-0.00010347628	214.77332592010498
50	-418.26752	79.16339	-333.33813	-548.054	1000.0	-36.211136	7.6814814	14.378469	-57.300858	204000	-0.030310312	330.63306	-0.0011311974	-61.753998	5.4839277	0.00012388265	219.60079646110535
51	-396.63867	85.17707	-315.36526	-539.7458	1000.0	-38.75557	8.429073	11.8325405	-59.007126	208000	-0.016902016	331.0399	-0.0013467483	-55.014435	5.500821	0.00045697534	223.95546174049377
52	-357.82147	31.916836	-323.53265	-390.89865	1000.0	-37.208523	6.7695045	1.3750656	-58.880024	212000	0.0071528433	208.17957	-0.0014341259	-40.97226	5.488501	0.0006522253	228.35592460632324
53	-416.76825	63.894196	-332.37906	-512.3494	1000.0	-33.39861	5.9766197	2.1391687	-53.737846	216000	-0.054139704	302.54095	-0.0018236227	-63.94632	5.4767976	0.00050833175	232.79864287376404
54	-448.36926	75.65802	-361.94193	-561.3598	1000.0	-38.246006	7.4310713	-0.94572014	-58.556812	220000	-0.07111111	305.39062	-0.0023695305	-43.169525	5.4792128	0.00066994433	237.11464548110962
55	-435.79938	55.818825	-370.84064	-524.8762	1000.0	-40.853485	8.373226	11.667291	-59.035152	224000	-0.021945054	339.66556	-0.0015126411	-52.66446	5.485651	0.00015858412	241.5617983341217
56	-383.89044	21.942749	-355.2062	-409.57556	1000.0	-36.808205	4.541851	-14.93561	-57.289017	228000	-0.05215583	181.73676	-0.0011045858	-22.07048	5.4692783	-8.1707774e-05	245.97410440444946
57	-384.31607	48.140644	-324.4307	-458.79477	1000.0	-35.116272	4.6756954	-4.891423	-56.279343	232000	-0.033189286	206.4995	-0.0021628141	-19.511307	5.479771	0.0008149038	250.60898184776306
58	-411.24268	41.210026	-356.43073	-472.42715	1000.0	-34.760273	4.0798035	-8.953693	-54.7611	236000	-0.028872333	201.58852	-0.0011699516	-20.443573	5.478415	-0.00014442169	255.03442931175232
59	-414.36868	10.110955	-397.83865	-423.70984	1000.0	-36.838963	3.9869473	-10.04337	-57.298943	240000	-0.0878898	147.96669	-0.0011113957	-11.540878	5.46997	0.00019527155	259.5159409046173
60	-347.0928	17.955927	-328.0612	-368.82736	1000.0	-35.943886	3.8366237	-14.104599	-53.51831	244000	0.0061417655	212.59497	-0.0015205019	-39.558716	5.422718	0.0006438466	264.23177123069763
61	-355.98544	43.948776	-306.37918	-424.81464	1000.0	-31.621801	5.3634176	1.033694	-54.751415	248000	-0.06576152	209.86903	-0.0013838932	-35.134613	5.453012	0.00021776796	268.50366020202637
62	-344.30133	11.925472	-330.71375	-358.18417	1000.0	-34.428406	4.8747354	3.8520048	-51.650158	252000	-0.0020031396	178.43105	-0.0023806354	-27.78505	5.472336	0.00016281557	272.7232677936554
63	-403.86084	22.310474	-365.51657	-420.67993	1000.0	-31.304283	7.7626166	6.6484857	-50.428127	256000	-0.05336486	236.24329	-0.0006691478	-72.60704	5.4911914	0.00087603903	276.8766849040985
64	-375.4749	69.579414	-272.22723	-467.1672	1000.0	-36.806343	3.7303085	-7.0640864	-53.20467	260000	-0.0495308	234.11908	-0.001145184	-60.19963	5.43489	0.00015787988	280.9596576690674
65	-459.02576	66.565765	-388.5566	-567.0116	1000.0	-31.922554	6.179075	2.0375872	-57.210518	264000	-0.059510756	416.03973	-0.0010240488	-150.90274	5.4893103	0.0009517671	284.8925964832306
66	-394.79413	25.271313	-362.06345	-425.72787	1000.0	-40.587883	6.027398	-5.273219	-60.92106	268000	0.00041387178	235.35597	-0.001982584	-49.728455	5.5105124	0.0001610893	289.0566122531891
67	-436.18176	15.258898	-420.14954	-456.833	1000.0	-35.8762	8.682327	19.556587	-59.836136	272000	-0.031006321	328.71573	-0.0015785694	-67.238464	5.4673476	0.00059370155	293.16846442222595
68	-462.61978	46.487476	-403.7279	-525.4538	1000.0	-39.355595	6.4979663	20.093264	-60.614372	276000	-0.058146734	217.08087	-0.0018322244	-37.981094	5.501557	0.001386357	297.6614532470703
69	-366.2266	111.73594	-236.91986	-536.4021	1000.0	-39.645435	7.643988	-3.0991602	-59.26998	280000	-0.075065225	440.012	-0.0015736818	-100.43994	5.4475837	0.00086147076	302.1203758716583
70	-415.06122	31.873856	-372.67755	-453.41595	1000.0	-35.567715	4.184629	9.7213955	-57.92383	284000	-0.022809742	158.33287	-0.0011121631	-21.620605	5.4478955	-6.117993e-05	306.83970069885254
71	-413.35272	40.63092	-382.33185	-482.99396	1000.0	-38.19913	4.0684896	-1.3536973	-58.47586	288000	-0.033589095	136.36505	-0.0009536743	-22.515694	5.4644337	0.0006233662	311.0545496940613
72	-394.02084	53.434074	-316.47644	-452.42453	1000.0	-37.235077	7.3454514	10.39583	-52.07139	292000	0.043079827	156.83638	-0.001321476	-42.281395	5.464169	0.00019165176	315.1258690357208
73	-373.4868	68.76035	-261.39954	-444.03656	1000.0	-24.314362	18.608156	33.190216	-51.26061	296000	0.0064734346	581.21204	-0.001789181	-442.78653	5.4662447	0.00059729716	319.52706933021545
74	-351.32605	63.793797	-258.46036	-413.65958	1000.0	-33.702087	6.455842	-5.1701913	-55.997787	300000	-0.04126577	237.5915	-0.0008885972	-28.06871	5.433506	-6.294012e-05	324.0659489631653
75	-371.50058	67.102295	-273.43033	-457.9875	1000.0	-30.133644	7.8965025	-1.3047822	-55.92881	304000	-0.04299087	433.57526	-0.0013348944	-81.62793	5.478206	-0.0002372986	328.49607825279236
76	-440.54108	36.305054	-385.09393	-482.27618	1000.0	-34.839798	7.288271	-6.6504965	-60.52101	308000	-0.0028014784	231.4032	-0.0014882823	-46.094482	5.4778976	0.00029182178	332.87402725219727
77	-432.43488	80.0734	-306.21884	-505.9896	1000.0	-38.79775	5.7249217	-13.036668	-60.986336	312000	-0.022105519	266.85544	-0.0009860322	-33.312714	5.4310474	0.00070260005	337.2873032093048
78	-360.8551	37.315384	-311.49976	-400.98245	1000.0	-39.432045	6.0560203	-5.565433	-61.6968	316000	-0.06676881	326.38544	-0.0016665086	-126.91237	5.5062733	-8.164281e-05	341.8813283443451
79	-441.30667	67.13089	-354.5462	-526.21277	1000.0	-32.523453	7.4763794	9.067959	-55.00382	320000	-0.005087201	314.08276	-0.001400819	-105.46651	5.4662237	-3.9975406e-05	346.42070865631104
80	-318.5285	42.401005	-252.2341	-369.56967	1000.0	-38.85679	7.1895223	7.2804537	-61.375343	324000	-0.012706054	301.8731	-0.0015600035	-138.56299	5.4559164	0.00063683174	351.3078796863556
81	-364.13153	76.42876	-256.07925	-470.31912	1000.0	-30.551285	6.5679617	-0.16948697	-53.946877	328000	-0.045061387	219.95184	-0.00064894557	-31.72786	5.422915	0.0005359795	355.62516832351685
82	-372.48138	23.970112	-342.1153	-409.2952	1000.0	-33.493954	5.8124743	-1.0419931	-55.550644	332000	-0.056670748	217.32812	-0.0010218658	-24.65393	5.4641957	-4.1421654e-06	359.7492277622223
83	-380.65195	48.412098	-316.43948	-448.21747	1000.0	-32.891987	6.219831	2.2901623	-55.64166	336000	-0.009185854	261.11023	-0.0020585135	-29.703705	5.4706836	0.0001539278	364.2377030849457
84	-392.96432	19.46768	-365.58063	-420.64194	1000.0	-34.986923	5.8287597	-0.5149847	-57.93643	340000	-0.0066978303	160.47359	-0.0013804208	-19.683487	5.450884	0.0005857167	368.4867343902588
85	-424.0518	71.55875	-322.6322	-523.9775	1000.0	-33.767586	5.695563	14.558299	-58.425194	344000	0.011215283	286.41943	-0.00085307565	-67.63963	5.443046	0.0003181485	372.77007937431335
86	-375.885	25.022532	-343.61984	-406.72906	1000.0	-36.704052	5.6257195	5.39614	-61.994156	348000	-0.06695434	165.04587	-0.0014977828	-21.487076	5.4432974	0.00033204668	377.28653287887573
87	-376.04614	78.94471	-255.5269	-463.6079	1000.0	-35.722744	5.6852427	16.400959	-60.588097	352000	-0.049368344	174.8427	-0.0011452436	-24.325745	5.435284	0.0002757486	381.5828216075897
88	-391.4355	12.269069	-376.64093	-403.5658	1000.0	-33.61507	7.718054	32.259453	-59.705086	356000	-0.06503402	195.40732	-0.0028313845	-31.21048	5.457174	-6.076592e-05	385.6388955116272
89	-377.7058	21.483278	-356.10498	-403.1257	1000.0	-34.417484	5.0873723	7.7488365	-57.34372	360000	-0.07006728	164.01366	-0.0016360581	-21.395035	5.4408145	-0.0002827301	390.12994503974915
90	-352.2677	34.31131	-316.26947	-405.7284	1000.0	-35.16939	4.441824	-6.2184987	-56.34562	364000	0.0074945297	162.53247	-0.0017535952	-42.96138	5.4496875	0.0004919618	395.0309507846832
91	-381.21848	60.310997	-290.56412	-450.33075	1000.0	-32.76592	7.8310013	24.935303	-43.814404	368000	-0.03040823	131.86531	-0.00095881894	-34.061012	5.499558	0.0003501331	399.2858340740204
92	-358.94867	36.78899	-316.79456	-398.3925	1000.0	-35.55461	5.9112334	4.5521297	-58.232655	372000	-0.037892234	130.11363	-0.0019597858	-13.249664	5.440702	-6.6821456e-05	403.4230740070343
93	-392.32263	41.694798	-328.64648	-445.42584	1000.0	-33.960224	4.7843165	-1.535353	-50.82125	376000	-0.08669833	144.91386	-0.0010146946	-22.305962	5.4832935	0.0010507018	407.5822026729584
94	-395.94507	73.70302	-333.3113	-514.8964	1000.0	-35.100597	4.9394164	-5.155325	-56.175503	380000	-0.033815898	188.67686	-0.0008751564	-19.689056	5.439196	-4.498124e-05	411.9291932582855
95	-390.04623	45.615772	-311.5072	-422.65692	1000.0	-34.93885	5.7231836	20.246672	-56.505875	384000	-0.0128210485	198.59955	-0.0014382377	-34.44725	5.4677687	0.0003867805	416.3301272392273
96	-347.79584	83.67706	-245.9513	-473.01956	1000.0	-32.504345	8.10349	21.49251	-57.873657	388000	-0.0027113229	264.95483	-0.0013203428	-83.083664	5.456264	4.6289565e-06	420.35146474838257
97	-360.69864	46.40144	-291.49484	-422.1995	1000.0	-32.54448	6.6159334	4.9645367	-60.31859	392000	-0.034160264	240.12987	-0.0015011728	-41.548096	5.4492373	0.00013779628	424.53798389434814
98	-319.89682	62.850117	-215.11336	-382.40454	1000.0	-34.230923	5.929125	12.723617	-51.955757	396000	-0.01602266	242.43687	-0.0017393567	-91.96445	5.423419	-0.00010575229	428.68553400039673
99	-401.3318	36.336338	-346.9174	-448.78137	1000.0	-30.247168	10.136461	30.46211	-46.219604	400000	-0.036921967	248.11815	-0.001046814	-141.97977	5.4409924	0.0007822923	432.76384472846985
100	-337.1814	24.532894	-310.62103	-370.27866	1000.0	-35.64876	6.044133	20.047377	-54.424126	404000	0.0039698337	278.28232	-0.0016992576	-50.49185	5.4165826	5.233723e-05	437.5542356967926
101	-428.53006	81.143105	-341.4593	-532.50757	1000.0	-34.262524	7.3707604	13.063535	-57.61828	408000	-6.012821e-05	348.6806	-0.00085138035	-83.84259	5.4210577	0.0005479964	441.7648046016693
102	-310.5831	31.430386	-268.1267	-345.99503	1000.0	-36.140274	7.318047	8.015061	-63.633915	412000	-0.01331744	241.74619	-0.00080282986	-110.956985	5.442588	0.00031422896	445.95268630981445
103	-329.86993	40.658154	-282.60034	-385.92334	1000.0	-30.788042	5.3654737	3.0878537	-48.38971	416000	-0.02865072	92.18526	-0.0011955835	-9.67585	5.4730763	6.4588785e-06	450.24962878227234
104	-352.16888	34.370518	-302.3574	-387.94516	1000.0	-31.663042	4.16005	-6.901913	-41.76858	420000	-0.07895418	155.58684	-0.0011855587	-26.19011	5.468925	0.00044902516	454.7778630256653
105	-359.89908	32.39467	-311.87857	-403.10367	1000.0	-29.328032	7.3483562	14.564718	-48.121136	424000	-0.065482914	228.96786	-0.002063617	-64.48793	5.47842	0.00081651774	459.1100790500641
106	-330.95715	7.980118	-319.6019	-339.6979	1000.0	-33.222733	3.8022194	6.045782	-51.4905	428000	-0.053166375	124.19807	-0.0014873706	-25.785736	5.445788	-0.000118252996	463.5035254955292
107	-321.0652	57.352535	-256.28848	-411.79056	1000.0	-28.826859	7.1338334	16.192976	-49.997753	432000	-0.032249007	293.03937	-0.0011564903	-42.590805	5.4348936	0.00035124522	467.8060836791992
108	-382.99567	42.59263	-318.91342	-438.52902	1000.0	-29.821741	7.463632	0.37616664	-54.700012	436000	-0.009620852	270.5201	-0.001052904	-84.72899	5.4462914	0.00014350271	471.8797664642334
109	-364.36673	54.310375	-290.4442	-441.53003	1000.0	-35.430202	4.9878383	7.9490747	-59.527283	440000	0.018909462	160.18909	-0.0013546236	-29.666016	5.4173183	0.00031308722	476.24585032463074
110	-355.50763	94.94271	-256.68515	-473.9257	1000.0	-32.164803	6.8782015	9.901571	-59.547962	444000	-0.052076288	339.88342	-0.0019866303	-64.62012	5.4453588	0.0005476434	481.29985070228577
111	-364.69037	55.64622	-289.86145	-443.5858	1000.0	-34.008133	5.117097	-4.968336	-58.691933	448000	-0.07335565	132.97084	-0.0017716959	-22.688515	5.436083	0.0008615911	485.69342947006226
112	-328.12543	30.105919	-276.29465	-350.7891	1000.0	-31.664476	4.993511	3.7105484	-55.69025	452000	-0.08280808	164.50461	-0.0014026836	-52.37915	5.466645	0.00096549344	489.6243793964386
113	-367.97876	38.445232	-309.61957	-417.12384	1000.0	-27.642616	7.2864494	6.205174	-54.48687	456000	-0.03920004	410.326	-0.0012186691	-121.84354	5.4473076	0.00040797913	494.0373480319977
114	-291.27228	27.251173	-263.57333	-336.00342	1000.0	-33.268337	5.7026906	-0.7745408	-56.721497	460000	-0.0070976582	193.20224	-0.00042822817	-70.71946	5.4228263	0.00036304767	498.2748775482178
115	-318.9563	34.361713	-262.7068	-352.22293	1000.0	-26.251463	5.368049	22.268894	-47.95048	464000	-0.071762614	131.31279	-0.0015289038	-21.108955	5.4370203	-0.00023122286	501.94281554222107
116	-351.64258	35.945065	-326.13306	-413.59665	1000.0	-27.281353	6.0366225	5.07517	-49.488544	468000	-0.006877388	224.68932	-0.0017113043	-73.91701	5.4430184	0.0002666374	506.1684465408325
117	-339.8403	13.406087	-320.58664	-355.83017	1000.0	-32.762524	3.1513424	-9.78849	-50.917366	472000	0.0008232241	148.66487	-0.0010715914	-38.622086	5.474225	-3.2940625e-05	510.5192177295685
118	-341.5348	32.60796	-308.35446	-395.63507	1000.0	-29.2378	6.861666	27.901964	-46.43084	476000	-0.057063777	235.33629	-0.0010220855	-52.804596	5.437293	0.00045600903	514.9159398078918
119	-297.72906	42.81486	-232.42157	-352.36926	1000.0	-30.351265	5.3659053	15.624474	-50.624744	480000	-0.014520241	143.23137	-0.001565354	-23.708061	5.467714	5.1311254e-06	518.7373690605164
120	-293.4063	95.60031	-180.34927	-407.885	1000.0	-24.505985	7.176013	7.851941	-46.926144	484000	-0.038545016	230.69122	-0.00151347	-38.69182	5.426111	3.234339e-05	523.6218695640564
121	-339.01996	44.887928	-262.88794	-377.087	1000.0	-27.599836	8.374703	7.2064366	-52.194878	488000	-0.038728394	185.31671	-0.00077229366	-53.167557	5.416867	0.0005185781	527.9358243942261
122	-315.5666	46.48486	-259.03674	-365.1661	1000.0	-30.784597	4.3708186	-3.5881538	-47.57289	492000	0.009419264	169.18138	-0.0018416182	-22.329224	5.421423	-0.0006452121	532.1830999851227
123	-298.56757	76.67641	-215.2962	-418.65768	1000.0	-29.769272	6.4730163	14.729515	-48.2576	496000	-0.0014773102	204.70705	-0.0016588441	-43.540573	5.409831	0.0005813841	536.5650637149811
124	-369.1576	41.571896	-335.65817	-440.41385	1000.0	-28.05116	6.117596	9.970691	-47.333813	500000	-0.094169535	213.88187	-0.0018241107	-64.97781	5.3891377	0.000666982	540.9320368766785
125	-332.29425	35.946438	-280.5656	-378.50272	1000.0	-30.919384	4.3885465	-0.8119494	-50.87578	504000	-0.06631538	154.55824	-0.00198254	-20.803192	5.3983173	0.0007356861	545.3563916683197
126	-346.76114	15.700613	-319.60577	-357.0068	1000.0	-30.90163	4.385931	10.29218	-47.718845	508000	-0.035302427	225.4215	-0.0024945848	-45.478943	5.4068193	0.0011114965	549.5297152996063
127	-308.95618	45.55346	-262.38907	-377.76346	1000.0	-31.275808	8.433783	23.113909	-52.132477	512000	-0.050123986	234.5325	-0.0012078173	-44.922073	5.479468	0.00051168684	553.6737313270569
128	-323.8281	70.49871	-212.7961	-406.38138	1000.0	-29.109047	7.390936	5.173956	-58.89084	516000	-0.012888107	267.9231	-0.0011938494	-49.323456	5.4300237	0.0002790904	558.0997276306152
129	-332.88745	31.12613	-286.05316	-373.24384	1000.0	-30.631788	6.614428	12.482579	-55.311695	520000	-0.06770316	125.76248	-0.0011915863	-21.639359	5.397723	-0.00023535287	562.2982790470123
130	-261.04297	73.66969	-163.66905	-362.0754	1000.0	-29.137215	6.670858	24.68234	-49.645786	524000	-0.059869535	186.61269	-0.00094763935	-43.141785	5.4471817	0.0007311428	567.3135290145874
131	-329.49316	19.232014	-313.01312	-360.52475	1000.0	-28.906801	4.7362037	8.236167	-40.717987	528000	-0.054873932	77.63645	-0.0017419122	-11.4092865	5.3709517	0.00037695645	571.5692698955536
132	-355.8819	78.90327	-258.55716	-476.0763	1000.0	-27.444733	8.101805	8.360029	-42.744682	532000	-0.028605847	383.31723	-0.0018073991	-166.90837	5.4717293	-3.653574e-05	575.7852668762207
133	-308.73526	41.19328	-251.62683	-354.46597	1000.0	-34.107147	9.240526	18.7467	-60.89346	536000	-0.07756529	223.00304	-0.001201883	-81.87192	5.4102564	3.333825e-05	580.0031323432922
134	-286.34116	73.553566	-162.19823	-352.97165	1000.0	-28.706484	6.1242332	3.2383306	-46.202568	540000	0.02686173	176.25418	-0.0019235201	-35.2032	5.4004207	0.0011008172	583.613627910614
135	-325.95813	29.725807	-277.95004	-351.15878	1000.0	-26.030645	6.505548	5.4371943	-43.955147	544000	-0.063639715	217.48912	-0.0017021373	-47.01834	5.430322	0.00075901434	587.955463886261
136	-254.54901	107.91244	-70.22442	-333.8352	1000.0	-29.681234	7.745219	9.759802	-47.32833	548000	-0.022180857	251.28218	-0.0011492316	-83.563095	5.4454813	0.00054190296	592.3553071022034
137	-294.05365	78.318756	-245.38313	-429.65497	1000.0	-21.492989	10.303047	20.59939	-50.138203	552000	-0.0007377815	222.52986	-0.0013514747	-108.72368	5.478705	0.00031205034	596.768256187439
138	-281.1079	75.17364	-160.98904	-366.34747	1000.0	-22.236757	7.1848865	7.521307	-40.543674	556000	-0.02236663	211.82663	-0.00080827065	-43.325912	5.402246	0.00095070293	601.365142583847
139	-351.45944	34.863796	-304.74826	-395.39932	1000.0	-27.473234	6.1534495	10.458714	-48.07657	560000	-0.070179775	255.98193	-0.0010302067	-72.6685	5.4248266	0.00047802072	605.8336436748505
140	-249.69765	104.12468	-164.41454	-427.9335	1000.0	-29.884892	10.311863	9.237835	-59.792088	564000	0.011346842	325.84476	-0.0008649742	-90.041626	5.425365	9.521788e-05	610.928112745285
141	-285.01862	80.9014	-195.09871	-396.84488	1000.0	-23.484732	6.9706783	12.984648	-50.573116	568000	-0.05285524	172.55553	-0.0004723072	-35.748672	5.4431796	0.00042865772	614.5686478614807
142	-273.80963	78.352806	-142.07727	-348.32455	1000.0	-26.931923	6.66658	7.2421036	-42.66826	572000	-0.045582823	126.80363	-0.000873588	-41.107544	5.4206176	-5.789125e-05	618.8990876674652
143	-338.56116	25.313686	-299.0629	-369.20517	1000.0	-25.549906	8.939199	16.977718	-40.553673	576000	0.002618099	207.986	-0.0009796027	-82.37614	5.3690977	0.00032791353	623.3800141811371
144	-292.40213	47.34741	-237.32227	-364.5897	1000.0	-30.319208	4.800063	-3.3222418	-51.9007	580000	-0.09157616	172.88211	-0.0010427162	-52.259544	5.387917	-4.1212203e-05	627.6266884803772
145	-310.64227	76.91514	-241.72653	-434.97137	1000.0	-28.207775	7.817833	16.108532	-50.519924	584000	-0.058329176	294.77115	-0.0013154969	-62.57843	5.4326143	-0.00012264842	631.3135387897491
146	-261.8004	97.58537	-95.79437	-338.5011	1000.0	-27.719585	9.64287	18.50001	-56.8589	588000	-0.022579787	173.8357	-0.0013309903	-49.212143	5.3971767	0.00084535865	635.5203409194946
147	-273.17572	41.79648	-227.16364	-332.03345	1000.0	-25.316992	11.281559	33.715992	-52.017296	592000	-0.038256455	157.48703	-0.0015425906	-26.650604	5.4041214	0.00058510323	640.1180741786957
148	-325.99084	30.627434	-289.473	-374.41833	1000.0	-27.464748	8.574859	21.508507	-39.87036	596000	-0.02305061	164.38576	-0.0012662131	-71.0879	5.4063854	0.00030333776	644.7181129455566
149	-329.92377	7.186043	-317.5574	-334.996	1000.0	-26.41632	6.5833893	1.7679023	-47.4638	600000	-0.031987093	153.34021	-0.0014961921	-42.262787	5.350294	7.390481e-05	648.9923167228699
150	-356.50385	56.176937	-313.37357	-453.07068	1000.0	-31.934254	4.416275	-8.8206625	-45.041027	604000	-0.03336773	264.0158	-0.0014018118	-40.343964	5.421326	0.00050396	653.9583473205566
151	-298.85107	14.263429	-283.2429	-320.88815	1000.0	-32.023525	5.9000196	0.42511028	-52.553436	608000	-0.061049744	144.81445	-0.0013095401	-33.40744	5.426463	0.00042669743	658.5867671966553
152	-311.54254	43.04758	-240.64964	-352.21948	1000.0	-26.488274	7.4720592	3.2000294	-54.599472	612000	-0.07210934	131.02327	-0.0007494092	-22.672035	5.3899913	0.0005479469	662.9332842826843
153	-267.61737	32.41298	-221.22508	-312.88193	1000.0	-28.29021	6.21559	2.256412	-43.782566	616000	0.0066968976	114.86043	-0.0013868297	-24.477318	5.3999844	-0.00017765432	667.3760821819305
154	-283.01447	18.00548	-255.11171	-302.8444	1000.0	-24.0006	6.3841634	1.6957893	-43.929325	620000	-0.0056286333	287.07526	-0.0012971223	-47.265106	5.45266	-9.8017634e-05	671.7977430820465
155	-331.88947	74.23939	-215.67313	-420.27072	1000.0	-27.375723	5.5514445	0.9297476	-45.107857	624000	-0.04150476	150.00432	-0.001441203	-44.54834	5.4124413	0.0011361764	676.0324256420135
156	-306.81818	67.02756	-228.18622	-408.36102	1000.0	-26.186855	7.8850703	4.682834	-45.321983	628000	-0.022022476	306.41187	-0.0018450283	-77.548584	5.406704	0.0006624808	680.3996005058289
157	-364.46954	45.25105	-323.59818	-439.1251	1000.0	-30.403872	7.011696	-0.5680961	-50.934845	632000	-0.052105397	223.10435	-0.001657676	-52.24994	5.3426757	0.00042695474	684.7663230895996
158	-220.5733	61.787384	-115.83238	-274.73935	1000.0	-31.113297	5.9282603	-0.6975674	-52.54227	636000	-0.0022129298	373.15988	-0.0012952886	-199.84691	5.372563	0.00045532573	689.1406490802765
159	-263.1125	71.054985	-160.7507	-357.48843	1000.0	-18.774918	7.312406	7.8898306	-46.372646	640000	0.008330789	290.5453	-0.00027917046	-75.83775	5.403378	0.00020811426	693.6864275932312
160	-244.51521	98.084724	-94.0541	-342.1612	1000.0	-24.4493	9.137021	12.16215	-54.846752	644000	-0.055227637	244.89996	-0.002615407	-41.61693	5.453459	0.0003000356	698.963761806488
161	-232.04349	139.56824	6.7238708	-345.02847	1000.0	-23.51598	10.225633	16.728458	-45.69998	648000	-0.036190733	311.5276	-0.001401566	-57.561096	5.3906546	0.0010749531	703.2052295207977
162	-262.71384	65.44043	-194.82523	-355.4097	1000.0	-22.100645	11.641126	14.835482	-50.80433	652000	-0.0292946	222.93062	-0.0010052957	-80.31856	5.3997607	0.000104771556	707.5567786693573
163	-268.5267	63.852184	-179.61407	-339.1092	1000.0	-23.137442	6.7938724	5.5074472	-47.791203	656000	-0.017180916	246.66208	-0.0022027623	-54.46788	5.3698497	0.0003000748	711.1907031536102
164	-303.68445	69.44969	-246.11095	-422.42892	1000.0	-27.535257	8.714919	11.359049	-52.954636	660000	-0.028435852	193.20813	-0.0012632124	-28.700317	5.4066496	-9.4963434e-05	715.5348567962646
165	-345.01978	30.003464	-308.5351	-388.90732	1000.0	-25.792948	7.961875	4.4639525	-50.30846	664000	-0.028641313	229.59758	-0.0006139502	-92.314575	5.4005175	-0.0012026222	719.564131975174
166	-273.08582	42.151012	-219.28848	-337.2392	1000.0	-32.215706	4.80333	-4.790043	-50.803467	668000	-0.051344376	236.2893	-0.001105424	-91.837616	5.36465	-9.2425704e-05	723.8371391296387
167	-194.13103	79.34551	-116.41254	-304.4169	1000.0	-21.854458	7.9490566	4.9089537	-46.546837	672000	-0.041663487	275.08136	-0.0010255314	-55.662125	5.445905	0.00036473208	728.363641500473
168	-302.16736	54.5379	-240.56636	-372.41025	1000.0	-23.40825	7.4837327	16.334883	-40.42742	676000	-0.03214562	172.2696	-0.0018377118	-48.836235	5.440679	0.0009849847	732.5169596672058
169	-293.94943	103.86108	-197.31851	-448.32858	1000.0	-27.792526	6.986963	5.4922	-44.965355	680000	0.012793715	231.02054	-0.0018148152	-40.307755	5.431528	0.0007992779	736.9033169746399
170	-189.48563	47.18085	-110.74992	-230.89597	1000.0	-24.654957	8.668749	6.1030946	-44.217937	684000	-0.02866511	283.50476	-0.0024023727	-96.657104	5.3588486	6.032896e-05	741.9248759746552
171	-297.83932	41.003193	-227.61456	-330.1025	1000.0	-19.207336	7.2960863	13.7224245	-41.40637	688000	-0.040760614	267.8874	-0.001647763	-112.78099	5.356502	0.0003546196	746.3069076538086
172	-317.45795	69.80558	-221.43283	-418.36307	1000.0	-28.515882	7.701643	10.095946	-45.64295	692000	-0.015455242	184.04953	-0.0009995643	-38.029373	5.3760686	-0.00016505123	750.6496434211731
173	-242.45796	56.648643	-184.40411	-335.01627	1000.0	-25.45404	10.381249	11.96475	-47.52316	696000	-0.024995537	217.2299	-0.0016190112	-47.233734	5.397318	0.00013061613	754.8635466098785
174	-299.49667	112.094574	-197.29411	-478.29688	1000.0	-24.585207	8.621495	6.765115	-50.421024	700000	-0.048735987	220.12338	-0.0014989078	-41.76465	5.3601933	0.0003731804	759.1217045783997
175	-186.38202	140.08865	25.458391	-313.55225	1000.0	-22.84099	8.776832	2.6779552	-49.680458	704000	-0.016227698	338.0839	-0.0012088306	-102.72853	5.3807745	7.6733944e-05	763.3433775901794
176	-232.0353	72.36173	-146.52011	-336.25226	1000.0	-19.12867	10.969722	20.448048	-51.59485	708000	0.012890701	217.97903	-0.0014395481	-51.909195	5.390262	-9.572834e-05	767.892765045166
177	-307.55573	54.639828	-224.47421	-360.78647	1000.0	-22.472288	7.4650083	11.922222	-44.54328	712000	-0.0015328208	310.21118	-0.0011758623	-74.64288	5.394489	-0.0002480483	772.3387160301208
178	-246.74474	78.47137	-134.71252	-338.9627	1000.0	-24.9498	10.579737	18.72907	-56.860985	716000	0.0010992718	230.05576	-0.0007797137	-59.93701	5.420657	0.0013326945	776.7159976959229
179	-265.2155	159.54399	-6.573795	-399.6325	1000.0	-26.460009	8.7628145	11.39838	-55.78254	720000	-0.09707803	291.01752	-0.0011689812	-59.000397	5.365091	-0.0004126277	780.8927869796753
180	-330.95642	10.347285	-315.95663	-340.78235	1000.0	-27.000177	6.035823	15.941612	-51.6635	724000	-0.058588114	96.84895	-0.0016679913	-27.13404	5.392741	0.0003119986	785.7321774959564
181	-313.34283	58.37057	-226.82271	-383.32544	1000.0	-29.546616	7.0965834	5.06767	-42.47296	728000	-0.00027342606	115.26636	-0.0014211922	-14.858917	5.3712397	0.0009903417	789.943573474884
182	-258.58408	49.452106	-206.85199	-338.9705	1000.0	-23.233934	10.789795	17.568388	-52.775646	732000	-0.03361581	199.71095	-0.0024181716	-46.658875	5.3755655	0.0010909936	794.1641983985901
183	-239.71698	93.07661	-87.174805	-337.38068	1000.0	-25.66373	7.5520124	8.511209	-41.581615	736000	-0.025190547	142.73848	-0.0014534574	-49.944244	5.3692217	0.0003017993	798.6011040210724
184	-243.0221	52.8833	-191.65784	-329.5024	1000.0	-11.352807	8.953726	20.25451	-41.2737	740000	-0.04025687	389.40155	-0.001481887	-167.16246	5.359726	0.00050919567	802.9123985767365
185	-280.64944	40.109882	-213.4345	-312.14172	1000.0	-26.319523	7.9443183	11.976845	-48.006504	744000	-0.0042026117	160.47809	-0.0013070316	-26.781067	5.39554	0.00010418111	807.2326264381409
186	-288.67078	92.973076	-174.16467	-423.4795	1000.0	-27.792559	6.4401445	2.4538758	-47.48497	748000	0.03831388	411.17856	-0.0016111359	-99.88736	5.4085293	0.0002478752	811.3483321666718
187	-319.8556	92.37365	-174.82195	-431.439	1000.0	-29.119211	8.050499	10.7317505	-63.17351	752000	-0.018243078	179.56111	-0.0010606404	-43.675964	5.412755	0.0016853559	815.73397564888
188	-288.36194	59.636955	-189.76025	-350.17526	1000.0	-26.833977	9.825096	9.785562	-62.95139	756000	-0.005040662	157.40506	-0.001319522	-40.447243	5.3887157	0.0002153976	820.0541362762451
189	-207.78433	42.308834	-150.09117	-261.19568	1000.0	-19.795992	6.5851517	1.7642057	-49.603497	760000	0.008767297	288.8315	-0.001901879	-59.02774	5.3064384	0.00046261793	824.2954213619232
190	-250.0975	39.08797	-207.47769	-310.7794	1000.0	-25.429163	8.554265	4.027937	-49.34414	764000	-0.02540979	233.7489	-0.0018167533	-53.51509	5.3675694	0.00010204274	829.2916417121887
191	-180.1848	114.829506	-31.493742	-306.94247	1000.0	-21.462242	7.7086782	12.991028	-44.485596	768000	-0.039208505	264.9839	-0.0015008599	-98.30615	5.380034	0.0010264326	833.5539762973785
192	-310.92596	90.00514	-218.48328	-436.1032	1000.0	-23.053957	8.988792	18.534643	-38.668327	772000	-0.021359054	215.34827	-0.0019513126	-91.81344	5.4005313	0.000516467	837.9339365959167
193	-229.29858	44.87803	-159.2575	-284.1098	1000.0	-20.114426	11.343451	17.612486	-51.764038	776000	0.022604484	272.06714	-0.00064614415	-67.80098	5.3882	-0.0002897909	842.3899900913239
194	-257.9545	86.39625	-120.367775	-356.75314	1000.0	-25.265263	9.895831	8.929514	-48.39154	780000	-0.08101701	223.4339	-0.0010482892	-43.298218	5.3680897	0.00051773473	846.7570698261261
195	-241.65758	87.42657	-108.664024	-323.45874	1000.0	-22.284733	7.993435	8.97493	-52.166622	784000	-0.017475223	268.57407	-0.001469601	-52.17894	5.3484454	0.00012429272	851.018682718277
196	-290.53326	106.9528	-159.40747	-451.60663	1000.0	-22.588734	10.559197	22.171844	-48.021496	788000	0.0039049033	289.9262	-0.0012432155	-77.73045	5.3631907	-0.00016858238	855.5086455345154
197	-259.96143	106.16804	-108.881905	-360.16992	1000.0	-22.807615	11.549211	35.131096	-58.607346	792000	-0.019869918	359.8286	-0.001250172	-71.35907	5.3911753	0.0004854368	859.7694668769836
198	-211.1145	72.17721	-102.66147	-305.02332	1000.0	-24.367603	9.677711	16.68073	-50.021103	796000	-0.037416648	247.92326	-0.0008966662	-78.22452	5.4289346	0.00042642557	864.324903011322
199	-237.83014	55.51394	-174.5829	-314.58328	1000.0	-22.913536	10.073271	12.587885	-49.59464	800000	-0.045840356	180.56897	-0.001201734	-28.589523	5.395981	0.00034408885	868.5628764629364
200	-246.63902	87.65411	-115.2047	-350.57245	1000.0	-25.241337	9.077775	23.213446	-40.77661	804000	-0.04721358	159.15216	-0.001715105	-40.24418	5.325074	-0.00015060186	873.4891347885132
201	-216.09167	82.49994	-129.19452	-335.77927	1000.0	-17.159523	15.067058	32.99006	-41.112354	808000	-0.033974838	262.21625	-0.0017112978	-78.705475	5.3447146	0.0005439296	877.3885722160339
202	-299.11133	91.64119	-152.48297	-381.27087	1000.0	-21.609114	9.0297785	14.143593	-48.040905	812000	-0.051511135	290.17014	-0.0014607683	-85.11589	5.383217	0.00054444635	881.4190797805786
203	-193.11386	68.655235	-75.98425	-247.34462	1000.0	-25.023464	11.1259365	19.436697	-59.416615	816000	0.00745883	217.60411	-0.002126066	-73.696396	5.3530564	0.00012833952	885.6799490451813
204	-323.58496	92.18682	-262.08768	-482.50793	1000.0	-19.937534	8.177495	8.652588	-50.57157	820000	-0.0466874	458.89874	-0.0011612475	-176.73975	5.3941026	0.0002691037	889.8087067604065
205	-267.55704	56.043377	-186.31267	-327.68185	1000.0	-28.492287	6.908481	0.37805653	-55.222107	824000	-0.023688778	221.30553	-0.0013845395	-80.40509	5.3612947	0.0007025313	893.6361091136932
206	-221.76608	35.648533	-170.30023	-255.10466	1000.0	-24.503551	7.062519	7.4518437	-43.14462	828000	-0.06780016	152.52034	-0.00066228956	-40.21187	5.367409	0.0006485614	898.2174417972565
207	-323.046	61.643208	-222.62425	-390.1299	1000.0	-23.516998	6.66305	8.8463545	-38.686245	832000	-0.042782884	223.62231	-0.0010896362	-78.90434	5.4267364	-0.0001236204	902.6682937145233
208	-221.60599	45.918354	-181.50404	-297.7834	1000.0	-28.02614	5.819705	-0.13790417	-51.218517	836000	0.038283654	194.57726	-0.001069855	-90.14278	5.320321	-5.682075e-05	906.9271688461304
209	-150.62094	52.974247	-65.12395	-202.49664	1000.0	-15.796903	9.235827	14.223203	-44.4182	840000	0.035724793	341.02463	-0.0008538589	-59.505585	5.3868985	-0.00033927071	911.4065308570862
210	-268.3322	58.370342	-216.50201	-364.86526	1000.0	-16.376698	9.08302	18.40116	-43.72322	844000	0.0071654874	397.9902	-0.001003746	-139.46634	5.3939004	0.00016390467	916.3096559047699
211	-257.91818	24.52532	-232.01515	-288.95483	1000.0	-23.32092	4.957621	7.1843767	-47.980473	848000	0.017721416	155.36624	-0.0014824755	-36.628586	5.3433795	0.00026644568	920.6606061458588
212	-214.27875	85.9759	-70.10972	-281.78427	1000.0	-24.39627	7.1882086	25.85912	-48.896694	852000	-0.020859908	181.75638	-0.0020479672	-51.51439	5.392129	0.00096617	924.8725981712341
213	-243.28621	58.387676	-171.3842	-320.30347	1000.0	-20.506367	9.618185	22.174742	-40.357265	856000	-0.028231971	179.2743	-0.0012716576	-44.1333	5.3774986	0.00048600347	929.3027293682098
214	-241.6291	188.40477	30.94925	-433.2909	1000.0	-19.967096	9.352816	13.749498	-52.714905	860000	-0.011290678	441.54767	-0.0013186391	-101.242645	5.3637905	-0.00020347362	933.8819327354431
215	-166.02672	86.67283	-16.961756	-228.15474	1000.0	-18.765348	10.994139	15.972695	-59.101315	864000	-0.0038237418	293.00827	-0.0014238819	-77.08815	5.369326	0.0003014419	938.1805968284607
216	-179.07382	65.24157	-76.82396	-258.44962	1000.0	-16.980513	9.169967	13.58806	-45.43177	868000	-0.03329393	379.58554	-0.0013871118	-106.030426	5.4016247	0.00042241334	942.6054604053497
217	-289.36017	45.67189	-234.74808	-358.52295	1000.0	-19.145884	11.265915	25.098492	-48.799965	872000	-0.0341153	341.17676	-0.0017069876	-169.56786	5.36031	0.00025766922	947.0662004947662
218	-259.592	38.934944	-215.84706	-321.4075	1000.0	-21.976017	7.568534	4.140358	-51.1929	876000	-0.030998744	223.32346	-0.0016673654	-47.25952	5.3274894	5.1479936e-05	951.4833006858826
219	-162.93134	38.16161	-107.711136	-215.54536	1000.0	-22.04203	8.062966	11.389488	-50.190952	880000	-0.026855266	283.1841	-0.002054276	-77.060074	5.3502254	0.0005606938	955.9480676651001
220	-262.59958	140.23726	-20.683765	-363.62103	1000.0	-20.964556	7.7819147	12.371943	-42.641533	884000	-0.049065497	247.4429	-0.0013865791	-55.229645	5.3477592	0.0010657422	961.0305869579315
221	-254.51889	62.934162	-152.99011	-311.8998	1000.0	-24.4493	9.098693	18.093443	-45.91595	888000	-0.0421165	129.54587	-0.0017666258	-22.272476	5.36947	0.00027405686	965.5274367332458
222	-169.99173	84.527275	-77.20813	-307.55753	1000.0	-19.50521	10.057762	11.784236	-39.94287	892000	-0.02894189	210.8655	-0.00081307814	-52.126434	5.3673706	0.00096421095	969.9180977344513
223	-253.91248	37.41241	-203.45166	-302.21188	1000.0	-19.778515	9.641778	17.680172	-36.803345	896000	-0.032149334	198.45691	-0.0016229451	-71.07686	5.347405	0.00063404656	974.4894244670868
224	-269.03757	47.232212	-198.57755	-327.5714	1000.0	-22.875193	8.497012	9.62716	-50.49375	900000	-0.030198608	262.99445	-0.00070121326	-52.45218	5.342643	0.0005443093	978.7208302021027
225	-136.42972	52.274467	-47.40348	-181.35591	1000.0	-23.487707	9.187683	6.695403	-51.556118	904000	-0.06292731	404.46396	-0.00092087686	-170.72766	5.375041	0.0004764595	983.0270595550537
226	-262.6487	90.51852	-109.69272	-341.8225	1000.0	-18.869295	8.298675	15.668118	-46.21989	908000	-0.05547545	245.039	-0.0018808506	-56.364944	5.3551445	-0.00039884954	987.2650856971741
227	-280.78516	45.75604	-214.56506	-343.8327	1000.0	-22.622128	9.518932	12.177235	-54.289394	912000	-0.037752815	164.6921	-0.0016339421	-39.378235	5.3639393	0.0005212487	991.6927695274353
228	-271.58923	94.15493	-122.02665	-380.03503	1000.0	-25.479092	8.4101305	6.4593983	-41.945583	916000	-0.035820425	238.98372	-0.0020314008	-44.983246	5.3572583	0.00046511955	996.2742269039154
229	-280.67493	29.324837	-246.18292	-327.1011	1000.0	-24.212463	8.883917	18.772264	-45.762817	920000	-0.007656525	200.08194	-0.0023344494	-41.550507	5.3543234	0.0009812844	1000.5898394584656
230	-239.30817	33.947773	-192.87306	-276.04376	1000.0	-27.318136	7.3373227	3.0296047	-44.71752	924000	-0.013556051	151.98155	-0.00082343165	-48.06543	5.3591404	-0.000385818	1005.6475920677185
231	-266.70718	111.54341	-81.763275	-369.78067	1000.0	-22.222794	7.6800237	9.202801	-41.32921	928000	-0.07392759	208.23082	-0.0026513785	-64.261246	5.353535	0.00015889925	1010.0738325119019
232	-164.46437	144.80992	-25.14518	-398.59927	1000.0	-18.355684	12.706838	15.277864	-41.874058	932000	-0.022577113	364.49005	-0.0017300099	-83.22656	5.3372436	0.0011984601	1014.5521366596222
233	-268.79062	69.61647	-156.1356	-341.77875	1000.0	-19.119686	12.720485	37.94155	-46.09347	936000	-0.057061084	293.302	-0.0023790635	-117.47591	5.335914	-2.436316e-05	1018.9930925369263
234	-130.95177	87.42216	-40.287918	-220.22307	1000.0	-21.70968	8.256579	10.661384	-53.290512	940000	-0.056417614	293.8542	-0.0016638637	-135.75325	5.341266	0.0011833407	1023.3343622684479
235	-309.53302	71.87961	-245.9877	-431.6432	1000.0	-14.749611	8.750366	25.60427	-47.6318	944000	-0.037162263	375.18393	-0.0019743033	-245.64603	5.387071	0.0006259397	1027.7009019851685
236	-216.16328	108.035255	-55.20133	-343.8164	1000.0	-26.74266	9.055806	5.138936	-48.160786	948000	-0.06862175	268.61145	-0.0012698844	-94.866516	5.3606973	6.0537935e-05	1031.784653186798
237	-275.7545	72.208046	-152.02466	-333.98492	1000.0	-20.261412	7.836704	11.414485	-36.324135	952000	-0.019345742	200.45026	-0.0006373003	-61.86461	5.369018	8.603251e-05	1036.248705625534
238	-206.04866	44.523224	-132.17305	-242.82968	1000.0	-24.303328	8.949257	13.173134	-47.36268	956000	0.013255314	341.21017	-0.0010678731	-77.88031	5.374567	0.0005071148	1040.4928286075592
239	-237.37645	39.078587	-169.97978	-265.14682	1000.0	-23.770359	10.526463	18.832403	-37.099537	960000	-0.02630841	119.6748	-0.0019148141	-21.222778	5.3687205	0.00042342924	1044.815408706665
240	-159.26529	97.78312	-56.69402	-305.71194	1000.0	-15.578627	10.564247	16.786327	-38.19906	964000	-0.08068764	275.87	-0.0015700161	-53.96019	5.39953	0.0009570338	1049.9655992984772
241	-169.96085	129.30894	-5.53952	-357.93387	1000.0	-17.729202	13.414396	21.261173	-41.492805	968000	0.008714416	277.75293	-0.0020996928	-55.504654	5.3438106	0.0009365492	1054.3705189228058
242	-225.87363	60.192013	-129.15392	-294.49655	1000.0	-13.976653	11.551453	19.410215	-41.048695	972000	-0.033919167	297.76395	-0.0009891428	-86.21373	5.343335	0.0006437934	1058.3229172229767
243	-193.42836	68.67171	-91.48957	-285.1566	1000.0	-22.729782	10.269577	18.436075	-47.885975	976000	-0.02779589	232.51518	-0.0009873267	-53.41089	5.381006	7.7622055e-05	1062.7171788215637
244	-190.14894	87.36238	-94.182915	-331.37964	1000.0	-16.707354	10.02782	19.003075	-43.30622	980000	-0.015109555	270.10492	-0.0017464655	-50.862915	5.3416247	0.00050865504	1067.161209344864
245	-260.9645	83.46654	-182.64478	-401.0787	1000.0	-20.015736	10.672663	18.95269	-45.324207	984000	-0.019449381	279.67395	-0.0007431563	-74.06795	5.352597	0.00020254267	1071.52308011055
246	-263.36633	34.751488	-225.84387	-319.8674	1000.0	-26.046824	7.473689	12.1681185	-44.16008	988000	-0.08075954	202.33884	-0.0012949035	-55.057587	5.357893	-3.4280656e-05	1075.7808208465576
247	-199.13995	122.04404	-44.51927	-341.246	1000.0	-21.022032	11.251592	15.883744	-43.11469	992000	-0.023172893	217.847	-0.00086765364	-45.34471	5.338042	0.00031875307	1079.862063407898
248	-273.11957	94.997	-119.24979	-378.53528	1000.0	-20.374464	12.141927	15.4205675	-42.5684	996000	0.0341717	226.35022	-0.0013944171	-67.51601	5.3642416	4.9251736e-05	1084.2954230308533
249	-189.82188	168.20384	86.08507	-345.54248	1000.0	-23.898829	11.882031	18.302553	-45.17585	1000000	-0.031262618	309.6088	-0.0014261194	-110.92061	5.3105145	0.00028595875	1089.2840559482574
