Epoch	AverageEpRet	StdEpRet	MaxEpRet	MinEpRet	AverageTestEpRet	StdTestEpRet	MaxTestEpRet	MinTestEpRet	EpLen	TestEpLen	TotalEnvInteracts	AverageQ1Vals	StdQ1Vals	MaxQ1Vals	MinQ1Vals	AverageQ2Vals	StdQ2Vals	MaxQ2Vals	MinQ2Vals	LossPi	LossQ	Time
1	-301.55527	17.419992	-269.31097	-318.02484	-394.30267	75.36563	-290.965	-540.01697	1000.0	1000.0	5000	0.9883617	2.4147208	14.46704	-7.460969	0.9881111	2.4139822	14.8742075	-7.1191993	-1.9228582	0.31044206	42.57979679107666
2	-238.21504	24.462276	-203.68372	-272.2834	-346.13638	34.37816	-268.57114	-402.86545	1000.0	1000.0	10000	8.852921	5.9315753	32.898567	-6.683347	8.853412	5.930036	33.07169	-6.7027807	-10.818212	0.8592618	83.10318183898926
3	-255.64847	111.5284	-72.73691	-398.20462	-468.01733	306.47382	83.28464	-943.96716	1000.0	1000.0	15000	16.766367	10.00213	66.86726	-9.616792	16.766375	10.000902	64.46721	-1.0361066	-18.306475	2.134603	124.81753015518188
4	303.00052	554.2296	1301.2965	-197.386	968.88885	586.75604	1875.4617	271.32547	1000.0	1000.0	20000	18.286777	13.417255	56.33683	-5.452879	18.28613	13.417757	55.776665	-5.6564665	-19.196886	1.8695894	166.25180959701538
5	1310.0867	558.71735	1803.9855	442.94806	1687.0814	595.9042	2452.8962	702.008	1000.0	1000.0	25000	23.114288	19.310572	87.292725	-6.042074	23.113878	19.310225	86.57281	-6.48643	-24.3243	2.9843273	207.43444991111755
6	1423.6809	646.1567	2606.623	778.6173	1069.9407	473.73697	2286.0254	620.7255	1000.0	1000.0	30000	32.43741	27.07515	118.32908	-6.705386	32.437195	27.074263	116.3654	-6.359519	-33.964916	4.959179	248.48168396949768
7	1694.5758	885.8981	2890.3206	637.4115	3097.7915	235.88425	3452.7046	2625.6099	1000.0	1000.0	35000	44.09704	35.912766	145.53659	-5.5405498	44.097157	35.911465	145.01036	-5.3549137	-45.8621	7.3338227	290.133403301239
8	3292.4517	427.13055	3892.0461	2563.1782	3506.7827	564.6512	3930.9546	1891.0103	1000.0	1000.0	40000	62.608692	46.912132	180.74031	-2.5414922	62.60854	46.911076	180.34421	-1.7715462	-64.4911	11.143192	332.222323179245
9	3615.4636	344.05804	4152.5996	3163.6707	3990.7214	186.43414	4273.2715	3639.433	1000.0	1000.0	45000	82.994934	57.328506	221.3014	0.6425078	82.99515	57.32688	220.97589	0.84840083	-84.9447	14.967836	374.79440665245056
10	3958.9985	364.20856	4459.0723	3409.72	3178.3884	1312.4508	4119.4673	485.38705	1000.0	1000.0	50000	105.38465	68.849396	251.37848	2.787619	105.38491	68.8475	252.18927	2.0964437	-107.28715	17.571388	417.00673747062683
11	4635.7964	420.15164	5186.3145	3972.1636	5328.379	153.319	5470.4717	4995.5107	1000.0	1000.0	55000	127.85392	79.92133	274.76434	2.303336	127.85398	79.91956	277.21735	3.8373997	-130.13553	21.606476	459.7557442188263
12	5081.95	373.1981	5473.034	4551.207	5493.1714	132.3629	5668.397	5186.9595	1000.0	1000.0	60000	151.64484	91.42871	301.23166	1.6971136	151.64499	91.42747	302.09637	3.37874	-153.83694	25.471565	501.95118594169617
13	5021.8545	224.36594	5310.66	4640.4404	5623.365	158.34627	5841.023	5375.491	1000.0	1000.0	65000	174.37189	101.59065	332.99478	2.9463205	174.37167	101.589264	330.48575	2.2540846	-176.58795	29.65972	545.4892172813416
14	5075.218	277.1583	5445.656	4723.609	5843.701	115.010666	6024.2256	5653.51	1000.0	1000.0	70000	196.62703	110.03147	352.3912	1.9303122	196.62674	110.03057	353.4919	4.5695963	-199.21587	34.04531	587.5902409553528
15	5517.8135	207.53664	5693.1333	5117.2153	5630.497	157.31693	5805.05	5255.799	1000.0	1000.0	75000	218.81987	117.532074	375.83395	4.509589	218.81992	117.5314	375.23172	2.325089	-221.51125	36.398476	630.8859438896179
16	5498.05	154.15224	5765.451	5318.455	6110.835	105.75705	6295.759	5953.6753	1000.0	1000.0	80000	239.5322	124.2123	399.7768	-3.5666785	239.53134	124.212906	400.12762	1.1265218	-242.2427	39.03193	671.5788152217865
17	5567.4375	341.33173	5907.1357	4916.6567	5877.482	1301.8999	6488.7505	1983.1309	1000.0	1000.0	85000	259.04532	129.85422	416.30817	0.96179557	259.0449	129.8539	417.17065	-0.48555756	-261.7368	41.730427	713.2035520076752
18	5519.5557	416.05154	5991.321	4751.8384	6505.16	128.8743	6687.4136	6287.438	1000.0	1000.0	90000	276.9334	134.61465	444.91	3.5680912	276.93405	134.61377	446.27142	3.8907945	-279.93076	46.059517	754.7455604076385
19	5723.5728	206.17365	5893.103	5326.5645	6593.801	159.56236	6791.261	6228.356	1000.0	1000.0	95000	293.1573	138.97107	458.87155	0.5625477	293.15686	138.97194	458.98026	1.06321	-295.80624	48.328243	796.0460813045502
20	6148.8	159.0953	6295.774	5868.543	5893.558	252.3786	6390.0215	5598.432	1000.0	1000.0	100000	309.6026	142.91438	476.7064	-1.7575147	309.60266	142.91388	475.7179	-10.947388	-311.95657	49.18444	837.4962606430054
21	6020.4326	153.7012	6184.776	5782.9766	6511.9707	214.54684	6871.511	6256.127	1000.0	1000.0	105000	325.3457	146.26822	491.38846	-4.6271787	325.34515	146.26964	492.15	-0.20024276	-328.78934	49.397842	878.3209321498871
22	6200.7725	86.600136	6337.164	6124.431	6789.4595	168.1877	7000.1353	6378.1216	1000.0	1000.0	110000	340.0829	149.30968	502.8318	-4.9428864	340.0826	149.31003	501.13354	-3.5897927	-342.5555	48.48765	920.4017291069031
23	6255.5796	52.84712	6317.7617	6176.1416	6701.63	108.3459	6874.8164	6509.656	1000.0	1000.0	115000	354.00964	151.75653	520.3963	-6.7108517	354.0091	151.75732	520.6932	-3.6194162	-356.79807	47.779087	961.1059856414795
24	5861.9316	331.58182	6196.364	5257.8267	6480.9854	123.30713	6641.1597	6326.8325	1000.0	1000.0	120000	366.56763	153.38585	530.5485	-6.758439	366.56775	153.38535	530.10046	-19.50063	-369.4739	50.086586	1003.3555858135223
25	6044.461	189.85977	6304.8657	5714.3096	6432.3076	134.70854	6729.4565	6229.0386	1000.0	1000.0	125000	377.94556	154.59024	540.34357	-5.3873844	377.94534	154.59135	537.8839	-9.986975	-380.51926	51.39129	1046.440391778946
26	5278.5586	1670.4952	6306.4224	1943.8156	6819.7134	119.67029	7082.104	6683.4243	1000.0	1000.0	130000	386.52655	156.68456	544.78265	-22.954033	386.526	156.68399	547.9599	-7.6949863	-388.8685	51.700336	1087.6631405353546
27	6379.1475	129.44653	6536.894	6222.9307	6077.5596	738.67645	6783.213	4014.193	1000.0	1000.0	135000	395.7038	157.90906	553.49646	-17.413792	395.70404	157.9091	553.0244	-6.284821	-398.3769	50.566624	1129.6725015640259
28	6046.3555	191.5646	6275.286	5740.7065	6560.608	994.9222	7216.8037	3845.395	1000.0	1000.0	140000	404.25055	158.73212	559.68353	-15.467202	404.25055	158.73221	560.1411	-22.485317	-406.71954	52.199715	1171.4706172943115
29	6194.1904	215.34427	6422.6494	5848.0347	6710.6577	147.75461	6898.8896	6480.4473	1000.0	1000.0	145000	413.24445	158.07867	564.3814	-31.822947	413.24466	158.07916	563.30585	-30.535118	-415.43564	51.00686	1213.5486652851105
30	6276.5264	223.10376	6483.537	5859.7803	6952.229	103.340576	7116.896	6764.1626	1000.0	1000.0	150000	420.7639	157.97472	571.4788	-15.821693	420.76373	157.97443	569.95526	-15.530612	-422.8194	51.246517	1256.0613176822662
31	6329.664	229.59286	6632.582	6041.219	6017.7446	226.26483	6452.0913	5505.134	1000.0	1000.0	155000	428.9559	156.88368	577.1381	-13.012693	428.95627	156.88313	577.7699	-7.2406254	-431.6446	52.9771	1299.4175577163696
32	6191.005	156.84396	6360.1733	5964.4473	6604.1104	123.560875	6847.1816	6460.8174	1000.0	1000.0	160000	435.73404	156.45021	577.39984	-20.364006	435.7334	156.45116	577.5631	-5.708179	-438.0678	52.00105	1341.3532388210297
33	6355.017	225.21707	6730.5557	6064.843	7238.603	138.78622	7454.816	6977.549	1000.0	1000.0	165000	442.10464	156.0508	583.50085	-6.7675953	442.10477	156.05133	583.3971	-7.2943645	-444.44	49.56915	1382.1116700172424
34	6362.612	253.10869	6577.938	5989.6567	6848.203	122.4202	7063.062	6690.0537	1000.0	1000.0	170000	447.93326	155.9463	587.56915	-8.27018	447.93335	155.94676	586.298	-14.115309	-450.1917	48.22909	1424.7569439411163
35	6550.2	141.5367	6783.7656	6376.288	7200.2173	60.35784	7275.906	7111.602	1000.0	1000.0	175000	453.69168	155.47534	594.795	-21.64662	453.69144	155.47531	594.2566	-15.278544	-455.6234	46.180508	1467.1025013923645
36	6536.2007	122.24674	6710.1626	6397.232	7215.622	156.95467	7395.9766	6884.8823	1000.0	1000.0	180000	459.2972	155.48949	601.43787	-18.929062	459.29706	155.48961	603.795	-15.51162	-461.264	45.09635	1509.4840154647827
37	6500.7197	79.86767	6589.1313	6382.12	7211.966	123.250084	7457.664	7035.5156	1000.0	1000.0	185000	465.163	154.98625	602.6717	-18.909874	465.16348	154.98544	603.4433	-15.843049	-467.6128	44.00013	1551.6754784584045
38	6480.56	213.75026	6747.2524	6101.4775	7249.757	93.75803	7354.5737	7037.937	1000.0	1000.0	190000	469.64804	155.17104	608.1337	-16.069399	469.6477	155.17108	605.7305	-41.730896	-471.8542	44.492455	1593.8649411201477
39	6502.5674	151.03398	6780.1284	6339.973	6964.331	122.49075	7264.412	6795.3403	1000.0	1000.0	195000	474.37305	154.38577	609.27905	-20.165722	474.37292	154.38608	608.4176	-31.521519	-476.73065	43.249058	1636.4046041965485
40	6559.7666	138.70352	6711.3076	6317.9717	7096.733	45.91185	7137.8945	6978.2026	1000.0	1000.0	200000	478.63348	153.84045	612.36835	-20.377659	478.63428	153.83928	612.0573	-19.711655	-480.36206	45.952614	1678.1200919151306
41	6509.968	151.78607	6671.814	6230.128	7319.453	89.07147	7453.1963	7198.1284	1000.0	1000.0	205000	482.51294	153.58887	617.26605	-32.87876	482.51245	153.5906	615.7285	-43.33294	-484.6026	43.807373	1719.795993566513
42	6468.8105	116.0898	6651.9575	6297.7925	7080.008	146.34564	7319.917	6850.487	1000.0	1000.0	210000	485.9188	153.37668	617.38007	-36.956028	485.9179	153.37862	617.519	-32.742443	-487.8546	43.751663	1761.778687953949
43	6471.1006	196.86748	6770.9697	6214.687	6986.6494	104.21199	7111.6943	6747.747	1000.0	1000.0	215000	489.30225	152.65779	620.12103	-54.8901	489.30194	152.65839	618.2483	-42.991505	-491.277	42.832058	1803.9348788261414
44	6642.4346	98.71708	6775.3496	6500.2783	7217.8345	160.33603	7473.234	6937.5063	1000.0	1000.0	220000	492.83945	151.65567	618.3643	-35.52175	492.83942	151.656	619.00165	-34.2848	-494.7438	43.019875	1846.2499890327454
45	6734.9893	59.926838	6811.5244	6638.9844	7047.3936	170.62703	7398.662	6778.816	1000.0	1000.0	225000	496.5906	150.07233	621.76465	-19.88734	496.5907	150.07173	621.7907	-26.213017	-498.7793	42.37118	1888.1018764972687
46	5583.034	2245.3765	6723.896	1092.3806	7399.247	53.082836	7463.6416	7320.324	1000.0	1000.0	230000	497.2335	152.85547	628.849	-40.058228	497.23337	152.85655	627.22845	-61.71646	-499.5151	44.291187	1930.6756646633148
47	6591.5845	65.12429	6697.517	6492.829	7072.4663	81.54638	7155.056	6890.2344	1000.0	1000.0	235000	500.63513	152.26712	628.07306	-48.20592	500.63437	152.2692	629.4722	-53.96696	-502.471	44.108456	1972.0065519809723
48	6616.2197	131.45052	6765.01	6378.573	7227.5166	110.41405	7393.1436	6987.667	1000.0	1000.0	240000	503.0228	152.05847	629.34894	-36.637886	503.0223	152.05894	629.06226	-26.373396	-504.4096	42.85678	2013.703675031662
49	6599.254	106.746414	6724.06	6466.009	7302.6924	71.41051	7426.594	7138.611	1000.0	1000.0	245000	505.7261	151.04634	634.4466	-53.87954	505.72565	151.04715	631.8889	-33.85467	-507.3758	42.927254	2055.9672708511353
50	6770.2344	74.209656	6864.0215	6662.4185	7193.5107	86.442184	7299.959	6995.601	1000.0	1000.0	250000	508.55344	150.2765	628.90826	-37.031147	508.55325	150.27719	630.21844	-48.711605	-510.3343	41.136875	2098.230204820633
51	6632.7393	69.451645	6705.4487	6501.173	7305.03	117.40942	7493.6177	7073.748	1000.0	1000.0	255000	510.66443	149.71169	632.5311	-39.612003	510.6645	149.71097	633.0124	-48.978737	-512.2741	41.687363	2140.1384608745575
52	6746.6562	100.07567	6870.386	6614.791	7181.7334	84.42807	7355.9688	7035.5044	1000.0	1000.0	260000	512.9582	148.81523	635.27563	-54.40024	512.95807	148.81522	635.0397	-52.883602	-514.53	40.96345	2181.8150050640106
53	6729.6304	179.98871	6910.264	6452.6143	7301.5166	82.59352	7441.1987	7186.8613	1000.0	1000.0	265000	515.26685	148.27623	637.0248	-44.62301	515.2667	148.27664	634.78546	-58.154793	-517.4462	39.416294	2224.495550632477
54	6696.948	141.00711	6884.745	6454.6406	7005.775	114.3245	7169.579	6694.6313	1000.0	1000.0	270000	517.4439	147.91954	635.9569	-41.653915	517.4433	147.92029	636.7449	-46.294655	-519.5041	40.179394	2268.1205887794495
55	6621.1016	193.00708	6889.4663	6299.986	7261.1304	92.8459	7421.8306	7141.144	1000.0	1000.0	275000	519.11566	147.66666	640.3789	-61.79145	519.1155	147.66557	639.651	-52.026966	-521.0519	42.545708	2310.2003581523895
56	6630.583	159.3469	6730.722	6317.9966	7377.6274	103.30264	7555.2056	7178.8027	1000.0	1000.0	280000	521.14087	147.06357	637.2057	-44.85326	521.14105	147.06433	640.29565	-60.768734	-523.015	40.224915	2352.85564827919
57	6626.8936	75.21379	6740.1436	6519.8647	7267.47	135.03146	7438.3047	6980.385	1000.0	1000.0	285000	523.5298	146.06212	639.53595	-45.995697	523.5299	146.06047	639.96735	-57.638634	-525.56714	40.409733	2394.187685728073
58	6747.4766	74.14303	6824.8467	6624.146	7388.2314	108.575806	7566.998	7216.2876	1000.0	1000.0	290000	525.39734	145.7646	642.6525	-41.334076	525.3966	145.76515	641.2662	-81.528564	-526.9938	40.100655	2436.861681699753
59	6653.297	238.26643	6902.608	6288.224	6992.6016	76.37521	7122.6963	6873.6406	1000.0	1000.0	295000	527.88464	144.62329	643.2484	-61.70574	527.88434	144.62364	641.2859	-57.357796	-529.6378	39.167164	2480.9039363861084
60	6706.819	114.42812	6876.869	6527.174	7119.9834	96.03747	7270.9497	6944.1704	1000.0	1000.0	300000	529.24	144.66039	643.77386	-55.229336	529.2405	144.65903	641.7163	-43.87594	-530.86273	40.67774	2523.16206908226
61	6773.2407	218.02628	7022.593	6442.8027	7407.733	95.60215	7540.3984	7168.939	1000.0	1000.0	305000	531.4393	143.11395	644.0632	-51.366722	531.43884	143.11302	644.3964	-32.683983	-533.4173	38.775913	2566.3471987247467
62	6789.6626	98.63863	6922.7827	6648.7676	7364.507	112.523895	7549.7036	7187.846	1000.0	1000.0	310000	533.7759	141.80522	646.0524	-43.032112	533.7763	141.80533	645.791	-34.641933	-535.22894	38.043106	2607.5795798301697
63	6778.962	243.94121	7054.081	6357.7036	7420.84	80.6797	7531.607	7224.1313	1000.0	1000.0	315000	534.82654	141.9244	645.92285	-45.584023	534.82605	141.92427	647.3256	-39.83436	-536.1868	38.10056	2649.5254049301147
64	6739.083	66.72633	6837.1816	6659.781	7480.435	97.92249	7615.672	7306.1055	1000.0	1000.0	320000	536.2929	141.66512	648.78815	-60.130043	536.29236	141.6655	648.23486	-48.82117	-537.9924	39.013405	2692.280529975891
65	6828.449	158.79694	6995.9097	6572.833	7537.9	139.7601	7728.798	7268.657	1000.0	1000.0	325000	537.75885	140.92606	650.86005	-77.56511	537.7589	140.92505	651.8193	-89.69492	-539.3177	40.641045	2735.483068704605
66	6793.6514	90.13948	6913.429	6642.8525	7447.332	62.160637	7574.616	7336.679	1000.0	1000.0	330000	539.5301	140.16653	652.43604	-86.088974	539.53	140.16525	652.7901	-71.44278	-541.5006	40.546604	2777.3940348625183
67	6843.2656	95.498566	6969.506	6735.984	7519.496	87.78086	7710.186	7412.7466	1000.0	1000.0	335000	540.9734	139.93285	654.9927	-53.81539	540.9734	139.93245	655.1085	-60.99642	-542.60315	40.035873	2818.938452243805
68	6884.578	109.73704	7080.806	6762.226	7208.1313	190.81165	7454.8716	6824.5244	1000.0	1000.0	340000	542.73883	138.8178	656.7946	-42.52263	542.73883	138.81825	656.3299	-53.057755	-544.16974	39.505844	2862.22478055954
69	6663.7764	135.76996	6786.8994	6413.4585	7518.759	93.00872	7648.1064	7373.1055	1000.0	1000.0	345000	544.0891	138.99133	661.9879	-50.45419	544.08887	138.9904	660.43756	-60.815945	-545.7754	38.66496	2905.5964353084564
70	6887.582	69.5312	6970.881	6772.827	7559.866	55.037186	7681.024	7471.1465	1000.0	1000.0	350000	545.5848	138.54868	661.50543	-75.60113	545.5846	138.54817	660.93304	-77.32169	-547.1543	39.413055	2947.9299116134644
71	6942.0273	70.87512	7072.138	6864.876	7436.8423	87.95394	7600.3994	7314.233	1000.0	1000.0	355000	547.2838	137.40318	661.5248	-66.10977	547.2833	137.40353	662.08844	-73.15211	-549.0807	39.19086	2990.5371284484863
72	7041.444	108.00966	7137.9004	6880.3667	7595.383	152.65996	7941.11	7405.85	1000.0	1000.0	360000	548.41034	137.56894	662.15295	-74.70627	548.4103	137.56754	661.6318	-69.42753	-549.8378	39.553314	3032.767026424408
73	6846.544	186.1462	7017.9497	6527.5884	6278.3994	129.48317	6532.9155	6047.147	1000.0	1000.0	365000	550.3021	136.87935	664.2419	-86.46024	550.302	136.87856	662.6815	-109.92043	-552.1433	40.624992	3074.750768184662
74	6949.925	164.0125	7108.9136	6701.4927	7438.0283	107.27222	7601.7344	7230.4023	1000.0	1000.0	370000	550.5635	137.85529	664.877	-105.45016	550.5638	137.85379	666.6942	-102.9895	-552.5741	41.09402	3118.0590612888336
75	7023.7783	79.835846	7146.5747	6911.7026	7429.5337	155.18246	7741.1636	7201.8984	1000.0	1000.0	375000	552.24194	136.66454	665.2036	-74.24561	552.24133	136.66518	665.4722	-81.47304	-553.7818	39.408333	3161.7785320281982
76	6981.124	263.6819	7287.1494	6583.765	7355.207	166.21233	7574.813	7010.3477	1000.0	1000.0	380000	553.1	136.14023	664.65936	-56.512672	553.10016	136.13934	664.1709	-52.64676	-554.9569	39.58355	3203.3271560668945
77	6860.245	135.86572	7013.538	6608.7866	7545.743	66.98131	7604.869	7361.5234	1000.0	1000.0	385000	555.06494	134.19992	665.9801	-62.725906	555.06494	134.19958	665.19836	-57.19153	-556.7696	39.87513	3246.608458042145
78	7016.5522	109.00524	7143.4146	6817.659	7685.5156	92.76544	7842.902	7549.972	1000.0	1000.0	390000	555.5551	134.26836	666.4027	-67.46251	555.5548	134.26758	663.1411	-55.677025	-557.521	39.45454	3289.6773524284363
79	7136.1743	111.0535	7325.0244	6988.7324	7489.9307	91.27191	7607.8726	7281.8	1000.0	1000.0	395000	557.238	133.7403	669.85144	-56.869137	557.238	133.74039	668.0819	-57.547504	-558.9505	38.49906	3332.906023979187
80	7015.785	63.081207	7063.618	6895.5366	7621.1396	78.30677	7746.3184	7520.4204	1000.0	1000.0	400000	558.56946	132.74144	670.04236	-49.230278	558.5694	132.74115	669.69586	-68.26223	-560.3832	36.781116	3375.6141226291656
81	7085.8174	113.53347	7256.9434	6901.45	7778.6743	152.4769	8090.2974	7552.0176	1000.0	1000.0	405000	559.78705	132.32022	668.75116	-41.12796	559.78705	132.32022	669.55273	-52.303925	-561.3121	36.957424	3418.2585632801056
82	7019.383	151.46875	7178.986	6773.0483	7728.124	99.617165	7900.369	7553.0347	1000.0	1000.0	410000	561.1971	132.20113	669.89136	-60.26643	561.1971	132.20024	669.7363	-62.309658	-563.07336	36.59978	3460.6198213100433
83	7070.85	80.713196	7163.9644	6937.63	7786.667	83.548485	7914.393	7658.134	1000.0	1000.0	415000	562.29645	132.38007	672.2556	-44.285583	562.2959	132.38197	669.7689	-57.06245	-563.8891	37.499695	3503.9322776794434
84	7087.8975	86.31977	7149.8374	6917.2983	7604.8174	92.0596	7711.937	7372.792	1000.0	1000.0	420000	564.4616	131.21947	674.608	-30.204655	564.4615	131.2183	673.0976	-41.233387	-566.16693	36.93775	3546.8183336257935
85	6996.905	107.23659	7174.3657	6846.7847	7696.4854	82.88542	7816.1113	7487.8853	1000.0	1000.0	425000	565.969	130.57158	673.4672	-51.06032	565.9692	130.57022	673.2112	-53.439728	-567.9237	38.0524	3590.1424067020416
86	7125.2354	115.569244	7271.074	6930.2197	7869.337	82.17534	7997.6753	7735.9346	1000.0	1000.0	430000	567.14813	130.44852	678.4469	-48.168182	567.14795	130.44797	679.1142	-41.873543	-568.76324	37.196453	3634.407441854477
87	7024.371	142.04082	7252.5	6882.739	7749.913	83.330696	7891.4575	7610.6665	1000.0	1000.0	435000	567.9823	130.3353	678.31775	-44.904602	567.98206	130.33517	679.5406	-44.925426	-569.5484	38.718082	3677.509700536728
88	7090.6104	113.51788	7232.6196	6908.651	7831.3643	108.04932	8087.5806	7707.789	1000.0	1000.0	440000	569.127	129.75604	678.2673	-53.468685	569.1276	129.7558	678.33716	-50.873318	-570.6067	38.913643	3720.827696084976
89	7018.697	251.22873	7300.8467	6550.891	7739.8467	75.555214	7840.253	7620.3916	1000.0	1000.0	445000	570.49786	128.80884	680.80096	-67.41024	570.49725	128.81012	679.35645	-52.960022	-572.2593	38.661236	3764.401676416397
90	7245.0728	98.55047	7357.6445	7060.9	7685.0977	87.596275	7823.9946	7575.6157	1000.0	1000.0	450000	571.5345	128.16805	679.26416	-56.922356	571.53467	128.1667	679.1651	-43.688805	-573.1254	37.51266	3808.0090732574463
91	7177.7734	176.81204	7427.8203	6902.565	7931.2007	80.933876	8037.698	7799.0337	1000.0	1000.0	455000	573.2225	126.069305	683.50867	-56.96739	573.22266	126.06923	684.3023	-42.766502	-574.9847	37.43318	3851.383208990097
92	6993.6875	337.2383	7213.5273	6329.5815	7826.1494	94.56876	7954.683	7616.26	1000.0	1000.0	460000	573.7881	126.31551	685.6405	-34.480698	573.78784	126.314766	686.8059	-28.059566	-575.2014	37.658337	3894.346907377243
93	7191.9204	169.79529	7397.6304	6970.9844	7710.3545	81.818245	7836.1484	7563.0464	1000.0	1000.0	465000	574.63806	125.77033	688.4279	-74.8122	574.6383	125.768265	687.6254	-54.229847	-576.2814	38.997192	3938.606601715088
94	7058.017	119.54244	7221.8257	6869.3984	7778.173	74.604996	7881.3477	7643.2007	1000.0	1000.0	470000	575.45776	125.55577	688.1901	-36.31589	575.45746	125.55687	688.9444	-43.725002	-577.1117	36.4337	3982.8016901016235
95	7233.939	94.59071	7380.635	7128.6143	7823.346	72.84997	7955.4443	7742.4497	1000.0	1000.0	475000	576.28955	125.155754	688.8951	-59.22547	576.28937	125.155266	687.7279	-45.502796	-577.9943	38.89242	4026.719365119934
96	7126.0835	41.356	7179.269	7062.1396	7952.389	48.702976	8018.6045	7885.5073	1000.0	1000.0	480000	577.28107	125.39035	690.73444	-36.503056	577.2811	125.390526	690.3547	-43.63846	-578.58875	38.62803	4070.8674397468567
97	7259.3374	42.936607	7320.9214	7186.4365	7935.78	114.00962	8159.467	7782.017	1000.0	1000.0	485000	578.4487	125.006065	687.4048	-92.0306	578.44885	125.00561	689.0335	-82.39928	-580.11707	37.9065	4114.305376768112
98	7248.003	183.24751	7406.178	6968.141	7892.7236	123.0633	8027.1226	7595.633	1000.0	1000.0	490000	579.0614	125.11595	691.6343	-57.028088	579.0611	125.11574	691.4741	-62.947063	-580.4816	37.66876	4157.675532579422
99	7164.518	129.01509	7319.0483	6992.6235	7379.0874	128.62317	7591.265	7188.7603	1000.0	1000.0	495000	580.21594	124.197105	690.4463	-56.57426	580.2162	124.19529	690.8918	-66.73069	-581.7315	38.175686	4201.083532094955
100	7096.841	204.0594	7330.936	6808.0938	7757.407	93.52183	7956.6733	7606.0317	1000.0	1000.0	500000	581.3714	123.654335	692.1236	-66.31361	581.37134	123.653244	692.1524	-45.596844	-583.1522	38.65221	4245.490952253342
101	7309.1123	77.5369	7433.4272	7196.999	7660.13	101.1534	7806.431	7412.2876	1000.0	1000.0	505000	582.17224	123.83232	695.42255	-79.7434	582.1726	123.83103	695.921	-94.11591	-583.8494	37.994812	4289.986557483673
102	7222.3555	145.63936	7434.2837	7016.7144	7701.897	138.07713	7944.257	7485.1167	1000.0	1000.0	510000	582.7805	123.36796	692.0739	-57.99848	582.77997	123.36865	691.76984	-82.56507	-584.4012	38.33249	4335.252361059189
103	7233.6343	153.18634	7372.997	6965.4995	7933.025	64.705734	8025.274	7807.42	1000.0	1000.0	515000	583.15717	123.73367	692.464	-88.32577	583.15717	123.73376	691.97327	-62.615376	-584.6672	38.610916	4380.70161485672
104	7299.956	104.17189	7486.869	7177.668	7954.3594	72.9131	8073.475	7825.019	1000.0	1000.0	520000	584.4948	122.93419	693.24133	-98.82983	584.4948	122.933426	691.5508	-106.648834	-586.36127	38.23119	4425.418160915375
105	7256.8516	125.57366	7380.107	7062.791	7920.181	108.69596	8083.265	7735.732	1000.0	1000.0	525000	584.9411	123.17796	697.5237	-66.41626	584.9409	123.177574	698.7058	-81.14307	-586.706	39.051224	4471.619327545166
106	7232.069	190.96349	7572.5674	7028.2383	7923.0557	63.233242	8018.819	7822.5386	1000.0	1000.0	530000	585.6307	122.25129	693.55084	-113.8237	585.6308	122.25075	691.1178	-100.43979	-587.2428	37.95382	4517.311247825623
107	7225.573	46.217133	7280.409	7154.23	7953.242	81.5923	8094.6914	7825.44	1000.0	1000.0	535000	586.4957	121.65111	696.4152	-39.53303	586.49554	121.650024	696.6285	-36.58012	-588.2904	36.6646	4562.723264694214
108	7315.0234	99.42633	7456.5664	7170.0273	7798.5195	119.63654	8082.9546	7624.034	1000.0	1000.0	540000	587.55774	121.48338	692.78204	-46.63643	587.55786	121.48318	693.8302	-51.679268	-589.0916	36.044205	4607.938540697098
109	7285.4453	72.66638	7417.7456	7202.0586	8011.925	66.80041	8077.1416	7832.8613	1000.0	1000.0	545000	588.9867	120.660545	695.0739	-40.91086	588.98676	120.65886	693.85474	-52.715046	-590.27637	35.87791	4652.382884502411
110	7336.1123	131.04839	7482.8833	7121.4575	7929.328	125.965645	8116.49	7668.684	1000.0	1000.0	550000	589.7	120.34568	697.329	-59.310654	589.70044	120.343994	695.9029	-41.032528	-591.48206	37.28585	4697.655879020691
111	7263.091	64.69662	7352.7236	7157.0986	7714.0767	105.57221	7880.1836	7496.4663	1000.0	1000.0	555000	590.4411	120.30697	699.74426	-66.289154	590.4406	120.30808	696.33246	-65.74054	-592.1697	36.549862	4744.6812245845795
112	7240.7397	73.26391	7321.0737	7115.0913	7212.392	1854.4602	8059.6245	1662.9585	1000.0	1000.0	560000	590.92786	120.30356	694.8668	-57.964603	590.9276	120.30442	695.3075	-53.350784	-592.4575	37.157608	4790.19334936142
113	7230.591	123.316055	7360.035	7025.9272	7931.357	102.97559	8108.61	7769.7134	1000.0	1000.0	565000	592.04333	118.84478	698.88	-47.896866	592.043	118.84452	698.39343	-84.94057	-593.6304	36.783813	4835.601438999176
114	7288.9507	64.57915	7383.8403	7188.2007	7925.5938	107.96149	8087.7314	7754.0396	1000.0	1000.0	570000	592.2529	119.5868	696.73285	-68.5046	592.25287	119.58636	696.0299	-55.71346	-593.7628	37.244675	4880.377592802048
115	7340.2275	100.44857	7530.1313	7230.9854	8092.0303	108.64997	8251.462	7919.2236	1000.0	1000.0	575000	593.2623	118.87194	701.90546	-49.740307	593.26245	118.86986	702.0344	-37.459442	-594.77167	36.618958	4923.5911293029785
116	7381.1055	255.44806	7613.349	6962.32	8020.3994	90.80273	8201.151	7885.049	1000.0	1000.0	580000	594.09454	118.68752	701.92053	-72.29947	594.09467	118.68775	702.8699	-66.17061	-595.7511	36.085075	4968.6441016197205
117	7299.026	141.76329	7445.38	7045.947	8016.8096	87.84472	8120.144	7804.795	1000.0	1000.0	585000	594.4528	119.20807	701.0544	-60.796265	594.4525	119.207504	705.1518	-26.617306	-595.9475	37.808693	5013.5846581459045
118	7308.907	127.74241	7488.174	7092.4785	8089.7437	93.51002	8236.38	7881.4683	1000.0	1000.0	590000	595.4775	118.45049	703.11896	-51.680153	595.47766	118.44945	704.73566	-54.23365	-596.8986	35.814507	5058.374754190445
119	7283.0596	140.07162	7425.1836	7045.6567	8016.4736	89.14795	8159.1187	7866.293	1000.0	1000.0	595000	596.54626	117.877846	703.79565	-40.6387	596.54596	117.87929	705.2726	-30.201445	-598.2225	35.33862	5104.713948726654
120	7275.3296	110.2999	7454.192	7120.629	7258.7256	2019.6812	8082.626	1206.4607	1000.0	1000.0	600000	597.2733	117.22433	706.6518	-51.763596	597.27313	117.22426	705.0546	-45.799267	-598.8988	35.66178	5149.30016708374
121	7252.014	85.90454	7361.138	7149.4087	8026.3564	131.90775	8250.238	7865.8794	1000.0	1000.0	605000	597.67847	117.49203	705.20233	-42.336975	597.6788	117.49085	707.56976	-35.531372	-599.30743	35.295834	5194.889582872391
122	7371.7563	78.30011	7502.0327	7281.6714	7932.7163	61.209362	8023.466	7825.72	1000.0	1000.0	610000	598.46124	117.590645	704.6078	-41.23795	598.4609	117.59174	706.9627	-30.175846	-600.1296	35.655937	5241.158555984497
123	7379.3413	174.65976	7539.6475	7120.3804	8010.331	128.74586	8234.122	7828.328	1000.0	1000.0	615000	599.2845	116.228874	706.64087	-53.63796	599.2841	116.22868	709.4922	-58.637875	-601.1984	36.06218	5286.68829202652
124	7513.0728	50.927265	7592.648	7432.6655	7993.7236	50.077293	8069.808	7916.0493	1000.0	1000.0	620000	599.4725	116.5092	702.41473	-34.88789	599.4722	116.509415	706.213	-35.40823	-601.1937	35.78822	5332.089535236359
125	7281.1924	144.29468	7410.4106	7023.0957	8012.178	59.008915	8100.5405	7885.354	1000.0	1000.0	625000	599.9391	116.78853	704.01697	-53.38507	599.9394	116.78707	705.1653	-39.74893	-601.5571	36.269073	5379.187836408615
126	7237.1836	182.89563	7472.8813	7014.8184	8012.4717	131.13092	8167.608	7768.8574	1000.0	1000.0	630000	600.78937	115.381386	712.44714	-62.285522	600.7894	115.37959	706.77185	-61.945137	-602.6147	37.25752	5425.332993507385
127	7398.443	117.67831	7590.937	7269.6924	7874.2134	149.98604	8148.396	7582.976	1000.0	1000.0	635000	601.34534	115.38722	706.22253	-41.22323	601.34503	115.388176	706.95483	-50.439873	-603.1081	36.925022	5473.032193899155
128	7434.4756	93.16933	7541.296	7291.24	8016.0146	65.83704	8116.6597	7917.056	1000.0	1000.0	640000	601.88153	115.04699	707.9619	-64.66647	601.88184	115.04713	709.2116	-55.319588	-603.23206	37.043583	5520.04167175293
129	7432.794	141.94128	7613.7026	7187.3184	7909.5244	60.997066	8024.2974	7800.268	1000.0	1000.0	645000	602.23364	115.4469	707.8188	-61.7827	602.23334	115.44857	704.9956	-67.2261	-603.83923	36.553406	5568.008328199387
130	7401.2085	82.4379	7526.2583	7313.5273	8041.458	97.83613	8194.188	7842.8164	1000.0	1000.0	650000	603.2127	114.62512	705.4011	-69.84619	603.21265	114.6246	708.9343	-88.68787	-604.78937	37.090073	5615.2961621284485
131	7143.7437	144.06361	7330.4297	6893.721	8015.8857	73.28578	8099.716	7898.9956	1000.0	1000.0	655000	603.30536	115.12528	707.84863	-78.0525	603.30493	115.12683	706.81726	-76.49677	-604.87964	38.730667	5663.26754450798
132	7411.8726	122.0013	7622.698	7264.3877	7685.568	74.900116	7830.5845	7575.434	1000.0	1000.0	660000	603.6849	115.08359	704.84875	-54.237473	603.68475	115.08287	711.796	-86.252556	-605.4436	38.778645	5710.796146869659
133	7332.5874	117.19912	7481.17	7125.476	7893.694	89.927086	8014.781	7730.589	1000.0	1000.0	665000	604.3526	113.98839	708.0125	-49.17258	604.35284	113.988396	708.31146	-56.58268	-605.8806	38.639996	5757.9487426280975
134	7459.1616	148.75948	7633.751	7255.116	8206.42	156.39043	8467.853	7925.5225	1000.0	1000.0	670000	604.56635	114.12895	708.02783	-46.13733	604.5661	114.128334	708.4235	-42.98739	-606.2539	37.86597	5805.384909629822
135	7465.1616	131.46147	7609.458	7254.462	7996.964	130.89453	8162.577	7827.707	1000.0	1000.0	675000	605.02026	114.057625	708.07043	-60.146908	605.02075	114.057175	707.82477	-48.679348	-606.5679	38.62927	5853.043190479279
136	7331.7173	139.70662	7509.2085	7142.7876	7685.075	109.41622	7869.791	7512.1904	1000.0	1000.0	680000	605.531	113.51082	706.952	-73.45469	605.5305	113.50934	707.93713	-96.80962	-607.2801	38.227524	5900.988515377045
137	7344.203	238.00658	7632.0015	6970.0884	8013.0557	141.26848	8193.983	7687.3047	1000.0	1000.0	685000	606.2133	112.50522	712.00055	-44.133625	606.21387	112.504555	712.589	-39.368603	-607.7334	36.410072	5947.789003372192
138	7367.5107	166.64684	7582.0635	7077.91	8163.4854	92.749756	8369.182	8030.1323	1000.0	1000.0	690000	606.76373	111.84852	707.1794	-173.60077	606.76306	111.850365	708.9018	-159.1174	-608.3293	35.222286	5995.406023740768
139	7360.6826	154.33606	7553.414	7120.004	7967.591	62.16315	8048.875	7866.1245	1000.0	1000.0	695000	607.20135	111.521904	709.77094	-75.371704	607.2016	111.5213	711.7169	-52.687023	-608.7024	34.913933	6042.200992107391
140	7447.2603	79.20156	7520.1177	7311.4077	8177.603	59.464397	8264.078	8041.3823	1000.0	1000.0	700000	607.7426	111.24692	709.90405	-44.910973	607.742	111.24924	711.47766	-45.03304	-609.15405	36.233025	6088.605852603912
141	7233.178	253.44937	7398.996	6730.8105	8072.841	92.37713	8186.8335	7879.102	1000.0	1000.0	705000	608.5173	110.83463	707.8552	-81.58353	608.5175	110.8332	711.0778	-91.959	-609.8306	36.64929	6133.929381847382
142	7399.514	110.73227	7530.6074	7199.679	7984.423	115.71005	8208.498	7755.2456	1000.0	1000.0	710000	608.58484	111.25138	710.2695	-64.42861	608.585	111.25063	712.66364	-46.252144	-610.2164	39.366367	6180.206830501556
143	7470.5366	160.87103	7618.6475	7210.417	8307.608	124.35863	8501.752	8044.529	1000.0	1000.0	715000	608.89813	110.99293	710.2501	-65.36362	608.8974	110.99491	709.5758	-68.641235	-610.5794	38.26768	6226.724223852158
144	7501.5835	60.607525	7596.257	7422.358	7918.725	116.84061	8148.665	7734.038	1000.0	1000.0	720000	609.1549	110.71611	708.5803	-65.037125	609.15497	110.717316	708.2402	-50.234947	-610.6539	35.612637	6273.729882240295
145	7454.968	187.01134	7701.6807	7238.676	7837.2876	120.807526	8020.675	7663.2236	1000.0	1000.0	725000	609.8496	110.07923	710.054	-82.69771	609.84955	110.07564	711.4668	-89.12862	-611.3546	36.14462	6321.210512876511
146	7423.4595	84.1063	7556.1816	7332.759	8137.13	91.950424	8285.589	8014.3413	1000.0	1000.0	730000	610.15173	110.75426	712.9264	-52.264072	610.1518	110.75528	711.0331	-96.6564	-611.6273	38.951378	6368.4767370224
147	7465.005	91.67132	7559.0713	7323.5947	8024.6694	93.23002	8173.965	7886.103	1000.0	1000.0	735000	610.36664	110.40765	709.30676	-73.96735	610.36676	110.40561	713.514	-109.33724	-611.9113	38.66218	6414.633661746979
148	7416.2046	137.2306	7667.947	7270.2173	8177.3623	75.311714	8298.128	8036.9453	1000.0	1000.0	740000	610.7105	110.26191	708.8357	-148.3709	610.71075	110.26183	710.2219	-117.35186	-612.3443	37.464317	6461.930260896683
149	7408.173	206.13324	7782.6655	7152.679	8050.926	103.6287	8259.236	7891.481	1000.0	1000.0	745000	611.0529	109.591034	710.3448	-64.15152	611.05286	109.59149	709.1274	-59.491116	-612.5657	38.870575	6507.106041193008
150	7525.322	159.39262	7744.6445	7298.2544	7934.539	115.3579	8135.0376	7702.816	1000.0	1000.0	750000	611.67194	109.01977	710.04834	-134.85246	611.6719	109.01927	709.3221	-143.63368	-612.9983	37.505165	6553.050630331039
151	7320.8486	214.65799	7655.6865	7008.1787	8002.1357	92.13063	8126.217	7828.0635	1000.0	1000.0	755000	611.9518	109.56127	709.0899	-51.047943	611.95184	109.55972	707.6572	-54.68895	-613.4453	36.717342	6599.602729558945
152	7269.8037	185.60814	7424.2744	6930.45	8254.274	99.5189	8473.914	8107.9077	1000.0	1000.0	760000	612.63916	109.28989	708.9637	-127.57582	612.63916	109.29074	710.2055	-99.1217	-613.8883	36.446888	6646.636696577072
153	7479.7163	210.04591	7762.751	7225.945	7992.5923	159.36853	8211.759	7618.56	1000.0	1000.0	765000	613.0528	109.57309	711.7578	-66.75703	613.0528	109.572655	709.4339	-80.01622	-614.5095	36.5977	6693.152643918991
154	7430.9507	120.86545	7569.0083	7250.748	8106.043	83.46179	8231.618	7935.7754	1000.0	1000.0	770000	613.65704	109.026184	709.65186	-50.720226	613.657	109.02598	710.52795	-44.15834	-615.15753	36.5096	6739.688548088074
155	7496.8916	130.65984	7654.6875	7270.749	8024.2354	139.75317	8248.957	7759.5674	1000.0	1000.0	775000	613.6272	109.55171	709.0087	-61.76443	613.62756	109.54864	711.33545	-57.580036	-615.00287	36.7578	6787.219221830368
156	7468.9478	97.43428	7608.362	7315.733	7704.1416	135.46455	7874.6587	7481.312	1000.0	1000.0	780000	614.05237	109.12313	712.25073	-113.89018	614.0525	109.12229	712.34436	-120.47881	-615.75275	38.176	6835.188409090042
157	7486.585	80.27725	7592.9316	7351.9556	8143.2646	74.21359	8260.08	8019.083	1000.0	1000.0	785000	614.2692	108.89762	710.8998	-117.36742	614.2695	108.89701	711.6074	-119.63606	-615.5949	37.874466	6882.094863653183
158	7410.8335	138.91498	7649.3184	7236.411	8214.517	69.6448	8318.983	8115.201	1000.0	1000.0	790000	614.6876	108.69254	714.7003	-90.55698	614.6875	108.693016	714.3917	-121.82674	-616.2056	38.667614	6931.235096216202
159	7490.8345	170.21384	7774.134	7254.113	7819.5146	77.08557	7969.7666	7726.344	1000.0	1000.0	795000	614.7135	108.56469	711.76825	-97.06031	614.7138	108.562935	710.85455	-105.82384	-616.255	38.268906	6979.098784208298
160	7368.505	122.750435	7541.6743	7170.729	7900.7686	87.1067	8102.6934	7768.736	1000.0	1000.0	800000	615.3562	108.28562	712.4031	-219.23647	615.35645	108.28406	711.7615	-134.87535	-616.8676	38.598667	7026.788484573364
161	7489.2188	146.95041	7698.077	7238.3965	7975.009	75.21047	8110.161	7844.1777	1000.0	1000.0	805000	615.8788	107.676994	711.9356	-161.32986	615.87915	107.675026	709.8407	-171.33815	-617.077	38.62188	7073.65517616272
162	7534.708	62.46837	7610.119	7422.103	8030.268	109.662964	8167.7603	7849.9497	1000.0	1000.0	810000	615.9339	107.92267	709.867	-76.83912	615.9339	107.92243	713.502	-61.29797	-617.6511	38.972057	7120.107669353485
163	7324.565	148.24973	7499.0225	7148.991	8121.329	126.71288	8276.541	7952.8345	1000.0	1000.0	815000	616.12164	107.92191	710.77594	-68.54605	616.12134	107.92482	711.07904	-141.41916	-617.43414	38.58966	7168.674453020096
164	7521.2812	93.720505	7630.225	7396.219	8174.306	84.062065	8320.915	8008.744	1000.0	1000.0	820000	617.1152	106.228714	709.06946	-130.71112	617.1151	106.22826	712.119	-82.29164	-618.8998	35.97947	7216.681254386902
165	7548.9414	63.095867	7635.063	7460.5537	8302.234	82.78147	8423.85	8144.4863	1000.0	1000.0	825000	617.4745	106.191925	711.46545	-61.139378	617.4749	106.18903	713.44977	-47.4547	-618.8621	35.996582	7264.745258331299
166	7512.789	89.77731	7661.2773	7423.182	8226.14	71.78288	8350.044	8091.656	1000.0	1000.0	830000	617.63074	106.397896	710.65784	-85.86719	617.631	106.39673	711.4483	-80.607956	-618.9819	37.35572	7313.981779098511
167	7539.0806	90.94013	7600.218	7358.6514	8000.138	91.58358	8138.5215	7818.0044	1000.0	1000.0	835000	617.92114	107.00549	713.44543	-104.98173	617.9214	107.00518	713.93256	-108.26859	-619.5051	40.140087	7363.922853469849
168	7438.995	176.69267	7697.793	7229.1733	7974.6953	97.91678	8081.0923	7772.8145	1000.0	1000.0	840000	618.47437	106.49263	712.931	-127.45654	618.47485	106.49016	715.66376	-77.30503	-620.1487	38.12461	7412.080240011215
169	7467.2476	128.09193	7617.7065	7313.7896	8101.585	56.649136	8199.423	8010.0493	1000.0	1000.0	845000	618.78656	106.292946	713.57214	-94.017166	618.78656	106.29226	713.6577	-146.47256	-620.1979	37.29682	7461.652869462967
170	7506.5967	81.40444	7611.585	7410.97	8119.328	63.872234	8185.37	7995.5483	1000.0	1000.0	850000	619.26465	105.93417	713.5345	-107.854195	619.2644	105.93331	715.515	-119.08537	-620.9437	37.244926	7510.731051683426
171	7050.5303	699.47906	7549.369	5668.8896	7988.8735	121.32199	8186.5317	7753.689	1000.0	1000.0	855000	619.129	106.63884	712.91187	-154.91994	619.1295	106.63652	715.228	-152.2632	-620.6213	37.743313	7559.544126749039
172	7572.9287	172.34381	7800.713	7269.295	8190.1343	96.29014	8363.061	8047.4175	1000.0	1000.0	860000	619.54755	106.03976	713.1711	-132.95552	619.5473	106.03998	712.8519	-129.11499	-621.18036	36.86194	7609.045202970505
173	7538.043	99.58668	7694.297	7416.067	8202.138	57.146656	8319.906	8112.0684	1000.0	1000.0	865000	619.88086	105.28156	714.4764	-83.23805	619.8807	105.281265	714.3153	-80.46957	-621.3268	38.844204	7658.3162753582
174	7584.2383	111.69063	7716.657	7409.153	8322.144	81.31851	8504.844	8201.42	1000.0	1000.0	870000	620.10706	104.894714	713.83826	-90.19442	620.1074	104.892494	712.914	-102.56543	-621.4074	37.874607	7708.232539653778
175	7551.3154	93.722084	7672.588	7393.7485	8306.152	96.77266	8467.728	8156.348	1000.0	1000.0	875000	620.188	105.081604	713.3544	-86.975044	620.1879	105.08384	714.1692	-121.646866	-621.809	37.52158	7755.986431121826
176	7490.8765	93.76399	7589.9404	7344.814	8067.3643	101.03821	8277.43	7896.912	1000.0	1000.0	880000	620.38	104.580414	712.4486	-93.95174	620.3796	104.58104	712.3755	-85.72831	-621.6975	37.821617	7804.218294382095
177	7590.0713	147.63889	7863.455	7456.464	8394.014	111.821	8604.048	8244.019	1000.0	1000.0	885000	620.6607	104.17864	711.04193	-75.74218	620.6612	104.17789	713.09393	-101.5489	-622.1251	39.43457	7852.019397974014
178	7556.9478	35.701595	7597.2607	7496.3613	8430.0205	85.81406	8554.074	8283.802	1000.0	1000.0	890000	620.9119	104.0809	712.3467	-65.03937	620.91187	104.08111	712.60284	-49.529545	-622.542	38.138905	7901.114669799805
179	7639.729	165.49754	7918.1816	7472.268	8060.8765	83.72907	8233.545	7944.587	1000.0	1000.0	895000	621.29736	104.0711	716.27826	-114.43686	621.298	104.06907	716.7701	-109.08808	-622.8405	36.927795	7949.86155962944
180	7597.1772	119.250084	7729.5654	7431.678	7894.6655	967.7469	8381.987	5008.913	1000.0	1000.0	900000	621.47925	104.77295	716.7853	-117.84928	621.47864	104.77492	716.6807	-126.14837	-623.2496	37.624744	7997.179243564606
181	7518.8384	71.667	7642.247	7453.643	8224.173	117.12935	8467.8955	8077.2793	1000.0	1000.0	905000	621.9742	104.06009	713.2973	-145.1607	621.9749	104.056694	715.6099	-159.19325	-623.4375	37.340103	8045.716502666473
182	7448.471	114.96664	7626.1475	7310.2715	8317.176	105.718445	8455.275	8116.2197	1000.0	1000.0	910000	622.3462	103.91575	715.5597	-155.41711	622.3462	103.91502	714.09406	-132.57854	-623.9985	39.780262	8094.873044490814
183	7586.961	64.255554	7665.6216	7480.618	8442.135	60.230057	8538.61	8289.848	1000.0	1000.0	915000	622.52747	103.49764	714.80536	-115.93411	622.5275	103.49541	715.1639	-120.75102	-623.9319	40.19575	8143.591084718704
184	7536.6665	222.29596	7749.9893	7108.634	8025.677	96.30738	8201.64	7915.7573	1000.0	1000.0	920000	622.47736	103.13758	714.4124	-139.63826	622.4778	103.13641	716.8379	-132.9157	-623.90466	40.140774	8190.79131937027
185	7521.7485	71.81498	7611.699	7428.138	8226.65	100.04384	8388.103	7995.4595	1000.0	1000.0	925000	622.4171	102.93785	717.57367	-145.8077	622.4174	102.93662	716.00525	-100.89661	-624.1119	39.59338	8238.022486448288
186	7474.2	44.101418	7554.286	7419.3203	7781.426	105.30346	8044.0864	7640.8647	1000.0	1000.0	930000	622.7056	102.88391	716.7294	-80.3649	622.7058	102.88275	716.5243	-90.40192	-624.33344	40.081444	8286.589846611023
187	7510.823	73.489105	7600.9404	7402.798	8364.467	60.158478	8470.424	8280.682	1000.0	1000.0	935000	622.68396	103.2145	713.6923	-153.23389	622.6842	103.213615	713.99896	-117.36672	-624.18024	38.21589	8336.249727964401
188	7583.6914	174.67877	7691.986	7236.4565	8166.289	90.55961	8309.4375	7995.9624	1000.0	1000.0	940000	623.01575	103.25467	720.1044	-127.45007	623.01556	103.253525	716.0551	-115.82498	-624.4024	38.38736	8385.101882219315
189	7591.9062	186.02098	7834.6753	7307.318	8342.997	131.52101	8523.3955	8108.9155	1000.0	1000.0	945000	623.3297	103.018105	713.76624	-105.35457	623.33026	103.017	715.888	-149.08484	-624.8131	38.13516	8433.340808391571
190	7529.992	280.44495	7708.8926	6972.7114	8132.5977	67.97653	8231.345	8023.1626	1000.0	1000.0	950000	623.4537	102.66333	717.254	-113.845795	623.45374	102.664856	717.9244	-100.27151	-624.89795	42.737286	8481.736590147018
191	7575.0938	105.52323	7708.7686	7387.879	8030.901	160.84222	8334.4795	7798.899	1000.0	1000.0	955000	623.3903	103.45376	716.7139	-110.8686	623.3905	103.45191	716.699	-161.70985	-624.97174	42.144276	8531.024347782135
192	7586.707	118.91054	7703.0146	7378.2563	8005.5674	108.54613	8213.121	7858.2817	1000.0	1000.0	960000	623.7623	102.74028	715.02026	-114.419914	623.7625	102.73896	715.03326	-108.43829	-625.2629	39.642155	8579.118069410324
193	7536.5596	63.374657	7603.04	7415.732	8184.225	94.49339	8315.566	8069.148	1000.0	1000.0	965000	623.7674	102.89146	714.59564	-106.535545	623.76807	102.88777	716.0333	-113.671715	-625.1509	36.915276	8627.583230018616
194	7568.4834	106.43694	7749.0903	7458.0923	8362.6	126.46606	8628.224	8235.551	1000.0	1000.0	970000	624.31195	102.57849	717.20276	-115.737076	624.312	102.57701	715.3771	-104.64512	-625.8742	34.744343	8675.886091470718
195	7636.983	53.565346	7725.34	7565.926	8298.847	90.4455	8416.3125	8140.25	1000.0	1000.0	975000	624.91925	101.70329	719.4215	-91.40096	624.91943	101.70114	717.02014	-96.935234	-626.296	34.423756	8723.535148859024
196	7575.6265	94.04322	7711.2627	7434.598	8315.236	62.40055	8412.925	8206.818	1000.0	1000.0	980000	624.8749	102.95421	715.99915	-65.06187	624.875	102.953026	717.30524	-78.80024	-626.26544	35.154358	8771.94668507576
197	7526.3857	133.53558	7730.5786	7360.2744	8043.2734	94.96625	8174.344	7848.152	1000.0	1000.0	985000	625.5096	102.532906	717.6395	-120.57151	625.50977	102.53059	718.0179	-113.67714	-626.93134	36.90645	8820.204820632935
198	7513.6147	142.98424	7736.7466	7304.215	7358.675	1241.5564	7912.878	3643.6875	1000.0	1000.0	990000	626.0482	101.873436	715.47003	-78.32358	626.04803	101.873665	715.093	-92.12813	-627.2604	35.79854	8869.109410047531
199	7613.007	352.59775	7884.7	6973.0522	8285.38	128.5384	8445.435	7980.645	1000.0	1000.0	995000	625.9709	102.798676	718.3281	-93.05834	625.9708	102.79633	716.5972	-85.05541	-627.13293	36.66059	8917.829908132553
