Epoch	AverageEpRet	StdEpRet	MaxEpRet	MinEpRet	EpLen	AverageVVals	StdVVals	MaxVVals	MinVVals	TotalEnvInteracts	LossPi	LossV	DeltaLossPi	DeltaLossV	Entropy	KL	ClipFrac	StopIter	Time
0	-546.43506	128.17604	-420.79218	-723.65	1000.0	-0.051652383	0.5791607	1.9208531	-2.1418548	4000	5.185604e-09	3123.653	-0.0444246	-754.4219	5.5626016	0.015941162	0.19525	14.0	4.852494239807129
1	-550.6019	28.15235	-503.64383	-576.97253	1000.0	-11.223463	4.630214	7.617104	-14.926572	8000	7.2479246e-08	1916.3302	-0.018919498	-706.22595	5.4916244	0.01631684	0.22875	6.0	9.050719738006592
2	-497.38596	81.61077	-368.2191	-570.4013	1000.0	-21.466352	2.720521	4.7507443	-22.802948	12000	3.886223e-08	1121.661	-0.044048607	-236.28253	5.473949	0.016503952	0.19425	19.0	13.391391515731812
3	-507.07092	77.02914	-379.19537	-567.85114	1000.0	-26.461004	3.556379	20.483845	-27.75197	16000	-4.148483e-08	834.6225	-0.049231745	-164.435	5.450943	0.015833683	0.2365	27.0	18.061286449432373
4	-516.07495	59.698513	-450.6606	-611.4379	1000.0	-31.259274	1.375237	-1.8878182	-31.78176	20000	-4.4584276e-08	660.55505	-0.043296993	-92.08728	5.42382	0.016804274	0.20275	20.0	22.567970752716064
5	-451.47842	119.20137	-304.77493	-611.7107	1000.0	-34.840107	0.90066934	-21.109476	-35.10338	24000	4.9471853e-09	718.6044	-0.044187214	-132.51001	5.435577	0.015927283	0.20875	20.0	26.63498544692993
6	-576.5039	33.05644	-543.0247	-628.2503	1000.0	-35.86085	5.2723546	22.2115	-37.51248	28000	-3.8146974e-09	597.085	-0.013943769	-154.04361	5.4003882	0.018800015	0.25475	5.0	30.714081525802612
7	-491.34033	85.405716	-351.23193	-575.19354	1000.0	-40.89546	1.7864828	-1.3355187	-41.31818	32000	-1.692772e-08	318.64468	-0.04373549	-48.021515	5.442916	0.016583513	0.22125	21.0	35.01534676551819
8	-502.93536	76.716	-418.06516	-619.27716	1000.0	-36.451187	8.843748	23.02034	-42.908012	36000	-6.103516e-08	481.9524	-0.04178168	-105.50076	5.3881135	0.016791789	0.19275	18.0	39.5532500743866
9	-462.8265	121.27039	-278.09628	-618.6417	1000.0	-43.10398	4.9342985	29.29433	-44.326164	40000	1.6689301e-09	385.9234	-0.029235976	-66.60989	5.3980346	0.015744938	0.14975	12.0	43.95679593086243
10	-461.64832	107.997375	-341.784	-611.2933	1000.0	-36.24464	10.109698	18.506283	-45.30547	44000	4.529953e-09	523.5276	-0.038065862	-67.120636	5.3361874	0.015907278	0.169	17.0	48.98390436172485
11	-503.92917	172.60771	-278.28308	-740.28644	1000.0	-28.081327	28.172802	45.62411	-46.545124	48000	4.196167e-08	1925.3143	-0.04807794	-1287.7509	5.392861	0.01583736	0.24825	23.0	53.34606862068176
12	-556.3431	119.57592	-412.59525	-692.8	1000.0	-43.366837	5.976485	18.694904	-47.51901	52000	1.0490417e-08	462.05518	-0.045946162	-55.654175	5.386411	0.015926281	0.234	21.0	57.81838417053223
13	-498.41635	78.00826	-398.82425	-585.46643	1000.0	-45.166695	6.403585	15.002752	-49.56598	56000	-8.8214875e-09	317.45963	-0.022175893	-30.74701	5.3516855	0.0155503135	0.191	8.0	62.431021213531494
14	-523.7487	86.67726	-421.4707	-633.0737	1000.0	-46.46067	4.235998	-5.3716187	-49.618473	60000	-5.4359436e-08	302.7373	-0.038060907	-15.273132	5.3020506	0.015821133	0.17325	17.0	66.76729273796082
15	-501.5974	82.68975	-362.2366	-577.6576	1000.0	-46.911552	4.9386153	-7.6064205	-50.16397	64000	-4.768372e-10	253.73268	-0.042425714	-34.387238	5.3187537	0.016207637	0.2005	20.0	71.05049252510071
16	-447.80414	174.00052	-264.05017	-722.07434	1000.0	-41.250076	8.129533	1.4868755	-50.41793	68000	2.2411346e-08	636.123	-0.046065312	-78.60846	5.306204	0.015780503	0.21975	21.0	75.55690407752991
17	-515.7213	24.868362	-473.79276	-535.94604	1000.0	-39.99215	9.92752	1.0630243	-50.61071	72000	-1.8119811e-08	632.7805	-0.034427192	-98.63837	5.2089257	0.01622752	0.1735	13.0	79.9256808757782
18	-526.50464	93.11189	-385.09464	-644.18207	1000.0	-43.58809	16.671892	48.971703	-51.57779	76000	-4.5776368e-08	681.03436	-0.06596284	-342.767	5.2493205	0.015020971	0.3205	58.0	84.4541826248169
19	-561.09955	47.48082	-493.5733	-626.01215	1000.0	-48.095974	6.397322	12.775247	-52.071133	80000	3.0636787e-08	288.24628	-0.044624172	-32.33809	5.2469454	0.015739013	0.23125	19.0	88.6630744934082
20	-398.93716	97.59511	-270.76605	-540.7897	1000.0	-48.29592	6.742855	-1.3057848	-53.46282	84000	-3.862381e-08	560.0668	-0.053300507	-182.40903	5.2169094	0.015430842	0.26275	28.0	93.7462306022644
21	-433.78143	75.775826	-339.50763	-528.33636	1000.0	-42.436584	9.349737	4.489649	-52.284176	88000	-1.3113022e-08	212.0854	-0.038507707	-39.779465	5.187445	0.016738033	0.204	15.0	97.8481388092041
22	-396.92664	86.299446	-292.99094	-505.25958	1000.0	-34.452045	11.207793	6.6119795	-51.828197	92000	-1.34706495e-08	449.2695	-0.018181963	-53.85196	5.2074256	0.01848855	0.22375	6.0	102.11606168746948
23	-420.2702	62.09583	-326.45435	-499.2822	1000.0	-40.671787	9.259228	2.58634	-51.595554	96000	-1.525879e-08	232.26764	-0.053671658	-25.224731	5.115715	0.016046513	0.2865	25.0	106.62133502960205
24	-361.98953	134.34152	-185.39046	-544.3468	1000.0	-34.1403	9.647739	2.3924124	-51.02914	100000	3.1471252e-08	334.842	-0.03800765	-27.38852	5.135095	0.016754333	0.1805	15.0	111.15266156196594
25	-416.85028	38.59182	-359.33426	-463.64578	1000.0	-34.22122	10.019808	-0.2802583	-51.06967	104000	8.34465e-09	340.5734	-0.04301074	-46.583405	5.176942	0.015922029	0.21925	17.0	115.50930333137512
26	-382.73212	105.82361	-221.96434	-515.622	1000.0	-37.799156	7.819028	-2.0006235	-50.69581	108000	-2.9802322e-10	358.41806	-0.044687927	-37.837067	5.170777	0.016709086	0.21825	19.0	120.13613533973694
27	-429.9621	22.284784	-412.77008	-468.0177	1000.0	-30.337101	14.939844	34.9754	-49.184425	112000	7.867813e-09	627.99335	-0.04429499	-330.6178	5.1458106	0.015660081	0.2385	20.0	124.59245181083679
28	-483.66187	43.97964	-408.14145	-518.14044	1000.0	-41.17426	5.739298	-5.9701023	-51.315	116000	1.4305115e-09	225.20906	-0.019066893	-41.853058	5.1597347	0.01758293	0.1875	6.0	128.98652172088623
29	-392.52997	118.07229	-209.72554	-530.9217	1000.0	-41.601295	8.869866	-7.8637447	-52.19042	120000	-1.0967255e-08	334.23264	-0.01411098	-48.849426	5.090009	0.021238025	0.24725	5.0	133.37982535362244
30	-328.4493	130.65639	-200.9941	-504.99597	1000.0	-34.24961	11.576896	16.474586	-51.47214	124000	2.861023e-09	376.6312	-0.014657224	-65.13931	5.1659617	0.02100172	0.232	5.0	137.96976161003113
31	-425.4165	129.62016	-217.60777	-560.66473	1000.0	-31.125246	13.804395	26.167002	-51.088566	128000	-7.152557e-09	496.73755	-0.049742997	-229.69662	5.101912	0.015881116	0.2555	26.0	142.30577087402344
32	-421.14478	56.077896	-374.70508	-514.8438	1000.0	-37.11099	11.261181	12.25412	-52.144424	132000	-5.841255e-09	288.77377	-0.05707352	-59.56183	5.1415195	0.015636973	0.275	31.0	146.96259331703186
33	-396.5916	89.1014	-308.3773	-538.8687	1000.0	-37.366055	6.263829	-9.872072	-49.88729	136000	4.053116e-09	301.0699	-0.037995268	-32.519073	5.111894	0.015882984	0.20025	14.0	151.19121146202087
34	-269.94598	88.03378	-119.4313	-336.69763	1000.0	-34.353275	10.353079	15.14562	-50.158066	140000	1.525879e-08	368.3436	-0.019313512	-135.24637	5.114419	0.01670494	0.22925	6.0	155.80336570739746
35	-366.42566	59.2196	-289.52792	-454.34924	1000.0	-28.907263	13.649406	14.74338	-48.242905	144000	4.2915342e-09	305.07526	-0.045461282	-88.15613	5.089	0.01670322	0.22675	20.0	160.28223299980164
36	-431.3722	90.47793	-292.83636	-539.7245	1000.0	-34.21132	11.945374	11.977385	-50.94192	148000	5.2452087e-09	353.60724	-0.022965554	-68.41281	5.091542	0.015518545	0.207	8.0	164.58645606040955
37	-336.7411	92.297035	-217.38931	-474.14493	1000.0	-38.751553	9.7157755	6.314504	-51.118828	152000	-5.722046e-09	295.9455	-0.043096796	-88.3156	5.022122	0.016043497	0.21075	18.0	169.22387051582336
38	-343.80524	124.101456	-148.67676	-491.55927	1000.0	-33.096485	9.56626	4.9330826	-47.249165	156000	-1.9073487e-09	231.16966	-0.026314238	-66.22237	5.028873	0.016131116	0.1735	9.0	173.43786692619324
39	-351.31717	87.82895	-241.17305	-458.74463	1000.0	-30.845617	15.449275	22.035782	-51.17924	160000	-2.6226044e-09	244.42824	-0.04081679	-40.665863	4.997709	0.017370492	0.2195	16.0	177.83973264694214
40	-255.5777	99.15868	-188.70474	-426.95358	1000.0	-26.502337	12.227321	3.1972556	-49.74352	164000	-4.887581e-09	244.6771	-0.040296096	-42.81978	4.956571	0.015682137	0.2015	17.0	182.48176884651184
41	-344.7246	67.72425	-266.77866	-447.10876	1000.0	-28.658775	13.263983	11.943845	-48.447285	168000	2.2172928e-08	354.1804	-0.051299796	-59.196014	4.989835	0.016429897	0.2415	25.0	186.88769626617432
42	-314.6006	105.658005	-165.26251	-461.20282	1000.0	-29.445461	9.541767	23.221752	-45.90779	172000	-5.4836273e-09	275.1113	-0.040656917	-30.946564	4.93634	0.015426268	0.1935	16.0	191.1018192768097
43	-358.4536	49.74845	-274.0183	-402.45877	1000.0	-35.981453	10.801113	-0.06793767	-48.63291	176000	6.556511e-09	169.64993	-0.042462703	-19.386368	4.9326534	0.015607136	0.23275	18.0	195.66321182250977
44	-347.20523	119.36062	-204.07372	-481.816	1000.0	-29.08136	13.051214	30.12442	-47.436455	180000	-9.179115e-09	219.49472	-0.04434365	-43.289124	4.902816	0.015961383	0.21	20.0	200.04633927345276
45	-426.08997	16.361652	-409.5244	-450.96417	1000.0	-35.78653	12.207985	-5.3004723	-51.620655	184000	-2.503395e-09	252.94087	-0.015070747	-74.684616	4.8788476	0.018279377	0.1985	5.0	204.4759979248047
46	-307.37396	110.9805	-147.85008	-419.1812	1000.0	-38.27893	6.532184	-9.755769	-48.08193	188000	1.513958e-08	378.32404	-0.01389044	-127.06337	4.8483076	0.015452737	0.24175	5.0	208.69648361206055
47	-311.59024	131.37389	-124.38638	-457.86887	1000.0	-29.021864	9.857581	4.455398	-44.212627	192000	-4.053116e-09	233.55244	-0.014274811	-49.118256	4.8492675	0.021305634	0.25775	5.0	212.89013171195984
48	-282.31537	47.614838	-227.46985	-346.17065	1000.0	-23.770107	11.526625	10.84817	-47.03508	196000	-3.0994416e-09	277.9796	-0.046109706	-60.147736	4.8457646	0.01628794	0.216	22.0	217.2544720172882
49	-231.29431	78.72462	-116.88226	-338.22733	1000.0	-25.5181	7.043401	4.7258883	-44.175983	200000	-1.001358e-08	211.54475	-0.047193296	-41.96367	4.898713	0.01555048	0.23475	23.0	221.86333775520325
50	-297.59534	125.12167	-82.33141	-392.64502	1000.0	-26.996593	9.03268	3.7627425	-42.286983	204000	2.002716e-08	215.86737	-0.051389553	-31.361053	4.8572297	0.015604742	0.247	25.0	226.8608260154724
51	-316.96283	95.09547	-201.08005	-440.314	1000.0	-28.977665	12.632956	3.5568366	-47.15247	208000	6.198883e-09	163.46368	-0.014354716	-13.691528	4.766952	0.02125059	0.25825	4.0	231.19605088233948
52	-210.39163	88.53011	-106.250885	-322.85583	1000.0	-20.649715	10.6973915	9.214285	-44.93923	212000	-8.3446505e-10	185.06036	-0.044893637	-24.447632	4.825951	0.016318401	0.2265	20.0	235.49362874031067
53	-208.44243	103.82353	-96.00703	-378.2198	1000.0	-18.52462	11.31227	17.715565	-45.700336	216000	-2.1457671e-09	236.9471	-0.013886879	-25.866714	4.810098	0.018341767	0.2045	5.0	239.72014379501343
54	-219.05736	106.23818	-120.99809	-383.45056	1000.0	-22.603657	13.1013565	9.832907	-47.61596	220000	-1.26361845e-08	204.20178	-0.022072617	-32.187042	4.7665615	0.0155493235	0.18425	7.0	244.00794100761414
55	-227.76942	56.50733	-135.69012	-283.82404	1000.0	-24.72236	12.037641	4.1007304	-43.847336	224000	-5.722046e-09	281.08508	-0.043845937	-60.61728	4.7775903	0.015751006	0.21125	19.0	248.42989945411682
56	-244.92361	99.52587	-96.23275	-375.98575	1000.0	-23.862745	16.78001	24.267838	-46.637543	228000	-1.2874604e-08	264.3691	-0.055318356	-37.23555	4.7494655	0.016254086	0.26525	27.0	252.97466206550598
57	-205.12448	118.875244	-62.917587	-390.51196	1000.0	-17.940176	12.870347	11.389699	-47.69818	232000	-1.4305115e-09	211.28331	-0.044679035	-29.822968	4.780036	0.015688708	0.2125	20.0	257.261536359787
58	-274.3031	178.00385	13.438473	-471.86218	1000.0	-26.7002	14.691952	11.633138	-47.197853	236000	1.0490417e-08	279.7787	-0.022239873	-91.76672	4.7659984	0.01635392	0.18825	7.0	261.582239151001
59	-216.75793	175.69577	1.0624063	-430.26736	1000.0	-19.597382	21.191761	34.856956	-50.366863	240000	-2.4795533e-08	284.6656	-0.01599796	-62.843124	4.7296524	0.018611558	0.25675	5.0	265.89440751075745
60	-197.59787	118.6834	-49.439953	-380.54608	1000.0	-20.141726	17.668394	31.05914	-47.38147	244000	-7.629395e-09	220.07353	-0.044709247	-38.53897	4.704912	0.01688318	0.221	19.0	270.43231868743896
61	-217.55621	96.83963	-115.02297	-362.12308	1000.0	-19.639618	14.071786	20.887423	-43.96074	248000	7.1525574e-10	254.84436	-0.01387198	-29.725891	4.695183	0.016289432	0.2305	5.0	274.72696590423584
62	-207.40079	113.16456	-52.32778	-371.02072	1000.0	-19.599323	15.281215	25.263552	-44.629185	252000	1.07288365e-08	200.39996	-0.011757909	-34.47313	4.690532	0.018389434	0.22875	4.0	279.1782810688019
63	-226.13995	33.133007	-169.67203	-253.8668	1000.0	-20.108213	16.535828	19.624285	-45.202507	256000	7.152557e-09	237.67268	-0.049199097	-34.639755	4.669797	0.015972108	0.242	23.0	283.7338533401489
64	-277.96475	103.34207	-108.15189	-384.19687	1000.0	-28.49467	14.412093	18.967562	-46.477463	260000	-2.861023e-09	146.09953	-0.021767637	-23.507881	4.6820955	0.016572708	0.21275	7.0	287.80519676208496
65	-285.1387	62.64992	-216.119	-348.13998	1000.0	-24.546312	16.51532	16.988253	-44.55451	264000	-8.5830685e-09	207.39084	-0.054848414	-46.298264	4.633258	0.015982531	0.27825	26.0	292.31850004196167
66	-197.86652	229.01128	54.62752	-453.36377	1000.0	-23.190042	14.397194	16.151693	-43.825764	268000	-3.4570693e-09	251.31313	-0.042642374	-100.8264	4.6752763	0.017097183	0.21375	19.0	296.63951420783997
67	-212.82933	164.00914	12.76266	-430.71695	1000.0	-22.233036	20.899994	27.11017	-48.392113	272000	1.3589859e-08	186.2902	-0.054637697	-45.547745	4.6031723	0.015796278	0.27325	32.0	301.15657591819763
68	-240.70444	153.09169	24.065102	-340.7608	1000.0	-22.862654	16.28512	18.01077	-42.670452	276000	-5.722046e-09	160.42883	-0.015408012	-20.86113	4.6593504	0.01835226	0.238	5.0	305.8447096347809
69	-151.57004	188.28395	1.0000006	-462.81213	1000.0	-11.117853	16.023148	20.001148	-46.40959	280000	-2.4795533e-08	270.9713	-0.049633138	-51.601807	4.5856953	0.015869534	0.25625	23.0	310.486780166626
70	-351.05518	98.06566	-181.78763	-414.53638	1000.0	-31.986006	18.985296	24.66015	-51.01122	284000	-8.8214875e-09	274.89224	-0.04288583	-104.42218	4.614063	0.01548156	0.22825	18.0	315.37490701675415
71	-158.55424	129.50987	-27.606728	-364.7964	1000.0	-24.183	13.218952	27.191067	-45.41094	288000	7.629395e-09	402.27475	-0.049220048	-135.28159	4.5437	0.016577115	0.24575	23.0	319.9603273868561
72	-150.05467	113.009	-46.376297	-341.14127	1000.0	-12.948463	15.214356	26.056078	-45.471775	292000	7.510185e-09	204.45734	-0.042193137	-41.307114	4.5121737	0.016276563	0.209	17.0	324.7650189399719
73	-156.21902	116.60745	0.9852183	-286.75696	1000.0	-10.840552	16.816656	39.333298	-44.32243	296000	-6.437302e-09	662.6366	-0.017403537	-384.9019	4.5064874	0.017098002	0.23125	5.0	329.110622882843
74	-97.70957	175.66298	46.206024	-395.31708	1000.0	-13.708015	10.372688	14.591685	-39.396164	300000	-8.3446505e-10	340.03735	-0.02159285	-150.3757	4.5472536	0.016282879	0.19625	7.0	333.32960391044617
75	-20.481724	75.58861	82.91234	-112.08852	1000.0	-2.8595824	7.8440876	24.711033	-34.263447	304000	-2.861023e-09	222.8631	-0.04543719	-37.302505	4.4732203	0.015891327	0.24225	21.0	337.7464919090271
76	-115.478195	159.32956	17.958857	-386.29333	1000.0	-9.991999	17.133066	28.11995	-46.11824	308000	-9.536744e-10	239.2264	-0.019010998	-29.924515	4.4969645	0.017856337	0.203	6.0	341.92447805404663
77	-75.275536	88.99016	6.8850627	-220.06517	1000.0	-3.7971504	12.607478	38.563107	-44.9243	312000	8.8214875e-09	421.92618	-0.017264262	-88.37286	4.4617476	0.016270164	0.18175	6.0	346.3612735271454
78	26.867332	68.24172	134.39319	-41.020176	1000.0	-3.4475067	7.7679787	24.262346	-34.61145	316000	1.5497207e-08	277.7742	-0.015614764	-80.68706	4.488076	0.0130900955	0.199	5.0	350.8270511627197
79	-280.5075	169.54947	-53.819866	-531.80945	1000.0	-11.310273	17.971638	35.94963	-43.248283	320000	-1.0967255e-08	829.5366	-0.055271093	-590.32935	4.510745	0.01577257	0.2865	28.0	355.5166115760803
80	-72.82364	226.22183	175.9308	-437.79752	1000.0	-13.4642315	14.576035	20.21105	-47.044537	324000	-2.7894973e-08	446.55444	-0.04055266	-132.7933	4.4666114	0.016046278	0.164	15.0	360.45849537849426
81	-171.27567	118.425156	-20.501997	-328.92477	1000.0	-11.608409	21.285273	31.677195	-51.926945	328000	1.0728836e-09	311.6193	-0.02022871	-96.7095	4.5106673	0.01605816	0.2445	7.0	364.66473293304443
82	-148.4815	159.53775	60.610695	-374.95804	1000.0	-23.156921	19.357372	24.852003	-51.104584	332000	7.390976e-09	321.45688	-0.013907978	-127.86832	4.4667373	0.01957767	0.2265	4.0	369.0589563846588
83	16.722149	55.577885	97.53458	-59.31526	1000.0	1.1795206	8.673483	23.357332	-42.4688	336000	6.198883e-09	287.407	-0.046729453	-45.854553	4.491428	0.01593821	0.227	21.0	373.5792226791382
84	-162.04283	165.09695	60.54967	-375.225	1000.0	-9.9967165	17.50138	30.428787	-43.041733	340000	-4.053116e-09	285.19705	-0.023134384	-77.62492	4.4266877	0.015469871	0.20275	7.0	377.934960603714
85	-263.6172	165.21921	-16.73544	-482.1028	1000.0	-20.683672	16.243317	24.399326	-45.350594	344000	-4.029274e-08	413.09106	-0.042835202	-159.6479	4.4749627	0.016517552	0.2285	17.0	382.2706890106201
86	-122.27503	129.1227	47.465897	-307.47485	1000.0	-19.16679	21.88562	27.56748	-52.58738	348000	-5.4836273e-09	339.77213	-0.016306747	-104.44328	4.4248767	0.015323372	0.179	5.0	386.27574920654297
87	-162.06444	101.56647	-56.42838	-325.58237	1000.0	-10.293808	19.618137	25.023726	-51.621986	352000	-1.45435335e-08	350.7887	-0.05242437	-101.56535	4.4156013	0.015242683	0.27025	26.0	390.7091190814972
88	-195.96835	264.4661	143.66873	-519.35266	1000.0	-17.539907	14.960366	17.108284	-48.908295	356000	-5.2452087e-09	388.32526	-0.019654837	-181.85966	4.3669033	0.016253417	0.193	6.0	395.2736003398895
89	51.636253	115.55165	197.89018	-124.50105	1000.0	-1.7432561	18.920479	28.297012	-53.71376	360000	5.00679e-09	302.20557	-0.016114514	-68.9368	4.414383	0.018447189	0.19925	5.0	399.5962378978729
90	-3.5046797	23.444849	31.843231	-29.915182	1000.0	4.9715605	16.953398	34.262356	-52.226784	364000	4.768372e-10	581.98785	-0.0152973505	-155.90305	4.4190683	0.014741745	0.178	5.0	404.79730463027954
91	-14.781967	190.37163	165.91718	-334.5878	1000.0	-5.80152	19.023024	34.655113	-47.612495	368000	1.4781952e-08	342.5933	-0.045497794	-96.58705	4.369795	0.016708959	0.227	20.0	409.0770990848541
92	147.87395	49.527966	201.44225	67.010925	1000.0	8.67694	8.539595	31.354208	-32.054737	372000	1.26361845e-08	396.86835	-0.044650897	-74.98157	4.3979864	0.016195145	0.219	18.0	413.0071744918823
93	-25.053322	261.5853	220.60521	-460.65747	1000.0	0.26444042	23.135986	42.09878	-51.617233	376000	8.8214875e-09	328.53192	-0.046640046	-83.240326	4.377884	0.016549028	0.235	19.0	417.56816267967224
94	38.01437	163.68486	215.53772	-229.45522	1000.0	7.2883654	10.944975	31.618666	-32.27027	380000	-3.2901763e-08	454.68515	-0.04418098	-165.91672	4.4102263	0.015293575	0.23675	18.0	421.8102831840515
95	45.504673	113.47617	185.8299	-113.27699	1000.0	3.3210888	16.253454	39.09443	-51.5369	384000	-3.004074e-08	263.63168	-0.018339228	-47.80359	4.297907	0.015611715	0.21625	6.0	425.927615404129
96	-77.60295	301.42572	226.4704	-553.76196	1000.0	-4.9877887	22.119003	27.184797	-54.39616	388000	-6.0796737e-09	438.75668	-0.045533694	-89.9906	4.3270535	0.015861364	0.24125	21.0	430.23023867607117
97	-13.117786	244.76636	248.5501	-358.85526	1000.0	-7.8164062	28.806414	35.371105	-60.85205	392000	2.6226044e-08	591.5087	-0.052206367	-109.46341	4.3007784	0.015586846	0.2705	24.0	434.6306824684143
98	14.499344	201.00513	173.09187	-325.98636	1000.0	4.1084647	24.180794	42.261856	-57.841724	396000	4.7683715e-09	497.62912	-0.018128304	-106.743195	4.258381	0.017392505	0.239	5.0	438.92726588249207
99	72.09118	203.82689	290.21924	-261.2722	1000.0	4.5534873	15.783555	37.40099	-39.632313	400000	3.552437e-08	320.06995	-0.050787583	-139.2351	4.1851254	0.015955763	0.24825	23.0	443.36749958992004
100	135.871	90.55283	246.09721	12.27901	1000.0	13.796607	12.792153	41.6564	-48.638115	404000	4.529953e-09	312.0733	-0.04733781	-55.7435	4.2356553	0.015534311	0.24	21.0	448.1669063568115
101	-133.51392	261.27972	111.16342	-557.00616	1000.0	-8.010989	28.938608	40.72575	-57.18699	408000	-1.1920929e-08	549.27814	-0.022230247	-145.16492	4.2525325	0.016751636	0.2275	7.0	452.4623005390167
102	78.140854	120.13877	219.75572	-91.635635	1000.0	6.099933	15.987528	31.447882	-57.261726	412000	4.887581e-09	367.45956	-0.05042702	-81.752014	4.2508	0.01647876	0.2405	22.0	456.8454518318176
103	207.63545	44.48127	246.47961	132.2844	1000.0	10.629661	9.532052	33.518894	-36.43111	416000	6.6757204e-09	326.30786	-0.017207332	-115.21988	4.210015	0.01742886	0.226	6.0	460.9570264816284
104	137.44724	80.87081	251.71106	24.842894	1000.0	18.155106	8.333983	44.503498	-20.955135	420000	3.576279e-08	385.271	-0.015328179	-92.0264	4.2043743	0.01692738	0.20275	5.0	465.3447289466858
105	194.66612	55.266537	287.99957	145.49834	1000.0	13.038779	9.41779	44.456932	-38.396152	424000	5.722046e-09	291.77557	-0.014788455	-76.99208	4.2321815	0.017502062	0.218	5.0	469.8077971935272
106	-123.92325	292.89966	167.05878	-596.8888	1000.0	2.8638797	22.482075	41.179005	-48.398834	428000	-1.859665e-08	758.78125	-0.011384971	-393.71106	4.1840715	0.01748817	0.2375	4.0	474.3018252849579
107	14.037748	192.14809	206.4989	-304.93762	1000.0	-1.5722337	21.985855	36.36794	-52.135143	432000	2.1457673e-08	306.97537	-0.045523766	-83.32127	4.2236495	0.015774636	0.24025	17.0	478.84722876548767
108	-117.95192	376.27426	249.59454	-666.8525	1000.0	-9.400157	29.152645	30.57864	-59.875423	436000	5.722046e-09	466.2938	-0.047200035	-126.08884	4.1396737	0.016010273	0.24975	22.0	483.2147636413574
109	286.99124	48.860676	345.5717	210.04146	1000.0	14.286169	10.251301	37.75239	-45.471355	440000	-9.536743e-09	427.87402	-0.0507967	-172.43858	4.1410913	0.016638298	0.27475	24.0	487.739794254303
110	192.61282	250.60146	416.74088	-229.32372	1000.0	17.1048	20.083778	46.45739	-53.6372	444000	-5.2452087e-09	401.4963	-0.01552678	-130.823	4.1176486	0.019137165	0.231	5.0	492.7074384689331
111	201.08646	82.04904	328.2986	123.44259	1000.0	24.551277	8.732269	50.793777	-39.960365	448000	-9.536743e-09	365.1507	-0.017117433	-90.434235	4.1209955	0.01693367	0.23725	5.0	497.1758437156677
112	-102.522064	371.84772	315.6598	-689.17706	1000.0	2.793676	27.649025	44.11534	-60.813538	452000	7.599592e-09	823.8663	-0.04877474	-268.3098	4.107296	0.015436394	0.2895	21.0	501.79819560050964
113	130.90692	82.9599	221.45476	44.998535	1000.0	5.1893644	16.27732	36.388863	-61.47355	456000	9.536744e-10	502.44058	-0.06558965	-128.5867	4.0945883	0.015470398	0.2965	40.0	506.2410318851471
114	214.60393	22.551783	243.12146	185.50505	1000.0	13.998854	8.78723	45.1889	-41.615494	460000	3.8146974e-09	254.83678	-0.044342197	-84.49945	4.1214933	0.015810637	0.238	18.0	510.769912481308
115	-39.017876	357.12448	201.16519	-655.99835	1000.0	5.781786	25.359726	43.253498	-56.431072	464000	-1.001358e-08	469.57382	-0.048089985	-195.18814	4.1189666	0.015846925	0.2735	22.0	515.4469482898712
116	-12.010883	236.13037	224.87595	-343.86102	1000.0	1.6730684	26.924442	38.690735	-64.619255	468000	1.4781952e-08	290.39447	-0.049911525	-77.82968	4.0856524	0.015895706	0.261	22.0	519.6982364654541
117	237.02762	38.20607	284.64667	192.50665	1000.0	14.414332	6.186558	32.127552	-36.764206	472000	-7.1525574e-10	396.15714	-0.049017966	-97.58545	4.066423	0.015715875	0.26975	23.0	524.2208559513092
118	241.92068	117.33047	392.12955	79.45521	1000.0	21.16834	8.168931	45.54825	-32.372547	476000	-3.1471252e-08	282.6463	-0.041656848	-34.270737	4.098211	0.016147308	0.21675	17.0	528.3870265483856
119	156.87857	280.1038	373.9436	-319.20358	1000.0	9.964315	25.55027	48.13974	-54.517685	480000	-9.298325e-09	255.65948	-0.047934562	-72.439865	4.025913	0.01593009	0.27325	20.0	532.9909708499908
120	104.07043	280.42847	357.96912	-370.80142	1000.0	17.008167	28.611486	50.699116	-63.888695	484000	-5.9604646e-09	553.7401	-0.044883683	-152.96704	4.029832	0.01539636	0.2485	21.0	538.1385662555695
121	159.9439	198.67651	318.96103	-170.88762	1000.0	10.9018955	23.116209	40.244343	-65.87362	488000	2.4914742e-08	442.7721	-0.03642534	-79.21466	4.0096555	0.015770731	0.19575	14.0	542.664445400238
122	68.71434	306.59967	336.757	-451.0967	1000.0	13.069512	21.900446	48.82023	-48.622368	492000	1.7523766e-08	513.4727	-0.044592317	-286.6874	4.0257134	0.016718818	0.203	17.0	547.0183162689209
123	257.56586	159.5243	489.0203	93.59534	1000.0	18.384495	20.509634	47.329556	-61.430557	496000	-1.9073486e-08	482.3082	-0.04370383	-104.451385	3.991969	0.01617781	0.23225	17.0	551.5243947505951
124	221.50089	134.12221	329.5407	-6.6672335	1000.0	21.020153	20.075119	54.119175	-49.034664	500000	-4.768372e-10	359.9848	-0.016713867	-63.308502	3.9674156	0.019352047	0.2425	5.0	555.872043132782
125	283.9502	98.893326	444.6109	179.11557	1000.0	22.24896	12.610864	46.31088	-41.972595	504000	-9.536743e-09	460.96518	-0.013444935	-70.64029	3.9653795	0.018225217	0.2055	4.0	560.195216178894
126	109.17315	256.76746	425.32117	-154.63982	1000.0	14.101398	27.836842	56.437065	-52.221233	508000	3.4809112e-08	695.43713	-0.039208025	-151.27112	3.9413228	0.016268559	0.214	14.0	564.5275576114655
127	187.73355	195.14684	311.8609	-150.04906	1000.0	16.654842	20.98069	52.888626	-42.512135	512000	-2.336502e-08	301.84186	-0.04930527	-96.84494	3.9365764	0.01611932	0.26425	22.0	569.2470605373383
128	77.9335	301.7861	310.79807	-440.78934	1000.0	9.920898	29.110144	48.15735	-55.167255	516000	-1.3589859e-08	381.49957	-0.05779301	-72.788666	3.9348762	0.015313745	0.298	32.0	573.440336227417
129	269.68567	9.42666	285.17984	259.7552	1000.0	22.674809	8.010396	43.468796	-33.351482	520000	-7.629395e-09	278.81116	-0.017510094	-56.293594	3.9251022	0.018384118	0.21975	5.0	577.8009355068207
130	202.55779	182.86404	389.7754	-74.20457	1000.0	15.035678	25.786095	49.281513	-59.708443	524000	4.7683715e-09	442.51837	-0.03270422	-69.55838	3.9327486	0.016710863	0.2135	12.0	582.7421069145203
131	210.57323	238.3329	399.6551	-191.34772	1000.0	18.235987	26.703804	57.489502	-52.54049	528000	5.2452087e-09	405.62793	-0.036736738	-54.627502	3.9075596	0.016368648	0.218	14.0	587.1646747589111
132	206.03604	277.25128	469.33884	-258.01804	1000.0	21.726803	24.70122	60.41157	-62.5224	532000	-6.6757204e-09	780.1288	-0.03685732	-175.30182	3.8761895	0.016531562	0.19525	13.0	591.7492859363556
133	51.004227	289.46616	322.3031	-432.18405	1000.0	5.6837387	36.206497	59.89407	-70.92697	536000	-2.4795533e-08	628.5342	-0.044536263	-152.05719	3.9101844	0.017091926	0.23775	17.0	596.2429728507996
134	206.41571	290.28143	485.52917	-278.18207	1000.0	15.460332	23.718552	51.58189	-57.155796	540000	-9.298325e-09	602.4134	-0.038299527	-128.09836	3.8904443	0.01636665	0.189	15.0	600.6668403148651
135	263.53534	62.723717	314.8501	157.59514	1000.0	26.438278	16.39137	67.25602	-55.58047	544000	2.0503998e-08	508.82645	-0.06389815	-119.32062	3.8737602	0.0153678795	0.31475	37.0	604.7855589389801
136	140.57666	370.3942	379.26416	-500.16623	1000.0	13.103223	28.802568	57.43317	-61.57406	548000	-1.502037e-08	474.035	-0.03917508	-169.67398	3.8388135	0.018669505	0.22025	13.0	609.4662799835205
137	299.88403	115.46471	460.6932	179.04442	1000.0	30.380869	8.177614	54.345757	-43.595196	552000	2.2649764e-09	458.61456	-0.053686872	-90.79062	3.8654792	0.015272402	0.29025	26.0	613.8297004699707
138	419.9403	62.639553	520.0761	362.5597	1000.0	28.80621	9.856195	59.142384	-32.159462	556000	-3.8743018e-08	437.69046	-0.016999576	-161.30585	3.8452432	0.020110603	0.276	5.0	618.202835559845
139	13.737831	328.33856	492.4572	-327.85443	1000.0	14.371822	32.356697	59.29472	-49.84815	560000	1.66893e-08	715.6016	-0.016703865	-297.45236	3.810148	0.017463323	0.18775	5.0	622.7727975845337
140	336.83453	73.67556	446.06018	238.25885	1000.0	27.077175	10.806042	59.74207	-27.302395	564000	1.7642975e-08	408.00473	-0.05350111	-101.93051	3.8183882	0.015364168	0.2955	26.0	627.9349901676178
141	188.86966	302.54175	467.7154	-321.97986	1000.0	19.440477	27.072208	55.32218	-47.315018	568000	1.9073487e-09	318.98557	-0.04443914	-77.4563	3.7708018	0.015516699	0.26225	18.0	632.2237191200256
142	-14.940796	456.24542	453.42276	-584.03357	1000.0	-0.2906416	38.34606	53.34232	-66.63479	572000	-2.5868415e-08	561.6919	-0.049399544	-125.95615	3.7681284	0.016424466	0.2675	20.0	636.6655113697052
143	200.21869	183.21928	333.877	-112.95722	1000.0	18.702694	26.248941	58.225903	-50.521873	576000	-3.8146974e-09	357.08163	-0.041185006	-78.38382	3.7644777	0.01621323	0.24475	15.0	641.4186432361603
144	-82.442955	497.70346	420.65054	-663.28687	1000.0	-11.156643	41.023335	47.52497	-73.14276	580000	-2.157688e-08	374.76	-0.037132166	-96.42917	3.7694118	0.0154311415	0.19925	14.0	645.7468791007996
145	372.97144	102.121605	538.7403	275.5213	1000.0	35.90644	9.497353	61.288315	-28.428083	584000	-3.1471252e-08	465.37982	-0.04443678	-85.887085	3.6962376	0.016646503	0.25475	18.0	650.2354815006256
146	135.11194	301.8116	343.5232	-386.33206	1000.0	16.596388	33.95584	68.10348	-57.366894	588000	-1.0490417e-08	474.64526	-0.047521953	-94.6662	3.6690104	0.017311761	0.2655	20.0	654.5645039081573
147	358.1995	76.53441	413.63272	226.68509	1000.0	28.44152	9.627306	62.468216	-29.088781	592000	-1.4066696e-08	477.7968	-0.036919057	-88.93674	3.6859524	0.016108943	0.18975	14.0	658.8323864936829
148	245.28471	268.67792	487.51736	-203.96646	1000.0	23.191566	27.936758	67.17455	-70.20101	596000	2.1100044e-08	924.4186	-0.014394385	-209.68097	3.7179794	0.01553345	0.2255	4.0	662.9964461326599
149	239.23389	157.58838	393.8485	0.3307809	1000.0	22.052696	29.369768	66.15434	-70.852394	600000	-7.629395e-09	558.2136	-0.044777956	-101.457	3.667069	0.017478798	0.25775	19.0	667.5369608402252
150	397.6013	83.45844	511.43982	298.89633	1000.0	31.006128	11.930281	61.149918	-45.924423	604000	-1.3351441e-08	618.7838	-0.04565378	-130.21399	3.6733992	0.01621793	0.25825	19.0	672.8471524715424
151	357.14963	131.44714	524.541	158.60269	1000.0	36.202686	12.254701	71.74142	-45.67907	608000	-4.529953e-09	429.58148	-0.017618157	-89.305664	3.6278956	0.016910454	0.226	5.0	677.0272850990295
152	351.03424	45.22131	410.77557	301.26093	1000.0	33.180664	7.8579297	58.91006	-24.019958	612000	2.6941299e-08	209.63815	-0.037713446	-42.50569	3.6634426	0.016439255	0.22175	14.0	681.4032554626465
153	390.94724	43.126114	449.884	338.63287	1000.0	31.43475	12.015274	55.127003	-52.504158	616000	-1.0967255e-08	323.52338	-0.049850944	-70.33203	3.602826	0.014916509	0.29075	21.0	685.5242564678192
154	469.3838	51.17179	526.6602	391.31363	1000.0	37.734066	6.480833	59.165596	-4.099571	620000	2.4318695e-08	563.1797	-0.0434585	-120.80606	3.5478022	0.016086949	0.2215	17.0	689.7107548713684
155	369.6275	42.285725	440.0804	327.2748	1000.0	41.737656	11.038774	71.731865	-24.618614	624000	1.2397766e-08	405.80334	-0.016748182	-103.36148	3.5949016	0.015793221	0.2045	5.0	694.2587966918945
156	382.14966	51.84874	447.67722	321.87198	1000.0	35.25978	9.251318	62.800278	-26.847685	628000	3.9100648e-08	392.03165	-0.0525381	-56.863007	3.534818	0.01550741	0.27075	27.0	699.0258424282074
157	243.19809	239.59949	444.8316	-165.26451	1000.0	23.557234	25.235624	64.819	-54.42712	632000	-2.5510788e-08	590.7092	-0.06084474	-141.16025	3.5512168	0.015327461	0.317	30.0	703.6028325557709
158	148.02762	427.1575	402.72003	-591.7811	1000.0	15.95131	34.19689	60.3531	-66.09707	636000	-7.1525574e-10	624.46234	-0.019123731	-137.65408	3.4905376	0.015628496	0.18475	5.0	707.7796351909637
159	10.054588	495.4716	536.55945	-554.925	1000.0	-3.9794354	47.263657	61.350224	-77.0797	640000	9.059906e-09	634.6368	-0.039238766	-108.709045	3.4698453	0.016441096	0.2165	15.0	712.2655153274536
160	248.99567	347.7023	518.8076	-343.76324	1000.0	20.743353	35.614906	59.423016	-71.4403	644000	9.775162e-09	470.00317	-0.03464354	-90.1788	3.5032248	0.016109215	0.21375	12.0	717.179071187973
161	459.18896	42.860752	524.2817	407.62595	1000.0	37.548027	9.5537195	59.232758	-32.033157	648000	-1.0728836e-09	374.66336	-0.01289325	-94.01779	3.5200655	0.022085698	0.2875	4.0	721.4624943733215
162	352.63828	172.11731	583.37164	106.75138	1000.0	38.512928	17.083975	64.4668	-63.22834	652000	-5.2452087e-09	715.2082	-0.03679651	-149.96545	3.4808097	0.015577182	0.24225	14.0	725.7614276409149
163	489.2376	137.86227	608.7845	262.22226	1000.0	35.932438	10.54398	67.445816	-28.0284	656000	-1.0490417e-08	612.7289	-0.057067417	-152.43182	3.4097805	0.015269676	0.2815	28.0	730.0733897686005
164	504.64355	64.959526	580.51666	430.43234	1000.0	43.873306	12.507961	72.011375	-36.09808	660000	1.525879e-08	560.3544	-0.04877027	-115.4483	3.3978364	0.014791523	0.26175	20.0	734.2655711174011
165	333.6294	162.03296	587.5633	146.02988	1000.0	43.260975	19.267517	73.3263	-58.50513	664000	4.768372e-10	1066.1884	-0.018545683	-310.31677	3.4440875	0.014798424	0.24225	5.0	738.6811270713806
166	632.3234	54.70894	717.9787	583.09436	1000.0	39.02433	11.615327	70.50333	-21.647022	668000	1.001358e-08	846.70636	-0.027612772	-455.91226	3.4194732	0.01726818	0.22775	9.0	743.0119972229004
167	283.93423	47.622105	328.07678	205.32367	1000.0	43.724556	29.933681	79.09953	-67.28259	672000	1.9311905e-08	1125.3901	-0.047849104	-582.01276	3.4237828	0.016453626	0.3	20.0	747.6638169288635
168	347.58682	138.7614	533.6485	195.42606	1000.0	38.579487	12.5714655	69.76676	-36.297928	676000	-3.242493e-08	599.2431	-0.052176706	-123.73825	3.3895063	0.015303598	0.2775	24.0	751.9534749984741
169	46.536247	439.4758	528.9509	-527.13116	1000.0	9.492881	33.367733	61.555912	-62.382298	680000	1.2993812e-08	710.1783	-0.05562539	-187.74243	3.3629956	0.015331078	0.3015	24.0	756.4049067497253
170	-40.741417	517.34155	484.47614	-649.9153	1000.0	-1.518165	44.148838	66.48219	-67.01521	684000	-2.026558e-08	796.43414	-0.059433598	-205.81494	3.334529	0.015441932	0.31475	30.0	761.5822756290436
171	-40.00583	440.35193	646.8906	-437.45062	1000.0	-4.1119237	43.29771	74.73088	-67.7074	688000	1.9073486e-08	935.8664	-0.04156421	-231.51746	3.350579	0.017400784	0.2455	14.0	766.0430443286896
172	149.08725	374.2328	532.9971	-328.0227	1000.0	9.022795	40.842274	72.48655	-66.83497	692000	1.2159347e-08	719.5289	-0.020668566	-144.71503	3.3228462	0.017215824	0.23775	6.0	770.2579960823059
173	356.39288	213.87564	589.335	10.4865	1000.0	30.783937	24.692606	69.95211	-64.99591	696000	7.390976e-09	775.2534	-0.023298942	-175.14355	3.3304706	0.015481145	0.235	7.0	774.3084645271301
174	354.28574	404.49277	697.4493	-305.2103	1000.0	26.607262	32.1433	71.46076	-64.53765	700000	1.0490417e-08	884.3504	-0.019579493	-279.3651	3.3279853	0.018154906	0.18	7.0	778.6829903125763
175	281.38495	348.02988	595.79407	-280.8122	1000.0	36.859726	33.140194	74.56532	-54.322212	704000	-4.6014787e-08	747.75714	-0.014873919	-283.11993	3.291974	0.01568846	0.24025	5.0	782.7701823711395
176	496.8187	89.18344	637.8209	410.5096	1000.0	42.34524	12.610178	66.79389	-28.695795	708000	2.8729438e-08	476.6643	-0.03184286	-95.952484	3.3232102	0.017534241	0.18225	11.0	787.3245277404785
177	513.6822	116.08479	663.2475	349.83682	1000.0	46.273746	8.988931	68.09567	-25.643108	712000	1.8835069e-08	427.3965	-0.016627785	-58.1297	3.3175986	0.020582939	0.254	5.0	791.6713352203369
178	536.2185	55.71293	610.87366	456.00482	1000.0	47.283825	7.660142	67.9986	-24.75763	716000	4.768372e-10	323.0932	-0.013120707	-52.153168	3.2739315	0.015792774	0.2235	4.0	796.0339419841766
179	481.11505	25.343409	521.2842	451.9496	1000.0	49.74511	8.382994	71.3296	-7.2110343	720000	-1.26361845e-08	498.13693	-0.017943386	-81.943756	3.2599795	0.015443005	0.19225	6.0	800.3456377983093
180	455.9154	58.452217	547.5778	397.35016	1000.0	43.421524	8.992564	63.554764	-29.406734	724000	1.4305115e-09	439.62207	-0.04071256	-51.096375	3.3109028	0.015559777	0.23975	15.0	805.4497880935669
181	331.1053	203.3811	534.1389	54.172504	1000.0	28.58538	33.3815	63.955017	-60.022934	728000	2.002716e-08	708.65985	-0.014996988	-140.62134	3.2773156	0.018083094	0.196	5.0	809.2515230178833
182	496.1409	101.59951	572.8646	323.1926	1000.0	46.927887	10.140593	70.01276	-35.496452	732000	1.1444092e-08	498.84268	-0.031938083	-64.387085	3.3022013	0.016966848	0.22375	11.0	813.769341468811
183	483.5016	110.055	607.44116	305.94534	1000.0	46.037117	10.606802	75.28834	-20.333956	736000	-4.863739e-08	611.9116	-0.076599486	-86.77051	3.2803886	0.015004816	0.35625	61.0	818.5916912555695
184	388.49042	84.75764	514.676	282.94043	1000.0	44.317375	11.380472	73.66475	-25.247795	740000	2.1219254e-08	446.6352	-0.05515328	-112.12497	3.2521777	0.015676938	0.28025	28.0	822.6843748092651
185	470.29642	145.0373	659.45087	251.48819	1000.0	32.91024	21.877846	66.628456	-52.234013	744000	-3.051758e-08	568.87933	-0.066166714	-174.2377	3.2242572	0.014953191	0.32425	40.0	827.0308961868286
186	556.0165	83.79761	690.4625	477.88828	1000.0	50.403633	8.102398	71.57998	-3.5651462	748000	-6.9141386e-09	523.92303	-0.042514473	-63.252106	3.1719165	0.01630983	0.23325	17.0	831.2904047966003
187	499.37885	26.25329	535.4752	461.87738	1000.0	49.791615	10.700998	75.16667	-42.277096	752000	-3.552437e-08	538.1074	-0.017257655	-93.21298	3.195503	0.014656977	0.1915	4.0	835.251275062561
188	563.76	137.23116	776.8897	434.89145	1000.0	47.297604	10.533691	71.76358	-43.812737	756000	3.862381e-08	691.1055	-0.066828966	-111.697266	3.146092	0.015115644	0.34025	43.0	839.9203639030457
189	530.0358	101.35231	679.27814	410.7353	1000.0	51.708405	12.158677	78.78714	-30.9729	760000	-2.8133393e-08	554.8846	-0.039420884	-103.50714	3.2209587	0.017220993	0.22375	14.0	844.1243007183075
190	422.901	329.93512	716.3563	-106.637375	1000.0	36.177658	31.674332	78.7852	-58.210735	764000	4.2915342e-09	788.6705	-0.045545842	-217.6477	3.117676	0.016295867	0.25025	17.0	849.1695940494537
191	583.37036	155.4739	697.47766	315.6864	1000.0	55.305843	10.315839	81.75892	-4.5892854	768000	7.1525574e-10	544.0099	-0.025032539	-75.188385	3.1268187	0.014193899	0.2135	8.0	853.4110713005066
192	532.4589	83.79635	641.42474	416.44452	1000.0	53.96974	10.380461	82.25958	1.5818527	772000	3.8027764e-08	503.83392	-0.060106747	-88.486115	3.077325	0.015463877	0.30375	32.0	858.0668420791626
193	579.7227	57.370667	675.0004	530.9415	1000.0	49.4358	8.970658	77.741615	-8.380275	776000	-1.0490417e-08	573.83923	-0.04391919	-87.23297	3.1027212	0.016001051	0.23475	17.0	862.4556541442871
194	403.70505	333.56427	614.39844	-172.89745	1000.0	42.54904	27.675608	82.36067	-51.800434	780000	1.001358e-08	836.8697	-0.04365347	-367.1125	3.1225302	0.016448446	0.2465	15.0	866.8985266685486
195	149.06256	557.1245	626.94366	-791.7423	1000.0	17.595137	50.704582	82.42491	-66.20862	784000	-9.536743e-09	719.6605	-0.042345487	-256.4736	3.0907328	0.016404415	0.25075	15.0	871.3798220157623
196	164.24013	404.77545	664.1078	-361.05453	1000.0	19.155552	48.0866	79.62105	-84.59184	788000	1.3828277e-08	820.50665	-0.028328463	-223.52917	3.049433	0.01680526	0.2125	10.0	875.7462966442108
197	498.92096	188.1798	633.3654	174.25356	1000.0	38.8659	28.730455	73.47203	-74.549034	792000	-3.3378602e-09	652.039	-0.012931839	-147.92654	3.0742376	0.017604802	0.208	4.0	880.0357637405396
198	586.8714	85.85153	730.1524	507.05322	1000.0	50.466488	8.32708	78.22672	-5.6416707	796000	-3.8146974e-09	431.0124	-0.02956022	-75.29907	3.0032828	0.016277306	0.2075	11.0	884.5455391407013
199	607.8065	32.978725	643.6303	561.66187	1000.0	55.255054	9.1886015	84.67526	-13.684847	800000	-1.07288365e-08	402.45074	-0.0374708	-68.67551	3.033209	0.016007591	0.23025	16.0	888.8567051887512
200	608.787	75.84609	660.45337	477.6975	1000.0	54.855217	15.535838	82.27994	-54.9211	804000	2.4318695e-08	460.41135	-0.038358532	-63.264465	3.039434	0.01766042	0.23325	13.0	893.7536721229553
201	287.096	427.0151	582.27203	-449.84415	1000.0	37.35281	36.05395	83.20337	-59.069416	808000	4.7683715e-09	1018.2006	-0.020687709	-329.88885	3.00514	0.013835812	0.1655	5.0	897.9524493217468
202	603.11755	81.24629	682.82526	467.61877	1000.0	48.836117	14.570486	83.065994	-43.975693	812000	0.0	626.1569	-0.01028724	-120.67145	3.0039048	0.017836608	0.24075	3.0	902.362681388855
203	334.30008	425.97043	708.0911	-389.3264	1000.0	35.837765	40.00193	81.14762	-62.750813	816000	2.169609e-08	703.46375	-0.008982743	-163.00226	3.057977	0.017662836	0.2025	3.0	906.6086492538452
204	381.398	438.2277	829.2039	-345.67883	1000.0	31.172792	42.718533	74.693184	-75.80356	820000	-2.360344e-08	995.1857	-0.0631316	-145.57666	3.00663	0.015199228	0.32575	36.0	911.1310579776764
205	628.8666	54.714203	686.23157	538.62854	1000.0	52.19236	13.147837	87.96306	-22.418993	824000	1.8119811e-08	761.2281	-0.07167412	-150.50256	2.952685	0.015150653	0.3435	48.0	915.6540539264679
206	286.12103	297.77274	674.9914	-41.198944	1000.0	30.779097	45.145676	85.80448	-66.66309	828000	3.3378602e-09	547.90686	-0.016989756	-190.37085	2.9314306	0.020061983	0.23575	4.0	920.0293684005737
207	-26.703018	504.31543	480.7441	-685.1102	1000.0	2.053729	49.988262	80.1065	-70.95536	832000	-3.8146974e-09	735.54095	-0.018493762	-179.0697	2.955306	0.015867423	0.20375	5.0	924.2546236515045
208	251.85141	525.4614	671.8486	-649.3511	1000.0	23.083773	43.855602	78.62609	-70.735695	836000	-2.6702882e-08	793.4813	-0.036633573	-146.80011	2.9331133	0.01686488	0.242	13.0	928.7737691402435
209	653.8026	54.970146	746.0663	605.5913	1000.0	47.99895	14.231187	83.92939	-64.133286	840000	2.6226044e-09	631.66345	-0.04566016	-251.62827	2.8938687	0.017880222	0.26375	20.0	932.8703217506409
210	68.86798	625.0474	771.5382	-698.3786	1000.0	12.477787	55.55455	87.17826	-78.00203	844000	1.859665e-08	854.97925	-0.017980093	-274.94196	2.920711	0.016505105	0.26575	5.0	937.7694139480591
211	525.31116	413.36276	905.2259	-171.9063	1000.0	36.98682	42.88023	91.19098	-63.940117	848000	1.692772e-08	708.10974	-0.04538455	-200.69193	2.8755946	0.016136514	0.257	18.0	941.9910409450531
212	521.63226	91.75342	617.9825	417.85144	1000.0	59.938564	24.582022	91.41787	-77.62161	852000	-3.3378602e-09	712.39825	-0.013604451	-240.83746	2.923132	0.018954067	0.262	4.0	946.2542214393616
213	572.782	147.52393	743.015	425.24072	1000.0	52.604076	8.914691	80.847984	-8.693995	856000	-5.197525e-08	830.4859	-0.031242192	-145.42126	2.9481943	0.016173236	0.205	11.0	950.448849439621
214	636.93024	164.44672	811.7584	378.24274	1000.0	54.86417	16.95723	88.228226	-54.805157	860000	-3.5762786e-09	659.73914	-0.011868001	-127.438965	2.9129136	0.016494907	0.1885	4.0	954.6219975948334
215	558.72705	242.02116	778.3032	157.95596	1000.0	50.075962	33.33928	88.348526	-68.104614	864000	-2.6226044e-09	541.18164	-0.058859333	-125.35751	2.9310853	0.014962946	0.32325	30.0	958.8990664482117
216	641.6379	82.40242	725.3401	527.65735	1000.0	60.872444	10.856323	85.83762	-19.122879	868000	-2.2649765e-08	592.79913	-0.04239335	-75.54614	2.9299538	0.015469648	0.28075	15.0	963.1326746940613
217	708.5099	133.76851	907.76654	552.87695	1000.0	60.473557	7.82493	84.23901	7.9304204	872000	-5.2452087e-09	632.6794	-0.014456885	-101.01764	2.8648562	0.018342324	0.218	4.0	967.3624768257141
218	348.64267	377.89908	754.0598	-53.72286	1000.0	30.66325	51.4835	91.263855	-69.21345	876000	1.6093255e-08	543.1195	-0.032898385	-128.81421	2.908344	0.016331926	0.23375	11.0	971.7223093509674
219	171.1829	483.583	693.3552	-370.86438	1000.0	26.648384	50.407734	85.11781	-63.61472	880000	2.9087067e-08	1011.3644	-0.036082994	-305.75934	2.8838258	0.015773972	0.2265	13.0	975.7960448265076
220	672.60364	77.91644	793.3708	578.3787	1000.0	51.240475	18.85319	95.582146	-76.5293	884000	-2.2888184e-08	790.767	-0.03564519	-209.98761	2.891417	0.016294789	0.25425	13.0	981.1065833568573
221	521.8538	293.80142	842.1396	45.962242	1000.0	46.457874	39.496452	87.381454	-60.589325	888000	1.6689301e-09	492.49808	-0.0369775	-73.29669	2.8987484	0.016242377	0.227	13.0	985.643082857132
222	314.619	272.74588	663.3471	-47.679386	1000.0	33.96424	46.244305	88.274185	-58.5421	892000	-9.059906e-09	721.37805	-0.028681997	-182.3147	2.8483844	0.016879149	0.223	10.0	989.8952050209045
223	374.85904	581.36725	855.9688	-616.1061	1000.0	31.642115	44.368553	78.242645	-69.41191	896000	1.001358e-08	683.36224	-0.03710175	-172.37103	2.801311	0.016135098	0.2305	13.0	994.2851903438568
224	454.88477	340.13437	718.93475	-124.0819	1000.0	44.411198	40.15134	89.80217	-65.626335	900000	3.8146974e-09	605.66437	-0.04494396	-119.35379	2.8421683	0.015444977	0.265	18.0	998.4562089443207
225	567.27734	75.013084	644.67346	454.7623	1000.0	56.432503	12.50195	91.01351	-35.861504	904000	-6.9141386e-09	791.7863	-0.04250647	-126.40466	2.819669	0.01617872	0.23625	16.0	1003.0045776367188
226	421.09796	300.25647	646.4113	-93.60518	1000.0	41.9275	38.403965	88.61865	-76.59669	908000	2.9087067e-08	1107.1669	-0.0138173085	-189.862	2.8110356	0.017833877	0.228	4.0	1007.2681198120117
227	673.67865	100.89945	816.144	532.1711	1000.0	51.352264	13.960441	87.666046	-21.899115	912000	-1.3351441e-08	609.9079	-0.014372601	-208.9075	2.8037758	0.023108734	0.2535	4.0	1011.591251373291
228	635.3114	94.02298	790.3409	540.0379	1000.0	56.498913	25.198353	91.73498	-71.06278	916000	-2.002716e-08	1014.9669	-0.021494582	-173.92468	2.7695541	0.015075172	0.22	7.0	1015.6589086055756
229	720.5571	56.94422	792.2791	655.367	1000.0	63.55711	14.159327	99.00736	-15.492735	920000	1.6033649e-08	674.8695	-0.020055586	-112.53363	2.7888858	0.014515962	0.14925	6.0	1020.1567122936249
230	290.17154	328.97467	575.7434	-247.36679	1000.0	38.19039	47.704338	88.674614	-75.94107	924000	3.8146974e-09	1165.5463	-0.027224338	-392.28925	2.7809854	0.01778495	0.201	9.0	1025.0585503578186
231	737.9275	69.97933	813.56335	637.5121	1000.0	48.885704	12.545313	83.41323	-22.161348	928000	-4.2915342e-09	1057.4823	-0.05189167	-450.48126	2.770624	0.015524297	0.283	24.0	1029.3568983078003
232	706.518	91.22412	853.2349	606.3126	1000.0	66.42931	15.570919	96.787674	-55.439693	932000	1.6212464e-08	843.69214	-0.042786546	-128.39911	2.723707	0.015592069	0.24725	17.0	1033.9711010456085
233	750.6575	56.778778	807.4279	675.58984	1000.0	64.81765	21.646854	95.434364	-59.95462	936000	-1.5735626e-08	652.5291	-0.038996756	-123.18689	2.79498	0.016413365	0.236	15.0	1038.0778687000275
234	705.9968	89.22701	831.4774	591.77606	1000.0	68.095146	10.6767	92.58533	-3.2928789	940000	-2.95043e-08	525.215	-0.028268632	-72.71335	2.7547212	0.016652137	0.204	9.0	1042.2133536338806
235	684.0755	106.29173	861.4012	595.94556	1000.0	66.04786	9.721421	91.227905	-0.4834621	944000	2.4557114e-08	630.37573	-0.07778474	-74.85004	2.750021	0.0127685	0.3745	79.0	1047.2291469573975
236	502.93976	452.16174	860.42267	-272.02145	1000.0	48.255592	41.503887	93.43985	-70.914055	948000	2.7418137e-08	925.67804	-0.076687396	-181.79596	2.7703774	0.012917841	0.376	79.0	1051.862396478653
237	528.08026	502.92932	888.4786	-338.1768	1000.0	46.36604	38.24162	96.094696	-54.117683	952000	-2.8610229e-08	866.2355	-0.041642297	-275.65295	2.6813514	0.016959073	0.19875	15.0	1055.9164590835571
238	714.5504	88.00869	848.7891	603.08844	1000.0	70.89434	11.950527	100.12591	0.24829799	956000	3.3378602e-09	763.79645	-0.017656952	-114.2962	2.693994	0.018398412	0.20075	5.0	1060.3117299079895
239	726.39215	75.4097	838.7306	635.1346	1000.0	65.688484	13.947617	95.2688	-50.01855	960000	9.536744e-10	647.14105	-0.049948417	-93.253784	2.662956	0.01638955	0.27825	23.0	1064.8542807102203
240	700.9328	151.97394	959.7054	572.5393	1000.0	64.612625	15.379411	95.17909	-36.86169	964000	-1.525879e-08	783.1971	-0.052128643	-103.38342	2.6064112	0.015594363	0.2905	22.0	1069.9158532619476
241	503.15146	613.44464	972.11865	-551.00244	1000.0	42.51984	51.018055	101.54728	-73.26713	968000	9.000301e-09	975.422	-0.039241042	-210.9701	2.6309862	0.015631098	0.216	13.0	1074.4087047576904
242	762.2512	43.7869	834.0152	724.50824	1000.0	71.74256	12.80858	101.48298	0.64475614	972000	1.4305114e-08	582.579	-0.026176525	-98.4552	2.6660986	0.01654174	0.1935	9.0	1078.7127883434296
243	732.71356	55.81746	828.1246	686.20544	1000.0	69.68325	9.556093	97.78777	17.836594	976000	1.525879e-08	643.91864	-0.043289796	-83.363525	2.5935729	0.015458415	0.2535	18.0	1083.2183692455292
244	455.99414	380.07135	778.1507	-173.11238	1000.0	49.34982	37.341946	93.2329	-49.26208	980000	-3.051758e-08	747.23193	-0.035377655	-216.14716	2.5431414	0.01528674	0.20925	12.0	1087.584614276886
245	373.5725	658.57214	787.0866	-766.2078	1000.0	32.863655	51.720207	88.785774	-74.77399	984000	-2.193451e-08	747.8583	-0.034514304	-182.9613	2.63738	0.015961599	0.242	11.0	1092.138291835785
246	748.7127	54.240246	831.3646	686.6273	1000.0	68.3726	10.878949	101.08815	-0.18879187	988000	-3.2901763e-08	576.79565	-0.043021906	-85.076355	2.5652494	0.0152572915	0.24	18.0	1096.5911612510681
247	772.68884	290.3123	1052.6648	286.4495	1000.0	62.51394	33.884678	101.844826	-64.96061	992000	1.4305114e-08	803.06964	-0.036308844	-227.40033	2.5536106	0.01649303	0.23975	13.0	1101.0021352767944
248	792.6544	39.468132	828.3747	726.3941	1000.0	80.94461	9.887673	107.21338	-3.3270268	996000	-2.861023e-09	761.0025	-0.02203072	-163.55365	2.5104413	0.016290145	0.2055	6.0	1104.9427797794342
249	630.5858	280.7792	845.1933	155.6707	1000.0	61.52687	39.59518	103.63903	-83.59003	1000000	5.2452087e-09	881.6433	-0.02022518	-162.87268	2.5446167	0.016575025	0.21825	7.0	1110.1942291259766
