Epoch	AverageEpRet	StdEpRet	MaxEpRet	MinEpRet	AverageTestEpRet	StdTestEpRet	MaxTestEpRet	MinTestEpRet	EpLen	TestEpLen	TotalEnvInteracts	AverageQ1Vals	StdQ1Vals	MaxQ1Vals	MinQ1Vals	AverageQ2Vals	StdQ2Vals	MaxQ2Vals	MinQ2Vals	AverageVVals	StdVVals	MaxVVals	MinVVals	AverageLogPi	StdLogPi	MaxLogPi	MinLogPi	LossPi	LossQ1	LossQ2	LossV	Time
1	-295.62738	51.710625	-217.15045	-380.09	-380.8965	2.6755764	-373.8396	-383.95218	1000.0	1000.0	5000	6.5986757	5.115185	28.691778	-2.8729029	6.598798	5.116282	29.053442	-2.9936132	7.6212187	5.2373314	29.821367	-12.685433	-1.8099755	2.8407035	83.46157	-13.745404	-7.8878865	0.11305553	0.1075815	0.2380869	40.0703227519989
2	-307.70874	69.71688	-192.86612	-408.3789	-20.448395	48.75788	73.15424	-93.845726	1000.0	1000.0	10000	28.788399	10.495384	66.220184	4.5642176	28.788588	10.495651	66.06089	4.2910337	30.723824	10.9415245	69.93046	7.623526	0.980611	3.5104764	25.265173	-15.693638	-31.414257	0.3299363	0.32545087	0.69061947	79.40601134300232
3	98.80717	483.73615	953.65454	-372.47037	696.37866	504.65424	1500.6255	133.9491	1000.0	1000.0	15000	52.29355	15.112566	90.837074	21.706783	52.293785	15.113368	90.66635	22.083435	53.417934	15.342808	90.438736	22.795364	-0.18718915	3.463466	21.91497	-14.579202	-54.263042	0.55441904	0.5347431	1.0670515	121.54996228218079
4	984.9116	391.97714	1449.7484	281.16656	2403.5405	145.11926	2560.54	2147.6685	1000.0	1000.0	20000	58.079697	19.31685	105.56114	20.147686	58.07959	19.31762	105.069565	20.22423	58.751568	19.233582	104.62767	21.425014	-1.3676187	2.5808654	19.831549	-14.747987	-59.44265	0.5332122	0.509296	0.9165287	163.12865829467773
5	1118.2854	731.1422	1940.059	186.86209	2847.857	71.132385	2998.125	2767.501	1000.0	1000.0	25000	65.591774	25.884079	128.24156	19.741589	65.59211	25.884645	129.15262	20.216831	66.31352	25.743162	126.70496	21.662588	-0.9215882	2.9024339	21.337296	-15.464544	-67.03545	0.6769399	0.64037585	1.1070753	205.48667669296265
6	2588.9055	280.81644	2993.4282	2149.343	3519.3718	129.42984	3708.126	3299.5635	1000.0	1000.0	30000	80.68498	34.1726	162.49544	20.316597	80.68521	34.173122	161.84859	19.957663	81.42159	33.911915	160.73894	22.365784	-0.29251108	3.3383327	27.684204	-19.255762	-82.2141	1.0348433	0.9968078	1.573545	246.99710178375244
7	3055.3604	183.35728	3377.8367	2822.834	3812.3384	80.03074	4005.713	3720.3687	1000.0	1000.0	35000	102.54609	43.173046	195.44633	18.47543	102.54641	43.173977	197.6151	21.009686	103.26572	42.794914	194.53131	23.15457	0.39725342	3.6794653	28.004328	-12.897287	-104.16864	1.7049557	1.628114	2.3608723	288.15991497039795
8	3494.1685	115.095726	3650.4885	3321.6492	4290.2485	62.008595	4392.1343	4168.2876	1000.0	1000.0	40000	127.11128	51.837685	223.65988	21.029978	127.11159	51.838722	223.76363	21.716759	127.801506	51.37121	222.59846	23.386557	0.83399785	3.8073127	32.60653	-12.749551	-128.80714	1.9188575	1.8352886	2.717484	329.8366277217865
9	3981.661	231.2836	4277.146	3706.052	4458.6494	46.532032	4513.7183	4368.4624	1000.0	1000.0	45000	151.94307	59.99226	258.34308	19.661102	151.94325	59.993492	257.84048	20.955177	152.55943	59.450554	257.4594	22.516144	1.1494999	3.8860343	31.938694	-15.256065	-153.62634	1.9599758	1.8542426	2.8754623	371.44194746017456
10	4216.9756	125.33812	4381.513	4063.5283	4758.2676	114.19076	4932.608	4592.3066	1000.0	1000.0	50000	176.15636	67.43513	289.72375	18.833927	176.15666	67.435905	292.4452	20.005495	176.72606	66.82387	288.37378	22.294289	1.5304887	4.0288835	36.576706	-15.508635	-177.85056	2.148523	2.0532463	3.1466599	412.99862718582153
11	4419.2925	37.077892	4476.2227	4381.1606	4882.5103	102.12752	5071.0547	4660.1675	1000.0	1000.0	55000	199.87773	73.569084	312.2187	18.767723	199.87811	73.569534	311.69925	19.16911	200.40228	72.91407	308.9013	20.667961	1.773082	4.0623884	33.5099	-14.14625	-201.55902	2.388014	2.2596786	3.4553413	455.0769855976105
12	4591.335	175.22246	4832.5874	4297.9253	5004.3213	88.1675	5100.637	4832.0127	1000.0	1000.0	60000	221.48224	78.51405	331.61057	18.16269	221.48293	78.51435	331.8096	17.489706	221.94456	77.81939	332.06232	20.10485	1.9437264	4.0863276	35.91456	-13.882454	-223.11105	2.5751648	2.4583166	3.6810868	496.6157433986664
13	4597.962	160.80916	4745.912	4287.4536	4588.6616	1054.9749	5055.1323	1431.411	1000.0	1000.0	65000	240.77464	82.24366	349.6898	16.950352	240.77455	82.24455	348.27005	16.062355	241.15808	81.5257	348.91467	19.331692	2.1060152	4.151889	39.6715	-14.785679	-242.3267	2.7477543	2.6723886	3.9487095	539.4985227584839
14	4783.755	65.96138	4855.128	4658.823	5300.7056	82.86631	5461.6465	5146.2607	1000.0	1000.0	70000	258.3358	84.820366	365.8536	15.23783	258.33594	84.82077	367.26944	17.45456	258.66675	84.06749	365.90155	16.879375	2.319262	4.218838	38.223564	-12.541887	-259.83658	2.923226	2.8697515	4.165061	581.4531650543213
15	4930.7314	95.007416	5056.5264	4763.0767	5226.1787	51.639782	5333.9478	5148.329	1000.0	1000.0	75000	273.4733	87.30442	379.5718	15.642954	273.47318	87.30519	382.44977	17.82071	273.75888	86.54622	377.4248	18.540464	2.4032662	4.2683764	40.055183	-14.487264	-274.93774	2.971394	2.87251	4.2233205	623.3518896102905
16	4910.8286	35.951862	4949.406	4858.4946	5334.13	67.83189	5481.9287	5262.6343	1000.0	1000.0	80000	287.5905	88.47937	391.29086	17.720222	287.5909	88.479034	391.91748	15.197843	287.80698	87.70744	390.5704	18.980062	2.452498	4.2765837	44.439808	-14.148483	-288.95627	2.9841979	2.9149313	4.251878	665.485253572464
17	4964.0703	29.892962	5013.7954	4925.95	5301.7505	54.24451	5397.946	5226.3086	1000.0	1000.0	85000	299.7348	89.439835	409.4357	16.74762	299.7353	89.439865	410.1941	14.783136	299.90128	88.67568	404.6983	17.61176	2.4993844	4.2633286	46.751827	-13.197096	-301.02917	3.056067	2.9613461	4.275539	709.0985689163208
18	5025.1533	103.74164	5182.347	4863.0625	5321.7993	60.763706	5424.6055	5217.225	1000.0	1000.0	90000	310.32556	90.224625	415.71765	16.026237	310.3259	90.22482	416.13434	14.448242	310.46176	89.45324	415.4507	12.064576	2.551701	4.2480626	43.640343	-14.204663	-311.5765	3.0900578	3.024825	4.3749704	752.7628285884857
19	5087.4375	52.532883	5138.659	4994.96	5328.9995	92.35531	5483.2617	5208.714	1000.0	1000.0	95000	320.38467	90.47314	425.0188	13.890192	320.38464	90.47291	425.17978	15.733413	320.47565	89.70054	421.38074	13.742623	2.6279519	4.265571	40.64635	-14.907482	-321.57266	3.0244374	2.9737976	4.273828	797.0689241886139
20	5115.917	131.43973	5342.4746	4954.7314	5362.1064	425.71075	5572.705	4125.435	1000.0	1000.0	100000	329.68655	90.499596	428.62634	11.438944	329.68683	90.49946	428.27826	10.379731	329.74268	89.731575	425.91342	13.761229	2.7203383	4.279563	41.648346	-13.90597	-330.81284	3.0731688	3.030855	4.3549304	841.1230647563934
21	5281.1265	149.76595	5428.4443	5085.0947	5574.5522	111.62144	5779.9707	5370.8945	1000.0	1000.0	105000	337.6494	90.711624	437.3069	11.928782	337.64944	90.71148	432.29565	11.519726	337.68402	89.94343	429.8546	14.969656	2.740664	4.2712326	42.469666	-15.467937	-338.7546	3.0829906	3.0239305	4.2893944	885.1503472328186
22	5194.9326	41.43279	5248.523	5121.524	5690.702	86.26835	5817.643	5552.3276	1000.0	1000.0	110000	345.13855	90.154434	441.5676	10.080397	345.13892	90.15458	444.43115	10.717373	345.12958	89.38934	439.1074	12.264548	2.7143323	4.226886	38.221638	-13.32611	-346.1791	3.0341215	2.9807417	4.232281	928.8057444095612
23	5199.815	210.43428	5436.6694	4823.7764	5727.9814	97.78865	5914.1577	5583.6777	1000.0	1000.0	115000	351.23196	90.29794	442.7562	8.848613	351.23175	90.29797	443.91882	13.052162	351.18173	89.53988	442.44318	13.225594	2.7501433	4.2409916	50.39601	-13.0503025	-352.21826	3.1300254	3.1441243	4.294912	973.0423047542572
24	5295.2754	85.27734	5432.1587	5167.2285	5857.9326	97.85555	5991.324	5674.2705	1000.0	1000.0	120000	357.12943	89.9891	447.39673	8.215313	357.1296	89.98948	447.1643	12.318653	357.065	89.230896	445.845	12.053228	2.7786934	4.214759	37.176502	-12.479963	-358.09207	3.1671183	3.1287506	4.3792243	1016.7714536190033
25	3817.353	1980.8003	5570.3013	1301.289	5781.3887	85.30527	5900.52	5651.2754	1000.0	1000.0	125000	359.86478	94.6546	451.93164	-24.014063	359.86475	94.655235	452.9259	-15.4929905	359.77792	93.92813	452.35934	-29.06023	2.7458532	4.228102	41.077164	-12.674752	-360.80676	3.456396	3.4383035	4.6264935	1060.9411997795105
26	5380.439	117.27606	5529.024	5169.8213	5022.1396	1869.1146	6131.1616	790.9042	1000.0	1000.0	130000	363.46347	96.09105	455.95407	-48.02933	363.4637	96.09095	457.7369	-46.962498	363.35962	95.37423	454.92755	-50.775543	2.7568085	4.2341266	42.09699	-15.300758	-364.38895	3.529965	3.4562407	4.7310743	1105.9081587791443
27	5503.099	56.60665	5567.2075	5414.15	5830.5986	81.40596	5980.569	5706.8315	1000.0	1000.0	135000	368.29022	95.73982	462.80325	-58.724964	368.2903	95.74027	462.49808	-59.241005	368.14267	95.03189	458.92465	-63.66653	2.7863743	4.259151	42.39638	-15.395557	-369.19672	3.686885	3.615232	4.8801517	1149.950543165207
28	5599.7275	108.53474	5730.2993	5436.809	6062.7217	103.21277	6199.509	5906.0845	1000.0	1000.0	140000	373.22873	95.55441	468.57974	-63.314373	373.2287	95.55414	467.38205	-58.823692	373.10324	94.83421	468.17355	-42.53439	2.8731318	4.2481112	52.184414	-12.023897	-374.13474	3.4849656	3.4590883	4.7493067	1193.34290766716
29	5541.935	72.90246	5617.782	5412.0923	6190.4956	82.714096	6279.9185	6028.1157	1000.0	1000.0	145000	378.3793	95.28771	473.22256	-36.94842	378.37933	95.28825	471.35693	-31.385849	378.23087	94.57153	469.98718	-40.14929	2.9158287	4.226221	43.558422	-13.505538	-379.2543	3.5462945	3.5009196	4.7466784	1237.562702178955
30	5691.991	147.00452	5971.2285	5551.331	6234.1816	131.85931	6483.4497	6063.068	1000.0	1000.0	150000	383.1659	94.98419	491.3131	-30.46282	383.16592	94.984505	491.5907	-18.143068	383.0135	94.25232	486.6344	-13.779953	2.9576254	4.249238	50.351017	-14.206429	-384.0471	3.5215054	3.5114815	4.7306027	1281.6654722690582
31	5707.159	136.79646	5846.3066	5472.109	6383.6226	108.9741	6511.382	6190.3413	1000.0	1000.0	155000	388.35577	94.608795	493.0839	-61.197617	388.35565	94.60889	493.69385	-53.01104	388.1922	93.879486	490.71542	-41.654633	3.0176358	4.2466593	43.48542	-13.718348	-389.22046	3.573714	3.513237	4.74977	1325.0512042045593
32	5796.574	75.82287	5940.525	5715.793	6643.018	85.71228	6771.292	6464.6787	1000.0	1000.0	160000	393.32553	94.4983	495.17245	-45.2317	393.32587	94.49843	496.1935	-35.094727	393.16345	93.77545	494.2786	-42.77172	3.094872	4.228481	46.609894	-14.292693	-394.184	3.6122587	3.554341	4.7576165	1368.7545375823975
33	5334.683	1205.8911	6204.197	2946.4626	6690.2095	126.6831	6972.682	6478.4395	1000.0	1000.0	165000	397.10565	96.47111	501.78674	-76.00984	397.10568	96.4713	504.05414	-72.77022	396.92648	95.77968	500.20206	-73.371635	3.1322947	4.2225475	45.01458	-13.347641	-397.9792	3.801537	3.738121	4.9326496	1412.9018726348877
34	6007.171	198.11198	6193.7114	5666.51	6312.962	82.072464	6500.3433	6209.1357	1000.0	1000.0	170000	401.83777	96.86152	505.00674	-96.67929	401.8375	96.86193	506.08408	-87.00883	401.65616	96.16801	505.10095	-81.470184	3.1739116	4.204827	39.246933	-13.027788	-402.7074	3.880918	3.8480942	4.977525	1457.060976266861
35	6078.4756	120.95383	6287.155	5912.645	6413.4014	105.25922	6632.1143	6263.4976	1000.0	1000.0	175000	406.36853	97.26978	512.93207	-72.33459	406.36862	97.270424	512.58826	-71.38566	406.1685	96.5937	513.9049	-72.14663	3.284003	4.2201385	41.736725	-12.646292	-407.23886	4.101572	4.0566516	5.265186	1500.0217008590698
36	5110.327	1273.4187	6299.433	2721.5042	6713.3	74.440025	6870.651	6575.0684	1000.0	1000.0	180000	410.95813	98.14662	522.7773	-59.933323	410.95813	98.14652	523.34564	-61.245365	410.75967	97.4686	517.9868	-71.25956	3.3442144	4.232889	53.50397	-13.787737	-411.84076	4.35321	4.2831197	5.488536	1543.9684057235718
37	6084.322	594.2558	6593.3984	4938.4434	6753.9463	91.22958	6955.1987	6645.0923	1000.0	1000.0	185000	414.7409	99.98248	531.93835	-61.363842	414.7412	99.98209	529.045	-60.675304	414.55508	99.30944	523.55865	-76.062744	3.4128883	4.2760477	55.072224	-13.943689	-415.63898	4.7566967	4.685703	5.9108353	1588.6617822647095
38	5292.9937	2309.0623	6650.1636	689.41034	6820.161	132.39377	7064.842	6559.5156	1000.0	1000.0	190000	417.08475	104.288956	543.6351	-183.52426	417.0845	104.289474	541.48987	-150.98907	416.88153	103.61783	538.07965	-159.28645	3.4359488	4.3184667	51.534725	-11.97787	-418.0029	5.2909994	5.282771	6.4897337	1633.2469146251678
39	5143.495	2441.0989	6520.845	267.7447	7317.3477	127.51605	7470.66	7110.1636	1000.0	1000.0	195000	419.80573	107.58386	543.5813	-142.28986	419.80585	107.584175	541.7687	-142.97397	419.60086	106.93608	543.98004	-163.0634	3.512153	4.337241	54.695225	-17.109903	-420.7484	5.3913665	5.4039826	6.574668	1677.7776634693146
40	6532.401	133.39261	6702.633	6362.774	6846.3096	96.28095	7029.688	6683.5903	1000.0	1000.0	200000	424.60718	108.744415	546.4852	-120.46212	424.60684	108.7454	548.4517	-146.44083	424.41342	108.07239	546.9342	-124.182785	3.6172817	4.3367295	56.023533	-13.355661	-425.557	5.441479	5.4221697	6.5350156	1722.1519403457642
41	6538.128	186.02106	6817.6333	6256.3496	7044.686	96.04544	7193.0435	6922.412	1000.0	1000.0	205000	429.9106	108.59763	572.73584	-110.99105	429.91068	108.59746	570.08844	-139.79791	429.72818	107.92519	567.80115	-141.7515	3.7017183	4.3633046	52.40013	-16.633232	-430.8817	5.3285565	5.305973	6.59035	1766.8454208374023
42	6427.242	149.16058	6696.225	6263.304	6233.877	2051.4048	7562.888	2024.7866	1000.0	1000.0	210000	435.3526	108.23482	575.07025	-135.66638	435.3527	108.23504	574.5067	-125.73463	435.147	107.574524	572.7163	-134.45161	3.7640028	4.335348	52.073414	-14.16199	-436.31665	5.6183257	5.558288	6.7649565	1811.7355787754059
43	6626.675	110.10391	6826.1484	6527.521	6593.2905	1356.5134	7182.1216	2540.308	1000.0	1000.0	215000	439.69986	108.58722	579.0716	-124.24026	439.6997	108.587906	579.136	-96.701065	439.462	107.9032	573.9112	-142.34387	3.78814	4.340978	57.493835	-14.103335	-440.65536	5.8072424	5.696201	6.879008	1856.3655517101288
44	6834.2705	116.02585	7009.5435	6725.3027	7249.6123	127.64158	7444.9487	7065.772	1000.0	1000.0	220000	444.7742	108.7817	584.0282	-116.907	444.7741	108.78214	582.6912	-127.32872	444.58987	108.09041	580.99915	-115.424065	3.8819928	4.3849206	54.08116	-11.869108	-445.76215	5.7290406	5.7260146	6.9042463	1901.2462120056152
45	6841.343	145.25827	7037.6562	6656.075	7427.147	82.10183	7536.8413	7232.8174	1000.0	1000.0	225000	449.8916	109.15947	588.21716	-104.98113	449.89136	109.16134	586.9359	-98.77073	449.68604	108.475975	588.00903	-90.96056	3.926274	4.3804317	51.751053	-14.186883	-450.8714	5.96591	5.9247274	7.138111	1945.9755580425262
46	5543.064	1933.6813	7310.201	2497.3372	7233.835	74.78973	7332.231	7076.0024	1000.0	1000.0	230000	454.21274	110.33157	591.5311	-107.070656	454.21277	110.33138	591.86725	-98.83895	454.0057	109.644844	589.489	-123.00089	4.02901	4.392899	56.77533	-14.397566	-455.2017	6.101494	6.0881085	7.332553	1990.7646293640137
47	6159.7114	1833.7843	7405.232	2528.58	8055.8306	1037.5508	8514.256	4954.6177	1000.0	1000.0	235000	456.35544	114.67672	607.2979	-131.10931	456.3557	114.67591	608.66943	-122.41595	456.14243	114.01114	604.6777	-147.53171	4.032197	4.3993225	57.08916	-13.170636	-457.3772	6.882334	6.889689	7.944484	2035.4464929103851
48	7306.811	372.59515	7888.344	6798.916	7195.341	83.02253	7282.083	6997.1	1000.0	1000.0	240000	461.23953	115.616066	609.7881	-173.05869	461.23978	115.61595	611.22394	-167.0364	461.01373	114.94463	609.8763	-160.1277	4.1374545	4.397577	53.93883	-17.084087	-462.2592	7.167807	7.0666947	8.377642	2081.671667575836
49	7183.4023	254.58887	7540.6196	6886.733	8060.44	84.92545	8207.78	7942.0327	1000.0	1000.0	245000	465.669	116.97121	619.18	-132.78767	465.669	116.97126	618.1757	-130.37856	465.46826	116.29421	617.8107	-124.617714	4.246852	4.434131	55.606194	-15.985145	-466.7516	7.288594	7.364636	8.638292	2127.2591524124146
50	6934.046	699.34485	7704.909	5616.2524	7900.0146	82.06984	8029.7344	7775.14	1000.0	1000.0	250000	471.2015	117.162766	624.43933	-170.80725	471.20132	117.16263	627.33685	-171.49228	470.99927	116.47237	620.63257	-171.61636	4.3407526	4.46934	52.608013	-13.36165	-472.28046	7.7935357	7.8596525	8.834821	2172.567007780075
51	6571.7603	1336.3794	7735.296	4023.3958	7813.91	80.5575	7917.354	7663.197	1000.0	1000.0	255000	475.57892	117.758316	630.0817	-208.05296	475.5787	117.75931	628.5916	-156.04425	475.36206	117.06875	626.0687	-175.05228	4.3809366	4.4482026	50.10407	-13.603789	-476.6757	8.197001	8.129495	9.135805	2218.972002506256
52	7457.3975	148.29501	7717.4453	7257.6675	8322.584	132.71725	8548.453	8067.004	1000.0	1000.0	260000	479.9909	119.68704	639.2394	-136.12881	479.99115	119.6869	638.4889	-134.14703	479.77002	119.009705	637.4474	-147.02022	4.4318476	4.497982	69.65597	-12.691945	-481.08246	8.702914	8.628602	9.498363	2264.734966278076
53	7764.374	126.959496	7951.64	7587.462	7547.1226	1909.314	8649.0205	3289.5872	1000.0	1000.0	265000	485.02396	120.22535	644.5933	-88.393684	485.02393	120.22603	647.34424	-89.2767	484.82053	119.538704	642.19635	-106.61717	4.643365	4.5046535	55.616318	-14.730462	-486.1179	8.427284	8.52118	9.52776	2310.866131067276
54	7876.474	86.48818	7966.734	7749.3975	8381.901	121.024864	8545.381	8181.6655	1000.0	1000.0	270000	490.85837	120.76383	660.267	-147.67027	490.85843	120.76434	657.4069	-130.36891	490.64	120.06669	657.2349	-203.58995	4.577202	4.4520745	51.075768	-12.824446	-491.9528	8.355076	8.181665	9.246903	2356.9708247184753
55	7939.65	99.353676	8083.5317	7811.81	8709.861	98.310005	8894.851	8575.981	1000.0	1000.0	275000	495.4626	121.90761	665.5292	-116.795265	495.46204	121.908844	664.99567	-137.88425	495.23346	121.19916	663.1827	-131.5229	4.658236	4.4416356	53.34996	-14.552006	-496.55215	8.33864	8.359148	9.10948	2402.9585371017456
56	8014.5493	117.90817	8189.6333	7852.9463	8848.42	113.49102	9009.891	8648.384	1000.0	1000.0	280000	501.21185	122.76828	669.0703	-146.60507	501.21213	122.76904	669.36664	-119.747246	501.00708	122.045	669.93146	-135.67047	4.811154	4.491753	54.576164	-13.522961	-502.3567	9.090711	8.890139	10.053882	2448.116457462311
57	8019.112	251.99294	8397.147	7621.1475	8750.578	252.37303	9139.89	8192.581	1000.0	1000.0	285000	506.94968	123.948395	684.9931	-167.75117	506.94904	123.94798	686.8393	-151.70244	506.75238	123.235794	685.454	-159.0796	4.8856864	4.509933	58.106445	-12.658628	-508.12134	8.627543	8.697242	9.68868	2493.240381717682
58	7845.354	269.0926	8099.8926	7369.124	8992.261	81.26227	9108.382	8787.43	1000.0	1000.0	290000	512.3264	124.83546	691.9372	-149.70993	512.3269	124.83554	692.2757	-122.80343	512.1295	124.10613	690.01825	-109.91481	4.946008	4.5200853	54.883183	-15.587233	-513.5047	9.023186	8.914187	9.883938	2538.934311389923
59	8337.26	127.97953	8538.359	8159.091	8902.428	83.08769	9043.405	8771.0205	1000.0	1000.0	295000	518.2288	125.62314	701.97504	-142.77606	518.22845	125.62503	703.8377	-186.60857	518.048	124.87082	700.55316	-126.51468	5.0251813	4.5224347	72.48866	-15.016872	-519.4562	9.218115	9.114784	10.338748	2585.157597541809
60	7509.478	1780.5386	8607.327	3957.2559	8905.926	186.98386	9297.632	8669.639	1000.0	1000.0	300000	524.032	126.76872	704.57684	-104.94263	524.03156	126.76951	706.1894	-113.98644	523.856	126.03109	705.39716	-113.613785	5.074352	4.561437	66.23133	-11.418276	-525.25494	9.622853	9.710071	10.356971	2631.0318188667297
61	8269.338	464.9753	8805.877	7485.2495	9228.274	87.18447	9387.815	9085.854	1000.0	1000.0	305000	528.9994	128.16167	712.7636	-95.28696	528.9994	128.16269	711.40564	-130.09947	528.8077	127.40837	712.2843	-124.61528	5.1496186	4.6192665	58.245907	-11.635404	-530.2203	9.502719	9.485726	10.440332	2677.021064758301
62	6921.947	3079.2742	8773.345	775.2093	8456.602	136.33205	8804.38	8289.332	1000.0	1000.0	310000	534.0196	130.18478	715.69867	-119.27877	534.0197	130.18517	716.33307	-125.69556	533.80554	129.4451	715.45355	-140.91153	5.154045	4.563839	53.067734	-12.438099	-535.2354	10.1593	10.158296	11.038045	2723.8160417079926
63	8344.317	239.17229	8593.492	7924.852	9208.119	162.62418	9454.753	8897.387	1000.0	1000.0	315000	537.3887	133.07576	721.94183	-150.02412	537.3877	133.07803	722.7901	-195.5176	537.188	132.3355	723.9604	-247.0326	5.200308	4.561989	58.455143	-12.879684	-538.63275	10.693802	10.723197	11.3542	2769.806113243103
64	8541.439	191.49826	8809.497	8220.545	8691.908	177.54736	8882.093	8308.522	1000.0	1000.0	320000	543.0998	133.80826	726.2321	-205.62724	543.10016	133.80807	728.88336	-169.55794	542.90204	133.06087	727.40704	-133.45383	5.2535005	4.606961	62.019943	-12.279466	-544.3617	10.6069975	10.477028	11.334392	2816.632986307144
65	8217.404	487.44342	8618.003	7269.7915	9080.17	71.39076	9185.937	8952.983	1000.0	1000.0	325000	547.94604	134.89876	733.2573	-177.0681	547.94617	134.89986	735.8788	-209.01257	547.73755	134.14046	733.68854	-159.00063	5.285914	4.5757647	64.48078	-13.460562	-549.19763	10.6876335	10.582919	11.512221	2862.9797337055206
66	8717.148	241.1452	9063.539	8448.998	8010.3335	1373.2059	8762.655	3975.2466	1000.0	1000.0	330000	552.6952	135.64267	750.8411	-171.08685	552.69495	135.64311	751.2965	-176.76964	552.50574	134.86278	755.9047	-161.96614	5.3255324	4.5661	55.320946	-14.57324	-553.9759	11.269969	11.04044	11.925713	2909.709869861603
67	8644.039	420.25653	9005.276	7908.047	9418.029	146.46617	9584.376	9137.968	1000.0	1000.0	335000	557.59375	136.15292	757.422	-233.75693	557.59375	136.15411	759.7161	-179.46994	557.3999	135.37389	754.453	-175.30164	5.3767033	4.564399	54.155075	-11.875793	-558.87683	10.922201	10.749733	11.424453	2956.6695523262024
68	8684.247	229.41327	8975.58	8309.823	8906.947	150.33888	9102.453	8704.6455	1000.0	1000.0	340000	562.8242	137.0792	760.36444	-153.89139	562.82416	137.07993	761.6334	-121.561844	562.626	136.29546	761.486	-127.51024	5.4032903	4.5981092	56.367012	-13.488953	-564.0989	10.950592	10.941582	11.610269	3002.8076186180115
69	8782.986	287.1865	9016.678	8235.6045	9816.835	115.18465	10043.356	9679.566	1000.0	1000.0	345000	567.8627	137.95879	767.2225	-134.08495	567.8626	137.9589	767.8957	-107.3338	567.6721	137.16272	765.77875	-127.28572	5.420764	4.569272	56.853245	-12.762398	-569.1345	10.52782	10.526797	11.683551	3049.5204787254333
70	8600.231	456.17886	9321.972	8077.343	8686.829	186.00735	9029.114	8446.512	1000.0	1000.0	350000	572.6437	138.56644	771.9311	-96.8871	572.6435	138.5665	770.946	-79.00081	572.4628	137.7467	768.3956	-98.790764	5.447429	4.5630474	59.895393	-13.466878	-573.9195	10.907603	10.884206	11.863027	3096.8838527202606
71	8470.4795	439.7781	9051.259	7902.461	9176.542	182.92943	9460.436	8813.816	1000.0	1000.0	355000	577.7624	138.5521	788.1795	-147.74318	577.76245	138.55312	790.78467	-112.317535	577.5737	137.73828	784.9468	-76.57413	5.5112896	4.56118	56.02984	-11.836402	-579.0325	11.091817	10.943626	11.769178	3143.8407697677612
72	8968.921	460.43448	9775.589	8386.148	9689.889	136.65034	9876.184	9447.437	1000.0	1000.0	360000	582.4542	138.69374	792.5878	-69.80528	582.454	138.69453	791.70953	-85.53217	582.28326	137.88246	788.17944	-91.35835	5.535356	4.573045	55.85681	-14.883186	-583.73334	10.560664	10.614774	11.340591	3190.537529230118
73	9181.055	274.77646	9643.915	8897.127	9690.877	116.18259	9881.633	9510.52	1000.0	1000.0	365000	587.17426	140.48392	794.6895	-115.55893	587.1744	140.48381	798.26227	-134.75827	586.9882	139.67009	794.9431	-167.55592	5.5323954	4.5653176	58.04688	-11.258449	-588.4402	10.547295	10.472844	11.368378	3236.9528284072876
74	9169.088	298.26318	9661.631	8760.474	9914.252	175.21988	10147.368	9578.923	1000.0	1000.0	370000	592.1163	140.16379	814.6915	-122.199844	592.11597	140.16684	815.1659	-162.09384	591.9339	139.30974	817.7831	-158.46217	5.657697	4.59136	61.053684	-14.082587	-593.4429	11.934253	11.674504	12.530166	3283.9289784431458
75	8198.377	2099.827	9328.698	4000.4915	8776.98	1226.7305	9649.3545	5561.903	1000.0	1000.0	375000	595.799	143.09187	821.6123	-157.06998	595.7989	143.09172	822.96814	-112.176414	595.61285	142.28447	815.5894	-164.42879	5.658692	4.586046	57.996597	-11.506506	-597.12225	11.786718	11.913342	12.501843	3331.091812849045
76	8744.128	306.26788	9014.515	8237.293	9807.754	182.19527	10194.595	9426.951	1000.0	1000.0	380000	599.9724	144.51157	824.7235	-127.54047	599.9725	144.51332	825.1907	-116.16402	599.75714	143.68948	822.22003	-145.9779	5.666213	4.548415	64.527084	-14.676085	-601.301	12.504665	12.414658	13.085661	3379.0148437023163
77	9220.619	275.9619	9597.453	8820.464	9778.606	163.06282	10031.789	9440.032	1000.0	1000.0	385000	603.68933	144.91806	829.95636	-148.89534	603.68945	144.919	828.87573	-147.63895	603.4784	144.08281	829.0827	-105.08351	5.7389936	4.5710073	49.493793	-12.36533	-604.991	11.898202	11.696512	12.477372	3427.5328528881073
78	8693.966	474.31757	9301.013	7957.545	9942.939	143.55905	10146.604	9673.921	1000.0	1000.0	390000	608.2928	145.40459	831.8472	-129.73102	608.29236	145.40547	834.02216	-137.06126	608.09283	144.58531	833.28656	-128.71341	5.75041	4.5932083	58.24036	-14.229897	-609.6071	11.602646	11.662087	12.057127	3476.06849360466
79	9160.201	133.96603	9365.787	8995.934	9579.006	832.6024	10145.098	7144.866	1000.0	1000.0	395000	611.71173	146.32127	839.4526	-172.13902	611.71124	146.32266	837.1336	-177.94908	611.4993	145.46999	832.1741	-151.50227	5.7810025	4.556775	57.73462	-12.217434	-613.0338	12.4780035	12.327455	12.944677	3525.6602354049683
80	9184.372	363.64066	9714.962	8660.181	9940.682	127.70868	10129.057	9763.552	1000.0	1000.0	400000	615.29364	145.93478	837.918	-214.10602	615.2935	145.93533	837.8431	-200.32079	615.0451	145.06839	839.54254	-152.7579	5.8117266	4.5312495	58.368584	-12.85648	-616.5927	12.385334	12.251809	12.804355	3575.4812972545624
81	9153.135	474.27863	9623.836	8287.833	10087.564	156.18463	10392.606	9853.093	1000.0	1000.0	405000	618.50635	145.96906	836.4376	-246.55656	618.5064	145.96967	837.0791	-128.77211	618.25464	145.09138	842.575	-129.11348	5.908078	4.568576	60.526653	-14.155332	-619.7919	12.359619	12.274746	12.550422	3624.6063978672028
82	9037.1	642.61993	9675.297	7841.572	9873.2705	123.44953	10028.276	9615.937	1000.0	1000.0	410000	621.9777	145.51582	840.3128	-119.97602	621.9778	145.51526	840.5699	-104.8528	621.7272	144.63086	840.9529	-110.973335	5.8851523	4.55208	58.069584	-12.798264	-623.2486	11.896996	11.863241	12.422568	3672.4580085277557
83	9490.015	433.88992	10099.761	8761.123	9422.639	96.09012	9617.0	9249.812	1000.0	1000.0	415000	625.1788	146.40538	840.3684	-121.7988	625.1786	146.4067	841.05206	-110.66588	624.9301	145.53192	840.44885	-129.7189	5.8801274	4.5392623	55.78416	-11.160352	-626.4422	11.59714	11.548328	12.208235	3721.570327758789
84	9109.071	221.32997	9402.66	8806.988	10215.007	138.80504	10440.99	10035.522	1000.0	1000.0	420000	629.0701	146.51335	846.6584	-139.10735	629.07056	146.51476	845.469	-136.05144	628.84143	145.63107	841.1328	-128.17422	5.8897605	4.561549	61.372757	-11.760403	-630.337	11.384284	11.312402	11.944986	3769.750258922577
85	9504.363	395.7142	10145.137	9080.562	9734.118	143.19052	10004.612	9393.234	1000.0	1000.0	425000	632.9291	147.0703	854.9992	-176.46893	632.9284	147.07208	852.8001	-137.86223	632.6642	146.17639	847.3076	-138.87546	5.960499	4.5941606	60.83525	-12.903076	-634.1967	12.656777	12.385684	13.023579	3817.594331741333
86	9178.644	376.84387	9725.9795	8550.981	10045.237	467.8058	10483.171	8729.761	1000.0	1000.0	430000	636.2554	147.02107	848.8987	-122.23862	636.2556	147.02301	848.00824	-126.62027	636.006	146.12619	848.5544	-146.06584	5.9554644	4.584924	56.795685	-14.327469	-637.5067	11.95105	11.844011	12.309201	3864.574702501297
87	9564.26	68.52268	9673.463	9465.922	9738.478	40.253796	9802.848	9650.831	1000.0	1000.0	435000	639.4745	147.50453	855.6126	-162.8631	639.4742	147.5062	851.66425	-142.45546	639.2127	146.59682	851.17365	-149.18015	5.948625	4.576843	57.82929	-13.155409	-640.7483	12.3115425	12.278136	12.60238	3913.1953780651093
88	9200.091	614.37335	9819.158	8036.9307	7013.1006	2880.945	9507.901	2418.2468	1000.0	1000.0	440000	641.9732	148.05441	857.4638	-205.57362	641.97266	148.05634	858.29846	-201.27501	641.66455	147.14705	856.6599	-201.30653	6.065982	4.583533	53.344574	-10.841373	-643.23505	13.465257	13.541919	13.596641	3961.331755399704
89	9451.275	532.5216	10008.031	8726.494	10170.088	121.253006	10408.607	10002.318	1000.0	1000.0	445000	644.0557	148.4109	856.9313	-146.73921	644.0558	148.4104	858.2091	-144.63113	643.7671	147.49355	860.68335	-148.27087	6.0052037	4.6137056	73.951004	-11.869373	-645.3197	12.539073	12.523755	12.830564	4009.2851126194
90	9308.088	512.34015	9849.215	8352.884	10225.209	121.74558	10429.517	10033.477	1000.0	1000.0	450000	647.2718	148.09723	859.39166	-178.98093	647.2717	148.09743	858.48456	-148.97704	646.95856	147.17166	860.4272	-150.11148	6.1085486	4.5979276	61.074135	-15.506028	-648.5158	13.022581	12.725489	13.0799465	4057.26221036911
91	9657.618	452.8683	10073.663	8783.385	10371.175	172.78978	10605.473	10054.68	1000.0	1000.0	455000	649.7929	147.89865	865.2142	-102.71852	649.7932	147.90115	862.42926	-101.78029	649.45703	146.95789	869.0679	-104.08161	6.024382	4.5625834	65.76526	-13.928853	-651.0116	12.358228	12.280025	12.923593	4105.122385263443
92	9643.112	284.3876	10155.187	9382.239	10614.602	192.32498	10841.105	10138.76	1000.0	1000.0	460000	652.893	147.54375	864.42535	-86.53976	652.8927	147.5446	866.406	-87.71002	652.5904	146.59222	865.2739	-123.79443	6.032523	4.537532	63.094376	-13.652332	-654.1344	12.7443	12.564688	13.199735	4152.960908174515
93	9917.492	120.76581	10101.898	9756.2	8771.795	93.49926	8968.095	8674.774	1000.0	1000.0	465000	656.09235	148.12068	870.47253	-111.9372	656.0919	148.12312	864.81824	-151.34523	655.776	147.15651	862.8705	-104.79691	6.0536513	4.582863	67.37205	-12.156562	-657.30994	12.461841	12.397908	12.678385	4201.605712652206
94	9575.893	411.58862	10156.239	8946.18	7548.7783	2123.0344	8805.9	1255.0044	1000.0	1000.0	470000	659.1956	148.53885	869.0134	-112.75023	659.19574	148.53874	865.79785	-118.51024	658.8857	147.59938	873.40204	-108.011795	6.0277944	4.5227523	68.15173	-14.908649	-660.39343	11.937882	11.776916	12.148937	4249.402100086212
95	9582.423	863.2814	10208.423	7876.939	10177.882	105.73052	10370.92	9979.991	1000.0	1000.0	475000	662.642	149.06067	871.76	-147.6427	662.6419	149.06325	871.6789	-128.22858	662.31604	148.10999	868.64606	-197.68925	6.14019	4.542365	59.620636	-13.431584	-663.8496	12.205861	12.109813	12.498801	4297.032185554504
96	9822.889	266.75833	10186.641	9482.563	10434.953	103.21418	10624.434	10235.538	1000.0	1000.0	480000	665.77124	148.38936	872.63367	-208.71518	665.7708	148.39034	876.43195	-213.22403	665.42633	147.41225	871.8724	-187.39648	6.1307425	4.53501	63.358364	-12.578517	-666.99274	12.9704895	12.954775	13.134313	4345.779459238052
97	9612.833	476.08453	9971.918	8673.932	10210.178	101.84984	10398.3	10019.18	1000.0	1000.0	485000	667.42566	149.26337	873.0392	-181.78104	667.4256	149.26662	873.9817	-126.17597	667.0316	148.30399	876.68604	-138.69136	6.142684	4.542591	63.7542	-14.184107	-668.5858	12.884619	12.6341305	12.684641	4393.7131905555725
98	9816.677	214.6169	10187.592	9547.271	9188.686	82.90062	9403.219	9090.846	1000.0	1000.0	490000	669.60236	149.74803	882.604	-67.95774	669.60205	149.74968	885.35126	-59.423813	669.2531	148.78899	881.8814	-73.97848	6.154433	4.510498	54.058754	-12.406351	-670.7814	12.106012	12.050267	12.4745	4441.90859746933
99	9604.013	458.43716	10176.028	9070.814	9832.579	501.60663	10244.559	8366.083	1000.0	1000.0	495000	672.9998	149.58455	882.6075	-167.94185	672.99976	149.58414	882.7839	-127.19085	672.6432	148.61813	879.75543	-82.678734	6.216636	4.5700665	59.70248	-12.688424	-674.2049	12.39656	12.248035	12.396906	4490.641923427582
100	9118.32	1671.8552	10195.156	5817.184	10073.833	176.57959	10409.099	9827.427	1000.0	1000.0	500000	675.43695	150.71994	884.824	-154.78229	675.4368	150.72122	883.89056	-93.02796	675.0714	149.7661	887.67	-150.39734	6.1836953	4.517834	61.738064	-12.703896	-676.6405	12.665562	12.560013	12.538618	4539.655970335007
101	9958.251	480.8216	10524.582	9213.762	10139.436	100.60718	10278.973	9953.616	1000.0	1000.0	505000	677.9222	151.68425	888.24066	-124.64828	677.9224	151.68481	888.3836	-106.997246	677.5524	150.72783	890.6083	-134.73975	6.2242575	4.513103	63.47516	-12.007673	-679.1321	13.184269	13.179447	13.419131	4588.020916938782
102	9806.01	169.51413	9976.963	9489.688	10612.235	128.97853	10775.864	10373.084	1000.0	1000.0	510000	680.39233	151.7057	890.1651	-234.97232	680.3925	151.70764	891.85846	-175.81575	680.0322	150.71774	887.0849	-236.96219	6.204484	4.5119424	65.021835	-13.576974	-681.6029	13.123184	13.051202	13.150589	4636.861266613007
103	10211.563	218.95842	10603.446	10002.669	9644.459	137.74924	9861.556	9326.239	1000.0	1000.0	515000	683.47723	152.0916	895.9154	-119.90339	683.4769	152.09293	893.9787	-159.74268	683.1201	151.11928	894.1535	-151.03932	6.3730035	4.5388756	77.16321	-16.474329	-684.6883	12.696982	12.738062	12.959827	4685.919216632843
104	9669.964	480.94858	10327.149	9012.545	10266.248	91.39186	10454.807	10116.05	1000.0	1000.0	520000	685.30426	153.26997	903.5217	-193.70435	685.3048	153.27145	897.7717	-132.07387	684.9478	152.28017	892.0107	-125.495766	6.2733116	4.473268	59.996254	-12.421188	-686.50916	13.056812	12.97959	12.8193	4734.729789972305
105	10037.393	347.6728	10638.98	9555.27	10796.986	77.69371	10895.092	10650.179	1000.0	1000.0	525000	689.6855	152.53214	897.4952	-151.53052	689.6852	152.53162	896.64655	-159.5572	689.333	151.54224	896.35626	-146.96632	6.356062	4.505819	55.621605	-12.326874	-690.9055	13.065587	12.8642	13.042655	4783.7121868133545
106	10111.394	329.26465	10324.456	9456.65	10890.183	175.8691	11114.861	10558.715	1000.0	1000.0	530000	692.1121	152.85391	902.993	-141.91846	692.11163	152.8554	904.54724	-133.50471	691.7487	151.85141	901.85504	-165.2825	6.3610997	4.523616	66.003265	-12.5894165	-693.306	12.738492	12.625979	12.724721	4832.42356801033
107	9847.916	316.39377	10381.513	9388.667	10570.968	113.731514	10684.32	10328.408	1000.0	1000.0	535000	694.7606	152.46634	900.7509	-136.90224	694.76074	152.46751	901.56616	-94.05043	694.37415	151.46378	903.1888	-133.16449	6.412585	4.554348	61.12546	-14.119532	-695.9756	13.06752	13.014111	12.998626	4881.651071071625
108	10141.255	301.7753	10585.934	9656.205	10765.763	146.24258	11002.572	10468.548	1000.0	1000.0	540000	696.98645	152.75328	904.1161	-117.69918	696.98627	152.75453	905.0385	-163.77371	696.5903	151.73895	907.2899	-109.923584	6.366236	4.529966	63.223877	-11.575266	-698.1665	13.063224	12.929556	12.932965	4931.68164396286
109	9894.1	996.89307	10600.294	7919.908	10072.584	118.73168	10284.47	9865.99	1000.0	1000.0	545000	699.289	153.22462	910.65955	-117.02634	699.28845	153.2252	905.24084	-117.2229	698.8935	152.20926	904.7047	-148.81728	6.37747	4.5316544	67.96289	-15.088267	-700.46747	13.4452095	13.478616	13.541429	4981.175115823746
110	9933.1875	504.35275	10685.264	9159.653	9647.361	126.98702	9873.77	9482.419	1000.0	1000.0	550000	701.6845	153.0095	915.57245	-150.22922	701.6846	153.01117	913.48944	-121.00391	701.27673	151.99963	909.63086	-209.7979	6.3820896	4.4942675	64.74778	-14.1247425	-702.85254	13.360008	13.357752	12.995841	5029.584857463837
111	9025.802	1967.9354	10596.652	5245.3896	10651.419	117.07771	10815.835	10383.538	1000.0	1000.0	555000	703.7321	152.89871	908.9092	-82.978325	703.7325	152.89922	909.9817	-77.95035	703.3111	151.88501	908.41315	-87.65885	6.428279	4.5285935	67.70732	-13.224898	-704.86584	13.048963	13.062083	12.705477	5077.8107624053955
112	10185.37	191.75288	10500.517	9979.697	10397.349	232.0642	10673.664	9850.105	1000.0	1000.0	560000	705.1003	154.08673	917.4099	-137.80981	705.10016	154.08815	917.7353	-126.54427	704.67456	153.09714	920.89166	-87.49547	6.4229517	4.5386434	67.403885	-14.286274	-706.2283	13.307505	13.347987	13.245516	5126.422892093658
113	10325.817	230.90927	10563.896	9930.506	11170.816	123.29636	11341.519	10953.631	1000.0	1000.0	565000	707.17035	154.83215	919.75903	-152.1955	707.1699	154.83348	919.15594	-180.81985	706.7457	153.83727	917.5558	-156.31773	6.4572387	4.547844	66.89512	-15.058759	-708.3026	13.203727	13.264333	12.679819	5175.558274030685
114	10474.197	164.91418	10772.671	10268.574	9998.493	146.49118	10273.706	9751.014	1000.0	1000.0	570000	709.86884	154.81471	923.6497	-100.31682	709.8691	154.81425	926.9151	-100.96959	709.45483	153.82777	921.9833	-88.53959	6.478682	4.550885	71.5005	-11.589757	-711.0212	13.868303	13.724348	13.682325	5224.723455429077
115	10287.706	283.41165	10626.833	9860.392	11134.352	69.8161	11271.557	11042.97	1000.0	1000.0	575000	712.4507	155.88219	929.93243	-118.12428	712.45105	155.88326	925.92786	-154.67361	712.01373	154.87424	926.4534	-185.70848	6.455888	4.5329223	71.39621	-13.480527	-713.63434	14.514487	14.268229	14.018721	5274.033518791199
116	10249.863	121.01497	10445.464	10112.052	10314.412	72.9953	10463.031	10186.838	1000.0	1000.0	580000	715.4013	156.07022	927.9148	-160.46584	715.4006	156.0728	928.8941	-170.51024	714.9819	155.06305	926.8028	-111.04316	6.5020003	4.505168	63.036674	-11.869368	-716.5624	14.25712	13.89961	13.266119	5324.598696708679
117	10418.439	236.57841	10756.942	10025.322	10249.268	137.21957	10567.135	10007.385	1000.0	1000.0	585000	717.7632	156.88228	934.4482	-121.7627	717.7628	156.88388	934.54926	-134.39667	717.36487	155.86142	936.20013	-102.30751	6.557779	4.58031	66.566284	-11.657659	-718.95044	13.636706	13.733328	13.333713	5374.268951654434
118	10167.189	271.11255	10550.782	9809.948	10568.025	1260.7256	11255.159	6809.6284	1000.0	1000.0	590000	721.49066	156.56383	941.42914	-201.90468	721.4906	156.56378	941.9547	-140.08691	721.0985	155.53905	939.3353	-159.50723	6.589074	4.5594306	64.03545	-13.885074	-722.6605	13.213142	13.30815	12.742219	5423.487069129944
119	10584.439	188.39856	10785.288	10286.198	10048.909	1621.66	10745.214	5187.909	1000.0	1000.0	595000	724.67035	156.18623	942.2262	-104.348625	724.67004	156.18622	942.7827	-97.54547	724.23267	155.17719	939.1337	-85.623566	6.609811	4.56129	73.44223	-11.969644	-725.8133	13.56646	13.7455435	12.990862	5472.667345285416
120	10368.698	118.67521	10477.4795	10178.498	10934.439	78.43308	11067.579	10799.812	1000.0	1000.0	600000	726.87054	157.53186	943.8791	-200.30524	726.8705	157.53421	945.3136	-179.1459	726.4607	156.4998	945.667	-110.66649	6.589111	4.5670033	65.49296	-10.888666	-728.037	13.830747	13.61577	13.3421545	5522.288211345673
121	10530.287	306.82697	10792.002	9938.272	10720.2705	81.87885	10809.547	10520.432	1000.0	1000.0	605000	729.6176	157.76186	943.5354	-108.61978	729.6173	157.76492	945.24896	-115.01352	729.19403	156.72217	944.2257	-93.70006	6.69248	4.598931	57.114902	-15.006865	-730.7909	13.846444	13.871355	12.959504	5572.24392580986
122	10581.805	199.25174	10885.993	10316.257	11100.365	204.88649	11412.447	10794.427	1000.0	1000.0	610000	731.8724	157.65793	953.5351	-92.29949	731.87213	157.65758	950.89276	-94.751175	731.43866	156.62083	951.09216	-86.542076	6.6365094	4.6017494	70.157234	-12.973902	-732.9982	13.398496	13.282864	13.048278	5620.670575141907
123	10494.209	194.79137	10798.66	10183.772	11104.254	354.35852	11453.187	10218.5625	1000.0	1000.0	615000	734.5354	157.23407	957.9528	-183.12318	734.53516	157.23639	960.1991	-169.2952	734.1101	156.2184	953.9186	-140.12396	6.7324286	4.5890455	70.8879	-14.996876	-735.6619	13.618487	13.469042	13.200611	5670.452259302139
124	8476.982	3685.4014	10929.115	1220.1658	11171.859	166.13803	11520.399	10870.972	1000.0	1000.0	620000	736.5058	159.1787	960.5358	-155.11908	736.50543	159.1812	960.43744	-155.00844	736.0824	158.1915	961.1891	-145.06764	6.7111807	4.588011	66.335625	-12.909899	-737.65625	14.30166	14.0394535	13.514888	5720.672391414642
125	10377.834	532.1232	11093.177	9744.959	10796.752	114.25382	10975.983	10585.456	1000.0	1000.0	625000	737.57336	162.28009	966.13916	-225.38138	737.57306	162.28168	965.2847	-193.85481	737.0964	161.29681	965.1293	-260.6738	6.7325044	4.5935683	65.04111	-14.530977	-738.7183	14.811795	14.78321	14.206212	5770.555899858475
126	10467.373	328.8807	10847.646	10038.285	10949.05	104.874374	11161.462	10833.065	1000.0	1000.0	630000	739.2266	162.49506	968.5363	-225.75127	739.22565	162.50055	969.6478	-244.14655	738.7636	161.51392	962.4385	-215.01225	6.791254	4.6252375	63.079163	-13.542366	-740.3987	15.484652	15.2481575	14.768285	5819.616139650345
127	10202.479	672.7021	11136.154	9049.212	10762.959	70.205086	10904.381	10654.723	1000.0	1000.0	635000	740.8983	162.98961	964.12756	-255.6483	740.89844	162.99115	967.573	-245.46164	740.4114	162.00208	964.4126	-231.73325	6.8052816	4.6119547	71.172134	-13.746595	-742.0297	15.038722	15.11025	14.186175	5868.891471862793
128	10553.239	222.15288	10886.001	10201.307	11199.717	143.97285	11394.873	10919.713	1000.0	1000.0	640000	742.9575	162.569	964.89606	-281.80353	742.9573	162.56819	965.70264	-243.21107	742.4517	161.577	966.506	-239.82338	6.883585	4.6086054	69.03681	-12.612788	-744.12006	15.75353	15.863244	14.788319	5918.303982257843
129	10540.958	318.51245	10995.807	10025.799	11144.598	116.69055	11355.677	10933.753	1000.0	1000.0	645000	744.8224	163.27776	974.0519	-278.6895	744.8225	163.27678	971.61115	-278.4514	744.36395	162.28188	967.26654	-248.61652	6.862207	4.6134005	76.504906	-12.662909	-745.9759	14.761819	14.574434	13.765611	5968.055753231049
130	10442.776	392.67288	10898.5	9897.2705	10699.699	201.68692	11064.479	10442.508	1000.0	1000.0	650000	747.30725	163.30066	971.72107	-273.59964	747.3067	163.30328	974.0024	-270.74896	746.8427	162.31306	967.98663	-251.75145	6.7826605	4.576023	79.20197	-14.937335	-748.4666	15.680135	15.772302	14.786478	6017.81299829483
131	10326.992	569.6084	10885.943	9406.135	11191.427	108.9925	11327.3125	10911.865	1000.0	1000.0	655000	749.61456	163.85472	970.0075	-273.98163	749.6143	163.85622	969.95245	-275.13138	749.15094	162.88007	968.04816	-264.10605	6.910668	4.5849195	67.41908	-11.915817	-750.7522	14.472675	14.283634	13.75895	6068.018481731415
132	10571.963	324.52518	10828.452	9960.557	10171.406	179.02753	10396.498	9840.724	1000.0	1000.0	660000	751.5482	163.08891	973.19794	-291.57083	751.54846	163.08867	973.2325	-300.6129	751.02795	162.12495	971.28687	-286.15768	6.834827	4.576931	76.57663	-11.998393	-752.6248	14.762681	14.783741	13.884391	6117.853528022766
133	10305.803	871.0892	10873.697	8569.573	11285.475	72.56365	11398.087	11160.411	1000.0	1000.0	665000	753.3438	163.88559	977.19714	-283.89783	753.3438	163.88757	979.8336	-277.80295	752.8832	162.8929	985.59973	-272.1789	6.8734107	4.5596156	72.492355	-14.51925	-754.473	14.8584175	14.873419	13.811967	6168.127835273743
134	10852.175	426.58536	11367.392	10197.426	9640.732	2778.8555	11603.076	4317.808	1000.0	1000.0	670000	755.5013	164.26358	975.11084	-277.1176	755.50055	164.2657	976.1103	-274.51917	755.0203	163.28494	979.9679	-273.70648	6.90196	4.5717463	66.33834	-12.786158	-756.6354	15.8295	15.84771	14.4641905	6218.684319734573
135	10441.389	653.9085	11021.654	9337.213	10767.6875	1112.6991	11260.357	7436.4863	1000.0	1000.0	675000	757.3172	165.06923	978.42804	-293.3664	757.31714	165.0697	979.24347	-295.9616	756.79266	164.08208	978.313	-285.61676	6.954257	4.5499454	76.68615	-13.04811	-758.4346	16.189709	16.364609	14.779909	6268.496501207352
136	10315.174	531.35754	10877.484	9375.515	10828.662	74.40251	11001.16	10739.218	1000.0	1000.0	680000	758.7773	164.87773	983.62085	-345.30066	758.7765	164.87833	982.8764	-291.6502	758.255	163.88136	980.0568	-280.91095	6.94366	4.602152	67.545204	-11.795979	-759.8989	16.157063	15.851628	14.651734	6318.382972002029
137	10461.559	419.58334	11144.678	9930.28	11150.867	103.866905	11336.3	10996.795	1000.0	1000.0	685000	760.2188	164.91425	985.75934	-317.75217	760.2189	164.91797	984.8474	-356.87946	759.6833	163.92622	988.4251	-303.87625	7.038469	4.5862637	62.272408	-13.10377	-761.3256	16.171463	16.060068	14.690951	6370.250390529633
138	10733.759	354.93228	11146.685	10280.871	10954.555	72.83616	11054.581	10798.349	1000.0	1000.0	690000	762.1091	165.41125	981.652	-320.65848	762.1088	165.41296	983.13367	-303.38455	761.5745	164.41486	982.3122	-303.44824	7.035071	4.6078157	67.53752	-11.541053	-763.2478	17.081944	17.15447	15.467463	6421.187563896179
139	8757.178	3929.185	10928.187	908.5793	10796.715	132.56769	10973.928	10549.869	1000.0	1000.0	695000	763.5726	165.9453	984.064	-304.71738	763.57275	165.94469	982.4853	-367.38727	763.02985	164.97575	985.8394	-336.1466	6.997749	4.61398	76.120255	-10.803879	-764.6716	16.766506	16.60629	15.1844	6472.009679317474
140	10574.091	131.07047	10742.716	10385.28	11276.6	80.45965	11399.073	11085.704	1000.0	1000.0	700000	764.67883	167.82236	984.4522	-363.60187	764.6784	167.82526	983.17194	-327.28156	764.14764	166.83383	982.02094	-317.28452	6.9745574	4.572103	63.271423	-12.378315	-765.79596	16.843323	16.527925	14.826919	6524.250021934509
141	10927.479	288.39532	11244.504	10440.913	11085.572	124.5523	11303.934	10796.088	1000.0	1000.0	705000	765.5487	168.9659	984.9401	-350.5296	765.5491	168.96715	983.63794	-372.31348	764.98895	168.0062	980.1853	-448.38605	7.0368404	4.599513	71.141174	-12.410343	-766.6468	16.576656	16.763422	14.948697	6575.945633888245
142	10820.838	201.34619	11104.882	10485.229	10785.854	84.15903	10922.523	10632.092	1000.0	1000.0	710000	767.2949	168.57199	984.9051	-358.08167	767.29376	168.57297	987.0735	-359.5545	766.7273	167.60913	985.42194	-346.29626	7.0979557	4.6397657	70.37313	-12.503801	-768.34735	16.106817	16.116821	14.808261	6627.57661151886
143	10474.24	367.061	11087.279	10158.25	11483.289	207.03198	11750.452	11070.5	1000.0	1000.0	715000	768.8188	168.58124	987.88074	-377.2519	768.8183	168.58406	987.79126	-358.75626	768.2582	167.61588	990.0195	-342.4254	7.032341	4.587321	63.99276	-11.255666	-769.8805	16.573591	16.639894	14.289992	6679.568421363831
144	10836.675	135.85463	11091.407	10692.244	10657.826	124.963326	10864.293	10465.411	1000.0	1000.0	720000	770.4685	167.64505	987.6594	-355.21625	770.46814	167.64645	991.9638	-359.04248	769.92224	166.68619	987.1351	-356.18994	7.102487	4.6002645	70.700874	-13.091013	-771.57404	16.746906	16.848644	14.771044	6731.542662620544
145	9782.61	2458.3643	11424.273	4903.002	11583.222	123.809105	11799.825	11397.379	1000.0	1000.0	725000	771.19226	170.09114	988.79	-388.19373	771.19196	170.08926	990.79724	-383.60764	770.6624	169.08366	991.5937	-370.99222	7.0619073	4.624602	65.26155	-13.030409	-772.3198	17.210894	17.076185	15.202619	6783.800519227982
146	11023.929	274.88568	11368.251	10688.833	11271.252	150.08165	11445.477	11021.47	1000.0	1000.0	730000	774.10583	169.06792	991.055	-334.8192	774.1055	169.07068	991.7701	-332.97955	773.5664	168.11485	989.29095	-332.91867	7.1493807	4.5608416	70.97744	-13.661837	-775.2181	17.166428	17.151459	15.348319	6835.556807518005
147	10568.326	755.3989	11449.744	9178.285	9997.741	222.31152	10508.333	9642.188	1000.0	1000.0	735000	775.134	171.50749	995.4822	-343.1986	775.1333	171.50494	992.61865	-343.20987	774.55145	170.57321	993.8706	-343.00577	7.2558675	4.590549	77.995804	-12.373945	-776.2494	17.684002	18.01706	15.639372	6888.41211438179
148	10839.936	633.1488	11271.243	9584.773	10508.615	108.84831	10636.812	10293.287	1000.0	1000.0	740000	776.8698	170.85919	994.65533	-367.31067	776.87	170.85973	997.3301	-358.1379	776.312	169.89836	994.10706	-342.60794	7.3327756	4.6525087	63.478848	-13.604643	-778.0043	18.4527	18.165956	16.277847	6940.00710105896
149	10357.382	701.0029	11283.999	9133.52	11529.229	242.83662	11836.7705	10978.886	1000.0	1000.0	745000	779.04504	171.25562	997.4367	-367.46436	779.04443	171.25844	1000.15344	-369.7203	778.4338	170.32558	1004.1752	-358.8698	7.179872	4.591881	64.841194	-11.208896	-780.1169	17.875504	17.987644	15.852564	6991.636569738388
150	10946.311	270.3563	11230.856	10506.024	11649.734	119.076126	11842.96	11389.718	1000.0	1000.0	750000	779.3618	171.39906	997.034	-385.04343	779.36115	171.4001	997.8266	-370.83054	778.75275	170.43515	997.1057	-364.34827	7.138497	4.599586	68.20447	-12.16053	-780.4277	17.457682	17.766329	15.321849	7044.354825019836
151	10988.282	409.86877	11441.106	10274.353	11276.884	341.8175	11595.048	10356.009	1000.0	1000.0	755000	780.71924	170.12943	997.79724	-378.76086	780.7191	170.12857	996.18866	-364.6244	780.10913	169.17278	997.37305	-358.87506	7.2516794	4.5911183	71.83254	-12.059945	-781.7693	19.011917	19.045244	16.360373	7096.361746072769
152	10921.731	204.89453	11181.032	10619.549	11601.269	216.1654	12006.961	11302.286	1000.0	1000.0	760000	782.4217	171.32825	1004.3103	-383.1168	782.4208	171.33102	1003.07385	-382.9944	781.85144	170.39642	1001.92596	-369.55927	7.2458196	4.6114044	69.3892	-12.956032	-783.5179	18.294737	18.024082	15.536213	7147.621770620346
153	10560.733	580.53107	11128.411	9521.17	9878.287	653.623	10584.202	8297.23	1000.0	1000.0	765000	784.43317	172.2401	1007.51117	-400.68546	784.43256	172.24315	1008.20245	-388.00146	783.84406	171.26003	1003.96246	-365.71265	7.207303	4.5806556	65.60307	-13.16232	-785.5141	17.9317	17.71993	15.493338	7200.618301391602
154	10817.414	583.51984	11493.262	9798.997	11481.773	131.85	11679.442	11274.785	1000.0	1000.0	770000	785.60254	172.15102	1015.22833	-360.8745	785.6022	172.15573	1015.8513	-371.96915	784.99554	171.19429	999.9687	-357.1169	7.174453	4.559985	68.35105	-12.138771	-786.6733	17.870884	17.617575	15.884831	7253.097962856293
155	10854.139	127.647064	11032.211	10681.158	8134.3633	3213.471	11708.702	2584.9004	1000.0	1000.0	775000	787.1307	171.90036	1002.54114	-364.76968	787.13007	171.90056	1002.35297	-369.41745	786.51025	170.936	1001.84155	-358.505	7.2369423	4.593548	73.94454	-12.195417	-788.18805	18.911871	18.733936	16.3461	7306.3043513298035
156	8178.2734	2609.2378	11149.472	5145.2275	11562.585	123.81329	11787.675	11403.37	1000.0	1000.0	780000	787.54736	173.9412	1005.94714	-360.411	787.5473	173.94096	1005.2362	-431.68533	786.92786	172.98659	1001.2537	-446.43094	7.2312436	4.559944	69.554016	-11.53028	-788.6283	19.38577	19.441084	17.039139	7359.4087080955505
157	11036.516	143.4956	11284.003	10868.182	11420.893	130.23766	11579.478	11198.93	1000.0	1000.0	785000	788.8866	174.08627	1007.8286	-559.8202	788.88586	174.08804	1005.7021	-587.64966	788.2886	173.13638	1001.6187	-523.48694	7.284521	4.593848	59.752487	-13.488537	-789.95605	19.971842	19.79864	16.452015	7411.813141345978
158	10715.427	665.5562	11199.363	9401.403	11517.669	102.64445	11673.631	11366.392	1000.0	1000.0	790000	790.17126	173.89337	1016.7296	-416.2673	790.17114	173.89328	1011.2563	-506.76288	789.5109	172.96385	1009.46454	-428.56815	7.2278395	4.5605793	69.52552	-13.140844	-791.2068	19.717052	19.49561	16.27488	7464.170682430267
159	11089.611	112.86198	11201.042	10885.425	10690.4795	103.719864	10828.381	10459.113	1000.0	1000.0	795000	791.3357	174.54749	1016.49854	-362.53552	791.3354	174.55002	1013.79126	-365.6323	790.71594	173.62318	1015.0779	-520.2236	7.2560406	4.591321	73.163246	-11.79447	-792.3676	17.958551	18.171453	15.769872	7516.041256904602
160	10827.174	429.73718	11247.278	10214.141	10775.208	1522.5077	11536.711	6239.182	1000.0	1000.0	800000	793.8825	173.42134	1021.5327	-384.81754	793.8819	173.42326	1021.57367	-379.77475	793.2445	172.45862	1016.6117	-365.1434	7.262158	4.6004376	64.54324	-13.02997	-794.9172	17.411795	17.336077	14.863169	7568.07847070694
161	10835.555	598.0554	11535.542	9868.513	10130.066	297.74155	10554.818	9532.324	1000.0	1000.0	805000	794.4823	174.86319	1023.32697	-376.51462	794.48206	174.86682	1021.44415	-400.00656	793.8028	173.88878	1016.78595	-512.8262	7.291292	4.604452	67.668846	-12.653097	-795.5121	18.90052	18.543577	16.916084	7621.239010334015
162	10831.453	568.24146	11334.006	9733.961	11376.579	217.82802	11560.365	10882.535	1000.0	1000.0	810000	794.27325	173.99405	1016.1234	-364.22385	794.27295	173.99622	1018.38855	-354.4595	793.6103	173.02913	1014.8316	-352.19324	7.1970096	4.6145463	83.080826	-11.92038	-795.2567	18.590773	18.452223	15.422732	7674.341831922531
163	10375.342	1265.4656	11229.348	7878.037	11750.175	119.16027	11919.805	11508.595	1000.0	1000.0	815000	795.22876	174.61958	1016.3607	-362.8782	795.2283	174.62047	1020.99567	-360.83685	794.5661	173.65765	1019.1342	-534.3039	7.260717	4.5985513	68.929214	-13.610319	-796.2232	18.512762	18.14946	16.00736	7727.525472402573
164	10925.766	147.51167	11191.366	10792.171	11835.393	200.07059	12170.635	11474.151	1000.0	1000.0	820000	796.3451	174.36009	1021.2554	-385.4194	796.34515	174.35994	1023.7439	-365.39185	795.67615	173.40013	1021.4152	-338.6726	7.289507	4.6255717	67.780716	-12.440823	-797.3293	19.155928	18.96571	16.403719	7781.12055182457
165	10605.348	1269.2611	11531.301	8089.4424	10761.545	107.57032	10945.801	10520.377	1000.0	1000.0	825000	798.6381	173.5113	1018.2755	-309.86316	798.63806	173.50998	1020.11615	-309.97522	798.006	172.53831	1022.6432	-302.33655	7.1957116	4.567715	83.16501	-11.482485	-799.639	17.689497	17.711184	15.217685	7834.585480690002
166	10857.022	435.88892	11176.462	10037.617	11576.24	86.973335	11719.633	11372.577	1000.0	1000.0	830000	799.7751	174.12933	1020.9824	-300.1138	799.77435	174.13405	1017.4094	-304.36072	799.09656	173.16196	1016.87683	-292.34283	7.265729	4.594432	74.63137	-13.195133	-800.7546	19.98721	20.066818	16.225798	7888.020869016647
167	11124.501	305.59506	11503.624	10596.283	11540.779	172.57993	11850.07	11319.735	1000.0	1000.0	835000	800.89325	174.05653	1019.0893	-348.72952	800.8929	174.05696	1021.3058	-301.24182	800.19073	173.07678	1022.63153	-311.854	7.240229	4.613118	73.91735	-12.442427	-801.8603	19.745785	20.148859	16.128746	7940.859929084778
168	11269.218	183.19008	11484.894	10994.016	11303.099	88.434746	11388.374	11120.835	1000.0	1000.0	840000	801.4194	174.2877	1021.4032	-288.9706	801.4192	174.2855	1019.37396	-290.39502	800.7247	173.30537	1020.4243	-334.54068	7.309519	4.628481	69.09881	-13.351072	-802.4307	20.577269	20.946165	16.803806	7994.933451890945
169	11199.646	177.86308	11381.689	10876.599	11699.847	222.1304	11995.991	11149.742	1000.0	1000.0	845000	802.92596	174.00343	1020.26685	-417.51257	802.9258	173.99937	1023.87555	-331.59753	802.26575	173.05664	1024.4446	-659.09674	7.2965794	4.6105556	78.2619	-10.913613	-803.9536	19.971197	20.124922	16.7387	8048.309041976929
170	10994.683	333.58148	11343.591	10576.217	10846.86	2100.6794	11958.358	4577.3574	1000.0	1000.0	850000	804.8615	173.12479	1027.8859	-297.57962	804.86127	173.12685	1026.6681	-284.62732	804.1413	172.1362	1026.3314	-282.68283	7.1468725	4.5680943	73.45358	-11.362234	-805.794	19.448568	19.1419	15.749838	8102.812500238419
171	11375.709	225.83643	11673.272	11031.281	11808.611	114.79734	11998.612	11594.533	1000.0	1000.0	855000	805.6455	172.95186	1025.7753	-293.57593	805.645	172.9539	1026.0364	-282.65195	804.92633	171.99469	1022.89667	-266.72736	7.2441316	4.61489	68.06792	-11.760218	-806.5913	20.33116	20.516651	15.927889	8156.925539970398
172	11234.091	339.35022	11578.178	10758.649	10623.411	2373.101	11990.235	4207.355	1000.0	1000.0	860000	805.99084	174.3182	1029.184	-399.98618	805.9905	174.31842	1030.8993	-457.9977	805.2519	173.32098	1023.9359	-261.0652	7.363502	4.6251307	66.92249	-12.849501	-806.96606	20.621243	20.9498	17.197731	8210.710881233215
173	11120.614	386.41153	11700.288	10590.783	10831.0	97.530846	10985.55	10672.623	1000.0	1000.0	865000	807.90424	172.67462	1021.08264	-286.16476	807.90375	172.6777	1018.3958	-362.90546	807.1905	171.66362	1028.5977	-354.74176	7.3506894	4.6787424	71.00075	-13.543073	-808.8772	21.15319	21.30491	16.784798	8264.485711812973
174	10969.008	189.3393	11132.406	10607.716	11336.268	1026.7056	11863.087	8279.262	1000.0	1000.0	870000	809.2201	172.63953	1024.7491	-262.06387	809.21985	172.64153	1022.7985	-264.1012	808.52905	171.6272	1028.7203	-389.8212	7.3071737	4.6428123	68.77438	-14.58535	-810.2252	19.444113	18.904205	16.513771	8318.930537223816
175	11189.193	260.4848	11596.937	10888.078	10675.694	75.09378	10777.144	10548.861	1000.0	1000.0	875000	811.12555	173.0222	1030.4536	-352.2314	811.1253	173.02153	1030.0844	-364.16275	810.43097	172.0369	1026.8127	-308.33948	7.3710194	4.612017	66.72693	-12.474177	-812.0884	18.238241	18.5423	15.459613	8373.140740156174
176	10681.828	779.5181	11605.1455	9440.848	11701.334	113.405235	11897.726	11552.249	1000.0	1000.0	880000	812.11993	172.59952	1025.403	-273.4824	812.1192	172.6009	1028.8107	-264.94507	811.40875	171.60864	1030.9104	-263.72147	7.265376	4.619146	83.09357	-12.547465	-813.0908	19.749657	19.95949	16.31807	8427.726198673248
177	11007.144	322.1398	11480.246	10478.895	11813.951	100.027245	12012.326	11708.57	1000.0	1000.0	885000	813.3733	173.28099	1031.1633	-260.7906	813.3731	173.28133	1028.61	-259.28265	812.6829	172.27795	1027.7656	-249.97691	7.4391184	4.604025	69.984665	-11.749489	-814.3804	19.558369	19.4671	16.417582	8482.10421872139
178	9845.35	1803.8372	11034.341	6283.9194	11834.314	106.57723	11988.164	11648.598	1000.0	1000.0	890000	814.8828	173.08936	1027.5079	-321.385	814.88245	173.08958	1025.5107	-274.7987	814.1542	172.09021	1029.2999	-270.77988	7.299378	4.5652514	62.413586	-15.674791	-815.8327	19.87625	20.09302	16.188595	8537.388585329056
179	10264.841	2026.9963	11684.039	6241.9575	10749.399	117.48057	10962.312	10598.369	1000.0	1000.0	895000	814.5747	174.20703	1038.2921	-246.8144	814.5746	174.21019	1037.63	-263.6932	813.8295	173.24489	1036.7816	-243.60588	7.3261604	4.6117826	71.5877	-11.707053	-815.56085	19.524195	19.612978	16.46073	8592.470690727234
180	9145.781	3807.4995	11554.133	1557.3214	11341.633	148.09895	11627.522	11104.467	1000.0	1000.0	900000	814.7514	175.79663	1035.2091	-295.9583	814.7512	175.8	1036.145	-296.0005	814.0249	174.83347	1037.0948	-349.6428	7.347073	4.583967	65.705986	-11.981552	-815.7355	20.208271	20.454998	16.356125	8646.94158911705
181	10777.647	554.6072	11350.711	9766.175	11370.282	218.38629	11791.793	10974.77	1000.0	1000.0	905000	816.0655	175.53502	1034.499	-291.8968	816.06555	175.53249	1037.5353	-253.36024	815.3155	174.56776	1041.6351	-320.1124	7.2533493	4.586867	60.22732	-13.320795	-816.99	18.991241	18.658894	15.572109	8702.195603609085
182	11213.889	507.7533	11785.994	10283.3125	10588.695	137.29102	10829.3545	10321.498	1000.0	1000.0	910000	816.29083	175.81908	1036.881	-255.35825	816.2901	175.82133	1036.0706	-262.62708	815.545	174.87538	1032.3516	-246.26387	7.259217	4.5661335	70.861824	-13.498985	-817.19507	19.881819	20.048662	16.038513	8756.527346372604
183	10910.588	399.52338	11502.322	10361.518	11090.393	1291.6917	11756.364	7244.967	1000.0	1000.0	915000	817.671	176.12878	1039.2401	-359.11414	817.6708	176.13138	1038.1945	-307.80307	816.91986	175.17607	1040.7401	-304.3029	7.3269825	4.6122556	73.84435	-11.940106	-818.6062	20.974222	20.99121	17.846172	8812.002952098846
184	11223.278	175.59692	11487.77	11064.012	11708.408	158.97026	11894.815	11360.135	1000.0	1000.0	920000	819.2562	175.81114	1041.8904	-359.10684	819.25616	175.81442	1045.1761	-390.32806	818.4935	174.83415	1042.1412	-351.31445	7.364494	4.6867294	109.72301	-11.287063	-820.18036	21.422194	21.470854	18.592339	8866.836087226868
185	10185.136	2132.287	11450.422	5946.0947	10714.998	136.91374	10931.321	10510.5205	1000.0	1000.0	925000	818.81696	177.34618	1041.44	-1051.5287	818.8182	177.34167	1038.6902	-810.3545	818.0383	176.37375	1038.5463	-666.6908	7.291473	4.68596	110.69219	-14.494373	-819.7902	22.714252	21.311268	19.715462	8921.944791555405
186	10766.471	849.6812	11390.767	9132.225	9900.193	114.334946	10020.48	9702.16	1000.0	1000.0	930000	819.20013	177.62502	1039.6926	-1041.0913	819.19995	177.62537	1044.0409	-1016.13654	818.4521	176.6527	1039.9587	-839.6495	7.2587304	4.6710334	99.49215	-13.732905	-820.1463	21.354782	21.368998	18.722912	8976.943561315536
187	10952.291	603.5427	11338.123	9751.563	11557.322	260.46274	11923.242	10964.621	1000.0	1000.0	935000	819.68866	177.05826	1044.7356	-1075.2897	819.68854	177.05794	1044.6139	-954.9956	818.925	176.08371	1045.6902	-860.82904	7.339025	4.6875443	116.67659	-13.653892	-820.6212	25.358383	25.213417	20.451687	9031.690960168839
188	11157.291	546.4614	11811.396	10350.312	11642.8955	176.64894	12028.348	11359.571	1000.0	1000.0	940000	821.1381	176.8656	1037.8767	-1005.45123	821.1382	176.86125	1036.5884	-949.5152	820.3447	175.89519	1037.7937	-1019.60333	7.2641034	4.664101	129.33195	-12.068304	-822.0349	22.736332	22.190914	19.595734	9086.741917848587
189	9899.977	2629.414	11327.597	4643.523	11964.243	190.03415	12341.466	11569.807	1000.0	1000.0	945000	822.1345	176.47095	1040.3547	-1147.196	822.13416	176.48007	1040.2462	-1242.7585	821.38336	175.47713	1039.7472	-1008.9792	7.253153	4.7053947	115.03798	-11.455322	-823.0944	21.427889	22.42033	18.639694	9141.507311820984
190	10751.256	599.43256	11707.863	9842.698	11524.164	233.5509	11769.742	10967.98	1000.0	1000.0	950000	823.2104	177.49283	1039.858	-1118.6909	823.20966	177.49309	1043.359	-1115.5216	822.4795	176.51776	1042.4272	-864.73987	7.3248386	4.642545	108.24216	-14.658568	-824.1466	24.328493	23.884373	19.64035	9198.237275362015
191	11099.99	228.19762	11385.855	10784.76	10600.83	93.25216	10736.048	10409.191	1000.0	1000.0	955000	824.2906	177.17316	1046.3389	-1269.8728	824.2904	177.17516	1045.6389	-1134.1884	823.52435	176.19267	1043.521	-1045.6549	7.2512717	4.640522	84.35916	-13.215959	-825.2069	23.409657	23.851728	19.454746	9253.689121246338
192	10956.217	373.942	11314.773	10254.224	11864.063	168.06744	12101.204	11506.726	1000.0	1000.0	960000	825.6155	176.22112	1041.1738	-1051.797	825.61505	176.22267	1039.725	-1051.2808	824.78314	175.21342	1040.1364	-954.141	7.3568935	4.649434	94.67756	-14.326662	-826.49384	23.609085	23.677767	19.776222	9309.310089349747
193	9886.471	2155.496	11026.594	5578.809	11700.347	207.41208	11960.666	11340.9375	1000.0	1000.0	965000	824.26306	178.42427	1041.7285	-810.8402	824.263	178.4259	1039.8986	-871.084	823.44135	177.46584	1038.3352	-756.56366	7.3443704	4.7208204	91.26331	-12.402139	-825.1158	22.422777	22.641085	19.2646	9365.389502048492
194	11099.198	432.27124	11627.414	10498.693	11446.687	192.44359	11726.189	11142.626	1000.0	1000.0	970000	824.7775	179.86504	1042.6753	-1265.0466	824.7783	179.86613	1042.3693	-1321.6617	823.95874	179.0067	1044.1125	-1044.0144	7.301236	4.60844	65.93315	-13.209108	-825.6699	22.89476	21.986338	20.446722	9421.351586818695
195	11303.365	240.64894	11557.864	10913.711	11568.195	182.83977	11795.929	11196.184	1000.0	1000.0	975000	825.68195	181.90549	1041.535	-1595.2935	825.68225	181.90656	1041.2559	-1509.9335	824.8602	181.02719	1039.1825	-1544.055	7.300778	4.6201606	73.41926	-11.305574	-826.645	22.361944	22.752413	19.300037	9476.659583330154
196	11418.646	332.0377	12044.621	11112.756	11665.29	135.23184	11883.954	11427.396	1000.0	1000.0	980000	826.67993	181.00972	1044.2178	-1822.8192	826.6802	181.00412	1047.8162	-1622.5096	825.8591	180.03702	1040.9094	-1532.7491	7.40478	4.716667	84.47159	-11.080828	-827.646	26.242088	25.812962	22.7637	9532.658591270447
197	11402.128	177.39442	11666.735	11180.928	11622.94	136.96611	11868.781	11427.728	1000.0	1000.0	985000	827.50195	179.50923	1042.4646	-1331.0432	827.501	179.51054	1042.8127	-1248.2661	826.63605	178.57262	1046.8059	-1222.8608	7.324477	4.676833	79.83453	-11.45161	-828.39185	23.04134	23.396713	20.093578	9588.71261382103
198	10358.963	1654.617	11596.802	7079.2803	11799.297	134.8723	11997.697	11531.202	1000.0	1000.0	990000	827.0298	186.30571	1054.0354	-2095.7917	827.0304	186.30681	1051.302	-2113.521	826.19366	185.50128	1042.6154	-2012.9341	7.3710694	4.7712407	87.95593	-12.143454	-827.9543	26.62015	26.806612	24.08245	9644.699231147766
199	10972.28	692.01245	11848.622	9764.191	10765.597	1856.0981	11525.599	5207.099	1000.0	1000.0	995000	827.9606	183.63176	1046.1223	-2163.333	827.9602	183.62634	1042.102	-1935.9352	827.11993	182.69398	1045.8744	-1900.326	7.4829917	4.780891	77.72513	-13.40448	-828.8699	27.411385	26.68155	21.506996	9699.60948753357
