Epoch	AverageEpRet	StdEpRet	MaxEpRet	MinEpRet	AverageTestEpRet	StdTestEpRet	MaxTestEpRet	MinTestEpRet	EpLen	TestEpLen	TotalEnvInteracts	AverageQ1Vals	StdQ1Vals	MaxQ1Vals	MinQ1Vals	AverageQ2Vals	StdQ2Vals	MaxQ2Vals	MinQ2Vals	LossPi	LossQ	Time
1	-236.91211	114.4586	-40.138283	-353.13174	-604.1071	2.4318137	-601.01105	-609.5563	1000.0	1000.0	5000	1.607793	3.2869525	20.469254	-9.713945	1.6074929	3.2875192	20.770191	-9.468444	-2.579589	0.38792804	37.523789167404175
2	-297.92514	46.79255	-250.30563	-380.62735	-321.85712	82.191826	-209.69617	-497.68384	1000.0	1000.0	10000	12.597369	9.378436	42.545097	-9.50603	12.59721	9.379089	42.622303	-9.124621	-14.945122	1.3593531	75.6244568824768
3	-289.07678	218.05997	58.86142	-614.6096	-575.7789	51.459396	-488.1905	-668.05096	1000.0	1000.0	15000	24.485235	10.501667	61.284763	-2.8788419	24.484997	10.5025	61.32022	-2.7216012	-26.368666	2.4506874	118.00176429748535
4	-289.67532	244.89641	158.9741	-537.32666	72.59508	107.438324	212.89824	-161.00966	1000.0	1000.0	20000	29.42989	17.073973	82.1414	-1.3349257	29.429857	17.074793	79.55943	-3.2214458	-31.413822	2.8770092	157.1798198223114
5	412.4366	554.6873	1299.2456	-111.99675	1338.2511	444.86398	1907.8591	154.4418	1000.0	1000.0	25000	30.35236	22.40689	84.34144	-6.502861	30.35236	22.407108	85.75533	-5.196512	-31.861273	3.0840693	197.4125325679779
6	1332.4314	628.08325	1888.5331	167.30539	1817.7839	376.4807	2268.5378	817.9311	1000.0	1000.0	30000	35.950394	26.788841	109.64301	-6.1666746	35.949997	26.788866	110.737274	-4.8600087	-37.272064	3.9731054	239.28744792938232
7	2075.1377	363.21237	2742.5222	1770.9407	2652.2644	663.9758	3115.814	712.0318	1000.0	1000.0	35000	46.485825	34.08702	133.41824	-6.882594	46.485508	34.08688	135.74594	-7.379684	-48.043182	6.2839565	280.53540658950806
8	2896.5508	208.8957	3184.7773	2601.2888	2937.4172	440.92758	3251.126	1701.1389	1000.0	1000.0	40000	62.23705	43.98699	167.49838	-10.070624	62.237022	43.986862	166.90639	-11.270791	-64.0361	9.136031	321.58766865730286
9	2764.6558	832.1345	3498.0474	1474.6646	3245.9473	1277.2281	4106.0327	661.74524	1000.0	1000.0	45000	80.051506	54.586094	191.2536	-14.100612	80.05151	54.585068	192.04279	-14.724721	-82.23453	11.950718	361.74182534217834
10	3114.707	998.7033	3999.638	1179.3561	3978.662	106.74919	4183.017	3795.375	1000.0	1000.0	50000	96.68529	65.470184	218.75392	-33.147095	96.68553	65.46854	219.41777	-32.64763	-99.03701	15.773509	402.05714535713196
11	3774.8757	607.71173	4236.7866	2601.0032	4290.532	65.28458	4420.8623	4166.901	1000.0	1000.0	55000	116.84757	75.56214	254.96002	-30.241928	116.84714	75.56118	254.43826	-30.666077	-119.190384	18.364847	444.16202187538147
12	4240.9204	219.4466	4615.325	3996.7837	4436.718	96.20332	4573.24	4245.7144	1000.0	1000.0	60000	138.60258	83.82142	273.1894	-40.561375	138.60297	83.8199	273.42136	-38.68361	-141.2797	19.415674	485.1049289703369
13	4454.79	162.49998	4665.5977	4227.8965	4596.117	120.81262	4755.647	4378.233	1000.0	1000.0	65000	159.40405	90.94838	301.83908	-50.261345	159.40381	90.94748	299.55508	-55.34606	-161.942	20.552608	527.9448528289795
14	3995.724	1444.2246	5011.8267	1128.7837	4961.2627	96.0422	5061.52	4791.2153	1000.0	1000.0	70000	176.96729	97.755974	317.51703	-47.314713	176.96683	97.7547	317.01846	-40.00834	-179.81224	21.917152	571.633492231369
15	4874.468	144.18974	5076.755	4700.6724	5104.95	130.95607	5310.1455	4826.579	1000.0	1000.0	75000	196.21185	103.59168	339.27505	-59.7223	196.21173	103.590485	338.77277	-63.14357	-198.86763	22.949133	613.7094111442566
16	5101.5986	227.75574	5378.249	4771.8657	5163.952	820.3046	5607.1113	2744.2139	1000.0	1000.0	80000	215.19405	108.5835	356.9939	-59.453392	215.19362	108.58149	356.9683	-58.223125	-217.85858	24.327385	658.5213232040405
17	5227.8433	112.198326	5451.7876	5159.497	5878.165	95.28601	6046.3213	5740.4897	1000.0	1000.0	85000	233.45331	113.631294	383.22568	-47.93996	233.45299	113.629776	382.31088	-43.755295	-236.02942	25.523987	702.9789001941681
18	5034.1416	667.9233	5489.5356	3706.735	5858.7725	109.14776	5968.137	5577.4985	1000.0	1000.0	90000	251.23167	118.29203	400.1176	-63.440613	251.23135	118.291824	398.48956	-61.51044	-254.09795	28.755846	747.0172057151794
19	5774.5	248.01244	5963.4624	5284.679	5757.828	1304.6323	6574.7485	2700.7158	1000.0	1000.0	95000	267.8817	123.07099	420.03632	-86.925026	267.88174	123.06906	419.9796	-63.579494	-270.54755	31.867409	790.7344422340393
20	5648.5967	292.34412	6176.6675	5293.6304	6286.264	104.434586	6446.2803	6142.9106	1000.0	1000.0	100000	285.3529	126.806465	441.6588	-61.82724	285.35236	126.80621	444.03143	-62.60272	-288.07944	33.194775	835.1257498264313
21	6124.62	118.86028	6264.607	5921.855	5811.5845	61.022373	5889.546	5665.171	1000.0	1000.0	105000	302.35104	130.53914	459.5549	-66.944695	302.3512	130.5381	465.4433	-52.18083	-305.41833	34.335224	877.4457566738129
22	6127.455	257.86386	6504.6763	5775.178	6916.5586	109.41213	7046.6504	6748.091	1000.0	1000.0	110000	318.994	133.61897	475.0887	-75.32147	318.99368	133.61833	476.4573	-72.94704	-321.61664	36.50247	922.6656219959259
23	6316.353	121.605934	6494.285	6174.8887	7029.0845	163.9959	7298.222	6749.3774	1000.0	1000.0	115000	335.01028	136.50291	499.62482	-33.407497	335.01044	136.50264	496.37018	-46.35722	-337.94705	37.721954	965.687878370285
24	6559.8643	174.1766	6740.2065	6253.117	6560.897	54.728447	6637.496	6453.101	1000.0	1000.0	120000	351.01978	140.07567	525.663	-77.66233	351.0197	140.0751	524.99457	-75.33246	-354.43015	39.115677	1009.3435778617859
25	6750.536	174.10806	7021.5737	6488.3047	5997.544	1680.6329	6844.5127	1013.1948	1000.0	1000.0	125000	366.57404	143.40047	551.7947	-42.188095	366.57376	143.40065	550.1761	-43.68192	-369.53525	40.18323	1052.9833245277405
26	6167.507	1323.8456	7111.179	3567.72	5556.872	1950.4071	7520.875	2461.8623	1000.0	1000.0	130000	381.24573	146.73204	564.97626	-57.951416	381.24548	146.73204	562.94916	-94.78892	-384.18616	43.089092	1096.4286270141602
27	6965.6147	238.18439	7373.2397	6659.021	6559.169	1270.5157	7636.8174	3220.114	1000.0	1000.0	135000	395.1361	150.8333	584.9539	-77.53128	395.13602	150.83287	586.1811	-69.896385	-398.1295	47.16918	1139.133854150772
28	4744.58	2928.851	7207.1187	252.31073	5811.6846	2171.0757	7440.828	1304.528	1000.0	1000.0	140000	405.5036	156.95952	603.3396	-164.08946	405.50406	156.95848	601.7424	-150.92662	-408.08444	51.715813	1183.1898021697998
29	7057.1914	129.86835	7219.3296	6865.55	6854.8647	1971.1196	7796.926	966.1595	1000.0	1000.0	145000	417.2265	160.97105	611.03406	-122.451836	417.22668	160.97069	612.8564	-107.836395	-420.5158	55.03456	1227.1582791805267
30	6445.554	1439.8414	7559.0454	3684.9216	7403.0806	106.39463	7578.4517	7180.881	1000.0	1000.0	150000	428.9642	164.49104	624.67236	-56.664288	428.96423	164.4898	624.5397	-61.582584	-431.69064	58.944736	1271.056013584137
31	7249.6006	242.29758	7645.894	6992.6895	5801.3345	2505.1724	7679.117	231.2654	1000.0	1000.0	155000	440.5814	167.83835	636.17365	-59.430367	440.5816	167.83604	640.1837	-69.50125	-443.4293	61.941063	1314.543897151947
32	7535.422	254.73479	7820.201	7105.0166	7318.093	1655.1274	8227.717	2412.0662	1000.0	1000.0	160000	452.51862	169.49577	645.80804	-41.105328	452.51874	169.4947	645.83374	-42.847946	-455.2409	61.998642	1358.7247905731201
33	7483.014	208.80469	7769.5503	7192.5693	6689.5327	722.8408	7198.538	4589.1646	1000.0	1000.0	165000	464.0549	171.0415	652.308	-58.62259	464.05478	171.04135	657.1027	-86.81115	-467.3867	59.486526	1402.243726015091
34	6784.064	1225.6168	8025.772	4484.3735	6770.086	2005.6605	8350.749	2259.0874	1000.0	1000.0	170000	473.8559	173.67816	675.02795	-77.349205	473.85556	173.67786	670.3168	-87.52822	-476.72684	62.784317	1446.7435717582703
35	7612.9478	384.28323	8235.831	7267.088	7930.495	867.4547	8707.445	5451.526	1000.0	1000.0	175000	483.69943	176.12766	683.22815	-57.571465	483.69946	176.12804	685.6971	-60.37939	-486.9286	66.42375	1492.3942725658417
36	8138.8647	276.51834	8381.51	7759.9077	8720.754	156.4813	9074.102	8485.098	1000.0	1000.0	180000	495.37994	176.80475	700.1527	-22.10414	495.3801	176.80603	703.4794	-22.864384	-498.45554	62.09049	1535.941231250763
37	8075.1484	214.5735	8396.674	7780.624	8065.996	1744.7311	9136.026	3520.039	1000.0	1000.0	185000	505.81833	178.95107	711.57385	-83.72908	505.8181	178.95097	715.1665	-54.38259	-509.1707	61.70108	1580.9694838523865
38	8148.4556	138.00333	8352.0205	8002.7607	8275.539	1202.7628	9076.559	4715.982	1000.0	1000.0	190000	516.333	180.79749	726.4846	-77.39325	516.3329	180.79796	723.7436	-58.307976	-519.40314	66.52619	1628.742437362671
39	8322.261	254.14944	8601.123	7947.924	7897.883	2001.889	8770.392	1906.3616	1000.0	1000.0	195000	525.3763	182.76648	730.41833	-55.627937	525.3762	182.76878	732.6872	-88.56078	-528.7927	65.77598	1671.2059073448181
40	8212.597	327.7924	8587.825	7612.906	7887.0586	1756.9304	8657.244	2630.8418	1000.0	1000.0	200000	535.16534	184.10684	736.7688	-46.027866	535.1657	184.10733	736.758	-54.915077	-538.38257	66.34868	1714.4505400657654
41	8219.591	216.72716	8503.998	7850.993	8539.256	137.34242	8810.107	8332.022	1000.0	1000.0	205000	544.2321	186.11278	747.10175	-48.601105	544.232	186.1119	746.8959	-52.32928	-548.1205	68.57221	1758.3522083759308
42	8217.64	303.1817	8599.187	7721.6626	7503.72	332.6765	7909.088	6951.5557	1000.0	1000.0	210000	552.7225	187.47476	755.35126	-47.77276	552.7223	187.47621	757.7177	-45.479683	-556.1942	69.15793	1801.698543548584
43	7065.4766	2809.3733	8815.33	1499.8503	8835.4795	413.05057	9169.784	7634.392	1000.0	1000.0	215000	559.61176	190.165	767.34045	-75.08882	559.61176	190.1638	766.5322	-68.15808	-563.4549	73.30172	1844.9993600845337
44	8377.474	127.83333	8612.013	8256.677	8979.584	174.8532	9326.926	8702.075	1000.0	1000.0	220000	566.6661	191.86475	773.8903	-51.37572	566.6655	191.86438	776.50336	-60.408237	-569.7741	73.51315	1888.7499198913574
45	8269.196	435.62515	8722.897	7508.512	8899.256	141.91223	9146.896	8669.257	1000.0	1000.0	225000	574.0157	192.7273	781.89496	-86.69496	574.01605	192.72768	781.5203	-74.102646	-577.485	78.60915	1932.1004602909088
46	8592.263	316.7608	9185.216	8318.849	9470.44	229.26852	9832.649	9104.992	1000.0	1000.0	230000	581.7854	192.07639	787.9821	-57.911938	581.7856	192.07681	790.4171	-45.77958	-585.0534	77.67975	1975.2742450237274
47	8633.963	282.3046	9012.975	8304.642	9044.794	233.24318	9423.941	8707.643	1000.0	1000.0	235000	588.3243	192.81009	796.3747	-31.669342	588.32404	192.81001	802.4172	-35.156937	-591.6414	79.37405	2019.252177476883
48	8320.545	498.09305	8893.105	7611.6772	9218.27	118.86581	9412.923	9039.709	1000.0	1000.0	240000	595.07587	193.29193	803.3552	-61.680275	595.0753	193.2924	799.93335	-59.39863	-598.59	82.48905	2062.843140602112
49	8707.081	278.3117	9153.255	8280.144	9419.463	214.9514	9782.556	9113.777	1000.0	1000.0	245000	601.0905	193.4909	806.6373	-91.07785	601.0907	193.4915	807.5479	-96.79088	-603.54553	84.694275	2106.17525267601
50	8869.8	276.3877	9270.084	8460.168	8749.841	1042.4277	9409.239	5652.549	1000.0	1000.0	250000	607.7243	193.44385	811.5722	-118.34897	607.7237	193.44513	809.9454	-124.10283	-610.7666	88.26455	2149.2658882141113
51	8923.713	191.81625	9146.726	8596.821	9515.04	103.66402	9756.523	9406.007	1000.0	1000.0	255000	612.83453	194.44698	815.5957	-56.75497	612.835	194.44737	817.1066	-107.69883	-615.96326	86.782234	2192.0337896347046
52	8907.797	485.82382	9490.855	8321.67	8383.033	1909.2933	9501.467	4280.28	1000.0	1000.0	260000	618.8391	193.58742	826.73553	-83.053535	618.83887	193.58772	825.663	-112.99093	-621.3799	82.01106	2234.784994125366
53	8760.408	227.64693	9140.96	8478.017	9052.191	154.47643	9372.136	8898.184	1000.0	1000.0	265000	624.3196	193.6867	830.9792	-66.33713	624.3199	193.68718	835.17426	-89.856575	-627.4232	83.65476	2278.8613243103027
54	9117.841	395.95743	9476.6455	8367.548	9237.164	120.27546	9426.405	9072.766	1000.0	1000.0	270000	629.1332	194.12581	834.8554	-76.63008	629.1328	194.12605	834.77826	-61.977226	-632.1892	84.918755	2323.948219537735
55	9137.092	395.8911	9493.327	8382.874	9102.455	146.45876	9339.8545	8849.014	1000.0	1000.0	275000	634.85205	194.35179	842.1398	-75.58453	634.85126	194.35277	847.1487	-66.13926	-638.1079	84.46162	2368.9155037403107
56	7844.2017	2639.7192	9617.669	2590.1667	9577.977	130.91466	9807.512	9392.727	1000.0	1000.0	280000	639.8435	194.62202	848.6879	-73.324295	639.8441	194.62143	850.88275	-147.29813	-643.2782	87.185	2412.4548664093018
57	8832.984	682.52716	9405.825	7707.8296	9497.146	159.86691	9798.719	9266.337	1000.0	1000.0	285000	643.5184	196.70647	852.2421	-61.98845	643.51874	196.70569	852.5308	-107.3786	-646.8397	93.55623	2456.7532892227173
58	9355.324	178.55202	9646.297	9156.616	9906.879	131.93643	10090.104	9618.048	1000.0	1000.0	290000	647.7135	197.11536	858.5582	-127.60828	647.71356	197.11604	861.36035	-143.39554	-650.8982	94.46039	2500.3835253715515
59	9214.272	152.6115	9428.86	9051.189	8830.342	1413.2693	9412.845	4595.246	1000.0	1000.0	295000	652.2569	197.1693	863.7724	-76.88555	652.2571	197.16806	866.20715	-86.177704	-655.3159	92.44104	2544.1918263435364
60	9017.217	332.9491	9444.307	8428.777	9618.96	174.97958	9875.849	9317.235	1000.0	1000.0	300000	656.61035	197.0232	869.9938	-326.54114	656.6107	197.0224	871.66406	-236.65132	-659.598	91.729965	2588.1004116535187
61	8977.58	327.69275	9522.344	8595.649	9397.395	1108.7892	10025.075	6101.481	1000.0	1000.0	305000	660.77124	196.96246	874.827	-142.2517	660.77106	196.96335	874.0766	-82.68191	-663.4764	91.92942	2632.5900933742523
62	9328.659	181.50502	9534.314	8996.255	9232.1045	1345.9287	9935.874	5211.57	1000.0	1000.0	310000	664.1659	197.91428	872.33685	-87.866585	664.16595	197.91212	872.6099	-104.42031	-667.51965	94.895134	2676.383282661438
63	7718.7236	2882.4978	9225.348	1954.6947	9655.15	166.94254	9891.105	9347.864	1000.0	1000.0	315000	666.06244	200.3542	877.9007	-122.14138	666.062	200.35503	877.45215	-103.472	-668.8143	97.9829	2721.074114561081
64	9165.897	117.761765	9313.72	8954.899	9771.4375	167.71223	10110.163	9558.205	1000.0	1000.0	320000	669.40247	200.00151	877.67084	-72.427734	669.40326	200.00111	880.47266	-82.719215	-672.3947	99.08953	2764.88822889328
65	8251.803	1246.7467	9478.785	5912.7163	9308.465	1014.4919	10074.524	6319.9526	1000.0	1000.0	325000	672.8927	199.74437	879.15375	-134.63853	672.8935	199.74324	879.2612	-146.43158	-676.233	99.70483	2809.2532324790955
66	9093.864	233.40836	9385.253	8713.24	9813.154	103.465355	10018.796	9673.518	1000.0	1000.0	330000	675.8339	200.66978	884.9551	-159.0282	675.83356	200.67082	888.37683	-94.97101	-679.002	106.64285	2852.354444026947
67	9223.494	230.21053	9658.65	9014.296	8814.436	2216.0684	10108.216	2560.1714	1000.0	1000.0	335000	678.3851	200.69235	888.40717	-92.82777	678.3851	200.68921	884.2512	-103.12461	-681.32385	105.1674	2894.58353972435
68	9263.171	260.68518	9563.732	8916.109	9918.526	153.46461	10282.344	9723.132	1000.0	1000.0	340000	681.48724	199.50406	887.1055	-82.475746	681.4867	199.50987	889.5462	-64.98895	-684.6698	105.20242	2938.1120710372925
69	9283.88	268.34705	9725.276	8998.6455	10017.561	99.33555	10146.049	9844.265	1000.0	1000.0	345000	684.8912	198.79936	895.83795	-71.64487	684.8908	198.7969	893.8604	-71.7791	-688.0332	106.058975	2982.024318933487
70	9241.371	204.98843	9508.273	9000.611	8976.754	1871.0002	9817.5625	3382.995	1000.0	1000.0	350000	687.56616	199.27931	895.39386	-82.05876	687.56604	199.28073	899.214	-73.45543	-690.7137	98.236336	3025.7523272037506
71	7588.1626	2615.6584	9666.251	2532.536	9829.236	199.04413	10106.793	9390.254	1000.0	1000.0	355000	689.17535	201.03493	901.18286	-95.611435	689.1749	201.03622	899.0021	-158.8061	-691.96814	106.626434	3069.7240664958954
72	9587.309	207.44083	9915.172	9299.036	9632.43	173.2674	9905.985	9344.1	1000.0	1000.0	360000	691.41595	201.50676	899.71606	-115.76647	691.4155	201.50833	902.23157	-103.16031	-694.1221	105.24152	3114.187010526657
73	9476.2	205.58212	9823.223	9216.154	9968.027	131.32536	10202.186	9839.188	1000.0	1000.0	365000	694.291	201.43803	897.35156	-126.155075	694.29114	201.44084	898.97015	-205.6851	-697.3621	113.04206	3157.9342901706696
74	9561.838	238.83492	9832.847	9209.746	9629.5625	1265.2124	10324.238	5864.894	1000.0	1000.0	370000	697.2988	200.83276	900.9253	-113.15035	697.2981	200.83414	901.7342	-195.41124	-700.1594	107.06436	3202.930111646652
75	9490.346	349.87643	9746.819	8819.16	6889.65	3150.7444	9771.918	1669.1752	1000.0	1000.0	375000	699.14435	201.55466	900.16943	-170.28923	699.14453	201.55307	899.70917	-129.2061	-702.1869	103.74027	3247.306203842163
76	9324.692	284.7796	9746.641	8891.692	9291.02	186.01024	9505.11	8885.057	1000.0	1000.0	380000	702.76373	199.76677	904.6375	-133.58794	702.7634	199.76689	905.9957	-131.1029	-705.638	107.11701	3292.7591469287872
77	9246.695	406.50574	9726.974	8692.454	9787.854	138.728	10058.942	9600.225	1000.0	1000.0	385000	705.73883	199.32979	907.32837	-132.42549	705.7381	199.33107	910.7306	-129.57173	-708.5399	109.15779	3338.033924818039
78	9593.281	208.05841	9857.553	9305.22	9719.602	1150.8853	10304.982	6364.2837	1000.0	1000.0	390000	708.4973	199.21785	906.59894	-206.00995	708.4972	199.21927	906.7573	-171.13647	-711.3846	112.16577	3383.9074852466583
79	9427.158	257.29132	9922.379	9231.511	9985.315	203.35405	10215.963	9578.386	1000.0	1000.0	395000	710.3574	198.94855	909.97626	-310.3445	710.3573	198.9466	904.2448	-304.91364	-713.3125	111.30228	3429.401699781418
80	6803.095	3459.0715	9630.6045	1861.1187	10099.115	325.01285	10354.763	9144.305	1000.0	1000.0	400000	711.95776	200.0245	910.0343	-194.91795	711.95764	200.02765	909.6304	-227.07057	-714.7724	114.5005	3476.2883262634277
81	9775.713	239.66887	9971.1045	9322.439	9811.75	250.01698	10285.178	9332.697	1000.0	1000.0	405000	713.4063	202.18692	906.1653	-231.07565	713.40686	202.18675	913.7223	-345.82626	-716.66046	115.02332	3522.5421047210693
82	9713.76	215.41525	9907.264	9303.517	9676.316	400.78137	10131.6875	8634.292	1000.0	1000.0	410000	715.1054	202.67932	910.879	-143.19533	715.10486	202.67975	911.37415	-136.71228	-717.8214	112.1844	3568.5656402111053
83	7630.728	2184.6438	9432.234	4404.6147	9696.158	1416.8578	10365.28	5456.4673	1000.0	1000.0	415000	715.66534	205.12444	910.26874	-235.40733	715.6645	205.1275	911.474	-342.314	-718.6079	120.68875	3615.250171661377
84	9449.887	584.7315	9905.315	8311.836	10082.748	128.96217	10248.592	9888.557	1000.0	1000.0	420000	717.87836	204.21518	909.8113	-145.20999	717.8788	204.21579	914.52155	-138.24673	-720.9802	126.400276	3662.8822870254517
85	9683.114	306.70944	10104.631	9193.952	9913.231	112.20761	10048.8	9677.794	1000.0	1000.0	425000	719.6255	203.9655	910.8188	-199.64903	719.6253	203.96431	914.3723	-230.778	-722.94635	130.50229	3709.552663087845
86	8248.588	2473.5552	10036.003	3359.264	10181.193	164.00278	10368.809	9813.216	1000.0	1000.0	430000	719.7775	204.59813	913.946	-214.02126	719.7776	204.59712	919.2649	-321.02216	-722.98645	138.4396	3756.733400583267
87	9679.833	241.82216	10060.718	9308.892	10169.704	89.25087	10281.745	9991.414	1000.0	1000.0	435000	721.2215	203.73192	919.12213	-317.31525	721.22076	203.7363	915.4264	-299.95193	-723.6795	141.24825	3804.13498210907
88	9516.807	362.38943	9910.663	8873.217	9932.857	230.32759	10279.311	9533.82	1000.0	1000.0	440000	721.96234	203.91986	914.25714	-131.83487	721.9624	203.91772	911.4923	-208.62315	-725.2613	123.37929	3851.4400482177734
89	9568.295	262.6774	9740.781	9047.777	9909.156	195.8892	10148.254	9595.981	1000.0	1000.0	445000	723.9773	202.54561	913.0051	-128.52115	723.97736	202.54587	913.74316	-111.517426	-726.9527	131.12582	3899.1723103523254
90	8413.811	1504.1311	9634.9375	5474.624	9715.058	165.10175	10005.117	9374.299	1000.0	1000.0	450000	724.7657	201.91353	913.1488	-169.4539	724.7649	201.91132	920.216	-181.9074	-728.1284	133.77269	3947.57967209816
91	9588.984	233.08498	9942.77	9327.017	10498.867	153.50813	10730.789	10114.733	1000.0	1000.0	455000	725.59326	201.26187	911.58624	-207.21507	725.5936	201.26297	912.87634	-133.09134	-728.5944	129.69563	3994.005068540573
92	9248.267	697.1053	10242.901	8077.4424	10074.787	193.38425	10288.151	9560.461	1000.0	1000.0	460000	727.2019	199.88542	913.3289	-193.31277	727.2023	199.88493	915.0117	-236.59587	-729.46	128.88036	4040.221689939499
93	8947.814	1758.9802	10057.903	5445.2417	9060.569	2246.4636	10017.31	2335.7703	1000.0	1000.0	465000	727.35	201.30391	914.7294	-172.41048	727.3494	201.30638	918.93054	-107.66669	-730.2964	135.36325	4086.1105625629425
94	9884.595	340.8911	10420.8545	9495.432	9901.299	1655.8043	10732.746	4967.3774	1000.0	1000.0	470000	728.6654	201.55579	917.81976	-157.69194	728.6651	201.5579	921.8739	-123.04013	-732.2113	139.80627	4131.949562072754
95	9751.546	281.90457	10164.068	9368.025	10487.342	219.18474	10987.159	10226.545	1000.0	1000.0	475000	729.97046	201.32384	917.58795	-208.02258	729.9696	201.32623	914.5623	-290.70337	-732.9114	137.24385	4179.196444511414
96	8999.99	1455.5011	10222.92	6151.9224	10187.733	501.46756	10683.393	8774.345	1000.0	1000.0	480000	731.02124	201.25604	913.84717	-246.02515	731.0216	201.25526	915.3594	-349.00708	-733.1382	139.33244	4224.833650588989
97	8055.872	2854.1423	9844.937	2400.5679	10307.31	131.20656	10541.355	10129.434	1000.0	1000.0	485000	730.7761	203.31064	911.4689	-163.35748	730.7757	203.30939	915.5497	-241.15775	-733.5281	152.5133	4271.467022180557
98	9747.323	54.57405	9809.966	9663.3955	10372.381	166.91618	10648.393	10037.597	1000.0	1000.0	490000	731.9576	202.16608	918.1323	-254.99847	731.95776	202.16658	923.2842	-187.56795	-734.835	151.31163	4316.833996295929
99	9776.981	125.34113	9994.268	9658.989	9487.221	2260.846	10530.018	2745.2932	1000.0	1000.0	495000	733.37885	202.12498	916.63245	-199.19542	733.3784	202.12907	916.5432	-128.86098	-736.1718	138.2421	4362.762964725494
100	9554.303	145.44157	9829.824	9415.107	10495.748	106.06933	10703.606	10345.522	1000.0	1000.0	500000	734.23584	202.16684	918.12866	-245.24773	734.23645	202.16306	915.68115	-188.17856	-737.4201	150.88942	4409.376782655716
101	9762.053	360.65536	10328.33	9252.4375	10052.97	132.77188	10300.431	9907.486	1000.0	1000.0	505000	736.1237	201.09799	916.20667	-269.7782	736.1229	201.09927	917.9486	-216.40787	-738.50885	147.5719	4455.342952013016
102	8879.326	1559.9344	10181.084	5874.9253	10220.383	673.91614	10642.988	8253.047	1000.0	1000.0	510000	736.2802	202.66147	915.81213	-221.86275	736.2802	202.66478	914.88574	-187.52103	-739.4536	153.98813	4501.506645679474
103	9820.345	353.09607	10350.12	9387.297	8995.244	2250.465	10321.303	3094.657	1000.0	1000.0	515000	736.44305	202.56226	915.14795	-174.3642	736.4427	202.5639	914.87244	-165.60175	-739.0298	148.06952	4547.130218505859
104	9942.667	143.86905	10150.481	9735.106	10137.114	897.1951	10579.684	7459.1973	1000.0	1000.0	520000	737.59814	201.86252	913.21375	-134.12582	737.59784	201.86401	917.4371	-126.88782	-740.3342	137.45943	4592.694044589996
105	9893.192	195.8475	10188.786	9675.702	10265.639	114.68269	10408.961	10035.0	1000.0	1000.0	525000	740.3207	199.34395	914.0228	-119.17173	740.3202	199.34508	917.546	-158.44318	-742.9331	135.40836	4640.303787469864
106	9888.502	226.27957	10125.063	9489.071	10427.036	130.42139	10610.831	10252.008	1000.0	1000.0	530000	741.9681	198.87163	918.0473	-149.31056	741.9673	198.87703	918.7009	-199.78654	-744.9059	134.83023	4688.718753576279
107	9961.235	155.25537	10262.843	9840.47	10380.636	183.47783	10609.139	10012.461	1000.0	1000.0	535000	742.03107	199.32095	919.5152	-200.83304	742.03046	199.32224	919.8733	-176.53891	-744.97943	139.88168	4735.818805932999
108	10011.495	146.65204	10266.594	9831.607	9646.156	2573.5662	10809.374	1956.9061	1000.0	1000.0	540000	743.3628	199.2316	917.8353	-248.1	743.3628	199.22977	916.83606	-212.99722	-746.03516	136.71097	4784.095419645309
109	10033.15	315.83813	10541.514	9589.561	9473.546	2964.768	10799.832	595.3802	1000.0	1000.0	545000	745.83563	197.70561	923.317	-212.2041	745.8352	197.70908	920.637	-216.9521	-748.7414	142.28674	4831.897432088852
110	9846.397	318.05133	10177.206	9263.349	10084.51	126.027794	10222.172	9833.369	1000.0	1000.0	550000	746.6923	198.00455	922.3881	-158.10513	746.69257	198.00648	929.09045	-172.83337	-749.5493	140.42017	4880.009457111359
111	9190.297	1164.6768	10098.424	6920.2314	10592.854	218.71906	10939.55	10211.769	1000.0	1000.0	555000	748.09625	197.9515	925.2991	-201.90063	748.09534	197.95256	926.711	-208.95999	-750.3532	139.35506	4927.752250671387
112	9423.482	774.62036	10181.186	8376.109	10104.085	729.02246	10452.918	7932.805	1000.0	1000.0	560000	749.6069	197.8311	924.94354	-199.66481	749.60693	197.82803	923.87164	-199.19374	-752.8634	149.47305	4975.302799701691
113	9888.396	237.58568	10233.964	9503.567	10496.57	133.20729	10710.396	10296.954	1000.0	1000.0	565000	750.19604	198.47147	922.44574	-186.23503	750.1965	198.47685	922.9671	-229.02013	-752.97455	156.20378	5021.564823150635
114	10085.892	306.87152	10433.806	9553.346	9960.068	132.9983	10150.91	9768.487	1000.0	1000.0	570000	751.324	197.7685	922.2292	-256.26038	751.3231	197.77094	925.5338	-278.83832	-753.9986	147.65215	5070.09872341156
115	9836.256	360.78003	10275.091	9310.265	9833.102	2323.2036	10835.1875	2876.8318	1000.0	1000.0	575000	752.4933	196.71118	926.1462	-117.58431	752.4933	196.71274	924.8471	-179.20467	-754.9014	139.93225	5117.621593236923
116	9954.547	186.15587	10214.433	9752.112	10520.377	169.75711	10751.7705	10191.941	1000.0	1000.0	580000	754.3064	196.34167	928.34454	-120.59081	754.30597	196.34357	929.6882	-129.28233	-756.8806	143.0068	5167.042155265808
117	9777.398	370.44174	10269.099	9180.043	10334.665	100.962074	10528.706	10177.093	1000.0	1000.0	585000	755.34845	196.42883	926.7527	-244.55222	755.34735	196.42955	927.12427	-183.6214	-758.0812	135.28972	5216.139934062958
118	9917.161	292.82614	10209.75	9362.649	10554.05	149.28242	10808.623	10317.221	1000.0	1000.0	590000	756.73315	195.7716	924.327	-120.51276	756.73334	195.77028	925.9462	-115.11369	-759.3625	131.01926	5264.708704948425
119	10138.555	376.73947	10575.08	9508.091	10243.182	167.15921	10498.985	9858.763	1000.0	1000.0	595000	758.02875	195.83118	927.76227	-271.85226	758.0281	195.83124	927.76636	-204.8199	-760.07043	129.55733	5312.261147260666
120	9970.3125	333.93277	10440.643	9407.729	10338.925	216.57143	10716.619	9926.201	1000.0	1000.0	600000	759.0881	195.39767	929.95306	-134.93266	759.08734	195.3984	928.72437	-129.82845	-761.7513	128.38962	5360.392153263092
121	10079.828	170.31958	10346.199	9901.093	9924.945	2393.8567	11002.964	2764.1587	1000.0	1000.0	605000	759.2869	196.19135	936.3443	-133.71333	759.28705	196.19302	934.82465	-136.70949	-761.6655	137.98566	5408.685750722885
122	8618.572	2537.6724	10182.691	3553.5027	10502.648	125.77045	10711.863	10325.224	1000.0	1000.0	610000	760.0933	196.44113	931.02594	-145.68658	760.0923	196.4425	931.96594	-143.96346	-762.6609	136.03574	5456.700133085251
123	10195.498	199.70366	10481.103	9974.792	9867.81	102.6199	10096.708	9749.108	1000.0	1000.0	615000	760.65204	196.62244	933.1517	-174.83336	760.65094	196.62183	929.33435	-142.7611	-762.8745	146.75183	5505.582341432571
124	10032.4795	214.01486	10280.767	9675.71	10598.08	181.90852	10853.625	10301.596	1000.0	1000.0	620000	761.63074	196.09114	930.5697	-167.50757	761.6309	196.09149	936.6861	-162.78738	-764.6376	144.69012	5554.528386354446
125	9993.13	232.18724	10319.376	9753.945	10071.948	195.84915	10468.015	9788.367	1000.0	1000.0	625000	762.78046	195.39906	933.39136	-177.44267	762.78033	195.3998	935.9336	-193.90857	-765.05963	145.2238	5604.071618080139
126	8662.683	2669.9377	10325.15	3357.612	10525.361	56.739494	10601.336	10399.935	1000.0	1000.0	630000	762.4071	197.20518	934.4171	-152.54701	762.4071	197.20105	936.2826	-142.54639	-764.7044	144.72478	5652.974876880646
127	8603.839	3130.5012	10370.057	2346.6897	10745.817	171.75595	10966.524	10501.13	1000.0	1000.0	635000	762.7061	197.31982	931.822	-158.91586	762.7074	197.3198	931.46606	-172.07701	-765.0308	134.40613	5700.887356758118
128	9994.019	250.86758	10362.146	9688.334	10047.721	223.1952	10436.613	9715.543	1000.0	1000.0	640000	763.8157	197.62836	936.8152	-229.07275	763.81433	197.63298	938.9205	-225.2753	-766.2048	143.22307	5750.650077819824
129	10135.178	144.40442	10294.566	9888.33	10500.561	216.20235	10874.516	10139.1455	1000.0	1000.0	645000	764.85187	197.61264	942.7094	-212.06624	764.85175	197.6133	940.45703	-188.45334	-767.1922	144.27652	5798.758517742157
130	10069.604	217.2163	10406.704	9738.96	10597.443	158.97432	10887.372	10385.516	1000.0	1000.0	650000	766.4628	197.03154	940.9907	-121.18827	766.4624	197.0311	944.7952	-148.95624	-768.5545	148.13727	5847.984136343002
131	10253.942	263.3572	10474.54	9754.022	10817.541	207.70459	11199.219	10467.722	1000.0	1000.0	655000	767.8735	196.41765	939.074	-151.74774	767.8729	196.41907	941.7527	-129.88025	-770.9472	140.40369	5897.476593732834
132	10130.447	250.98753	10393.158	9705.877	10573.271	503.88385	11096.932	9144.664	1000.0	1000.0	660000	769.40393	195.6863	941.0019	-214.0873	769.4029	195.69127	944.5056	-162.63475	-772.273	149.5077	5946.811726570129
133	10089.924	143.01675	10269.802	9864.415	10371.79	131.569	10541.527	10099.141	1000.0	1000.0	665000	770.1236	196.22578	942.8052	-150.12021	770.12384	196.22371	941.60175	-163.6977	-772.1511	142.65758	5996.038274765015
134	9708.248	688.0867	10211.259	8374.105	10540.456	200.0606	10816.308	10262.71	1000.0	1000.0	670000	771.9939	195.09601	946.8316	-249.48616	771.9928	195.09996	942.6853	-211.62791	-774.6829	144.56703	6045.521995782852
135	10058.744	340.68164	10614.9375	9546.332	10467.139	105.382935	10623.21	10301.772	1000.0	1000.0	675000	773.8832	193.67537	942.2672	-189.12389	773.8836	193.67354	950.1146	-186.92032	-776.4106	150.38098	6095.017787456512
136	10167.404	190.32802	10377.823	9846.33	10538.592	183.91367	10780.571	10124.709	1000.0	1000.0	680000	774.9542	193.74112	946.6052	-217.66577	774.95386	193.74066	950.86255	-192.18239	-777.8458	146.95709	6145.69325876236
137	10103.361	214.47517	10385.035	9752.62	10071.6875	90.49665	10249.258	9947.854	1000.0	1000.0	685000	776.3113	193.27534	943.87823	-174.35378	776.3107	193.27087	947.8066	-170.97044	-779.1816	142.76355	6195.285601615906
138	10198.838	165.69269	10414.092	9987.611	10638.27	161.9176	10851.563	10332.753	1000.0	1000.0	690000	777.05273	193.35854	944.873	-171.39247	777.05365	193.35367	944.42267	-169.15758	-779.0089	140.3746	6245.432335138321
139	10080.526	207.93115	10265.015	9728.82	10810.567	196.86688	10999.438	10461.092	1000.0	1000.0	695000	777.71954	193.13387	946.3526	-152.3322	777.7169	193.138	952.9795	-294.09875	-780.4536	136.11575	6295.070245027542
140	9607.053	869.27325	10313.676	7948.9297	10697.641	133.59734	10952.52	10502.053	1000.0	1000.0	700000	780.0025	191.21175	948.1568	-123.33814	780.00366	191.20746	957.7087	-182.6902	-782.4397	131.87148	6344.386113405228
141	9778.797	569.75775	10618.794	8877.795	10693.186	248.17818	11031.228	10231.312	1000.0	1000.0	705000	780.92487	191.89687	947.728	-202.6673	780.92395	191.89493	947.9291	-139.20682	-783.5441	140.25203	6395.05261182785
142	10220.885	292.83115	10784.614	9957.468	10705.281	144.83475	10872.568	10388.705	1000.0	1000.0	710000	782.2381	191.15462	951.98846	-162.99017	782.2388	191.14948	949.72217	-140.173	-785.0527	136.096	6444.302985906601
143	10329.254	344.55145	10850.258	9843.424	10948.088	136.39952	11133.38	10756.82	1000.0	1000.0	715000	783.27185	191.77713	951.7913	-99.70703	783.2705	191.78001	951.8117	-115.025505	-785.7341	138.96764	6492.144818782806
144	9689.106	1127.5125	10394.396	7443.1294	10589.896	190.49133	10901.516	10171.244	1000.0	1000.0	720000	784.293	191.83093	954.40314	-1037.629	784.2937	191.8345	951.42267	-763.80493	-786.79895	161.2933	6541.991991281509
145	10025.196	237.08138	10346.882	9624.83	10146.64	2027.9622	11073.528	4145.8745	1000.0	1000.0	725000	784.7707	191.4705	949.4513	-515.25903	784.7696	191.47758	956.8027	-668.0939	-787.0855	153.88943	6591.817301750183
146	10524.792	113.45832	10657.677	10315.434	10597.621	701.8626	11021.584	8517.059	1000.0	1000.0	730000	785.2323	192.47348	954.47626	-494.77347	785.23157	192.48424	956.05994	-958.23157	-787.9539	157.62662	6641.95637345314
147	10263.267	202.4172	10488.791	9946.022	10768.214	101.992455	10980.202	10642.247	1000.0	1000.0	735000	786.4069	191.55363	954.2025	-718.6434	786.4066	191.56602	956.52625	-819.6532	-788.73987	149.15073	6691.028591632843
148	10313.419	78.65556	10450.588	10208.226	10813.08	272.9038	11133.537	10272.984	1000.0	1000.0	740000	787.8819	190.99863	959.5236	-871.0872	787.8804	191.00766	960.4517	-1381.9801	-789.9789	149.05553	6740.988584518433
149	9454.08	1695.7411	10634.425	6089.931	11062.439	221.39427	11356.279	10629.899	1000.0	1000.0	745000	787.761	192.91795	956.3329	-943.8773	787.76025	192.923	956.03156	-1145.8778	-790.6266	149.79205	6791.099042892456
150	10562.348	103.51799	10695.762	10379.744	10247.776	1412.1958	11195.064	6094.8633	1000.0	1000.0	750000	789.21857	192.53802	955.64667	-891.46094	789.2178	192.53677	956.77655	-905.57794	-791.54535	154.82353	6841.51678776741
151	10276.042	274.79916	10787.249	9994.684	10707.836	128.69221	10951.128	10523.311	1000.0	1000.0	755000	790.148	192.43344	952.36566	-765.09717	790.1487	192.43504	957.6559	-925.47485	-792.5196	150.69798	6891.829651117325
152	10229.18	180.69511	10512.707	9964.982	10690.202	171.93016	10928.241	10289.121	1000.0	1000.0	760000	791.32245	192.57465	956.1727	-1138.5646	791.32074	192.57504	956.3372	-1254.5804	-794.0649	151.00206	6942.0649881362915
153	9112.842	2208.2742	10425.6455	4710.9976	10944.619	149.85846	11173.362	10701.407	1000.0	1000.0	765000	791.49304	193.99438	959.12024	-1282.6824	791.4933	194.00047	956.7265	-1321.1503	-794.2864	146.32465	6992.3838312625885
154	10139.505	231.81499	10546.315	9911.386	10711.661	277.46094	11183.689	10296.14	1000.0	1000.0	770000	791.9587	194.06842	954.4371	-1360.2184	791.9564	194.07358	959.38007	-1445.3887	-794.5284	151.36446	7041.732934474945
155	9979.546	306.08063	10512.1	9600.979	10819.434	121.56278	11033.27	10678.469	1000.0	1000.0	775000	792.7263	193.98625	953.80096	-1231.4824	792.7264	193.98352	958.7093	-1364.6935	-795.0057	156.15445	7090.262887716293
156	10451.006	139.21573	10691.101	10290.149	11074.896	141.34349	11210.859	10776.83	1000.0	1000.0	780000	793.82983	193.12285	962.1862	-1058.4482	793.82965	193.1199	958.0505	-1147.8654	-796.5092	156.25397	7138.767807722092
157	10411.204	196.5245	10721.918	10110.798	10971.755	151.88196	11196.404	10727.273	1000.0	1000.0	785000	794.45056	193.2774	958.08325	-1131.6533	794.44965	193.27779	958.2722	-1266.5361	-797.4049	166.97032	7187.110373973846
158	10265.107	271.75488	10572.784	9922.56	11015.275	205.70604	11262.722	10686.607	1000.0	1000.0	790000	794.7397	193.70634	957.44446	-1402.7997	794.7387	193.71123	955.739	-1473.9509	-797.1983	165.64119	7235.798609495163
159	10365.651	239.29248	10582.229	9909.616	11059.643	108.46025	11254.5625	10929.132	1000.0	1000.0	795000	795.0813	196.26495	957.3339	-2072.8743	795.0802	196.26418	962.23486	-2076.049	-797.48505	162.30771	7285.143534183502
160	10485.951	328.12335	10925.264	10092.198	10677.035	149.15324	10900.766	10344.67	1000.0	1000.0	800000	795.3098	197.02756	958.527	-2162.5454	795.3098	197.02106	956.7356	-2183.2415	-797.72284	149.2396	7334.302973031998
161	10257.409	184.09058	10566.464	10005.598	10863.463	126.004715	11050.156	10556.774	1000.0	1000.0	805000	797.52454	192.94962	958.673	-1750.0598	797.52405	192.94972	960.7409	-1662.637	-800.0401	148.91945	7382.68389582634
162	10329.447	303.43573	10667.819	9879.823	10901.939	131.37311	11200.774	10727.767	1000.0	1000.0	810000	798.6625	192.69624	959.1015	-1713.0916	798.6618	192.69199	964.2264	-1726.296	-801.2767	158.96382	7431.584126710892
163	10488.627	187.5697	10770.232	10256.4795	10920.276	269.1999	11234.59	10285.736	1000.0	1000.0	815000	798.5917	193.0408	961.864	-1669.5526	798.59076	193.03967	961.5174	-1648.0496	-801.1716	162.77742	7479.67727637291
164	10379.884	228.60046	10668.194	10107.796	10393.549	2297.825	11576.322	3528.9333	1000.0	1000.0	820000	799.16235	193.463	965.6961	-1391.8763	799.1621	193.4611	964.99756	-1375.6383	-801.77277	159.35718	7529.030393838882
165	10548.779	140.744	10771.677	10386.321	10738.286	235.14651	11072.533	10315.686	1000.0	1000.0	825000	800.0358	194.24799	963.4239	-1824.6431	800.03516	194.24876	962.2601	-1910.2888	-802.6371	167.8715	7578.028916597366
166	9079.339	2981.3699	10962.873	3139.4067	10907.226	199.45119	11242.294	10500.132	1000.0	1000.0	830000	799.6817	199.43542	962.6596	-1824.5046	799.6807	199.43076	965.67316	-1773.917	-802.37683	170.52826	7626.930726051331
167	10450.767	215.69987	10750.625	10153.484	11077.817	156.2841	11384.149	10882.289	1000.0	1000.0	835000	798.73065	206.26819	964.14575	-1917.2538	798.7299	206.27393	966.2385	-1950.6725	-801.404	169.201	7676.333594560623
168	10331.025	227.51697	10494.135	9882.672	11055.555	218.04233	11322.683	10660.536	1000.0	1000.0	840000	799.68274	206.38889	964.90796	-2178.8748	799.681	206.3854	964.1329	-2275.6494	-801.4772	164.99844	7725.449118375778
169	9860.052	1007.7569	10767.779	7910.1743	10887.225	189.81761	11171.823	10599.174	1000.0	1000.0	845000	799.5852	207.93375	963.7823	-3093.2798	799.58325	207.93921	964.581	-2963.2708	-801.89514	182.69678	7775.201291561127
170	10571.028	167.27094	10706.032	10249.578	11095.333	193.78093	11445.522	10763.88	1000.0	1000.0	850000	800.14996	206.0298	963.5921	-2449.7947	800.15	206.02472	965.2277	-2415.3381	-803.26196	189.98364	7825.890039205551
171	10460.045	266.742	10871.809	10198.54	10636.748	223.43268	10847.937	10216.969	1000.0	1000.0	855000	800.1656	207.478	963.2867	-2400.5618	800.165	207.47952	966.7911	-2377.3174	-803.2583	173.41264	7875.198189020157
172	9898.966	585.213	10471.905	8873.677	10345.385	1080.0906	11088.376	7381.366	1000.0	1000.0	860000	800.41235	207.90247	962.5605	-2496.9607	800.4117	207.9004	962.43176	-2344.7534	-803.2356	195.0469	7924.229068994522
173	8589.287	3740.512	10767.305	1120.7377	11001.94	149.80655	11350.154	10822.083	1000.0	1000.0	865000	799.655	210.66818	963.08014	-2598.8967	799.6559	210.65964	961.9163	-2660.433	-802.0174	199.69576	7973.331208705902
174	10476.921	202.14954	10798.167	10193.973	10212.381	177.11389	10527.653	9947.4375	1000.0	1000.0	870000	799.0363	210.82185	965.89435	-2369.437	799.03467	210.82744	966.764	-2352.1658	-801.13873	221.6082	8022.492053985596
175	9511.365	1087.3916	10637.283	7524.3984	10572.889	267.87045	10779.542	9817.725	1000.0	1000.0	875000	798.665	215.63179	966.10803	-3070.38	798.66437	215.63931	967.3193	-3186.4717	-800.9594	213.3749	8071.50665140152
176	9868.503	857.8175	10426.827	8197.441	10109.533	213.03474	10376.986	9649.885	1000.0	1000.0	880000	797.9865	220.58638	963.304	-3123.3599	797.9862	220.58582	962.85645	-3092.3208	-800.46344	222.72902	8120.54097867012
177	10313.231	284.68796	10625.606	9803.939	11184.42	122.89224	11361.657	10930.828	1000.0	1000.0	885000	797.2279	221.51035	961.1647	-3127.6145	797.22797	221.50697	965.4547	-3198.4849	-799.9459	225.9198	8170.710485219955
178	8774.1	3378.4226	10845.181	2053.8376	9717.67	2799.6904	10787.397	1326.965	1000.0	1000.0	890000	797.38635	221.41312	962.8564	-3406.5508	797.38574	221.41263	966.63654	-3545.381	-800.34454	220.0469	8220.082918167114
179	9978.744	653.1878	10375.156	8676.623	11161.611	132.0572	11416.028	10945.78	1000.0	1000.0	895000	796.9683	221.91876	963.0777	-3323.583	796.96826	221.92212	960.6999	-3470.0793	-799.947	224.52533	8270.18649482727
180	10351.057	127.316956	10502.319	10159.879	10577.762	156.43903	10818.469	10272.026	1000.0	1000.0	900000	796.8737	225.66089	958.8238	-3748.7783	796.8737	225.65842	960.7704	-3873.6807	-799.5157	226.0725	8319.906021118164
181	10285.757	132.61372	10535.012	10165.873	10994.354	106.91998	11196.995	10797.894	1000.0	1000.0	905000	797.1846	226.02086	958.8328	-3880.4182	797.1853	226.00581	962.87305	-3827.3608	-799.3966	221.02914	8371.238023757935
182	10445.822	187.70946	10732.338	10220.907	11062.381	187.44664	11263.3955	10687.587	1000.0	1000.0	910000	797.0221	223.41216	959.73285	-3447.3052	797.0214	223.39835	958.2358	-3467.67	-800.3538	214.395	8421.448782682419
183	10422.716	248.04082	10692.7295	9991.923	10764.004	194.5911	11145.899	10459.896	1000.0	1000.0	915000	797.07623	224.74826	955.954	-4128.163	797.076	224.74522	961.9207	-4206.7144	-799.65094	205.13873	8471.655956983566
184	10490.624	135.54422	10733.889	10316.004	10674.822	214.92569	10917.384	10149.54	1000.0	1000.0	920000	797.0495	224.45224	957.21643	-3879.3047	797.049	224.44609	958.7112	-3906.6252	-799.523	189.26471	8521.51253604889
185	10618.382	312.15512	11179.184	10223.01	11445.981	99.826515	11631.199	11313.306	1000.0	1000.0	925000	797.783	225.96924	965.308	-4186.344	797.78406	225.9642	963.33386	-4346.014	-800.05035	205.16832	8571.716576099396
186	10027.351	1098.2896	10810.976	7859.216	11096.964	106.90312	11365.465	10942.09	1000.0	1000.0	930000	798.2476	230.7663	964.1049	-4691.7354	798.24805	230.76033	964.3889	-4590.2803	-800.9398	209.16338	8622.465877532959
187	10505.881	220.69112	10773.6	10215.414	10410.143	389.77893	10928.255	9689.412	1000.0	1000.0	935000	798.09076	235.31041	964.48315	-4514.572	798.0885	235.32758	967.3938	-4525.0522	-800.6788	200.55388	8672.838438510895
188	9262.785	2786.8855	10965.61	3700.271	10383.802	972.7339	10876.589	7485.99	1000.0	1000.0	940000	798.09894	238.86223	963.94434	-5264.2954	798.09894	238.866	965.3576	-5155.3706	-801.4883	232.48836	8724.24859547615
189	10153.641	427.78125	10586.98	9418.009	10619.63	130.63683	10903.478	10438.139	1000.0	1000.0	945000	798.83215	232.85059	972.0448	-4365.897	798.83136	232.8481	966.1638	-4337.6504	-801.4077	212.2876	8775.97132563591
190	10336.818	123.393166	10503.798	10139.031	11059.717	162.03398	11279.226	10748.204	1000.0	1000.0	950000	798.37585	237.77905	963.13617	-4315.626	798.3765	237.7837	963.65027	-4244.8384	-801.4225	202.58466	8825.247656345367
191	10465.31	83.89254	10521.711	10301.681	10686.985	261.51706	11055.1	10195.046	1000.0	1000.0	955000	798.9108	248.55719	965.11584	-5096.184	798.911	248.55247	964.539	-5235.982	-801.3919	199.93935	8877.410660266876
192	10493.1455	356.59662	10865.709	9860.464	11123.146	154.73648	11440.93	10919.935	1000.0	1000.0	960000	799.906	246.7699	968.5842	-5391.934	799.90436	246.77574	971.0875	-5443.4707	-802.6466	220.5099	8929.590290546417
193	10662.555	118.82745	10769.23	10445.644	10057.43	2595.0256	11170.784	2281.7522	1000.0	1000.0	965000	799.9912	249.22585	967.2718	-5333.6616	799.99133	249.22772	970.63745	-5211.8325	-802.91364	208.44176	8980.777408838272
194	10580.303	197.49948	10816.936	10251.463	10992.308	155.48294	11189.195	10619.539	1000.0	1000.0	970000	800.62805	251.12944	964.0561	-5886.219	800.6281	251.12447	964.79193	-5999.385	-803.61096	209.73775	9032.232279539108
195	10355.592	243.9171	10649.077	10114.161	10447.361	154.60269	10778.242	10229.336	1000.0	1000.0	975000	800.95514	248.66505	967.2853	-5980.5454	800.9564	248.65215	977.5159	-6047.1416	-803.7874	234.46495	9083.139988660812
196	10346.893	395.6039	10961.968	9999.724	11306.19	255.987	11648.08	10796.162	1000.0	1000.0	980000	799.86523	247.75409	967.72894	-6118.8906	799.8669	247.73996	968.3351	-5933.7515	-802.3547	217.7452	9134.519096374512
197	10293.857	521.3324	10879.35	9416.001	10985.151	250.4125	11324.945	10373.393	1000.0	1000.0	985000	800.73395	244.61026	974.3583	-5958.2275	800.73157	244.61269	976.3165	-5905.4316	-804.0543	283.4477	9186.513833284378
198	10266.488	287.90338	10490.628	9706.913	10592.339	830.7321	11367.324	8239.422	1000.0	1000.0	990000	800.1298	249.34015	967.96216	-6083.957	800.12964	249.35988	972.6952	-6456.1655	-802.6681	296.71567	9238.19499373436
199	8596.814	2639.7668	10886.522	3828.5337	10699.363	119.962616	10895.387	10466.634	1000.0	1000.0	995000	798.89856	263.16467	969.4596	-7058.423	798.8977	263.14294	971.32495	-6645.0356	-801.9235	295.7647	9290.661876916885
