Epoch	AverageEpRet	StdEpRet	MaxEpRet	MinEpRet	EpLen	AverageVVals	StdVVals	MaxVVals	MinVVals	TotalEnvInteracts	LossPi	LossV	DeltaLossPi	DeltaLossV	KL	BacktrackIters	Time
0	-658.338	9.635378	-650.5529	-674.4858	1000.0	-0.09260283	0.6244187	1.8508453	-2.0385644	4000	1.501739e-07	3911.3975	-0.06276125	-1363.3201	0.008909538	0.0	5.797643423080444
1	-594.46594	46.432064	-556.8917	-671.1225	1000.0	-2.7914238	10.8943205	14.625692	-15.311879	8000	6.2048436e-08	3205.5144	-0.060878705	-1181.2301	0.008910123	0.0	10.06998324394226
2	-563.7068	59.003693	-471.63202	-634.05493	1000.0	-16.036114	4.683842	12.19297	-19.684906	12000	-3.8266183e-08	1645.3837	-0.07073151	-646.7269	0.00877512	0.0	14.52474570274353
3	-608.308	25.12179	-570.4688	-636.7316	1000.0	-25.89095	1.3354944	5.312655	-26.410053	16000	5.197525e-08	1144.074	-0.06831722	-346.12152	0.008874375	0.0	19.699759006500244
4	-514.26306	81.73095	-383.5318	-603.1445	1000.0	-31.966782	1.3111078	-9.968679	-32.30649	20000	7.9929826e-08	542.5225	-0.07025236	-99.94855	0.008768293	0.0	24.590235710144043
5	-588.374	25.857763	-551.7567	-613.03577	1000.0	-34.87544	2.2719252	3.8361218	-35.640232	24000	6.532669e-08	594.9663	-0.06509556	-138.70593	0.008846526	0.0	29.646247148513794
6	-603.2225	46.29476	-527.1159	-652.30963	1000.0	-38.863964	1.6718777	-2.6808996	-39.370697	28000	3.6239623e-08	483.54944	-0.07051061	-111.74341	0.008792395	0.0	34.779635190963745
7	-535.7251	70.6793	-445.34872	-627.5323	1000.0	-42.689423	0.56495464	-31.942913	-42.8806	32000	1.3828277e-08	368.56845	-0.06307666	-26.507141	0.008927358	0.0	39.97862887382507
8	-530.0517	20.657026	-505.78012	-560.8183	1000.0	-44.506924	1.2543229	-10.024327	-44.726227	36000	-3.0994416e-09	276.19415	-0.06345608	-19.301422	0.008870024	0.0	44.65575575828552
9	-561.8347	42.149086	-497.63596	-608.9	1000.0	-46.054737	1.4475341	-13.770772	-46.30617	40000	-9.536743e-09	198.62741	-0.06700033	-11.493713	0.0087203905	0.0	49.20557689666748
10	-556.56995	54.926373	-486.8137	-640.0439	1000.0	-47.348015	0.7700977	-25.512527	-47.509926	44000	4.053116e-09	290.79218	-0.067674965	-14.680756	0.008861997	0.0	54.4474081993103
11	-455.32455	99.601906	-292.05734	-562.275	1000.0	-47.955257	5.467103	45.505013	-48.859497	48000	1.2278557e-08	293.44382	-0.06517819	-71.76683	0.008876652	0.0	58.93629240989685
12	-504.40094	70.465645	-425.66833	-618.4122	1000.0	-45.45574	4.289398	12.093458	-48.131	52000	1.5974045e-08	197.24391	-0.06054831	-12.6879425	0.008962109	0.0	63.4836905002594
13	-521.6213	41.0286	-473.9811	-564.53186	1000.0	-42.349102	11.778534	43.75238	-48.15212	56000	-2.5510788e-08	328.32718	-0.06252862	-145.354	0.008877202	0.0	67.77520108222961
14	-466.35303	36.0461	-435.4322	-527.6869	1000.0	-47.750538	1.9796588	-18.05329	-48.628014	60000	-1.0490417e-08	192.55464	-0.067761436	-27.66745	0.008799105	0.0	72.46644353866577
15	-483.55515	35.21816	-438.0632	-523.65015	1000.0	-44.415947	4.7200065	12.71413	-47.718597	64000	-2.3126603e-08	205.41422	-0.06820116	-18.639404	0.008879227	0.0	76.92376446723938
16	-508.3439	36.293617	-462.78134	-558.4115	1000.0	-45.20004	4.3823924	-7.3564706	-47.97189	68000	-1.7523766e-08	224.65338	-0.0670599	-11.35704	0.008815263	0.0	81.72679471969604
17	-472.13284	47.921005	-416.77505	-540.2771	1000.0	-45.891163	5.0089755	2.167938	-48.235996	72000	1.07288365e-08	243.0885	-0.064130604	-27.946808	0.008987415	0.0	86.15099143981934
18	-498.16754	27.703056	-458.85913	-536.72205	1000.0	-40.86875	11.600224	40.090614	-48.11774	76000	-2.026558e-08	350.67242	-0.061962403	-140.98581	0.008852259	0.0	90.80455875396729
19	-524.8578	31.295176	-476.57095	-560.30634	1000.0	-45.579403	5.261577	0.17926025	-48.733223	80000	-1.0967255e-08	284.062	-0.06402484	-45.794632	0.008817536	0.0	95.55691075325012
20	-523.1069	32.509224	-476.28036	-564.6508	1000.0	-48.420483	2.4652085	-1.2121567	-49.285362	84000	1.45435335e-08	166.32808	-0.06761572	-4.7147064	0.008932337	0.0	100.40759611129761
21	-457.82422	62.700394	-354.8118	-524.3005	1000.0	-47.665016	2.9976983	-10.015593	-49.066437	88000	3.5762786e-09	240.75217	-0.066407606	-63.174423	0.008944027	0.0	104.95249485969543
22	-528.50146	61.171562	-454.60855	-597.4407	1000.0	-42.771935	4.576752	1.7431954	-47.74927	92000	1.9550324e-08	366.3238	-0.062169887	-78.25812	0.008878794	0.0	109.52673673629761
23	-477.2141	56.713184	-388.7512	-546.0799	1000.0	-45.678665	3.0353208	-16.576157	-48.559143	96000	-3.1471252e-08	189.94472	-0.06299576	-15.153473	0.00885751	0.0	113.90776562690735
24	-461.86725	59.78895	-400.1959	-560.8335	1000.0	-43.882694	3.6161385	-3.6987915	-48.00959	100000	5.2452087e-09	209.39609	-0.06693541	-18.55371	0.008944622	0.0	118.34359121322632
25	-520.49347	27.932472	-476.1631	-551.3984	1000.0	-43.703968	4.5771937	13.859421	-47.90636	104000	-1.2218952e-08	264.28574	-0.06362387	-43.753143	0.009026444	0.0	122.91961765289307
26	-457.4956	87.54144	-379.18912	-605.9506	1000.0	-47.28151	2.3851292	-16.754097	-48.959225	108000	-1.4305115e-09	287.22345	-0.07631242	-83.50595	0.008919613	0.0	127.55137801170349
27	-446.53613	58.003525	-367.70248	-524.50653	1000.0	-39.409313	4.5298414	0.7970048	-47.819714	112000	3.170967e-08	179.27669	-0.06394541	-25.031616	0.008922199	0.0	131.98845601081848
28	-483.3234	82.95983	-406.25952	-604.0327	1000.0	-39.530563	4.7291427	14.440796	-47.544056	116000	-1.5735626e-08	338.0359	-0.06303801	-60.619507	0.009029967	0.0	136.47926568984985
29	-427.02594	34.28909	-370.32303	-456.22476	1000.0	-42.55008	3.4829247	11.610674	-48.7343	120000	2.2411346e-08	149.59593	-0.06433644	-16.792557	0.008972538	0.0	141.04733443260193
30	-430.54507	44.98967	-355.25894	-466.9602	1000.0	-40.01896	2.5018098	-3.9700434	-47.966442	124000	-2.6345253e-08	130.43228	-0.0680728	-4.8194504	0.008996895	0.0	146.32516980171204
31	-481.5443	41.764854	-438.75916	-541.5395	1000.0	-40.720604	5.6256747	39.676186	-47.891037	128000	1.0490417e-08	183.84384	-0.062661216	-33.396713	0.008944972	0.0	150.83764719963074
32	-455.33002	38.490704	-393.48584	-497.33737	1000.0	-40.27975	1.4625105	-24.188795	-47.54674	132000	0.0	193.3238	-0.064892545	-16.670502	0.009055975	0.0	155.3808629512787
33	-472.16617	58.94539	-375.03653	-532.62256	1000.0	-41.476635	3.6647012	16.453781	-48.03542	136000	2.6583672e-08	171.66397	-0.06489815	-22.522522	0.008983568	0.0	160.06157517433167
34	-442.89835	18.544044	-414.55643	-464.48645	1000.0	-41.134598	3.2917328	8.4778805	-47.90635	140000	-7.390976e-09	158.48285	-0.066011354	-9.524948	0.0089386115	0.0	164.54846739768982
35	-438.91663	32.329887	-394.2075	-481.75116	1000.0	-41.600475	2.8394873	-15.442631	-47.622074	144000	-2.2411346e-08	132.3971	-0.06774932	-13.388329	0.008973257	0.0	169.3226354122162
36	-402.35162	35.297764	-369.7704	-457.96393	1000.0	-39.242775	3.1330225	-1.3099364	-47.032833	148000	-2.384186e-10	164.865	-0.061683655	-20.916183	0.008969986	0.0	173.8355748653412
37	-392.41968	23.311697	-370.56433	-427.7562	1000.0	-36.342075	3.5040329	9.287438	-46.21501	152000	-3.8146974e-09	142.82823	-0.06799696	-17.063652	0.008891517	0.0	178.412668466568
38	-398.51624	29.162855	-351.4892	-427.37473	1000.0	-36.513603	2.8084493	-3.9172616	-45.043404	156000	-2.2888184e-08	101.34817	-0.065756425	-8.333603	0.008952217	0.0	182.90564036369324
39	-428.0171	25.94726	-389.5503	-462.71655	1000.0	-35.07009	5.3442664	2.3971972	-45.829525	160000	1.4305115e-09	257.86386	-0.062001113	-78.32912	0.009012816	0.0	187.76888513565063
40	-408.1607	25.754498	-378.81363	-449.40103	1000.0	-35.203243	3.081881	1.7367514	-46.457508	164000	-9.298325e-09	134.84674	-0.06694624	-9.2287445	0.008908635	0.0	192.75535440444946
41	-483.44208	40.429276	-421.13828	-533.6242	1000.0	-39.657295	5.0684156	-19.501442	-46.731396	168000	-1.4662743e-08	196.77475	-0.07045938	-31.620422	0.009136772	0.0	197.36128664016724
42	-402.62793	99.3287	-280.96347	-557.3505	1000.0	-42.616764	3.7841601	-16.33845	-47.94367	172000	-9.775162e-09	274.50226	-0.06932833	-67.911316	0.008943597	0.0	201.89285039901733
43	-380.63745	42.26423	-323.42044	-433.25677	1000.0	-33.781265	3.3874612	24.81011	-46.21493	176000	6.198883e-09	160.05925	-0.06383781	-21.420761	0.00899379	0.0	206.41334533691406
44	-364.43436	25.075672	-337.39026	-404.84677	1000.0	-34.428154	3.9477463	11.98894	-44.322384	180000	3.194809e-08	113.30403	-0.0646909	-12.38398	0.00897833	0.0	210.9115264415741
45	-444.58002	84.87057	-358.6535	-546.55426	1000.0	-34.77724	4.7991076	12.980428	-46.14404	184000	-2.002716e-08	304.28394	-0.058992237	-81.48566	0.008887295	0.0	215.72020268440247
46	-414.91336	68.145386	-338.77188	-488.9873	1000.0	-37.925762	3.0710928	-7.4560204	-48.49948	188000	1.4662743e-08	146.58487	-0.063298665	-6.584244	0.009144077	0.0	220.20065021514893
47	-324.44022	34.631123	-266.54016	-358.3517	1000.0	-37.12485	2.4062474	-8.068296	-48.801376	192000	5.018711e-08	151.78035	-0.07004958	-52.86213	0.009022619	0.0	224.9211323261261
48	-370.97922	31.483385	-334.13132	-415.37473	1000.0	-31.155058	3.3314593	8.741881	-46.277477	196000	1.1444092e-08	111.92133	-0.058408502	-10.884773	0.008992172	0.0	229.3407015800476
49	-360.61276	43.72135	-316.1468	-427.41763	1000.0	-34.121853	5.2681494	9.198609	-46.803333	200000	-2.7179718e-08	135.42987	-0.06407136	-20.693962	0.0089911595	0.0	234.00033378601074
50	-329.58337	34.39837	-295.7495	-386.31665	1000.0	-31.271873	2.8761888	11.085599	-45.48572	204000	1.9669534e-08	139.00903	-0.06454941	-9.589661	0.00890675	0.0	238.92379426956177
51	-292.89783	11.407356	-280.4505	-309.09604	1000.0	-30.444485	2.068227	-16.597466	-41.269794	208000	4.7683715e-09	92.652405	-0.060925633	-13.9140625	0.009061613	0.0	243.4176869392395
52	-396.04248	86.35598	-287.92963	-512.9259	1000.0	-29.051085	4.7700644	-1.9354001	-44.799206	212000	3.33786e-08	192.5293	-0.0632468	-64.58184	0.008894301	0.0	248.30801796913147
53	-296.02505	46.329655	-226.65964	-351.3189	1000.0	-30.93816	2.7331142	-4.601002	-46.258427	216000	-1.7166137e-08	163.17188	-0.072932616	-54.469513	0.009014506	0.0	252.7016839981079
54	-340.7237	57.201397	-260.2267	-409.97906	1000.0	-29.030346	5.225448	37.9514	-45.43165	220000	-3.71933e-08	156.54228	-0.062552065	-29.232658	0.00909057	0.0	257.4958510398865
55	-305.95422	91.74901	-198.85204	-447.51813	1000.0	-30.367363	6.7129064	20.777977	-45.70624	224000	-1.3351441e-08	181.71764	-0.06244972	-53.48761	0.009061195	0.0	261.81014919281006
56	-317.6384	23.37746	-285.66156	-347.10236	1000.0	-25.672445	2.9501195	9.839467	-43.716145	228000	1.859665e-08	118.20099	-0.06300601	-18.870758	0.008991991	0.0	266.22940039634705
57	-278.28717	45.906666	-204.07454	-329.74805	1000.0	-28.831984	3.6859765	10.303313	-45.167595	232000	1.3113022e-08	120.69901	-0.063548185	-27.261871	0.009072682	0.0	270.5950376987457
58	-332.00452	32.540688	-293.94714	-381.6399	1000.0	-26.39297	6.0213575	18.023127	-43.399982	236000	2.1219254e-08	181.08006	-0.06084824	-50.536255	0.0089625195	0.0	275.0422737598419
59	-287.79846	38.52664	-261.42706	-354.1854	1000.0	-28.189304	4.6335464	16.829165	-42.220074	240000	1.513958e-08	130.14056	-0.06358825	-22.105858	0.009065994	0.0	279.54489183425903
60	-299.88907	47.80461	-233.37677	-368.48117	1000.0	-26.698994	3.380795	5.2960835	-39.828854	244000	1.3351441e-08	130.73447	-0.057388473	-23.804314	0.009104859	0.0	284.3121407032013
61	-332.22964	110.47553	-184.81099	-440.221	1000.0	-28.672533	5.382276	0.41244382	-43.53753	248000	-4.887581e-09	155.17441	-0.058891047	-37.07589	0.0089713195	0.0	288.7024567127228
62	-282.63678	64.35819	-203.47969	-362.12094	1000.0	-24.121004	3.7417219	4.8126726	-42.2953	252000	-7.629395e-09	125.45531	-0.064719155	-27.378555	0.009112381	0.0	293.4027500152588
63	-257.02365	26.955265	-220.85115	-283.5386	1000.0	-26.46775	5.1765966	19.453773	-43.301228	256000	2.861023e-09	97.41526	-0.06056943	-24.731003	0.0090812165	0.0	297.9870984554291
64	-255.3817	57.151325	-180.81482	-341.3415	1000.0	-23.497774	3.8676586	26.77494	-39.38351	260000	1.9788741e-08	134.22806	-0.066645764	-27.283699	0.009163229	0.0	302.67453598976135
65	-248.47183	40.4362	-194.6194	-304.6477	1000.0	-23.577774	5.587851	34.964737	-41.783146	264000	0.0	123.7167	-0.05830294	-21.70337	0.009021994	0.0	307.26910066604614
66	-247.77092	46.621204	-206.54489	-326.82318	1000.0	-22.319765	2.6341987	13.033385	-33.591866	268000	2.1100044e-08	89.82912	-0.05800054	-7.0676727	0.009112289	0.0	311.5714044570923
67	-233.34415	7.600163	-223.44286	-244.76237	1000.0	-22.701717	3.0088804	22.281298	-39.287487	272000	-5.2452087e-09	60.061806	-0.06707578	-10.979904	0.009192898	0.0	315.97041869163513
68	-216.21408	74.39378	-136.6774	-334.40396	1000.0	-21.165724	5.2220407	20.48885	-39.540054	276000	2.6226044e-08	114.80751	-0.062175293	-40.79081	0.009043484	0.0	320.393168926239
69	-274.51212	51.75323	-207.96297	-331.63037	1000.0	-19.722464	3.3320239	8.462479	-35.734257	280000	-1.8119811e-08	180.74925	-0.059907336	-56.046104	0.009034737	0.0	325.0862703323364
70	-414.82602	190.62244	-190.24916	-700.60046	1000.0	-27.5009	6.57684	16.999016	-43.299316	284000	-2.3126603e-08	913.8866	-0.0554651	-238.2229	0.009008776	0.0	330.3829300403595
71	-197.52292	35.144497	-145.90639	-244.55316	1000.0	-27.364676	6.2903657	-11.304772	-52.483738	288000	3.242493e-08	197.98436	-0.07004382	-131.55554	0.009031803	0.0	335.0110082626343
72	-324.19843	46.61059	-253.94492	-382.85748	1000.0	-24.127504	8.250726	16.093494	-49.47386	292000	8.106232e-09	211.1849	-0.05918945	-77.75461	0.009114414	0.0	339.75424122810364
73	-224.3399	111.83717	-134.53052	-415.27197	1000.0	-23.553148	7.095293	-6.9129133	-50.837975	296000	-3.027916e-08	141.65378	-0.0614353	-43.20273	0.0091782	0.0	344.43678307533264
74	-241.11005	76.09183	-181.31631	-370.90848	1000.0	-20.964914	9.06434	31.196268	-49.743755	300000	-1.859665e-08	102.640236	-0.060395993	-25.575302	0.009020092	0.0	349.198445558548
75	-194.93127	32.46406	-150.03224	-238.04623	1000.0	-16.99927	3.016117	28.964542	-47.833847	304000	3.528595e-08	95.82556	-0.07130883	-19.689888	0.009144053	0.0	353.929003238678
76	-255.09494	78.69736	-161.81544	-345.9402	1000.0	-20.160051	5.0345592	26.339607	-45.292797	308000	-1.6212464e-08	114.42265	-0.062340435	-31.43737	0.009087259	0.0	358.52321910858154
77	-157.3294	25.521662	-124.788345	-196.20215	1000.0	-20.782227	3.8264148	18.927176	-49.062386	312000	-3.218651e-09	123.87692	-0.059935298	-46.56981	0.008965261	0.0	363.40389132499695
78	-157.64365	63.888474	-75.78109	-243.74046	1000.0	-15.316423	4.3640366	36.693214	-41.267067	316000	-9.298325e-09	95.5823	-0.06266123	-18.267014	0.009118364	0.0	368.2513165473938
79	-177.9476	34.74551	-123.52316	-217.10887	1000.0	-14.764559	2.784596	22.982553	-40.14113	320000	-1.66893e-08	51.680485	-0.058202494	-4.511444	0.009113619	0.0	372.97957491874695
80	-163.67584	51.84032	-111.27808	-224.43176	1000.0	-15.223027	3.1228585	20.461515	-41.17124	324000	-5.2452087e-09	64.31874	-0.061633427	-6.597172	0.009133903	0.0	378.3174374103546
81	-231.54459	92.60105	-114.59261	-337.99237	1000.0	-16.916769	5.4067574	21.258024	-42.086853	328000	-1.5735626e-08	195.21626	-0.06010343	-85.65975	0.009126809	0.0	383.2050540447235
82	-170.09673	12.004784	-155.03938	-186.53398	1000.0	-14.858997	1.958907	2.451613	-31.263897	332000	-1.2338162e-08	93.37366	-0.063656695	-17.333466	0.0091709215	0.0	388.16482615470886
83	-188.08936	118.60499	-87.5465	-384.27823	1000.0	-20.410128	6.5987644	15.16339	-43.5084	336000	3.7431718e-08	113.26958	-0.06306514	-37.02645	0.009033844	0.0	392.6350407600403
84	-160.50548	50.004803	-87.10534	-226.73586	1000.0	-11.584922	3.110943	12.399793	-46.05309	340000	-2.002716e-08	79.66993	-0.06094629	-11.01577	0.009256627	0.0	397.0990433692932
85	-122.793434	37.422615	-78.41698	-178.22847	1000.0	-13.420067	2.1892884	18.8432	-28.020195	344000	-6.818772e-08	78.81084	-0.060371827	-7.683754	0.009116031	0.0	401.8076813220978
86	-125.71345	29.598541	-88.05878	-166.24835	1000.0	-12.089968	2.5428634	18.380613	-26.44691	348000	1.0967255e-08	54.126595	-0.07851252	-5.6541977	0.009151369	0.0	406.1331536769867
87	-152.50577	86.632866	-80.01066	-298.03085	1000.0	-16.507578	8.469415	25.53479	-44.124283	352000	0.0	105.80385	-0.062716246	-28.854256	0.00915691	0.0	410.7474887371063
88	-87.50581	21.19253	-54.384964	-110.08515	1000.0	-10.434452	3.450188	33.601635	-25.673603	356000	5.4836273e-09	56.573483	-0.060283467	-11.314236	0.009178072	0.0	415.2457597255707
89	-87.54129	51.466793	-4.385744	-139.99258	1000.0	-8.635094	2.5677614	12.160284	-31.678867	360000	-1.168251e-08	77.64936	-0.06059446	-9.571938	0.009285448	0.0	420.0568332672119
90	-106.89237	41.313858	-66.82736	-175.84332	1000.0	-8.472918	3.1910512	21.609629	-29.334555	364000	-4.887581e-09	75.84557	-0.05790337	-9.8791275	0.0091429325	0.0	425.0531017780304
91	-127.77765	32.682846	-103.69401	-183.80084	1000.0	-9.576354	2.7746024	16.021725	-25.777136	368000	-3.8146974e-09	87.25869	-0.06016406	-13.510773	0.009169136	0.0	430.16252875328064
92	-112.288994	24.470514	-74.43344	-141.05272	1000.0	-11.210768	3.344343	9.276223	-39.87992	372000	1.2814999e-08	91.89511	-0.055313487	-22.955574	0.009057315	0.0	434.9274230003357
93	-108.95046	4.335886	-101.54999	-112.368866	1000.0	-8.521338	4.600466	34.485397	-37.057224	376000	6.198883e-09	82.55531	-0.06069303	-23.370255	0.009197388	0.0	439.6041021347046
94	-92.53452	33.81852	-68.279335	-150.64566	1000.0	-7.9035	3.813618	23.599873	-35.988213	380000	-1.9788741e-08	81.50018	-0.06235375	-22.871304	0.009158717	0.0	444.35159182548523
95	-96.120804	72.549965	12.623475	-182.51419	1000.0	-7.363757	3.9278111	21.953434	-37.103153	384000	2.2888184e-08	113.41451	-0.06097467	-29.899422	0.009292227	0.0	448.8515064716339
96	-62.86579	10.492207	-45.79663	-73.66632	1000.0	-7.9376416	5.765707	34.35071	-39.661964	388000	2.3841857e-09	75.13763	-0.063923866	-20.400433	0.009078976	0.0	453.2799050807953
97	-95.8906	65.17151	4.1184273	-178.1471	1000.0	-6.262017	5.0236177	30.71444	-42.072205	392000	2.5302171e-08	100.588974	-0.058755755	-23.814346	0.009139908	0.0	457.85360765457153
98	-197.33163	66.57841	-102.98773	-276.38452	1000.0	-11.777398	11.699733	30.561213	-48.343098	396000	1.5735626e-08	206.58649	-0.05800418	-104.030266	0.009230681	0.0	462.6205825805664
99	-62.645634	57.38429	8.567624	-151.53336	1000.0	-10.101007	7.267285	1.6004986	-48.21725	400000	-1.0609627e-08	100.9204	-0.06067446	-38.78258	0.00921345	0.0	467.30547046661377
100	-89.548965	131.92693	19.562193	-313.8986	1000.0	-9.108857	10.006753	21.967342	-44.4979	404000	-1.6868114e-08	126.08655	-0.056809574	-46.02767	0.009177516	0.0	472.19361329078674
101	-78.50365	92.42663	3.270694	-231.4994	1000.0	-6.2479773	10.715696	21.917246	-38.866074	408000	-1.8715859e-08	70.876	-0.06154546	-18.492802	0.009116926	0.0	476.9935085773468
102	-42.909504	21.044277	-6.5153017	-56.930847	1000.0	-2.143748	3.6504056	9.949948	-41.58368	412000	4.4107438e-09	63.72001	-0.060073942	-8.127457	0.009141499	0.0	481.48079895973206
103	11.650879	19.597822	44.112946	-7.6632686	1000.0	-2.821483	3.7215405	7.6652675	-34.94932	416000	1.4781952e-08	62.61866	-0.06697153	-26.913536	0.00929545	0.0	485.95463705062866
104	-35.186935	38.439674	30.989174	-64.090324	1000.0	0.57499045	3.0646262	27.26681	-33.01388	420000	1.6570091e-08	91.846	-0.06014216	-31.761429	0.009258331	0.0	490.4568934440613
105	-15.937605	34.060925	39.818447	-50.78221	1000.0	-3.138191	4.660819	23.231012	-45.768677	424000	1.9073487e-09	74.047714	-0.063896984	-23.57669	0.0093333945	0.0	495.48854517936707
106	35.496243	55.19089	75.38552	-58.66402	1000.0	0.32960305	3.9235556	37.5668	-32.543613	428000	6.3180923e-09	122.67694	-0.06293961	-30.027306	0.009251419	0.0	500.10186982154846
107	-42.193527	73.26123	18.847807	-167.37346	1000.0	-1.2619377	10.712701	39.70804	-42.900295	432000	-2.014637e-08	109.10058	-0.05866155	-54.899517	0.009258274	0.0	504.9087917804718
108	18.085001	44.78095	76.43541	-42.222523	1000.0	2.5914824	3.4950316	18.586702	-34.83212	436000	2.9802322e-08	58.685997	-0.062692754	-6.0187645	0.009338234	0.0	509.7376570701599
109	29.184092	26.174282	58.254498	-13.288081	1000.0	2.4378703	3.6571577	18.359846	-36.508884	440000	2.4080277e-08	67.45064	-0.06114156	-15.099731	0.00928573	0.0	514.4898345470428
110	-1.6544609	102.10377	116.025505	-164.52603	1000.0	3.6974728	4.1929374	25.318565	-33.40947	444000	-1.7404556e-08	195.25279	-0.059918534	-79.57111	0.0091572665	0.0	519.6846630573273
111	59.703186	31.823023	108.79944	23.673317	1000.0	1.9196223	6.4405704	41.92769	-40.597298	448000	-1.9073486e-08	106.750175	-0.06733519	-52.824127	0.009246546	0.0	524.3463096618652
112	50.03365	22.363228	75.19613	26.817526	1000.0	4.8102107	2.8821497	21.959593	-25.196238	452000	-1.704693e-08	51.191868	-0.06816759	-6.500782	0.0092703905	0.0	529.3608529567719
113	82.900085	24.398819	123.27072	62.849094	1000.0	4.854757	2.588809	29.399624	-23.199986	456000	-7.867813e-09	63.84993	-0.061787266	-15.5752945	0.009368321	0.0	534.166736125946
114	52.868374	52.360508	88.11445	-37.511765	1000.0	7.574818	4.0572987	26.18096	-41.405014	460000	6.9141386e-09	130.37883	-0.059502028	-54.115486	0.009127845	0.0	539.1001143455505
115	49.100143	42.770576	82.63965	-22.83048	1000.0	6.9266286	5.4229074	29.530512	-39.26924	464000	8.46386e-09	72.057236	-0.06508092	-15.599476	0.009275497	0.0	543.5515162944794
116	-77.813324	196.30823	138.84174	-314.46808	1000.0	-5.494368	13.418085	20.706276	-44.041294	468000	-2.5749207e-08	136.09065	-0.05750065	-64.18357	0.009296101	0.0	547.9734125137329
117	55.428276	58.44946	118.11847	-32.763615	1000.0	8.582305	6.5092964	28.687948	-43.893524	472000	3.874302e-10	98.17613	-0.063300334	-34.011215	0.00923644	0.0	552.6140294075012
118	79.367325	41.88127	148.12036	43.535458	1000.0	5.814878	3.8482947	22.120422	-35.623756	476000	-1.4781952e-08	92.40556	-0.059325337	-17.603142	0.009288711	0.0	557.4339292049408
119	49.539833	106.532074	160.93382	-124.46529	1000.0	7.3672824	7.1529026	21.564669	-41.433537	480000	-8.106232e-09	225.06093	-0.056087524	-88.63057	0.009229379	0.0	561.6925213336945
120	59.517548	45.211514	98.12993	-17.568575	1000.0	9.0689535	9.136022	35.703312	-54.744286	484000	-1.5497207e-08	98.71073	-0.06406054	-41.155155	0.0092019215	0.0	566.8607759475708
121	74.257355	66.4422	140.54285	-26.480719	1000.0	7.025081	5.8680973	17.918499	-47.52098	488000	2.6226044e-08	117.47297	-0.056436777	-46.11692	0.009182665	0.0	572.0475282669067
122	23.968275	131.99847	123.56205	-203.23636	1000.0	1.1331575	15.493631	38.012665	-54.12084	492000	8.5830685e-09	136.26062	-0.060420252	-60.579323	0.009258128	0.0	576.4377815723419
123	99.77347	38.03307	137.36044	50.571766	1000.0	8.063631	6.2458725	28.012922	-49.51284	496000	2.2172928e-08	82.87847	-0.066903435	-25.677292	0.009314777	0.0	580.8715462684631
124	95.648575	20.193228	115.553185	63.99046	1000.0	10.149329	5.0462494	23.955482	-41.036087	500000	6.198883e-09	82.76139	-0.06047037	-19.678772	0.009224352	0.0	585.7047371864319
125	146.67651	33.71948	168.58167	88.340004	1000.0	11.851052	3.588183	31.187168	-38.10217	504000	-2.9325486e-08	102.59828	-0.06674238	-20.363754	0.009287741	0.0	590.6520800590515
126	128.10992	37.056034	171.95868	72.98875	1000.0	12.339364	3.9617305	39.22611	-38.027847	508000	-8.34465e-09	92.848076	-0.059110723	-15.367203	0.0092653	0.0	594.988116979599
127	-25.633553	181.89767	168.97707	-237.85138	1000.0	1.3687397	12.500758	30.128677	-44.396225	512000	-7.152557e-09	112.5437	-0.057871915	-46.865417	0.009378244	0.0	600.0814154148102
128	73.64641	131.07343	179.15958	-150.52553	1000.0	5.996421	13.677802	25.947424	-48.860203	516000	4.2915342e-09	87.59162	-0.060017474	-23.835938	0.009316107	0.0	604.7853574752808
129	125.867035	50.283737	190.24124	55.870975	1000.0	15.029676	4.8057084	36.709255	-35.915016	520000	-1.0848045e-08	105.22529	-0.08561081	-44.990818	0.009248678	0.0	609.6029818058014
130	128.60434	61.3448	216.81364	48.7225	1000.0	11.460012	4.6031456	41.249928	-47.912216	524000	1.3589859e-08	109.01656	-0.058541473	-23.58628	0.009266952	0.0	614.2208068370819
131	173.916	7.6195207	182.12143	163.0183	1000.0	12.801036	3.127346	24.725616	-20.178604	528000	-1.525879e-08	74.03292	-0.057023916	-23.403114	0.009361471	0.0	618.5185391902924
132	168.512	36.244232	222.48688	129.79688	1000.0	17.130558	2.6848798	34.625637	-16.105532	532000	3.3020974e-08	79.832146	-0.06585925	-12.477135	0.009364867	0.0	623.2884411811829
133	118.903336	56.875237	181.56915	38.83443	1000.0	14.100836	6.495814	42.512634	-44.76605	536000	-5.4836273e-09	91.38556	-0.05622928	-29.045242	0.009214269	0.0	627.8482208251953
134	97.214005	179.72258	219.74298	-213.20898	1000.0	7.8682117	12.479523	29.48076	-42.63942	540000	2.8133393e-08	143.79407	-0.06057223	-62.117744	0.009383169	0.0	632.2979552745819
135	176.25024	66.717224	289.4234	119.25121	1000.0	16.073608	6.132866	50.96865	-44.729107	544000	2.002716e-08	102.61863	-0.059624314	-30.47927	0.009303827	0.0	636.915985584259
136	174.74677	40.48665	240.47766	130.54811	1000.0	17.699398	4.06642	43.867226	-35.21708	548000	1.7166137e-08	62.128017	-0.057425976	-9.461525	0.0093003595	0.0	641.6437296867371
137	196.27692	15.033334	215.3299	176.63371	1000.0	16.912796	3.786744	33.040817	-44.521717	552000	4.768372e-10	66.19963	-0.055304963	-11.20945	0.009264751	0.0	646.0739350318909
138	173.70396	27.293842	215.67502	139.62665	1000.0	18.844532	2.9917963	38.27606	-16.420143	556000	-4.673004e-08	55.142117	-0.05742286	-13.743645	0.009300113	0.0	650.8148255348206
139	202.61816	16.901638	226.74033	184.88934	1000.0	15.9885645	5.154392	49.1775	-47.363186	560000	-5.722046e-09	139.65959	-0.062265303	-46.022766	0.0094244005	0.0	655.269054889679
140	132.69492	187.26573	273.49585	-185.34732	1000.0	13.229007	11.288406	50.532383	-29.200394	564000	1.6570091e-08	137.73163	-0.057748154	-52.83322	0.009388494	0.0	660.623372554779
141	165.12363	20.48668	189.61774	141.02371	1000.0	19.090343	4.297372	43.300297	-31.97624	568000	2.2411346e-08	75.74539	-0.059483837	-19.102959	0.009363118	0.0	665.1058683395386
142	231.7988	24.018888	271.91934	209.47926	1000.0	17.219587	4.2081456	30.594078	-27.428427	572000	6.6757204e-09	90.52085	-0.05584845	-30.571938	0.009336104	0.0	669.5090379714966
143	208.78783	57.842873	304.69635	161.94225	1000.0	21.643578	4.2650905	46.3459	-23.169792	576000	0.0	115.82653	-0.060084052	-28.253906	0.009334253	0.0	674.5033466815948
144	198.63602	38.19621	228.12233	134.52988	1000.0	19.207994	4.405769	36.085793	-39.48597	580000	9.536743e-09	94.09567	-0.057530314	-17.68052	0.009390718	0.0	679.2585983276367
145	137.71712	185.42088	307.204	-175.72955	1000.0	12.540877	14.583801	32.475758	-30.783625	584000	-1.257658e-08	120.52544	-0.05822172	-26.029419	0.00937739	0.0	683.5917267799377
146	119.96892	140.8033	225.25461	-121.282394	1000.0	12.566012	15.934076	43.964928	-33.823647	588000	2.3841857e-09	119.5935	-0.05744604	-35.569298	0.009408173	0.0	688.0825695991516
147	199.71347	46.698788	236.6984	119.67888	1000.0	21.073334	7.577837	44.844994	-56.70335	592000	-2.3841858e-08	85.87652	-0.06060925	-23.727055	0.009390922	0.0	692.807544708252
148	225.69855	33.44407	280.98947	194.78004	1000.0	20.874884	4.479662	48.43678	-22.673204	596000	-1.0490417e-08	82.83841	-0.06212121	-11.30072	0.009565435	0.0	697.3840482234955
149	203.73108	27.883726	251.34544	183.27005	1000.0	21.125832	4.924335	36.121696	-32.90263	600000	-1.3947487e-08	94.52605	-0.055966042	-15.837372	0.009390772	0.0	702.3069767951965
150	255.4009	48.310135	322.32733	200.98215	1000.0	21.231098	4.2251496	51.954556	-21.763613	604000	4.2915342e-09	93.35314	-0.06104466	-20.470924	0.009412274	0.0	707.5238845348358
151	246.55264	29.248587	271.03604	198.48758	1000.0	23.297457	3.1987853	43.482403	-15.008718	608000	-1.9073487e-09	84.93349	-0.057111524	-9.075401	0.009420386	0.0	711.9798655509949
152	214.92561	64.72937	325.91287	163.06096	1000.0	23.091293	4.473632	42.274357	-19.284136	612000	1.2874604e-08	115.91989	-0.0570173	-20.0392	0.0094818305	0.0	716.457611322403
153	182.16742	153.0552	283.48413	-82.06195	1000.0	14.844744	12.371625	40.46279	-18.693468	616000	5.9604646e-09	97.14953	-0.057572495	-40.667854	0.00949836	0.0	721.1496105194092
154	281.16617	46.922386	356.1057	240.10776	1000.0	25.900265	3.6550343	50.6674	-9.046578	620000	1.1920929e-08	123.77286	-0.07029149	-27.687897	0.009511114	0.0	725.6141114234924
155	263.6837	22.41637	298.4858	241.25502	1000.0	24.56318	4.8928437	58.81738	-33.452835	624000	3.7908553e-08	132.41441	-0.05705773	-30.836494	0.009385833	0.0	730.3244857788086
156	244.06049	42.359097	297.2005	179.70148	1000.0	24.508245	3.415939	43.016983	-16.761835	628000	-7.390976e-09	92.003044	-0.055529702	-14.443016	0.009506836	0.0	735.1191205978394
157	257.19196	21.471348	284.4783	224.35281	1000.0	23.876083	3.4866202	44.779182	-16.038519	632000	2.2649765e-08	102.9925	-0.058047038	-10.617477	0.009439171	0.0	739.7634689807892
158	263.31213	26.401428	303.34256	231.24771	1000.0	24.262032	3.691969	50.297306	-29.501085	636000	2.9087067e-08	102.05047	-0.056147955	-21.330872	0.009423669	0.0	744.5837235450745
159	239.79721	54.08159	312.38232	174.3812	1000.0	26.133547	5.399828	38.573208	-25.350594	640000	4.351139e-09	116.13003	-0.056350924	-29.746147	0.00933574	0.0	749.6228897571564
160	255.48755	24.662397	284.55045	225.83742	1000.0	24.841469	7.392115	56.30146	-51.44347	644000	-2.9802323e-09	117.34678	-0.062618285	-30.03614	0.009365166	0.0	754.9083139896393
161	289.0465	27.729918	328.8042	250.79817	1000.0	27.316004	5.6374936	41.834988	-20.181265	648000	5.9604646e-09	94.05918	-0.056307536	-14.542702	0.009400571	0.0	759.7621734142303
162	287.06635	39.184772	324.1904	225.44394	1000.0	28.393183	6.9506965	54.328785	-36.305	652000	-4.053116e-09	101.36158	-0.06677474	-24.903389	0.009453315	0.0	764.5313799381256
163	301.09732	59.635925	370.24258	208.56705	1000.0	28.571983	4.493539	36.421795	-23.553902	656000	6.198883e-09	95.94194	-0.055315245	-17.89286	0.0094762575	0.0	768.9786055088043
164	224.11127	13.901104	241.40022	202.80511	1000.0	27.443573	9.380391	36.466274	-40.43254	660000	-3.4809112e-08	166.27716	-0.05477063	-61.03344	0.009358643	0.0	773.7929310798645
165	327.3478	43.72072	390.1757	266.57358	1000.0	28.466429	8.331885	37.95809	-42.98973	664000	6.198883e-09	155.53778	-0.06280472	-44.424797	0.009501215	0.0	778.4150424003601
166	302.86755	28.69019	345.26254	270.24484	1000.0	31.41999	4.058005	41.07626	-19.676157	668000	-2.1219254e-08	117.582985	-0.05843725	-21.905922	0.0093765	0.0	782.8076612949371
167	314.7995	33.25782	366.3562	273.6397	1000.0	28.130404	4.4157844	40.19703	-25.812994	672000	-1.8954276e-08	102.85566	-0.055318195	-19.733269	0.009457697	0.0	787.6674118041992
168	310.29947	31.564718	341.03497	258.72946	1000.0	29.40537	3.4990656	53.124	-11.173297	676000	3.6001204e-08	115.11028	-0.05498304	-16.484398	0.009427535	0.0	792.0799460411072
169	315.95065	16.992584	332.43362	287.6117	1000.0	28.561209	3.454667	45.29742	-11.951095	680000	-7.033348e-09	91.20116	-0.056874886	-11.979889	0.009366458	0.0	797.1424028873444
170	315.47223	38.983177	381.0764	281.98483	1000.0	30.073349	4.394951	37.46625	-28.746101	684000	-1.001358e-08	102.124504	-0.055826787	-15.539604	0.009530377	0.0	802.4291989803314
171	321.9446	47.063046	368.0867	243.20834	1000.0	30.825594	4.599826	51.750168	-19.22236	688000	1.3351441e-08	133.95181	-0.06284967	-40.57312	0.00946295	0.0	807.2907555103302
172	191.32193	194.55626	334.65305	-143.07533	1000.0	19.818901	18.76024	47.675686	-37.38603	692000	2.3841858e-08	221.50392	-0.059086036	-115.77312	0.009580002	0.0	811.9433794021606
173	312.02832	25.909473	336.02975	269.4956	1000.0	26.874102	7.915421	37.299908	-63.948036	696000	5.4836273e-09	152.61964	-0.063858815	-43.6391	0.009390503	0.0	816.8138120174408
174	346.34546	43.847336	390.6932	273.8385	1000.0	30.66157	5.783807	48.608032	-30.145876	700000	-3.218651e-09	123.20987	-0.061629225	-23.541138	0.009653655	0.0	821.2389106750488
175	229.62735	194.58644	408.49185	-99.27491	1000.0	22.627594	19.354977	55.44622	-34.33893	704000	-7.629395e-09	130.10791	-0.05569259	-31.229683	0.009570923	0.0	825.7857885360718
176	348.87122	67.696365	432.73593	246.03362	1000.0	30.978676	4.3277445	50.598835	-20.129911	708000	1.6689301e-09	122.0803	-0.057170372	-25.123207	0.00942078	0.0	830.5621371269226
177	342.00256	22.56077	368.89856	306.33307	1000.0	33.90726	4.654719	62.36532	-17.86262	712000	4.4107438e-09	109.69725	-0.06462217	-16.890312	0.009419635	0.0	835.3315005302429
178	352.18134	5.249808	359.53015	347.04742	1000.0	32.608456	4.111865	52.56805	-9.9691105	716000	4.887581e-09	128.02878	-0.05501095	-12.718483	0.009516581	0.0	839.9793908596039
179	320.91248	25.15924	359.80692	290.3737	1000.0	33.20146	4.355558	54.381752	-39.681576	720000	2.6226044e-09	116.59383	-0.0561354	-25.89273	0.0095054135	0.0	844.6854064464569
180	287.2412	76.93076	349.07062	157.02048	1000.0	28.82782	7.759776	44.829605	-50.462112	724000	2.0503998e-08	268.9267	-0.053064432	-132.89151	0.009498331	0.0	849.9844195842743
181	359.02277	87.56478	427.5921	209.74443	1000.0	31.93866	8.342824	57.79679	-67.004845	728000	1.513958e-08	136.35187	-0.06816359	-35.510536	0.00950334	0.0	854.9008069038391
182	378.4091	48.21353	423.56146	297.14536	1000.0	34.639736	5.7617593	67.85989	-38.72688	732000	-4.7683715e-09	107.20405	-0.05444471	-17.632202	0.009426155	0.0	859.753093957901
183	362.4582	10.991796	378.2191	348.27405	1000.0	36.077465	6.2200804	62.409927	-33.320957	736000	9.536744e-10	114.639015	-0.060005754	-18.531937	0.009544211	0.0	864.3934235572815
184	366.1006	19.62585	391.2006	338.21463	1000.0	35.043015	4.530519	40.449497	-33.05544	740000	-5.00679e-09	128.04834	-0.054692697	-12.288971	0.009566833	0.0	869.0704669952393
185	341.97357	45.837852	384.65704	268.2161	1000.0	35.04646	6.389969	41.89522	-44.771824	744000	2.4557114e-08	115.52634	-0.05586118	-20.527756	0.009531504	0.0	873.8504118919373
186	316.95288	74.87634	384.64923	200.7514	1000.0	34.08414	9.860312	58.01393	-54.498947	748000	3.98159e-08	160.93681	-0.05765227	-49.875954	0.00961569	0.0	878.708654165268
187	364.31482	29.328972	399.88837	329.00766	1000.0	33.344383	5.111082	41.779305	-23.029465	752000	2.002716e-08	118.98281	-0.056707185	-13.486046	0.009493944	0.0	883.4712853431702
188	331.23456	39.76678	369.33	264.49176	1000.0	33.946877	8.322923	55.86615	-57.65892	756000	1.1563301e-08	161.4155	-0.057592154	-34.845993	0.0095045995	0.0	888.067325592041
189	354.17755	31.600105	404.1578	319.71063	1000.0	32.445637	8.401838	62.21186	-41.125095	760000	1.6212464e-08	176.79666	-0.060708787	-48.44574	0.0095570525	0.0	892.622495174408
190	392.07214	41.95475	443.8199	342.19672	1000.0	36.722126	4.3520517	46.65658	-19.103067	764000	-4.720688e-08	110.292305	-0.052826542	-13.375351	0.009601387	0.0	897.8206489086151
191	362.45767	53.247734	424.46002	281.07837	1000.0	36.03055	5.453594	60.257385	-37.00676	768000	1.5974045e-08	144.62697	-0.054569006	-31.06977	0.0095222145	0.0	902.2132947444916
192	416.924	37.145454	454.49948	355.7237	1000.0	36.151176	3.3392537	50.11336	-5.286801	772000	1.0967255e-08	114.26652	-0.04906779	-18.650955	0.009437831	0.0	906.7524378299713
193	381.68628	56.028225	437.9219	290.70956	1000.0	38.427467	4.3329134	58.952843	-21.052673	776000	1.2159347e-08	162.05968	-0.053766984	-46.83558	0.009543239	0.0	911.2677421569824
194	391.44696	57.64324	454.4855	298.53415	1000.0	36.68316	8.112416	63.605934	-51.68988	780000	3.528595e-08	131.43967	-0.05612446	-29.02301	0.00953332	0.0	915.9370267391205
195	425.41495	54.23078	515.5459	371.94263	1000.0	38.20315	4.7813406	45.12818	-30.154533	784000	2.9802323e-09	139.72575	-0.060119316	-19.337746	0.009600094	0.0	920.711594581604
196	406.5075	88.59572	469.89987	253.67438	1000.0	39.211147	6.7214828	45.806644	-46.765675	788000	-2.9325486e-08	193.88516	-0.047987994	-46.90271	0.009572469	0.0	925.8490469455719
197	423.64908	39.03032	484.32724	375.66837	1000.0	40.71822	5.2439585	66.09526	-36.56785	792000	-6.6757204e-09	179.83492	-0.06585662	-36.96277	0.009578699	0.0	930.5112369060516
198	397.94168	58.56427	460.21356	304.1975	1000.0	38.118652	5.209789	66.54391	-38.298832	796000	2.3841857e-09	139.13512	-0.054871425	-19.155113	0.0096589085	0.0	935.1488687992096
199	420.46143	49.65492	467.77023	344.27097	1000.0	37.935017	3.3982942	63.72614	-3.1337295	800000	4.7683715e-09	120.26614	-0.052368138	-11.292816	0.009554231	0.0	939.8189141750336
200	346.72064	95.779274	428.3485	183.62267	1000.0	37.742683	7.7931404	55.974716	-44.459003	804000	-3.552437e-08	257.26843	-0.051232934	-136.7428	0.009566082	0.0	944.9544336795807
201	378.14764	28.577322	421.5461	341.42993	1000.0	36.85701	7.000558	45.08378	-36.959553	808000	-1.2874604e-08	155.69418	-0.059751734	-41.85311	0.009484503	0.0	949.5660467147827
202	404.09442	78.06566	491.67462	280.81244	1000.0	34.499382	8.388755	45.19016	-65.190186	812000	2.4318695e-08	213.63078	-0.05474666	-71.1559	0.009566209	0.0	954.4513108730316
203	406.6513	46.41151	447.2768	332.46997	1000.0	40.10221	6.188745	49.992645	-39.566288	816000	-5.6028364e-09	122.03152	-0.057278	-22.392159	0.0095233135	0.0	958.8905298709869
204	385.75018	18.989376	404.03064	357.27475	1000.0	38.37054	5.2164483	46.895294	-27.511868	820000	-4.708767e-09	99.53683	-0.051518664	-11.450851	0.009624725	0.0	963.2843463420868
205	413.3645	29.889605	453.3298	369.75372	1000.0	37.0109	6.913386	50.051323	-44.443787	824000	-8.34465e-09	163.86322	-0.06218357	-39.21981	0.009504262	0.0	967.8552448749542
206	398.3017	40.770546	441.35052	335.40057	1000.0	39.932137	3.331818	50.133003	-15.562925	828000	-3.9577483e-08	140.52412	-0.053566135	-17.68097	0.00963492	0.0	972.3193080425262
207	431.34735	29.694754	480.58566	406.19492	1000.0	37.239162	4.2033663	49.104416	-18.180496	832000	-1.3351441e-08	170.30165	-0.05359014	-27.958908	0.009705242	0.0	976.8826494216919
208	429.1324	53.296352	484.17612	341.06833	1000.0	41.10902	4.9085865	55.531586	-27.868034	836000	1.2874604e-08	143.48863	-0.05245866	-27.55542	0.0095404815	0.0	981.6445350646973
209	447.7303	27.451391	473.4039	404.2113	1000.0	41.18137	5.136185	65.082565	-21.347057	840000	-4.7445297e-08	165.87813	-0.06108646	-46.885605	0.009630952	0.0	986.1308951377869
210	428.149	51.38876	494.6575	351.16916	1000.0	40.004707	4.479022	67.48154	-33.913868	844000	1.4305114e-08	140.09268	-0.05479518	-22.740875	0.009513598	0.0	991.2662148475647
211	449.93097	35.610558	500.23798	408.55652	1000.0	41.277794	3.5695853	73.64428	-29.044027	848000	-9.059906e-09	136.56816	-0.04950641	-13.164017	0.009646971	0.0	995.9301242828369
212	438.91824	55.048855	486.60828	347.25958	1000.0	41.96299	4.516246	56.762844	-35.000576	852000	-2.5987624e-08	146.32132	-0.050712436	-22.870049	0.009564787	0.0	1000.5451641082764
213	266.32355	204.1017	430.67612	-82.53548	1000.0	27.969883	25.132494	51.384674	-39.697575	856000	-2.8610229e-08	242.98659	-0.05870514	-139.39471	0.009504994	0.0	1005.0688080787659
214	476.3473	33.079315	525.74146	439.5624	1000.0	38.355953	7.2703323	67.20793	-37.451973	860000	-1.859665e-08	193.63838	-0.06936937	-74.01646	0.009605919	0.0	1009.5629703998566
215	455.76407	14.587853	472.1945	439.0604	1000.0	44.76781	4.369219	62.24135	-13.6252	864000	2.0980835e-08	141.11638	-0.048516028	-14.27301	0.009662111	0.0	1014.0740249156952
216	465.4901	55.782936	559.1022	418.52924	1000.0	43.43319	3.093753	71.08597	6.2504396	868000	-1.9073487e-09	176.3518	-0.051908806	-20.402649	0.009667799	0.0	1018.8687727451324
217	453.2793	11.091802	469.3268	438.75992	1000.0	42.658127	3.716945	50.56037	-28.082972	872000	-1.9311905e-08	131.23683	-0.049585566	-12.873428	0.009579174	0.0	1023.5105679035187
218	460.83997	4.994322	465.55298	452.526	1000.0	43.30407	3.3668625	52.01514	-0.000600338	876000	1.4305115e-09	156.3116	-0.049369212	-11.240616	0.009637934	0.0	1027.835461616516
219	354.85843	208.51033	503.7558	-3.0760224	1000.0	33.191525	18.519915	64.240715	-39.051807	880000	-1.1920929e-09	223.58919	-0.05688753	-81.41742	0.009582575	0.0	1032.4308502674103
220	439.69836	44.453327	514.5911	401.03244	1000.0	42.187088	7.6764	52.27166	-40.510944	884000	-1.4305115e-09	135.72333	-0.054477464	-20.99791	0.009666487	0.0	1037.6482117176056
221	449.38235	49.111427	505.74533	372.15643	1000.0	42.298935	6.424413	52.328533	-27.489183	888000	1.001358e-08	163.86984	-0.055042714	-25.068954	0.009642288	0.0	1042.2951028347015
222	462.34717	23.646255	487.53134	424.87296	1000.0	43.288734	4.753284	50.434433	-25.32952	892000	1.8119811e-08	144.02374	-0.05062724	-11.435684	0.009608795	0.0	1046.8417375087738
223	469.7953	63.2644	554.509	380.88254	1000.0	44.12563	5.740353	53.272507	-15.997353	896000	-2.3841857e-09	165.0705	-0.05159749	-18.533813	0.009665289	0.0	1051.6135234832764
224	307.67035	155.9254	443.18497	51.137783	1000.0	34.502853	18.825134	54.369118	-28.99557	900000	-1.1444092e-08	172.13303	-0.053800978	-45.429024	0.009626209	0.0	1055.9606821537018
225	412.9723	55.49051	480.9872	349.65485	1000.0	41.378674	9.0793495	52.865185	-46.40285	904000	4.7683715e-09	151.95937	-0.05848266	-31.241722	0.009589344	0.0	1060.529716014862
226	485.3471	12.959977	503.44305	469.72662	1000.0	41.758286	7.9221463	50.748127	-25.948967	908000	3.3140182e-08	207.3529	-0.057660248	-50.18193	0.009659003	0.0	1064.8789377212524
227	478.05447	54.760918	537.5787	391.72974	1000.0	46.656483	6.092759	54.841984	-39.719563	912000	7.987023e-09	170.4055	-0.051795576	-18.174469	0.009706653	0.0	1069.8063390254974
228	475.30154	38.054333	516.71735	429.81458	1000.0	46.483803	5.692303	57.322807	-20.203451	916000	2.360344e-08	134.12856	-0.05124661	-16.104073	0.0097138705	0.0	1074.6003441810608
229	516.94135	33.17517	548.0308	465.4031	1000.0	45.542244	3.3382454	58.000393	6.7577233	920000	-1.990795e-08	143.52135	-0.052521452	-22.251144	0.009554704	0.0	1079.1002604961395
230	466.37598	13.800901	487.13806	451.50674	1000.0	47.01223	3.691383	62.362583	-16.05283	924000	-7.033348e-09	154.09131	-0.04770475	-17.950073	0.009615571	0.0	1084.635193347931
231	357.99414	162.99753	517.94275	86.72251	1000.0	34.068436	18.662489	57.065556	-23.850618	928000	-3.9100648e-08	144.12082	-0.055761002	-27.92546	0.009597525	0.0	1089.351270198822
232	493.6256	49.14536	567.806	434.71454	1000.0	44.202133	5.1901474	52.493824	-14.664143	932000	9.6559525e-09	171.15709	-0.053517252	-24.955093	0.009579828	0.0	1093.811401605606
233	446.74866	47.814407	516.83984	386.08502	1000.0	46.301506	4.7814493	54.88999	-14.912784	936000	-1.07288365e-08	182.2309	-0.051366154	-33.072144	0.0096658645	0.0	1098.3319652080536
234	445.5722	33.772293	484.00772	402.77252	1000.0	43.787537	6.711044	54.491463	-49.199318	940000	1.2397766e-08	141.032	-0.05454298	-21.414436	0.009542674	0.0	1103.3175506591797
235	429.0738	89.729805	534.85046	315.7187	1000.0	43.25591	7.535881	53.452374	-33.931602	944000	1.168251e-08	229.49962	-0.053768143	-65.219955	0.009466621	0.0	1107.9559609889984
236	385.62805	261.99997	546.36725	-67.968704	1000.0	33.14856	21.609537	56.23676	-44.75557	948000	-1.8119811e-08	210.40115	-0.0643879	-85.61561	0.009540512	0.0	1112.8332571983337
237	505.16742	35.20941	555.95605	462.09546	1000.0	48.76728	8.432964	62.17442	-51.007984	952000	4.1007997e-08	196.30936	-0.07051893	-35.321487	0.00953777	0.0	1117.6476242542267
238	501.7318	22.642824	539.7682	480.7685	1000.0	47.818905	5.5464945	66.69111	-34.30631	956000	6.6757204e-09	147.57199	-0.054391712	-29.633888	0.009645716	0.0	1122.3644571304321
239	525.34937	11.284545	542.7882	511.51566	1000.0	47.023544	3.2072103	58.95265	7.919677	960000	-2.1457671e-09	179.14447	-0.04870446	-14.413239	0.009655341	0.0	1127.0161719322205
240	499.8414	41.611465	570.6899	464.94363	1000.0	48.552624	5.7751417	56.726418	-27.92979	964000	-2.1457671e-09	172.99243	-0.05107226	-22.305176	0.009653693	0.0	1132.3494808673859
241	514.3623	32.181053	556.4752	475.15555	1000.0	49.106453	5.950312	62.17312	-37.76947	968000	1.168251e-08	191.36255	-0.049589984	-24.616837	0.009655543	0.0	1136.989094734192
242	492.9977	16.625332	518.07043	476.73862	1000.0	48.356506	3.6936352	56.7902	1.103329	972000	1.7166137e-08	151.34705	-0.047177736	-13.759216	0.009682253	0.0	1141.6024250984192
243	493.53583	47.638184	559.06854	438.48352	1000.0	46.29807	7.5065904	56.481907	-44.868195	976000	-9.536744e-10	183.4386	-0.052886896	-36.410995	0.009561062	0.0	1146.083373785019
244	508.7176	23.248558	534.4411	471.28543	1000.0	49.610382	4.8576045	67.47512	-6.3088665	980000	1.2397766e-08	186.80994	-0.0519465	-22.282486	0.009636322	0.0	1150.779922246933
245	529.91473	37.32883	582.55756	477.50653	1000.0	47.85687	3.8713558	57.04532	7.2984004	984000	-2.1457671e-09	189.73944	-0.05007488	-17.946	0.009798481	0.0	1155.5478043556213
246	479.2834	57.014114	548.54376	391.60968	1000.0	48.709213	4.1126995	58.972706	9.754316	988000	-1.0490417e-08	187.148	-0.05052426	-29.881744	0.009631588	0.0	1159.941456079483
247	490.68243	16.30819	518.06	475.05286	1000.0	44.689632	6.8196197	56.868263	-39.045464	992000	-4.529953e-09	162.66747	-0.051957503	-32.9151	0.009600561	0.0	1164.4926271438599
248	518.6286	28.209997	548.93713	474.87933	1000.0	48.19069	4.1579833	59.916836	-9.405617	996000	-7.629395e-09	164.9141	-0.048539728	-14.175629	0.009648266	0.0	1169.3035717010498
249	475.78558	79.986145	560.465	390.81226	1000.0	48.595062	6.2333636	72.51115	-41.63452	1000000	-1.3113022e-08	210.17152	-0.05583191	-62.531845	0.00955775	0.0	1174.5848562717438
