Epoch	AverageEpRet	StdEpRet	MaxEpRet	MinEpRet	EpLen	AverageVVals	StdVVals	MaxVVals	MinVVals	TotalEnvInteracts	LossPi	LossV	DeltaLossPi	DeltaLossV	Entropy	KL	Time
0	-613.79224	59.25181	-515.07733	-672.61945	1000.0	-0.030494582	0.58677816	1.9754425	-2.1705956	4000	0.035340488	3435.221	-0.011085151	-654.3838	5.5626025	0.003409078	5.297662734985352
1	-550.60803	27.120543	-520.48126	-594.5967	1000.0	-7.3877378	4.6002846	8.394602	-14.604977	8000	-0.021557232	2243.91	-0.0057310965	-1062.3016	5.500006	0.0018601823	9.909674882888794
2	-511.85883	75.91284	-403.39478	-593.3481	1000.0	-22.10129	1.8573163	-2.6419413	-23.469257	12000	-0.0008909645	1044.4067	-0.004214296	-281.48822	5.4845963	0.0005334977	14.409286737442017
3	-514.3419	56.806866	-442.0647	-597.1368	1000.0	-28.60759	0.5833328	-21.537039	-28.964539	16000	-0.08651837	920.7302	-0.003307484	-158.1966	5.4778013	0.00091836305	18.66426968574524
4	-512.85974	123.16023	-314.60974	-649.5997	1000.0	-33.133297	0.4127723	-25.986141	-33.40006	20000	-0.0072482624	891.95886	-0.0036354656	-82.57721	5.481167	0.0009815911	22.206552505493164
5	-544.1631	61.663284	-438.1489	-588.5895	1000.0	-36.264595	1.4830248	-7.562854	-36.707497	24000	-0.020400634	478.65305	-0.0027749762	-91.04385	5.520448	0.0004259605	26.560823440551758
6	-487.42197	113.241135	-353.6069	-622.52625	1000.0	-39.83721	1.5737367	-6.368318	-40.276005	28000	-0.018843768	515.78076	-0.0029539112	-46.855164	5.50695	0.0010572205	30.787558555603027
7	-470.28638	114.88504	-344.18817	-621.14307	1000.0	-38.157524	5.833855	10.329908	-41.98336	32000	-0.06542566	511.1426	-0.0027278587	-32.275635	5.55441	0.00035794836	35.1920166015625
8	-569.1814	20.528465	-540.52124	-598.2026	1000.0	-40.87439	3.759862	1.3082834	-42.904274	36000	-0.007965343	467.55426	-0.0031381818	-70.78989	5.517242	4.9654664e-05	39.610227823257446
9	-510.21292	48.747604	-455.4336	-584.0128	1000.0	-42.482243	10.64847	41.851673	-45.824947	40000	0.045037452	570.6944	-0.0011616834	-204.35928	5.5541086	-0.000114731905	43.89607048034668
10	-568.86084	80.62957	-447.9916	-668.84106	1000.0	-45.03043	5.317505	7.56827	-47.35202	44000	0.0037852935	435.71002	-0.0017858343	-50.711426	5.500643	2.3021697e-05	48.443355560302734
11	-590.67914	59.160286	-533.96106	-689.96063	1000.0	-48.169846	4.36062	3.2055864	-49.693417	48000	-0.02115673	439.34274	-0.0025763623	-55.274628	5.562236	0.00045643598	52.74551796913147
12	-558.87	44.54412	-525.56256	-634.8356	1000.0	-51.253693	2.3965971	-22.49302	-52.224014	52000	-0.039229654	330.85983	-0.0032081716	-19.279694	5.562784	0.00013568896	56.98075890541077
13	-479.74213	36.036716	-445.5199	-533.536	1000.0	-49.939808	5.6282997	8.247667	-52.54382	56000	-0.0633794	381.95825	-0.0010714084	-103.97775	5.5403523	0.0009393753	61.27992081642151
14	-530.4464	25.900908	-488.93283	-558.9919	1000.0	-40.07737	11.229374	32.3657	-51.65087	60000	-0.0276571	480.2255	-0.0019130241	-187.72516	5.496799	-7.173961e-05	65.49341535568237
15	-539.4004	70.17897	-428.4273	-617.7738	1000.0	-50.73512	2.8469079	-22.25549	-52.0548	64000	-0.03410286	234.94247	-0.002410192	-25.499283	5.528484	0.00056124077	69.8534243106842
16	-548.2995	115.18365	-443.5347	-743.27325	1000.0	-48.9949	5.181714	-16.276806	-52.285496	68000	-0.07841497	508.19693	-0.0021357387	-64.43936	5.537696	0.0005644813	74.15033626556396
17	-606.2387	11.259374	-594.82916	-624.31744	1000.0	-27.878231	28.145655	50.20658	-52.938602	72000	-0.057598747	1643.9895	-0.001517728	-1358.0618	5.457831	0.0010423335	78.42503595352173
18	-547.0812	67.56469	-451.30295	-637.63837	1000.0	-54.03327	1.3828623	-33.6642	-54.582638	76000	-0.035908483	286.48413	-0.001406841	-41.755325	5.506962	0.00022607994	82.58600401878357
19	-489.1868	174.44312	-189.39246	-620.5903	1000.0	-49.265686	9.969452	21.327477	-54.08588	80000	-0.026983956	592.8715	-0.001728503	-165.74652	5.5297613	0.0007850115	86.8673574924469
20	-483.2766	124.28857	-282.80124	-622.3775	1000.0	-41.860382	12.485544	2.6705043	-54.214905	84000	-0.10035121	339.64587	-0.0010117441	-44.042236	5.5138807	7.77247e-05	91.48936629295349
21	-410.53204	126.06915	-244.26302	-589.6232	1000.0	-39.308613	11.0641	0.09587866	-54.03761	88000	0.01663952	403.65662	-0.001606904	-37.022247	5.501875	-0.00016267259	95.77302026748657
22	-552.14417	81.93592	-477.43042	-674.75336	1000.0	-39.15504	9.284814	-5.984771	-53.40643	92000	-0.011915709	754.7081	-0.0017781388	-154.87903	5.527683	0.00052818365	99.69706177711487
23	-546.80347	20.016483	-516.9963	-571.3868	1000.0	-51.293842	7.032272	-4.9299784	-55.337147	96000	-0.024446547	270.90143	-0.0015840586	-28.912048	5.437391	0.00047437043	104.27015542984009
24	-444.63324	64.71364	-384.34808	-548.57776	1000.0	-44.205734	10.856341	2.604934	-55.357162	100000	-0.00296986	399.16693	-0.0015072478	-66.57147	5.4713516	0.0004887832	108.37677526473999
25	-488.98334	43.68628	-419.00528	-531.5852	1000.0	-41.559467	11.502717	36.157936	-53.853985	104000	-0.07521554	378.8405	-0.0010802373	-92.937195	5.5247	0.00017087269	112.78620529174805
26	-483.70642	34.186646	-432.89856	-524.30414	1000.0	-46.961086	7.147159	-4.6826854	-54.48373	108000	-0.037033528	296.12732	-0.0015549101	-30.362244	5.526823	-5.4085074e-05	116.91024136543274
27	-467.1895	111.47663	-338.36407	-645.7258	1000.0	-43.52138	9.878134	-2.1002457	-54.329666	112000	-0.025379058	328.5361	-0.0011674315	-27.10205	5.5137587	2.9126168e-05	121.20101428031921
28	-465.31375	104.6349	-328.35992	-590.7197	1000.0	-42.955437	7.7581005	-0.73148346	-53.585194	116000	-0.02747882	369.48312	-0.0017932933	-35.15323	5.5256567	4.4423105e-05	125.48372793197632
29	-494.28378	62.799816	-431.25986	-568.0355	1000.0	-43.461384	6.979082	-0.7307419	-52.81973	120000	-0.04731088	279.66882	-0.0012944117	-31.805435	5.454494	2.0911337e-05	129.77491402626038
30	-440.2068	129.94177	-242.9084	-601.04114	1000.0	-37.386036	11.659342	10.817852	-53.587254	124000	-0.0057993545	449.69797	-0.0016331845	-64.78552	5.5319633	0.00081128854	134.54849100112915
31	-493.36462	99.833755	-322.56848	-574.73413	1000.0	-43.785015	7.0391417	3.7427175	-53.333656	128000	-0.014609394	289.0077	-0.0013992311	-41.574203	5.4696035	0.0009441935	139.02630710601807
32	-506.71146	41.184006	-447.23227	-560.5958	1000.0	-45.50911	9.942913	1.3947548	-54.59199	132000	-0.015799547	243.02188	-0.001576839	-33.691116	5.515202	-0.00016731548	143.35605716705322
33	-505.187	39.066128	-439.39923	-536.886	1000.0	-48.199875	6.048945	-16.305702	-54.208027	136000	-0.03489144	270.71222	-0.0015482903	-12.734314	5.5049324	0.00021157056	147.64309978485107
34	-419.74884	50.542812	-376.6609	-502.24484	1000.0	-46.250385	7.0943403	2.9758246	-53.580677	140000	-0.048045654	370.28195	-0.001970224	-101.11676	5.5254335	1.23251675e-05	151.50287461280823
35	-473.9834	134.91176	-297.73917	-676.4429	1000.0	-29.204372	20.361187	37.722363	-53.121384	144000	0.0052770157	1083.9043	-0.000812212	-675.8466	5.5056634	0.00032865387	155.78868865966797
36	-442.00842	148.5388	-186.51567	-555.5324	1000.0	-43.39659	7.601248	5.1246967	-54.16424	148000	-0.04354634	305.5898	-0.0011934303	-94.7186	5.5302076	0.00021760458	159.95998072624207
37	-461.20447	35.039494	-402.83527	-489.39957	1000.0	-41.126022	10.670174	8.162876	-53.142918	152000	-0.028719239	268.6751	-0.0021686163	-23.122131	5.4687304	0.00095036905	164.29532885551453
38	-468.38403	48.152634	-396.71414	-519.8184	1000.0	-42.61483	10.116165	5.205032	-53.42756	156000	-0.049426127	208.45981	-0.0017488673	-18.991196	5.487641	-0.00045739074	167.76681399345398
39	-440.85468	123.75821	-268.6353	-573.72406	1000.0	-40.657253	8.907985	1.1604726	-52.673412	160000	0.0064237393	372.73056	-0.0014871368	-47.150635	5.4637294	1.805973e-05	172.19316625595093
40	-462.49414	38.499725	-412.17493	-512.962	1000.0	-42.191566	7.26313	-6.7460113	-52.442673	164000	-0.021505123	193.25835	-0.0014471393	-16.796814	5.444397	-0.00012004191	177.10454487800598
41	-434.05902	45.108505	-380.7031	-501.92065	1000.0	-39.458305	8.029718	-3.0116968	-51.73928	168000	-0.019750671	208.04257	-0.0019776598	-20.22023	5.4948163	0.00018613809	181.16371202468872
42	-474.3674	97.30989	-354.2834	-572.86847	1000.0	-41.78114	7.0691905	-16.63871	-52.240433	172000	-0.0064526405	395.5157	-0.0008795797	-39.04489	5.456036	0.0006088683	185.31760954856873
43	-461.89532	82.92628	-378.9568	-564.5686	1000.0	-43.567	7.487331	-1.7568101	-53.989292	176000	-0.03393306	359.62476	-0.0011870041	-25.522308	5.4688087	0.00049974036	189.3788423538208
44	-476.17297	32.06841	-443.7803	-516.86554	1000.0	-44.457264	6.4647093	-5.0180144	-53.91102	180000	-0.05421709	241.97687	-0.0007529333	-28.028366	5.478538	0.00072249107	193.9000632762909
45	-485.79462	70.285995	-372.36462	-555.9494	1000.0	-43.41307	9.278548	5.937135	-54.351322	184000	-0.026750451	409.08264	-0.0010523703	-71.852264	5.4808993	8.229297e-05	198.20833373069763
46	-396.42078	75.56769	-293.83093	-488.18182	1000.0	-42.739834	6.0122147	-6.1144857	-54.043503	188000	-0.035859715	341.59537	-0.0016666874	-96.522934	5.454435	6.385273e-05	202.2835237979889
47	-401.9397	108.74748	-243.41003	-546.5479	1000.0	-37.172874	10.108252	24.248358	-51.682785	192000	-0.054579422	244.93428	-0.0009053387	-30.233032	5.4627566	-0.00041602325	206.48958039283752
48	-483.44495	35.845505	-439.98148	-533.9898	1000.0	-39.52339	9.591016	10.190254	-50.220913	196000	-0.049368512	389.48343	-0.0014380366	-66.55643	5.465378	-0.00011517626	210.78005599975586
49	-447.21924	80.28336	-366.68173	-529.06104	1000.0	-41.689762	12.459271	10.743059	-56.156948	200000	0.015541717	273.1447	-0.0014808727	-35.454803	5.532377	-0.00014365632	214.90573120117188
50	-382.03345	133.78424	-193.43471	-550.1871	1000.0	-35.982025	9.930927	-4.3615413	-54.33109	204000	-0.034532662	308.53983	-0.0011786819	-37.00525	5.49901	0.00016510826	219.50572729110718
51	-323.94257	107.70622	-149.53433	-429.51785	1000.0	-33.265896	9.149401	9.128627	-53.126514	208000	0.01663244	343.80746	-0.001663968	-70.63461	5.446045	0.000850342	223.85459923744202
52	-429.74847	52.64799	-344.45618	-488.276	1000.0	-30.657438	9.84309	7.7560973	-51.079365	212000	-0.0035065813	391.60025	-0.0017169206	-129.42175	5.5106454	0.00017349231	227.98769116401672
53	-398.3772	39.814575	-341.38733	-452.86343	1000.0	-39.02435	10.388736	5.556785	-54.94009	216000	-0.059165318	398.299	-0.0014857277	-42.03412	5.504953	-0.00011263472	232.28821420669556
54	-367.1247	61.752678	-282.87918	-455.89694	1000.0	-38.381832	11.042551	15.851252	-53.695812	220000	-0.029697716	292.93558	-0.0014050025	-35.693207	5.465546	0.0007913918	235.8562159538269
55	-412.88867	78.28084	-282.50668	-490.45734	1000.0	-36.23023	9.944213	18.96204	-51.04567	224000	0.01198208	445.5425	-0.00154447	-69.45801	5.4858747	-0.0006120354	239.84275341033936
56	-303.9807	94.64753	-187.67242	-435.36356	1000.0	-33.0478	14.394826	29.086338	-55.033028	228000	0.005749774	428.8458	-0.0015892	-99.35593	5.4838085	7.735616e-05	243.73816585540771
57	-424.6577	105.625656	-254.37518	-543.5053	1000.0	-31.077078	9.348333	12.627889	-49.2952	232000	-0.080139056	414.62793	-0.0021111146	-129.1767	5.5288076	0.0011423487	247.95986485481262
58	-500.56342	61.388454	-430.8233	-589.06335	1000.0	-37.759758	19.312311	43.104248	-56.49889	236000	-0.048754558	594.8075	-0.0012705661	-400.1751	5.529979	0.00052617496	252.25310111045837
59	-458.24313	71.52441	-341.4307	-526.7162	1000.0	-45.02771	5.508132	-20.143658	-56.047325	240000	0.017918032	215.40962	-0.0015799962	-27.533096	5.500508	0.0006747717	256.4515264034271
60	-388.92633	34.534496	-347.75543	-439.40665	1000.0	-41.858765	4.777253	-12.770609	-52.120125	244000	-0.025235023	244.5241	-0.0014996398	-61.298203	5.4822106	0.00046923477	261.13887453079224
61	-340.08844	113.53223	-189.52765	-503.2622	1000.0	-35.513927	9.20403	3.8277822	-50.9599	248000	-0.022625538	288.57837	-0.0007823985	-48.17729	5.479928	0.00033488512	265.6686546802521
62	-403.72742	86.012726	-259.7395	-475.31638	1000.0	-36.028297	9.889361	-0.8690928	-52.066322	252000	-0.008111488	268.48056	-0.00235934	-34.123627	5.4780335	0.00073434383	269.8763861656189
63	-400.2612	59.33717	-303.24197	-463.1166	1000.0	-32.051197	13.7124	19.131468	-50.388123	256000	0.019815382	337.63705	-0.0017425455	-139.15367	5.4593477	0.00021692949	274.3285312652588
64	-403.534	54.10223	-343.9978	-491.38257	1000.0	-36.411724	8.612829	-4.4148927	-51.383785	260000	-0.014231632	246.55219	-0.0017528897	-25.651459	5.484278	0.00097422354	278.66254210472107
65	-384.94055	110.93189	-211.98668	-503.69324	1000.0	-38.22835	7.5738206	-1.5679835	-49.647175	264000	-0.06011728	302.82916	-0.00080339983	-82.17799	5.440632	0.00076812884	282.96965408325195
66	-360.87537	61.4446	-260.4383	-414.3873	1000.0	-29.582571	14.397822	15.924811	-50.994366	268000	-0.021373274	483.59558	-0.002150664	-104.65625	5.5023074	4.843688e-05	287.1858787536621
67	-465.1651	77.70046	-381.48868	-554.488	1000.0	-31.661558	13.825157	16.308376	-50.081535	272000	-0.018227901	585.3787	-0.0017375108	-341.47095	5.4556994	-0.00027831577	291.5633370876312
68	-372.40753	76.8651	-285.52563	-488.37488	1000.0	-40.540688	7.060425	-7.2066064	-52.968994	276000	-0.06357457	396.8543	-0.0022301227	-144.04974	5.517637	0.00096794276	295.88924503326416
69	-444.46786	24.298775	-406.40857	-468.08328	1000.0	-38.533497	9.6576805	9.402275	-51.978203	280000	-0.013115555	176.67894	-0.0017406456	-33.795822	5.4474306	0.0005615181	300.14284324645996
70	-410.6551	16.42156	-390.82654	-436.3112	1000.0	-38.37128	8.715745	4.2514973	-52.517365	284000	-0.05988241	271.41675	-0.002346035	-37.587494	5.4988613	-0.00028239258	304.7791256904602
71	-365.65625	45.45713	-298.58722	-419.9043	1000.0	-38.706646	5.9797835	-0.77491206	-49.202183	288000	-0.014109832	113.74078	-0.0014197063	-33.60444	5.4400897	0.00011740178	309.153865814209
72	-370.4496	97.796814	-226.95811	-500.4625	1000.0	-29.813124	7.80043	5.7327957	-43.787186	292000	-0.003638132	207.4405	-0.001700344	-53.952316	5.425566	0.00074606226	313.34035658836365
73	-432.79218	53.749878	-369.74265	-498.83322	1000.0	-33.43773	8.594884	-2.0358295	-47.583015	296000	5.665207e-05	275.01157	-0.0013549805	-61.995758	5.4472938	0.0007851853	317.59931349754333
74	-405.43353	71.99712	-286.07034	-464.34692	1000.0	-38.18337	6.257008	-13.262589	-49.785458	300000	0.0115576135	262.178	-0.0012760889	-44.02867	5.496835	0.00047369875	321.3313624858856
75	-340.40143	62.88439	-282.23105	-445.0872	1000.0	-39.93604	8.481825	1.5568807	-50.64859	304000	0.02561939	232.03006	-0.0017847847	-79.62277	5.432047	0.0004026984	325.7221839427948
76	-322.55292	95.75408	-201.45758	-460.00848	1000.0	-23.395483	12.526002	14.868797	-46.57466	308000	-0.054101262	325.37183	-0.0015079752	-99.358185	5.478744	0.00027563877	330.15882301330566
77	-386.9875	74.2229	-264.31467	-453.80533	1000.0	-33.17086	9.572333	-2.4026208	-48.908253	312000	-0.01671043	228.79086	-0.001464624	-25.0363	5.450677	-0.0003667078	334.4967842102051
78	-292.37256	64.4709	-196.73833	-352.93973	1000.0	-31.843464	9.279642	-4.8055406	-52.477623	316000	-0.021016551	430.17694	-0.0007999893	-63.74643	5.483386	0.0005505684	338.7624001502991
79	-314.7382	61.15708	-257.86072	-417.8998	1000.0	-28.733215	11.875417	19.324694	-51.624454	320000	0.010240236	272.41272	-0.0025241603	-37.665024	5.5084257	0.00085257855	343.0915768146515
80	-372.54297	34.16327	-343.46375	-428.81113	1000.0	-32.890194	9.209141	-0.41167971	-48.399662	324000	-0.023332777	234.59283	-0.00052795	-36.818527	5.462627	0.00021114832	347.9985468387604
81	-372.91684	33.408764	-328.20657	-409.24875	1000.0	-34.10596	7.1678843	-1.2384739	-50.600937	328000	-0.025289716	282.3733	-0.0011589639	-38.9821	5.5113254	0.00024053753	352.30952620506287
82	-346.52936	82.072815	-244.16925	-445.35135	1000.0	-34.393894	9.783654	24.678358	-51.677784	332000	0.016811062	234.85481	-0.0017775493	-39.721146	5.471165	0.00074354804	356.7353026866913
83	-372.63214	59.967693	-299.33615	-448.17212	1000.0	-29.700897	10.0491	7.24003	-52.417786	336000	-0.032049343	408.80505	-0.0016914941	-88.27457	5.4977427	0.0010202129	361.04022312164307
84	-348.60474	88.03635	-246.38919	-483.03094	1000.0	-36.69652	6.8379846	7.3078556	-51.806614	340000	-0.031396728	206.43073	-0.0018678755	-66.865845	5.442634	0.000331972	365.34389877319336
85	-318.69647	70.924835	-247.11017	-432.35382	1000.0	-27.420238	11.7149105	23.290583	-51.97047	344000	-0.019853799	243.93259	-0.0013865698	-39.86081	5.4951553	-9.395319e-05	369.58499455451965
86	-336.36557	57.998062	-238.96689	-385.43832	1000.0	-27.21088	9.077374	-1.964113	-48.042927	348000	-0.007122009	254.87431	-0.0015816484	-52.738815	5.454805	0.00052021147	373.82161259651184
87	-286.89368	31.012102	-239.68117	-326.59412	1000.0	-29.276735	7.0842366	12.145798	-49.257313	352000	-0.04721501	319.7833	-0.0015798695	-71.3703	5.4471493	0.00031817477	377.55784463882446
88	-374.23956	58.96743	-275.4012	-428.58676	1000.0	-30.220789	8.918028	4.8368907	-47.69463	356000	-0.024368364	301.49133	-0.0019443817	-49.30655	5.4156766	0.00033514577	381.9608790874481
89	-378.95932	67.30925	-307.1869	-485.93152	1000.0	-31.08061	10.311127	8.819915	-54.593582	360000	0.0049569397	375.22937	-0.0017314071	-57.85681	5.46558	0.0005949139	385.78683972358704
90	-321.884	55.70259	-242.18683	-380.66638	1000.0	-35.370438	8.725112	0.88243157	-55.713577	364000	-0.011175369	315.42368	-0.0012230836	-110.713974	5.473216	0.0002599529	390.8217203617096
91	-274.068	83.63728	-153.41713	-387.83878	1000.0	-23.499891	11.858233	15.21242	-54.140656	368000	0.0042413757	279.55438	-0.0012040145	-52.22023	5.428498	-4.724437e-05	395.1120762825012
92	-315.15115	97.964584	-146.58928	-384.2775	1000.0	-26.678816	11.3468895	14.872759	-51.917168	372000	-0.008041397	322.98395	-0.0007764343	-59.735138	5.4747157	0.00067488384	399.49479579925537
93	-345.6726	49.904762	-271.31448	-405.09637	1000.0	-29.861147	11.726956	21.211485	-53.411602	376000	-0.022065409	306.3397	-0.0015703347	-68.11717	5.4662685	0.0008470461	404.1295087337494
94	-343.92722	44.752567	-290.00992	-412.20752	1000.0	-29.24491	8.090134	8.497564	-52.894123	380000	-0.035244554	249.93687	-0.0014279708	-37.210983	5.528042	-0.0004370821	408.5478193759918
95	-320.1099	85.263794	-194.7615	-434.7745	1000.0	-27.949766	9.059156	29.510942	-47.919285	384000	-0.020405147	361.38837	-0.0012915004	-146.84999	5.438666	0.0009240318	412.7854208946228
96	-339.61786	48.742348	-279.82043	-400.8264	1000.0	-29.727774	5.420008	-5.210764	-48.99587	388000	-0.000988556	168.30937	-0.0018674849	-40.500748	5.474849	0.0007097188	417.15878534317017
97	-348.4886	60.442577	-247.47159	-401.72528	1000.0	-31.079332	8.456549	2.1210613	-45.854794	392000	0.002235565	293.558	-0.0017894801	-54.58583	5.463578	0.00054805534	421.57809686660767
98	-340.17032	92.16306	-203.78726	-440.91965	1000.0	-29.78646	10.354525	19.299265	-56.33809	396000	0.028062828	240.83183	-0.0019907225	-44.274246	5.443587	0.0006586934	425.80194997787476
99	-356.0108	35.19715	-321.09106	-414.10983	1000.0	-31.095953	9.478037	15.946966	-49.831284	400000	-0.017190846	164.09947	-0.0014583617	-30.527252	5.3763585	0.00031763513	430.18811893463135
100	-278.24432	48.665207	-223.90558	-353.7477	1000.0	-31.452621	9.279054	5.978973	-47.582207	404000	-0.06267814	319.99112	-0.00037115812	-80.61958	5.4425344	0.0008115147	435.20720291137695
101	-230.5836	72.95597	-131.75914	-333.52753	1000.0	-23.86806	12.993433	34.10956	-45.105877	408000	-0.023693081	239.4954	-0.0019405894	-51.942017	5.4766436	0.00015552706	439.5405652523041
102	-308.86127	93.909004	-146.64726	-374.169	1000.0	-23.767952	12.118524	18.931658	-41.431713	412000	-0.062459733	251.07875	-0.001359906	-52.113724	5.4818916	0.00076874095	443.8445897102356
103	-329.2188	59.796368	-240.34602	-406.40213	1000.0	-24.761211	10.606948	21.96604	-44.48194	416000	-0.06623962	342.76767	-0.0013379455	-71.99466	5.462006	0.00040875416	448.2967429161072
104	-326.14648	78.623215	-235.17062	-429.25116	1000.0	-30.819418	8.68586	12.583804	-50.08539	420000	-0.04489277	320.1817	-0.0011428781	-51.237976	5.461707	-0.00024000138	452.6220495700836
105	-290.4867	71.89557	-210.47617	-375.24646	1000.0	-29.516258	11.825531	9.071316	-51.800087	424000	-0.011937695	180.28957	-0.0017049517	-34.223312	5.4941363	-3.5650373e-05	456.46495151519775
106	-364.08618	16.282997	-337.5954	-380.518	1000.0	-28.421356	9.44398	6.9368176	-44.150143	428000	-0.07100607	290.75436	-0.0012201294	-70.31955	5.4496374	0.0001555187	460.58016538619995
107	-340.85852	62.177	-247.23793	-408.7528	1000.0	-35.244514	7.149731	1.276052	-51.055725	432000	-0.025256176	182.9236	-0.0024824683	-40.814194	5.4894543	0.0002486313	464.88878297805786
108	-272.03458	73.63879	-198.66533	-384.97025	1000.0	-25.25101	8.977494	0.41136336	-45.912216	436000	0.017080247	217.1324	-0.0010020435	-34.679718	5.421508	0.00073810434	469.34563279151917
109	-311.49057	38.622765	-284.43564	-377.9677	1000.0	-26.578136	8.528469	7.914548	-49.696983	440000	0.030552696	182.912	-0.0017116535	-34.48712	5.437335	0.00033240282	473.8790953159332
110	-341.9444	44.85562	-267.03577	-386.32153	1000.0	-36.024914	9.131255	0.17942429	-49.515205	444000	-0.05577023	181.23438	-0.0011048056	-45.933975	5.439389	0.00018067687	478.34983229637146
111	-280.71725	78.53504	-145.95688	-341.62656	1000.0	-30.820282	7.6964316	1.4856535	-43.843594	448000	-0.066369474	231.79266	-0.0016168207	-85.28148	5.446162	0.00047194998	482.29801416397095
112	-281.13776	125.499344	-101.29108	-434.7794	1000.0	-18.49339	12.6281805	16.60883	-45.514053	452000	-0.03651219	383.457	-0.0015615113	-127.0574	5.436793	-0.000111067	486.2337543964386
113	-354.25815	84.30392	-228.26155	-448.9537	1000.0	-32.153732	10.709198	16.835924	-51.883812	456000	-0.057665918	192.68478	-0.0016529635	-27.76944	5.4288945	-5.098158e-05	490.85720324516296
114	-358.73224	67.02259	-287.03033	-463.85522	1000.0	-32.751225	9.5089445	1.5840778	-50.733673	460000	-0.033973172	259.80325	-0.00078875944	-46.276	5.4639716	0.00072271517	495.2076663970947
115	-238.67299	96.78665	-154.9112	-398.29178	1000.0	-25.341953	12.141144	13.985177	-52.27859	464000	-0.062373016	235.05656	-0.0015947707	-68.42897	5.479921	0.0008101985	499.3422522544861
116	-330.11923	72.00888	-247.46024	-444.78326	1000.0	-23.186504	9.222799	4.7237864	-43.9768	468000	0.0027863542	303.85764	-0.0010542184	-81.73001	5.46011	0.00047932588	503.8233344554901
117	-283.00967	45.676926	-211.0346	-330.85837	1000.0	-28.129105	10.277558	7.6178555	-49.64562	472000	0.00038538646	226.40416	-0.001809981	-45.147537	5.4563723	0.0009889106	508.2082757949829
118	-353.3624	36.60639	-308.153	-408.68842	1000.0	-30.388212	9.990015	10.057442	-51.685158	476000	0.020469513	260.20636	-0.0012180768	-41.180695	5.4882736	0.0008486627	512.5181562900543
119	-386.97284	11.209815	-379.88577	-406.3766	1000.0	-32.131035	8.060163	3.8134668	-52.33815	480000	-0.030203698	246.1094	-0.0013927128	-38.397614	5.4207907	3.825748e-05	516.2599279880524
120	-390.90335	68.96357	-296.741	-471.4705	1000.0	-28.8103	11.982018	22.177635	-56.00545	484000	-0.0088507	496.19437	-0.0008962713	-229.85336	5.4299955	0.0005191978	521.1803097724915
121	-311.5321	53.564575	-234.89597	-376.22754	1000.0	-34.9172	6.993696	-6.182234	-60.692722	488000	-0.052441422	396.91687	-0.0017865077	-110.5574	5.412231	0.00059463014	525.3119795322418
122	-313.98087	103.25388	-137.14592	-387.8762	1000.0	-31.13808	11.783186	16.549652	-62.202908	492000	-0.021264222	251.73587	-0.0008477699	-58.33699	5.4403977	-9.241939e-05	529.6978249549866
123	-306.229	73.84901	-232.90283	-429.3951	1000.0	-28.635403	8.967504	2.192188	-48.256622	496000	-0.06869315	237.62384	-0.0017753467	-42.85791	5.427629	0.00066723523	534.128963470459
124	-259.33698	96.637474	-117.86168	-358.8845	1000.0	-27.51978	6.67593	-2.9581656	-47.42157	500000	-0.033844218	261.29803	-0.0022728294	-46.675674	5.4236894	0.0003800882	538.5159299373627
125	-267.85	33.695057	-234.66562	-315.48438	1000.0	-22.266233	8.527238	15.726447	-52.419685	504000	-0.07057697	400.15588	-0.0014241114	-80.91403	5.4272075	0.00056408136	542.8793218135834
126	-238.64156	121.74892	-49.823696	-387.4086	1000.0	-26.692	8.313247	10.013263	-50.350903	508000	-0.061835214	295.2872	-0.001084283	-121.33911	5.405668	0.00019832402	547.0352644920349
127	-262.23425	70.81341	-164.6046	-347.50504	1000.0	-17.257086	8.862478	15.311822	-47.01791	512000	0.034639385	288.5926	-0.0010597855	-71.17296	5.4130654	6.551921e-06	551.5359499454498
128	-315.28946	57.20701	-231.63596	-372.17413	1000.0	-28.69694	10.414657	5.9888635	-49.847256	516000	-0.024707777	263.27194	-0.0019056145	-45.219025	5.430002	7.987601e-05	556.0382988452911
129	-226.35483	38.358204	-171.81058	-273.8771	1000.0	-24.684504	8.195951	5.379973	-45.821884	520000	-0.0038222733	362.28857	-0.0007017746	-63.63321	5.435127	0.00066275423	560.219536781311
130	-352.22696	85.2979	-270.22955	-494.5824	1000.0	-24.793213	8.881927	8.036131	-49.932022	524000	-0.06956979	402.97873	-0.0011089593	-139.5026	5.44626	0.00030998833	564.6865882873535
131	-245.7519	109.02712	-104.50965	-385.57153	1000.0	-28.939392	8.244289	16.588669	-51.518307	528000	-0.02735753	374.03482	-0.0010861233	-129.57797	5.4284244	0.00028471978	568.8631036281586
132	-232.87138	50.895424	-153.10826	-294.2554	1000.0	-19.57554	11.6693	13.713542	-48.129936	532000	-0.04728422	240.90738	-0.0018133894	-62.204727	5.4081993	0.00028255497	572.98339676857
133	-264.29767	87.98862	-185.0847	-397.83475	1000.0	-24.184767	8.713663	5.3859825	-44.256294	536000	-0.015677275	256.845	-0.0019523948	-58.01454	5.4570546	0.0006268676	577.3245041370392
134	-215.09167	108.50294	-56.2189	-362.15027	1000.0	-16.02864	10.943677	17.823687	-46.32675	540000	-0.041184586	296.1818	-0.001585003	-69.15759	5.445031	-0.00035699832	581.4886698722839
135	-259.08124	56.418545	-204.85976	-348.35	1000.0	-23.917578	9.576851	7.5450816	-48.9699	544000	-0.0054785404	290.2278	-0.001403573	-45.308716	5.439086	0.00061910535	585.7828598022461
136	-273.3462	69.865364	-156.40077	-327.15085	1000.0	-22.938465	10.3773	17.099379	-50.221924	548000	0.015521661	214.90147	-0.0013003713	-41.57419	5.4274435	0.00038212043	589.5674662590027
137	-254.70894	28.300299	-213.9598	-290.8678	1000.0	-25.463785	9.067367	4.9832544	-46.43821	552000	0.0065645464	246.15793	-0.0013592043	-43.2325	5.466047	0.00049860374	594.0073273181915
138	-326.1278	53.64434	-250.09668	-381.26736	1000.0	-24.597275	7.770049	6.39223	-44.047245	556000	-0.028360482	283.79276	-0.00068343244	-62.636673	5.4686866	0.0006084802	597.7952299118042
139	-195.28519	96.30097	-105.65695	-339.3177	1000.0	-26.703089	7.097602	-0.20285755	-49.486084	560000	-0.008534275	391.9559	-0.0013231626	-141.67303	5.43512	-0.00065317756	602.3419258594513
140	-342.55447	86.071495	-222.78093	-451.86462	1000.0	-27.619242	9.198057	14.039778	-42.97286	564000	-0.016976684	262.83975	-0.0013295077	-96.17383	5.442463	0.00038427682	606.7150104045868
141	-211.98749	77.179726	-80.22288	-275.89233	1000.0	-19.26487	12.504534	18.213339	-47.81082	568000	-0.02425337	282.4738	-0.001586061	-71.10736	5.409155	0.00014151781	610.997040271759
142	-320.49683	68.17083	-205.89871	-373.62012	1000.0	-27.019558	9.815155	11.273914	-43.924706	572000	0.033614244	287.0813	-0.0015664548	-71.09886	5.4220705	0.0012679987	615.3110728263855
143	-281.2184	164.67126	-92.535355	-469.6393	1000.0	-22.51943	10.669716	10.60144	-53.50677	576000	-0.06678145	507.98712	-0.001520358	-108.92151	5.4254684	-0.0001413384	619.2297165393829
144	-292.50308	123.763535	-109.29559	-453.777	1000.0	-30.131136	10.758989	27.270452	-58.97075	580000	0.017133785	245.52603	-0.0014423411	-74.05516	5.444703	0.0006317262	623.5115742683411
145	-314.6774	108.93674	-170.7137	-456.8767	1000.0	-21.486176	12.29452	22.541435	-45.784874	584000	-0.019480642	324.11005	-0.0012407862	-111.35246	5.395682	0.00071748724	627.8061521053314
146	-289.79956	36.30057	-235.10986	-327.44614	1000.0	-25.794819	9.862025	6.525217	-50.17072	588000	-0.018366585	347.3802	-0.0010182187	-53.40625	5.381029	0.00010725641	632.0856103897095
147	-173.28284	142.69308	-4.3694763	-382.24774	1000.0	-27.621004	10.659072	12.511389	-49.82925	592000	-0.07316143	454.68857	-0.0013625026	-206.8989	5.416037	0.00013912898	636.4606862068176
148	-291.37988	135.03955	-104.12112	-484.68915	1000.0	-15.087155	13.002553	23.605162	-42.056854	596000	0.003816948	356.94156	-0.0022447817	-148.73158	5.4587	0.0002488609	640.4042859077454
149	-260.70755	75.9563	-132.44289	-321.4874	1000.0	-24.94523	11.39134	11.385149	-50.819313	600000	0.029911144	258.06027	-0.0014491417	-41.6279	5.4099946	0.0010143664	644.604875087738
150	-268.55585	101.46221	-138.30432	-411.76843	1000.0	-26.557701	11.798805	15.342036	-46.8271	604000	-0.042168267	268.3705	-0.0019950084	-68.05623	5.435616	0.0011712215	649.5570006370544
151	-162.79385	79.634575	-84.47016	-264.2802	1000.0	-20.726088	15.401342	16.516397	-49.916893	608000	0.006081124	236.0788	-0.0025941844	-62.900604	5.413439	0.00068971346	653.8689193725586
152	-324.18256	108.91627	-172.2284	-432.13425	1000.0	-23.750961	14.843946	19.242231	-45.578312	612000	-0.006652788	209.018	-0.002584347	-82.060844	5.4553967	0.0006344042	658.0705111026764
153	-255.51706	100.607216	-92.553474	-361.63364	1000.0	-28.24371	13.563949	12.467	-50.33452	616000	0.00439567	336.0548	-0.0012908475	-69.85593	5.4088807	0.0012105114	662.5434107780457
154	-226.15594	44.103104	-151.3877	-265.8295	1000.0	-21.031313	13.130346	32.93241	-45.91072	620000	-0.09552982	233.40279	-0.0017008707	-37.60341	5.3707433	-0.0007208314	666.8741703033447
155	-235.88588	23.601885	-206.02002	-271.98413	1000.0	-20.63115	11.788148	13.433834	-43.18926	624000	-0.024710571	222.66934	-0.0009478703	-36.762802	5.433823	0.0009198221	671.4208016395569
156	-277.67276	95.969635	-135.10672	-404.78012	1000.0	-23.679695	11.048077	15.594141	-43.011677	628000	0.000562541	215.66988	-0.0018639851	-40.90242	5.3780313	0.00078239146	675.7485392093658
157	-353.23502	54.590492	-279.2545	-433.11258	1000.0	-24.165344	12.225417	11.896636	-45.723923	632000	-0.041620117	401.46426	-0.0022364445	-201.48976	5.4220476	0.00048921106	679.748494386673
158	-380.34473	55.972866	-311.84564	-461.44708	1000.0	-36.966972	8.528702	2.92759	-52.71163	636000	-0.038490124	153.12015	-0.0011533014	-25.730377	5.407444	0.0005578601	683.7494723796844
159	-311.5244	100.1266	-169.61555	-415.71103	1000.0	-34.727047	8.691488	2.6822653	-49.242905	640000	0.0058233566	222.58438	-0.000880043	-75.53682	5.3911514	0.0006499333	687.9293146133423
160	-337.5419	66.568825	-222.67935	-384.84833	1000.0	-27.707367	13.785748	16.220947	-49.842556	644000	-0.060104284	197.824	-0.0016028434	-52.92627	5.4346557	-0.0005705847	692.7621440887451
161	-170.01952	117.57575	-37.357838	-349.20245	1000.0	-24.505466	12.279217	6.229474	-50.27029	648000	-0.026065106	319.87292	-0.002133282	-140.34773	5.4541335	-2.8793454e-05	697.1211812496185
162	-187.34778	119.644394	-56.637768	-319.06458	1000.0	-15.485088	15.731996	23.519648	-48.20193	652000	-0.021098884	348.58035	-0.001116367	-65.37274	5.41596	0.0007531708	701.2984943389893
163	-247.81741	88.83581	-133.16058	-340.42825	1000.0	-18.478937	14.984652	28.608934	-47.25623	656000	-0.010463976	314.95343	-0.0012707692	-88.86006	5.3535247	0.0010224404	705.624183177948
164	-186.59279	56.469864	-133.6667	-269.84775	1000.0	-21.13931	10.876122	13.44044	-48.749977	660000	-0.06685231	309.80264	-0.0013946593	-70.45621	5.3742228	0.0003579908	709.9801249504089
165	-179.32631	79.86361	-56.91658	-279.39923	1000.0	-16.856031	9.467812	10.558802	-42.970436	664000	-0.030943263	276.33374	-0.0005270541	-84.71251	5.427674	0.0006090127	714.2864890098572
166	-234.15399	79.845505	-97.89366	-300.37546	1000.0	-13.951715	13.236314	19.120035	-48.98868	668000	-0.07653557	415.42407	-0.0011796132	-146.79218	5.404685	0.00032210918	718.5795183181763
167	-212.70091	127.52774	-42.080307	-400.34985	1000.0	-24.348282	9.745751	8.505823	-47.4277	672000	-0.019629546	252.25026	-0.002394244	-96.81476	5.4211717	0.0012869973	722.9900047779083
168	-233.06566	120.4513	-69.07566	-374.74356	1000.0	-18.85706	14.451193	15.996979	-48.51322	676000	-0.028429499	271.20532	-0.001190953	-53.182373	5.3997064	0.0011679836	727.3516862392426
169	-188.73227	141.3909	-21.618626	-394.57864	1000.0	-21.32945	15.091257	12.054312	-50.546303	680000	-0.049182404	249.20131	-0.001020845	-54.18454	5.3953466	0.00044521462	731.2709259986877
170	-303.18906	91.21156	-196.93456	-439.8009	1000.0	-21.363405	15.307876	20.000633	-49.0215	684000	-0.012468841	238.619	-0.0012273891	-78.96544	5.3833	0.00026551276	736.193216085434
171	-232.03015	83.84546	-98.071266	-315.3677	1000.0	-20.832355	11.455575	17.173422	-49.93683	688000	-0.012912455	291.03714	-0.001302084	-54.58081	5.423717	0.00015522909	740.5198400020599
172	-211.01851	97.54121	-79.52813	-326.88113	1000.0	-22.134674	10.412721	26.109348	-45.780594	692000	-0.07314102	291.62988	-0.0016506016	-77.41283	5.413618	0.0009951369	744.7117991447449
173	-222.76007	159.83482	-22.1886	-419.77588	1000.0	-21.45306	11.931885	13.851478	-44.559864	696000	-0.026294624	310.43646	-0.0006846171	-86.68527	5.4272747	0.00050740276	749.0317370891571
174	-326.9568	53.954895	-236.55595	-374.59088	1000.0	-25.906588	15.927493	23.657305	-51.855385	700000	0.022318035	296.02386	-0.00086760335	-123.93027	5.431577	-6.097555e-08	753.3069243431091
175	-116.89296	116.3412	59.413273	-235.65616	1000.0	-23.993734	10.275075	18.218199	-51.5871	704000	-0.06763449	534.8349	-0.0018800497	-254.7709	5.400072	0.00020134532	757.7827415466309
176	-247.31808	109.48491	-156.92867	-433.73123	1000.0	-15.930683	12.805675	23.773008	-47.693012	708000	-0.009395235	281.57742	-0.00069878995	-86.22194	5.43455	-5.373478e-05	762.1352074146271
177	-282.3997	123.95115	-89.441864	-397.75974	1000.0	-20.69247	12.413037	18.921852	-47.069916	712000	-0.046393566	460.5404	-0.0012758225	-151.16745	5.4353967	-1.7996312e-05	766.4962778091431
178	-246.05066	89.51096	-115.21554	-363.60236	1000.0	-34.258507	17.745844	22.59318	-58.35972	716000	-0.015215719	291.2826	-0.0014943462	-141.60738	5.3933992	-0.0002718457	770.8783400058746
179	-197.40012	122.26032	-72.33442	-400.1751	1000.0	-17.77226	15.07691	24.084566	-48.296043	720000	-0.027210083	210.26132	-0.00086541846	-42.4814	5.3807755	1.0846258e-06	775.2366244792938
180	-256.11	78.25057	-149.20848	-369.26154	1000.0	-20.29025	14.816962	17.254616	-51.60742	724000	-0.030595684	296.76642	-0.0013189781	-65.07503	5.4353256	2.2581995e-05	780.3289997577667
181	-214.12364	104.80335	-101.31447	-349.95374	1000.0	-25.63194	13.341307	14.758776	-50.93353	728000	-0.03506797	228.7903	-0.00097494945	-75.862915	5.4102187	0.00024984253	784.6923749446869
182	-248.89291	27.585642	-215.36542	-289.03592	1000.0	-13.740527	14.391394	21.005468	-45.993183	732000	-0.04696334	516.3389	-0.001413282	-198.23444	5.4371023	0.00046697783	789.1956572532654
183	-201.15764	101.939	-108.86952	-360.87204	1000.0	-24.658777	12.854497	15.7457075	-51.990585	736000	-0.043585904	315.76093	-0.0016136877	-93.3168	5.422625	0.00043095602	793.6656415462494
184	-212.50006	164.67155	-30.811573	-479.52454	1000.0	-20.255487	15.264082	19.807642	-52.348705	740000	-0.025315909	275.40237	-0.001576297	-55.782715	5.458923	0.00019375599	797.6852560043335
185	-256.8771	103.32871	-134.74886	-396.56497	1000.0	-21.174187	16.802359	15.928374	-51.410446	744000	-0.001101799	268.55182	-0.001317938	-57.442627	5.425839	0.0006217361	802.0032124519348
186	-110.27792	33.664978	-54.701363	-138.2788	1000.0	-17.916971	12.123757	13.785263	-49.095634	748000	-0.023516525	233.6194	-0.0018519256	-73.430374	5.388121	6.427169e-07	806.3839793205261
187	-260.62308	97.96729	-114.93521	-390.61166	1000.0	-20.166075	14.877749	13.16526	-47.741325	752000	-0.014707964	195.76044	-0.0015567355	-45.698288	5.4176836	0.00020668453	810.2402145862579
188	-283.0348	51.245968	-221.02176	-355.7769	1000.0	-20.38722	11.8188095	8.510137	-47.342068	756000	-0.018536547	290.7859	-0.0011450648	-88.83118	5.3700147	0.0005122852	814.6992151737213
189	-314.44794	90.748825	-200.02054	-409.342	1000.0	-28.270594	9.348958	7.2573404	-47.82335	760000	-0.016323352	212.0793	-0.00183459	-55.723328	5.457158	0.00043305082	819.0099725723267
190	-167.2634	100.667435	-16.596807	-294.18628	1000.0	-22.86064	13.150829	10.556107	-49.71277	764000	-0.040504098	292.61026	-0.0015181825	-76.32454	5.3673353	0.0003191681	824.0894887447357
191	-183.87286	125.88422	-83.38679	-398.15796	1000.0	-14.771324	13.923203	22.47806	-45.12357	768000	-0.03248767	297.2469	-0.0010409206	-58.6407	5.408049	0.00015089815	828.4815540313721
192	-233.10126	80.91897	-113.28068	-330.16855	1000.0	-20.945532	14.230961	18.53527	-50.05431	772000	-0.01337689	279.40244	-0.0018576588	-55.68535	5.3662033	0.0014603826	832.2262527942657
193	-244.93246	205.21063	85.08078	-479.37546	1000.0	-23.80567	13.610281	24.732637	-48.695652	776000	-0.0025706168	325.69037	-0.0013028565	-72.10393	5.3873444	0.00058006303	836.5915637016296
194	-186.7898	68.94193	-82.51791	-252.71365	1000.0	-11.211212	12.744076	22.736591	-52.99651	780000	-0.033649933	333.34686	-0.001179874	-82.94339	5.426416	0.00053866126	840.9390487670898
195	-110.413055	121.236206	34.796	-252.41083	1000.0	-19.473457	13.473781	14.05231	-52.93914	784000	-0.020432789	330.29724	-0.0007320959	-118.69206	5.4106603	0.00018863588	845.4021875858307
196	-262.368	157.41333	-90.50402	-482.6383	1000.0	-20.800684	18.228489	23.771507	-51.21415	788000	-0.058106605	282.36105	-0.000994768	-61.774826	5.3826103	0.00048576982	849.9491972923279
197	-303.03613	83.901924	-176.18819	-381.4915	1000.0	-24.185244	16.513613	19.775131	-52.89828	792000	0.018079583	195.99821	-0.0016059726	-66.88086	5.4143534	-0.00014619589	854.2740755081177
198	-32.760704	37.78863	29.544512	-71.04389	1000.0	-15.614074	7.8379364	9.247316	-43.556667	796000	-0.056187935	392.102	-0.0011645257	-195.68481	5.348083	0.00036673163	858.4364385604858
199	-151.98297	125.561386	-1.597873	-283.9029	1000.0	-10.949683	13.657027	25.978527	-45.48554	800000	-0.029309383	453.46356	-0.002202237	-123.88724	5.385221	0.00012368226	862.7977957725525
200	-240.7353	107.54985	-143.47113	-406.79483	1000.0	-18.23216	16.289906	24.582806	-49.25191	804000	-0.06677762	266.23645	-0.0018737167	-73.16554	5.398168	0.00082423014	868.0790972709656
201	-108.61402	71.40832	-21.541752	-219.30615	1000.0	-17.059801	12.9335375	17.45264	-48.25512	808000	-0.01833136	371.1503	-0.001379732	-113.87659	5.3750343	0.0003166577	872.4820628166199
202	-144.51617	140.9242	47.478874	-316.82422	1000.0	-13.052895	16.235308	27.470438	-48.655903	812000	0.0054026567	266.5269	-0.0010040114	-52.539703	5.376679	0.00014058333	876.9104566574097
203	-232.32965	101.95044	-79.27089	-359.2753	1000.0	-17.25945	15.495043	24.358772	-48.03635	816000	0.0028144645	261.15997	-0.0019216633	-77.7278	5.431243	-5.0452887e-05	881.2682120800018
204	-277.7621	80.73864	-195.2173	-385.35275	1000.0	-20.98281	11.891816	11.059503	-48.45183	820000	-0.020338368	294.1092	-0.001275178	-83.47041	5.3801603	5.4627897e-05	885.5219645500183
205	-144.57639	57.47487	-97.21843	-241.46106	1000.0	-22.317144	8.770135	6.601565	-50.741184	824000	-0.011886746	305.80545	-0.00088891014	-129.12743	5.3337803	0.0006603094	889.8810830116272
206	-177.28918	128.71268	-42.006172	-322.09705	1000.0	-16.592665	11.272974	14.665533	-45.162025	828000	0.002499342	324.78156	-0.0013162117	-59.273224	5.357955	0.00054483797	894.362557888031
207	-253.7761	123.78424	-95.73857	-429.23563	1000.0	-22.811882	14.021715	16.424662	-47.799465	832000	-0.041346658	197.006	-0.0016527213	-41.99791	5.386154	1.2598455e-05	898.4768483638763
208	-111.4827	104.67512	-20.963747	-287.1012	1000.0	-16.487848	14.907404	20.496191	-50.869194	836000	-0.020454952	288.67435	-0.0009974949	-76.57001	5.3709326	0.00028871078	902.6787846088409
209	-211.96733	108.906975	-76.883224	-354.61475	1000.0	-12.363913	14.141221	24.002424	-48.90793	840000	0.0025723858	436.36676	-0.0019689552	-126.84726	5.336718	0.00048479944	906.214029788971
210	-124.73546	99.43042	39.97024	-226.54283	1000.0	-16.50418	12.758443	19.673265	-47.89413	844000	-0.01458387	265.1715	-0.001600205	-64.97769	5.3850465	0.0007403783	911.0816705226898
211	-123.7626	110.908485	-13.05769	-308.41708	1000.0	-15.958733	15.076118	25.615364	-46.705566	848000	-0.012585813	267.74207	-0.0010791188	-64.94139	5.3449073	0.0005123967	915.3018090724945
212	-193.89102	79.81317	-83.8483	-307.3008	1000.0	-6.8225245	10.785248	26.00252	-40.453434	852000	-0.022790506	360.03995	-0.0008352157	-167.55194	5.4003096	0.00023021907	919.4971601963043
213	-118.00734	92.80185	26.123915	-222.79768	1000.0	-17.282488	10.619218	16.35021	-49.14654	856000	-0.00921093	290.07993	-0.0012147138	-74.54231	5.4254355	0.0001854673	924.0085170269012
214	-176.20967	146.79822	23.302734	-384.50476	1000.0	-17.085659	14.914373	20.093393	-46.77379	860000	-0.037073314	205.74652	-0.00097393245	-59.70964	5.3978086	0.0006260362	928.37459897995
215	-295.57025	139.36697	-56.200115	-401.58615	1000.0	-20.910402	17.782114	21.155622	-51.9673	864000	-0.034065437	435.78757	-0.0013941191	-140.59393	5.4215636	0.00011803174	932.7548520565033
216	-112.633316	98.88475	51.9272	-194.17241	1000.0	-16.627356	15.289892	26.030422	-52.687775	868000	-0.035439078	373.97293	-0.0009998232	-93.47894	5.4249854	4.1406987e-05	936.878015756607
217	-165.19206	90.019394	-45.61172	-299.01807	1000.0	-13.762142	12.960552	17.061749	-49.52697	872000	-0.03818376	214.93852	-0.0020927824	-45.343384	5.358752	0.00015891093	941.1279497146606
218	-204.85744	69.63009	-114.12238	-294.05716	1000.0	-17.955212	12.442605	18.205069	-42.015076	876000	-0.031652853	217.28229	-0.0019944012	-40.28682	5.4026675	-0.000167494	945.5100972652435
219	-279.7655	105.33189	-129.5325	-413.60785	1000.0	-21.856037	11.493235	15.318123	-46.027252	880000	-0.09256923	281.22464	-0.0019927546	-143.02443	5.383189	0.0006339304	949.6521651744843
220	-111.19994	86.055115	2.163605	-233.38669	1000.0	-19.805105	11.823226	15.419215	-46.31376	884000	-0.07746168	288.0022	-0.0013902709	-137.42326	5.397174	0.00021726334	954.6787617206573
221	-144.63258	96.6286	-22.984283	-242.1825	1000.0	-12.752635	12.646721	25.859846	-38.091812	888000	-0.011534117	200.00137	-0.0016666185	-58.81018	5.4136553	0.00023648882	958.9827716350555
222	-210.79651	117.8915	-53.54846	-344.0626	1000.0	-11.837501	16.70014	23.183842	-46.275154	892000	-0.04271486	341.70312	-0.0013394915	-109.6783	5.3823037	0.0009168824	963.5075309276581
223	-250.77954	144.77965	-58.27293	-438.87155	1000.0	-21.03912	16.615986	18.526428	-51.31634	896000	-0.071169876	304.75986	-0.0016293675	-58.284073	5.349001	0.0009160473	968.0360298156738
224	-216.63515	49.126286	-134.87375	-259.10632	1000.0	-20.74243	13.238844	14.002251	-50.971043	900000	-0.0051282197	195.78062	-0.0013618562	-49.136963	5.3964796	8.501052e-06	972.1259276866913
225	-150.29666	116.835205	-50.86652	-340.1165	1000.0	-18.255623	12.192364	14.900898	-46.23412	904000	-0.00574012	238.9341	-0.0011738241	-71.98003	5.371737	0.0006798407	976.3930101394653
226	-50.101746	70.21735	65.26939	-118.81608	1000.0	-9.864797	10.777808	19.442644	-44.87901	908000	-0.05180998	336.73688	-0.0018623732	-81.44719	5.381398	0.00067329104	980.3707547187805
227	-155.90167	129.59332	19.920738	-340.16776	1000.0	-9.21268	14.051696	31.083326	-46.60899	912000	-0.024164965	328.59418	-0.001720218	-95.6378	5.3811507	-2.3140788e-05	984.8209824562073
228	-74.64277	30.711264	-26.144274	-109.33892	1000.0	-11.559052	11.707421	21.25531	-47.648155	916000	-0.058381468	238.38153	-0.0022026598	-62.586533	5.3505783	2.4238825e-06	989.1840417385101
229	-143.87486	43.681786	-70.32988	-183.39351	1000.0	-12.987601	14.026115	20.145218	-46.200993	920000	-0.033451196	190.9553	-0.0014720112	-45.194397	5.372543	0.00058145163	993.0597925186157
230	-109.16524	109.05324	4.39995	-286.24692	1000.0	-8.465673	9.643184	19.503464	-34.10845	924000	-0.015402724	273.6723	-0.0017046491	-67.32242	5.368945	-5.9057296e-05	998.1170473098755
231	-79.20333	91.44474	53.05876	-203.94313	1000.0	-10.116746	10.261888	23.443716	-43.69811	928000	-0.029516818	243.30678	-0.0019360315	-71.587555	5.364635	0.00085438404	1002.0276300907135
232	-173.31801	91.963844	-47.604385	-288.09198	1000.0	-11.07397	14.988936	31.4842	-44.443287	932000	-0.03148994	287.93753	-0.001997847	-86.71173	5.326749	0.00058592454	1005.9677979946136
233	-113.06533	164.31323	69.176445	-378.18976	1000.0	-15.006086	16.33472	30.488823	-50.59442	936000	0.03564237	266.13672	-0.0012985058	-78.81857	5.407701	0.00015760779	1010.0158612728119
234	-126.59714	35.041008	-89.55137	-183.16805	1000.0	-9.665724	15.486325	33.899414	-49.68034	940000	-0.02691133	360.07047	-0.001258798	-70.61633	5.382424	0.00026320553	1014.3390598297119
235	-45.351395	48.74881	3.3017476	-108.74927	1000.0	-5.617456	11.0847435	33.123043	-47.53029	944000	-0.009525861	382.27133	-0.00033771992	-79.59412	5.386786	0.00031295896	1017.9805123806
236	-203.32736	113.89071	-104.76894	-396.85916	1000.0	-13.176746	17.428999	29.52781	-48.798687	948000	-0.0025096969	289.0826	-0.0015530777	-102.68341	5.4270563	0.0012000053	1022.5307424068451
237	-116.412224	130.94208	31.536715	-327.68958	1000.0	-14.080677	11.49873	16.015339	-46.04267	952000	-0.04942045	337.8648	-0.0014976934	-74.6239	5.3768916	0.00070474716	1026.974962234497
238	-66.82593	125.49161	85.614174	-232.23381	1000.0	-11.471523	13.346988	27.381403	-49.01939	956000	0.013746942	375.89462	-0.0012934115	-123.72858	5.3966475	0.0012112878	1031.1127693653107
239	-96.30192	134.4581	39.739952	-316.07828	1000.0	-3.8004024	13.469375	36.242115	-43.653122	960000	-0.029679978	263.52322	-0.00063452125	-80.339096	5.3680754	4.8084676e-05	1035.4957449436188
240	-48.741516	47.20482	4.6066365	-114.78797	1000.0	-5.5512886	9.453534	23.474823	-33.60093	964000	-0.020745926	296.68954	-0.0008186307	-55.092377	5.3352404	3.0105233e-05	1039.7585809230804
241	-22.094809	44.982147	11.973491	-98.61897	1000.0	-3.2162917	9.443899	25.311022	-43.66608	968000	-0.0042486056	273.9436	-0.0013553156	-59.227173	5.377544	0.0004730096	1044.035828113556
242	-222.224	144.23982	-69.10226	-404.60614	1000.0	-13.605225	14.703449	29.061552	-45.643562	972000	-0.025724474	460.70044	-0.0012840554	-150.3082	5.429036	6.9678426e-06	1048.5331015586853
243	-65.47191	46.496197	-3.8836946	-125.267105	1000.0	-13.348162	10.272654	27.593882	-46.047066	976000	-0.046845954	277.24393	-0.0017171651	-106.97679	5.3683696	0.00083264103	1052.8840596675873
244	-127.698814	141.58044	35.548164	-335.22592	1000.0	-11.107636	13.082705	20.763561	-48.366085	980000	-0.025005281	273.41644	-0.0015108492	-56.393738	5.327591	0.00059484714	1057.0956373214722
245	-106.94776	37.63306	-67.37011	-150.42325	1000.0	-9.173483	12.814524	26.185951	-46.464775	984000	-0.043556355	293.94724	-0.0010596253	-61.663467	5.430571	-5.1172377e-05	1061.6265745162964
246	-8.316078	113.76968	105.4892	-167.19421	1000.0	-6.230179	9.583225	29.21125	-34.98103	988000	-0.06941437	304.6735	-0.0017895624	-75.51059	5.3607597	0.00029872966	1065.7955605983734
247	-40.559624	89.34536	57.217133	-168.94843	1000.0	-2.7449625	11.095929	29.346249	-44.54076	992000	-0.020942315	317.86423	-0.0016704351	-61.766052	5.3623576	0.00049631856	1070.272034406662
248	-99.33603	149.83513	119.492546	-302.65985	1000.0	-6.710959	13.6567545	31.429962	-45.058468	996000	-0.06217681	338.03	-0.00084769726	-75.957184	5.327426	0.00079056533	1074.6663720607758
249	-68.8422	164.31226	98.9902	-272.6928	1000.0	-11.785698	17.765171	33.853573	-51.950706	1000000	0.028527014	203.49	-0.0006384328	-79.83738	5.3636904	-9.136623e-05	1079.727216243744
