Epoch	AverageEpRet	StdEpRet	MaxEpRet	MinEpRet	EpLen	AverageVVals	StdVVals	MaxVVals	MinVVals	TotalEnvInteracts	LossPi	LossV	DeltaLossPi	DeltaLossV	Entropy	KL	Time
0	-1398.9325	159.43233	-1163.2125	-1589.5918	1000.0	0.018743867	1.022845	2.4924724	-2.4103358	4000	-0.024683127	17489.238	-0.018644614	-1852.4551	5.533374	0.010805561	5.103633403778076
1	-1218.4226	167.33144	-1018.8455	-1412.7106	1000.0	-5.905386	5.2744203	14.420634	-15.383447	8000	0.024175568	12259.55	-0.010715317	-2958.046	5.565285	0.0065612076	9.434571027755737
2	-1062.5613	89.71169	-957.111	-1201.3448	1000.0	-18.729568	10.632606	23.808947	-24.132753	12000	0.002931818	7037.088	-0.010929329	-1670.3677	5.530687	0.009075001	13.748241186141968
3	-1072.693	74.38474	-947.79065	-1143.9833	1000.0	-30.07198	1.4512589	-0.32439044	-30.525328	16000	0.0046363208	5734.559	-0.008058322	-758.7573	5.5347843	0.005994761	18.134800672531128
4	-985.39294	214.15848	-721.7552	-1212.606	1000.0	-35.837666	1.3386227	1.9897939	-36.201534	20000	-0.017600754	4335.967	-0.0028106105	-489.12256	5.588246	0.0037302217	22.568001985549927
5	-990.3586	135.21191	-793.1438	-1166.5027	1000.0	-40.6238	1.0691013	-17.619387	-40.84862	24000	-0.005958764	3070.8115	-0.0057368577	-406.1001	5.5243745	0.004542808	27.10314679145813
6	-773.2718	56.78974	-675.565	-816.4966	1000.0	-45.0287	0.21044327	-41.46937	-45.120083	28000	-0.01816194	1186.8728	-0.0042641982	-125.157104	5.4556565	0.003795406	31.263143062591553
7	-820.22705	85.056046	-736.96014	-958.20636	1000.0	-47.61561	0.20258564	-41.239433	-47.684383	32000	0.008578844	1373.7306	-0.0043495307	-149.09888	5.4669967	0.0036809442	35.44757676124573
8	-657.56726	94.70805	-546.4457	-761.76935	1000.0	-50.388596	0.12526882	-47.633823	-50.448708	36000	-0.0023270159	486.2986	-0.0051628584	-17.659119	5.561036	0.0040884684	39.835870027542114
9	-709.61554	99.67044	-594.04565	-865.8515	1000.0	-51.406746	0.7171743	-34.77226	-51.546112	40000	0.008568092	775.51935	-0.0032790662	-33.569763	5.4307003	0.0014621797	44.04975914955139
10	-626.54315	43.805965	-551.4079	-659.47125	1000.0	-52.584606	1.1143444	-23.468332	-52.826656	44000	-0.024897859	372.37042	-0.0037205834	-4.752472	5.500764	0.0019463556	49.07836937904358
11	-672.81085	72.39753	-552.199	-740.88403	1000.0	-52.960766	1.8132524	-9.662201	-53.31676	48000	-0.009922159	568.4702	-0.0011727624	-14.794861	5.544451	0.0015070495	53.30493927001953
12	-649.8777	65.88102	-573.94946	-752.96545	1000.0	-54.07129	1.1064152	-24.797386	-54.256966	52000	-0.03179837	355.97375	-0.003141649	-4.8424683	5.502488	0.0022350627	57.82039523124695
13	-553.37463	82.33932	-423.59375	-652.3289	1000.0	-54.226753	2.7775881	17.11767	-54.78726	56000	0.005032028	437.28735	-0.0019906387	-25.699036	5.508931	0.0017575149	62.388819456100464
14	-550.31213	80.746635	-437.65857	-638.1192	1000.0	-52.41183	4.699429	16.655138	-54.488613	60000	-0.0212015	323.4768	-0.0038488489	-12.488983	5.506382	0.0025376861	66.71175622940063
15	-554.4931	76.86848	-459.75357	-674.09937	1000.0	-50.97628	5.172973	-7.074355	-54.245644	64000	0.008513188	452.4634	-0.0014761039	-29.268585	5.512645	0.0018980976	71.09541058540344
16	-626.23035	114.68693	-476.15292	-784.5651	1000.0	-50.364727	4.471143	-0.3688119	-54.047993	68000	-0.011681831	522.4503	-0.0021234732	-46.704376	5.511071	0.0016648774	75.56259417533875
17	-540.16	105.419235	-403.49963	-666.1327	1000.0	-53.040165	3.7229533	-2.366775	-54.735214	72000	-0.05203599	557.2318	-0.0022667646	-52.0347	5.496636	0.00090879813	79.95983815193176
18	-554.20386	72.838974	-481.576	-675.443	1000.0	-48.027775	8.065083	29.458458	-54.554935	76000	0.028147155	346.2343	-0.0020607654	-48.381195	5.577207	0.00044978905	84.32004904747009
19	-660.89185	67.359695	-589.62103	-771.3329	1000.0	-51.547577	3.3505273	-21.431206	-54.546753	80000	-0.030655753	549.64124	-0.0033448264	-47.271362	5.5276914	0.0015965286	88.74759936332703
20	-585.383	80.13375	-489.55856	-703.1623	1000.0	-54.740574	1.479206	-17.449896	-55.691498	84000	-0.046625987	371.07532	-0.0018081255	-14.292633	5.456097	4.388088e-05	93.58905625343323
21	-468.76486	74.58363	-359.56592	-540.8743	1000.0	-53.040016	3.9132059	9.106037	-55.806038	88000	-0.06140409	508.9449	-0.0025283583	-157.23132	5.4830284	0.0014519062	98.11024141311646
22	-518.44214	79.03835	-397.55893	-614.7972	1000.0	-42.93292	7.6644917	11.997054	-55.132626	92000	0.027226685	446.84918	-0.0018140469	-42.362885	5.5042334	0.00038971758	102.5358817577362
23	-583.06177	67.36104	-511.367	-677.58374	1000.0	-44.989407	7.9202094	16.160345	-55.208725	96000	-0.067685954	538.4969	-0.0018279105	-98.622894	5.518195	0.0010261377	107.15501403808594
24	-525.5933	31.421793	-473.93942	-558.1013	1000.0	-47.393703	6.0199227	5.9840155	-55.707565	100000	-0.049912523	350.81357	-0.0020032302	-51.679657	5.5520372	0.0017946806	111.69001460075378
25	-500.84613	103.251755	-336.3155	-617.4024	1000.0	-47.31663	6.778991	-2.0717623	-55.860104	104000	-0.046410404	374.16675	-0.0030922182	-34.181824	5.4950767	0.0004626277	115.84242272377014
26	-478.40808	46.85388	-401.4636	-522.5271	1000.0	-45.61164	6.6232753	15.019268	-55.67556	108000	-0.0318587	233.09694	-0.0019535944	-33.589813	5.464797	0.0019915604	120.2225387096405
27	-513.05884	47.400692	-450.3539	-583.9143	1000.0	-43.92091	6.752149	9.602818	-55.31778	112000	-0.029657468	300.97156	-0.0007792935	-33.796173	5.481966	0.00029741006	124.41053819656372
28	-471.9778	45.5897	-403.85983	-531.2357	1000.0	-39.927246	14.050478	40.952972	-55.47534	116000	0.020982757	552.7521	-0.0013709255	-199.74896	5.5379195	0.00014866376	128.5186185836792
29	-414.09634	109.85102	-260.74768	-549.8203	1000.0	-43.28926	7.52649	2.7475548	-55.358944	120000	-0.013301588	483.53644	-0.0025704512	-120.27719	5.5057707	0.002077247	132.69501996040344
30	-550.4951	86.86671	-466.38416	-671.09515	1000.0	-38.43606	9.382736	11.456498	-55.31196	124000	0.015098513	660.5698	-0.0019489806	-200.91989	5.5324054	0.0007236611	137.00758600234985
31	-485.71628	24.146057	-450.92108	-510.48218	1000.0	-48.75157	5.3176465	9.4854965	-56.198334	128000	-0.062686875	277.86374	-0.0026193634	-42.548233	5.5084414	0.0012423999	141.32951879501343
32	-492.1972	78.66301	-366.61548	-568.2249	1000.0	-43.68776	5.889281	-5.824112	-55.57174	132000	-0.046094537	310.8748	-0.0020445772	-23.016357	5.4973755	0.0005729368	145.7871594429016
33	-508.8382	31.50494	-471.08484	-554.69244	1000.0	-45.085667	5.025576	1.3010607	-55.76972	136000	-0.04944971	291.7992	-0.0013645701	-17.702759	5.529578	-0.0006073576	149.97044038772583
34	-403.32886	49.62404	-343.55087	-468.43002	1000.0	-44.260807	6.4617686	0.68033016	-56.009506	140000	-0.022638004	272.3954	-0.0019567944	-86.57463	5.4826818	0.00010030049	154.61385130882263
35	-477.2268	47.80672	-424.68994	-527.6798	1000.0	-38.678883	6.617504	14.314657	-55.435337	144000	0.015474485	206.62059	-0.0019689584	-41.259598	5.5704536	0.00026909314	159.02276968955994
36	-432.06027	22.987082	-397.18457	-456.7485	1000.0	-40.98333	7.459323	0.69960713	-55.258873	148000	-0.034580994	208.425	-0.00093759224	-23.919754	5.483127	0.00046800077	163.15519881248474
37	-495.6381	49.158897	-425.27332	-561.2074	1000.0	-42.33962	4.448893	-11.275524	-55.00271	152000	-0.057159577	213.06912	-0.0015376396	-14.50238	5.5054507	0.0009873911	167.66662907600403
38	-474.42227	37.779114	-433.57678	-533.55304	1000.0	-42.869793	5.364193	0.070987254	-55.25851	156000	-0.04650261	341.19772	-0.0012504719	-49.779175	5.500044	0.00091466994	172.12295484542847
39	-454.956	42.517582	-388.55072	-497.08804	1000.0	-42.421814	4.444701	-11.994869	-55.561485	160000	-0.03914772	228.34561	-0.0014533289	-41.506516	5.480014	0.0004955027	176.5846071243286
40	-426.41458	85.46466	-296.32236	-517.6196	1000.0	-40.785908	7.3129416	0.20545125	-54.96151	164000	-0.016187776	221.73256	-0.0013934057	-66.20369	5.544797	3.459722e-05	181.26582074165344
41	-447.17352	52.053925	-387.1979	-500.70694	1000.0	-39.674095	11.44738	3.9820135	-52.90157	168000	-0.050849058	250.37279	-0.0013881065	-46.64441	5.449924	-0.00028426017	185.44524431228638
42	-426.2986	45.61086	-363.6351	-481.98056	1000.0	-35.92254	10.4855385	10.418372	-53.89999	172000	-0.033342954	346.8094	-0.0017487444	-69.29675	5.477171	0.00050175656	189.8514711856842
43	-437.926	82.13023	-300.19614	-515.76013	1000.0	-40.340694	5.556716	-6.7931795	-52.634903	176000	0.026122138	207.25497	-0.0016863383	-19.406357	5.4824433	0.00014898693	194.17601108551025
44	-482.2534	17.774345	-461.26056	-507.07672	1000.0	-41.711464	5.543426	27.722136	-53.781643	180000	-0.023516556	185.68617	-0.00227746	-19.212738	5.5569777	-0.0003007205	198.64387273788452
45	-462.82385	25.664589	-434.99933	-504.76978	1000.0	-41.613712	6.2249494	-0.077969104	-54.399223	184000	-0.012045542	229.92856	-0.0012417454	-23.045364	5.524831	0.00038850046	203.10055232048035
46	-455.6359	52.066093	-408.50403	-541.32526	1000.0	-41.840157	4.6838036	-13.43756	-54.35731	188000	-0.04879531	307.988	-0.0012889132	-21.463623	5.460333	0.00017219574	207.57122325897217
47	-444.7759	106.77576	-345.10605	-622.2633	1000.0	-41.78588	5.5064063	-3.4829245	-55.3721	192000	-0.072810486	395.332	-0.002052009	-49.1062	5.4586954	0.00057560357	212.01652336120605
48	-407.0202	35.05446	-361.42557	-442.44415	1000.0	-39.56235	7.8572083	9.088591	-55.985626	196000	-0.032914247	246.46129	-0.0017331429	-65.67197	5.4862833	0.0003061194	216.29301524162292
49	-441.38965	20.120564	-414.159	-464.47568	1000.0	-35.258934	9.073658	3.1360962	-53.82597	200000	-0.057869025	200.07822	-0.0013771802	-78.95256	5.4958134	0.0006860013	220.65908336639404
50	-457.26453	58.743557	-389.23	-520.43726	1000.0	-40.518936	2.568735	-18.108067	-51.55656	204000	-0.008053099	213.33994	-0.001377359	-19.580948	5.5035458	0.0007021511	225.50958108901978
51	-440.09613	49.241306	-357.8702	-480.86737	1000.0	-41.256218	4.3591156	-12.644875	-52.25892	208000	-0.057523042	147.01341	-0.001054924	-10.705566	5.5055285	-0.00028651636	229.92083430290222
52	-399.30164	97.47664	-293.3839	-542.26373	1000.0	-37.72689	6.808803	-7.0774536	-53.059494	212000	-0.049911723	349.23706	-0.0015236028	-57.657715	5.47803	0.000115753355	234.17297387123108
53	-392.61584	62.058132	-287.10355	-444.41992	1000.0	-36.070507	7.3056746	19.13017	-54.596428	216000	-0.046228264	241.08504	-0.0012817606	-60.756012	5.4649363	0.00031469387	238.5749533176422
54	-458.16162	35.87533	-418.29214	-496.7359	1000.0	-39.212807	7.1107326	-1.5508232	-53.228374	220000	-0.024890197	193.11433	-0.0015463028	-41.459564	5.482863	0.00044258375	242.8594572544098
55	-443.07306	44.306934	-374.54492	-488.898	1000.0	-42.615547	3.0393922	-15.39647	-52.118103	224000	0.0015757484	172.76546	-0.0025827256	-14.736588	5.5095644	0.0009761145	247.06331396102905
56	-362.40924	73.1102	-265.6712	-466.68225	1000.0	-37.953396	5.665754	-6.4052706	-53.459187	228000	0.040832452	313.54025	-0.0014412105	-70.82355	5.484937	1.669085e-05	251.3363175392151
57	-407.2001	14.57506	-383.82428	-423.97934	1000.0	-33.10027	6.3107815	8.958014	-54.19309	232000	-0.06100124	219.66135	-0.002042085	-61.187607	5.495297	4.2808057e-05	255.7377486228943
58	-406.92413	28.126848	-376.78998	-447.90637	1000.0	-40.148144	6.3365674	4.9475603	-51.266773	236000	0.0124662	130.15971	-0.001103281	-15.426445	5.496086	0.00013160211	260.1292631626129
59	-423.362	34.764366	-388.04602	-464.07364	1000.0	-36.034412	7.4514837	11.673019	-51.309135	240000	-0.011262883	165.7825	-0.0010829549	-29.784286	5.49717	-0.00047609175	264.40476083755493
60	-386.43896	71.56482	-322.1174	-507.38895	1000.0	-36.583057	5.9733944	9.754408	-52.31293	244000	0.00896198	185.85335	-0.002119759	-34.82675	5.471335	3.8121939e-06	269.17257022857666
61	-408.91284	26.648188	-372.65057	-445.35004	1000.0	-38.07949	7.554914	-2.7685287	-51.74282	248000	-0.019221433	165.45424	-0.0012215599	-20.240326	5.4616	0.00079545705	273.4314601421356
62	-471.9867	33.06258	-430.23077	-522.5318	1000.0	-39.36037	4.5095325	-1.295283	-46.778675	252000	-0.002403801	151.6034	-0.0013264292	-28.335754	5.500474	0.0002805797	277.6277918815613
63	-387.8182	60.556606	-299.10574	-457.00565	1000.0	-42.647423	3.3592954	-15.147154	-50.497143	256000	-0.058376454	197.24785	-0.001824338	-59.458145	5.4700055	0.000386949	281.9618592262268
64	-422.25128	33.81621	-372.31125	-459.80438	1000.0	-36.228218	6.473093	-9.492502	-50.19417	260000	-0.018763525	173.64285	-0.0027883835	-30.32167	5.472266	-0.00016801697	286.24843764305115
65	-398.3539	22.592484	-380.50708	-436.39844	1000.0	-36.44647	6.4386086	1.6788245	-51.78294	264000	-0.032762732	182.22263	-0.0024773031	-18.890701	5.480172	0.0011033898	290.4569094181061
66	-375.6079	38.488388	-318.1878	-418.71426	1000.0	-37.363922	6.7301526	-1.3002007	-48.99642	268000	-0.020744594	184.8553	-0.0015692636	-27.944672	5.506142	0.00043930675	294.53429436683655
67	-413.49356	58.189816	-334.3873	-482.23007	1000.0	-36.521126	5.5778613	0.8254771	-46.731197	272000	-0.024764264	250.33609	-0.0020438079	-42.235733	5.5082645	0.00026271993	298.7535171508789
68	-360.85968	52.18566	-305.08643	-430.97217	1000.0	-36.32001	6.306417	21.215353	-52.600296	276000	0.00896057	162.80095	-0.0006924411	-32.869385	5.4670806	0.00027707947	303.0051691532135
69	-423.68533	53.255444	-358.08936	-485.5647	1000.0	-34.2895	5.315453	0.3830185	-53.69676	280000	-0.0460968	244.67462	-0.0014417283	-50.916122	5.5322695	-0.00020133727	307.27324652671814
70	-351.31027	75.35052	-231.8519	-437.66254	1000.0	-39.035095	4.4332314	-4.554949	-53.447395	284000	-0.019250924	199.5404	-0.0013842527	-55.459686	5.464795	0.00037168866	312.1245336532593
71	-401.62488	32.205135	-366.5168	-433.93222	1000.0	-33.132984	5.5859623	5.954436	-51.6103	288000	-0.10953543	266.70956	-0.0011992827	-43.734222	5.4660563	0.00042404627	316.5767705440521
72	-376.69055	53.564896	-297.00034	-444.08072	1000.0	-35.79425	5.84411	9.710368	-54.909447	292000	-0.1021024	219.82245	-0.001242049	-33.569046	5.493697	0.00022070164	320.8541932106018
73	-453.45746	34.958824	-406.12836	-499.37778	1000.0	-36.23707	4.738265	1.2092475	-52.55404	296000	-0.03353015	181.6914	-0.0013040192	-40.65767	5.5245457	3.1205414e-05	325.24631428718567
74	-367.98572	30.054827	-338.7612	-410.28952	1000.0	-39.683758	3.3377528	13.451964	-52.778336	300000	-0.015525436	141.10913	-0.001692608	-41.86506	5.5091352	-2.8157592e-05	329.6327519416809
75	-359.44287	49.212685	-281.33527	-414.1878	1000.0	-30.975954	6.7512813	4.0336056	-51.93304	304000	-0.025689019	193.01775	-0.001534827	-36.408752	5.4494767	0.00055521267	333.80431294441223
76	-358.5864	44.664104	-314.19574	-424.70932	1000.0	-32.962437	6.2566295	-1.4282627	-52.81481	308000	-0.00024549293	221.84917	-0.0011621781	-30.450287	5.449846	0.00016065729	338.1555643081665
77	-414.36536	53.29004	-322.40958	-449.04828	1000.0	-34.21511	7.278735	3.7024758	-51.502056	312000	-0.042045373	273.0437	-0.001581639	-73.27165	5.489449	-9.875417e-06	342.697158575058
78	-335.2251	47.72891	-286.23038	-409.20975	1000.0	-35.178963	4.9472957	-2.9729733	-53.50249	316000	-0.055061355	189.30685	-0.001474008	-61.12195	5.495637	0.00030526592	347.00932002067566
79	-373.89194	46.3734	-304.12772	-428.05786	1000.0	-26.037449	12.805281	39.291218	-51.63193	320000	0.0074252044	385.50464	-0.00090789795	-148.00455	5.4640193	0.00026293588	351.2742438316345
80	-302.83722	104.024574	-139.02423	-404.8505	1000.0	-33.187225	5.7001257	-5.128113	-52.400288	324000	0.03880145	307.79486	-0.001479812	-100.02159	5.4636736	0.00029116016	356.0598132610321
81	-366.67856	76.06378	-241.59634	-446.62766	1000.0	-29.032743	8.729544	12.776491	-48.169056	328000	0.016190358	207.992	-0.0010760715	-42.750458	5.5046096	-0.00012800461	360.20216703414917
82	-365.54214	16.66135	-345.92313	-390.3214	1000.0	-35.310555	6.5302143	13.752393	-47.10584	332000	-0.033348992	123.28878	-0.001851514	-26.399445	5.4540997	-0.00021104103	364.40824031829834
83	-293.7286	101.619545	-122.259415	-378.24948	1000.0	-31.055727	10.487801	14.86117	-45.30384	336000	-0.045095965	156.0324	-0.0015087388	-30.71482	5.4093437	0.0005602587	368.534175157547
84	-379.0559	34.785423	-336.07504	-430.06732	1000.0	-29.066324	10.146726	4.8412356	-40.799297	340000	-0.05695707	372.12692	-0.0016613528	-141.63852	5.462379	0.00052468444	372.6881251335144
85	-389.11624	37.694546	-331.2198	-428.35583	1000.0	-35.792408	4.8649597	6.462402	-52.8319	344000	-0.034479387	133.7574	-0.0017845929	-21.21798	5.467738	0.0008181703	376.9789619445801
86	-355.11316	26.917953	-310.3172	-381.10788	1000.0	-32.84172	7.5009527	-1.366226	-52.277077	348000	-0.023737222	230.51775	-0.0016579535	-58.157578	5.4816437	6.6972614e-05	381.3321862220764
87	-324.31265	70.80092	-210.68098	-405.26935	1000.0	-32.973595	4.786102	-0.13718534	-51.502254	352000	-0.06253685	211.34268	-0.001720205	-63.982468	5.4946446	0.0010722318	385.80056953430176
88	-391.9909	39.13307	-331.7994	-435.9102	1000.0	-20.908218	19.74508	39.23511	-52.153397	356000	-0.026159974	650.187	-0.00093595125	-470.21735	5.5075774	0.00086675846	389.9375801086426
89	-344.36252	35.840702	-302.39996	-401.48026	1000.0	-35.874733	4.9524784	-6.397259	-54.34805	360000	-0.013777882	142.59291	-0.0015067598	-33.28147	5.496336	0.0005609398	394.2855682373047
90	-344.85233	8.938581	-336.23746	-359.1307	1000.0	-32.86875	3.9308457	-9.381799	-45.49467	364000	-0.011052962	110.152794	-0.0013522264	-15.477669	5.408418	0.00015606063	399.19943022727966
91	-310.55518	50.88178	-238.66869	-362.385	1000.0	-29.329477	7.4986596	-0.4576953	-43.353115	368000	-0.016153732	117.38238	-0.0015845317	-16.34539	5.4450645	0.0005710131	403.08474564552307
92	-342.46533	15.03381	-323.9938	-363.6107	1000.0	-29.252434	7.7265215	3.7986858	-41.56573	372000	-0.017864013	174.34065	-0.0014328044	-23.297134	5.4405847	0.0007677051	407.41703724861145
93	-374.6427	13.254338	-359.08572	-395.74503	1000.0	-32.119034	6.4633207	2.0727599	-45.403824	376000	-0.08724428	208.16666	-0.0016969964	-31.276932	5.43725	-0.00022525972	411.3244659900665
94	-338.15955	25.481579	-301.22577	-370.49185	1000.0	-33.268066	7.289776	0.48643005	-52.937004	380000	-0.04120109	143.18181	-0.0006099455	-34.063858	5.4860616	-9.066939e-06	415.5529668331146
95	-367.8094	47.303337	-293.39944	-411.21872	1000.0	-33.172867	7.3416543	6.109847	-43.933506	384000	-0.07058305	181.46603	-0.0025252327	-44.61438	5.460327	0.00069200667	420.037175655365
96	-337.3406	46.41094	-257.038	-365.84875	1000.0	-33.01256	5.180889	5.534647	-49.624107	388000	-0.04399179	206.96129	-0.0010728687	-35.973038	5.459141	0.0005092842	424.4616720676422
97	-300.77725	46.374016	-220.88908	-334.08478	1000.0	-30.454926	7.7570257	8.614951	-48.585228	392000	-0.042628832	135.73589	-0.0010043643	-31.539696	5.4392333	-0.00010237146	428.2278573513031
98	-342.03452	42.761913	-268.79218	-376.82596	1000.0	-29.452665	4.604253	2.80873	-38.2229	396000	-0.07414163	130.47063	-0.001467526	-13.06765	5.4603176	4.5880854e-05	432.8373782634735
99	-308.2432	52.468277	-241.66946	-388.5156	1000.0	-31.143848	5.615033	-1.6800287	-41.941395	400000	-0.048591744	183.28462	-0.0009888001	-22.95494	5.449211	0.00013737452	437.02774119377136
100	-323.09695	52.55578	-258.43015	-390.3099	1000.0	-29.029436	5.669698	7.394114	-39.7015	404000	-0.015628358	158.94586	-0.0010860581	-24.49916	5.4770947	-8.934629e-05	442.1459095478058
101	-365.61267	68.4201	-257.68265	-424.84384	1000.0	-29.38641	8.411574	10.097851	-51.252125	408000	-0.010927799	294.73114	-0.0014453847	-87.07756	5.4727783	0.00012533963	446.4734642505646
102	-339.73166	4.355262	-332.38702	-343.36966	1000.0	-33.48176	3.7356133	-10.412971	-52.06382	412000	-0.051652502	212.64899	-0.00091604143	-41.570557	5.4400578	0.00012441332	450.8266632556915
103	-323.97046	62.700848	-255.93454	-413.8084	1000.0	-31.091969	6.1309495	12.785537	-50.200695	416000	-0.06118976	129.3908	-0.0016574226	-18.74862	5.429305	0.00057325093	454.69269490242004
104	-373.32993	20.37501	-349.46393	-400.1819	1000.0	-31.485943	6.344372	1.8162675	-48.436066	420000	0.0028168487	168.06303	-0.0016076316	-28.504944	5.4927554	-0.00027672053	459.17048048973083
105	-342.75043	26.782791	-302.35397	-377.6964	1000.0	-35.25693	4.270362	2.9898853	-46.739433	424000	-0.05457309	139.6521	-0.0011265725	-29.752174	5.4432216	-3.5689234e-05	463.6039469242096
106	-308.87622	47.868473	-246.50235	-367.6819	1000.0	-29.563374	5.8242393	2.0705118	-42.350285	428000	-0.04345995	141.59196	-0.0016553402	-13.17984	5.454582	0.00015828795	468.0001940727234
107	-339.38843	37.835785	-289.12958	-383.45413	1000.0	-29.510101	4.9362564	-6.1696024	-47.319435	432000	-0.040187936	120.99242	-0.0013503619	-15.169411	5.4009423	0.0006207626	472.2744765281677
108	-366.056	49.970226	-310.73047	-430.88083	1000.0	-30.519382	5.265497	-0.33150768	-45.90757	436000	-0.004792835	179.70285	-0.0010597333	-35.825867	5.517118	0.0002610526	476.6588890552521
109	-285.15125	63.651176	-193.95874	-348.67358	1000.0	-29.510504	11.612226	40.80802	-48.256935	440000	-0.04368225	258.33136	-0.0014645085	-127.833664	5.417101	0.00063718366	481.0555262565613
110	-362.5947	33.45605	-330.94543	-418.7144	1000.0	-32.39903	4.8674316	10.2223	-42.527016	444000	0.012538269	104.736336	-0.0011716541	-12.415306	5.4511456	0.0003704821	486.30452156066895
111	-304.2965	35.377426	-244.02635	-334.66275	1000.0	-32.106987	5.4695506	4.111191	-47.36649	448000	-0.010632219	134.48477	-0.0013486892	-21.635757	5.485687	0.00027883376	490.68436336517334
112	-264.49048	50.082195	-202.01651	-315.55432	1000.0	-25.818567	7.646914	10.792222	-42.780315	452000	-0.09130774	177.31145	-0.0016812757	-25.151047	5.4948363	0.00037982166	495.1726930141449
113	-301.47867	32.438934	-252.32307	-337.9261	1000.0	-26.036001	4.989071	1.2160425	-38.676247	456000	-0.007138235	119.099266	-0.0012591607	-20.406769	5.450704	0.0004631194	499.3546299934387
114	-339.16193	19.361578	-314.9792	-369.0829	1000.0	-27.727884	4.863322	13.472791	-46.008915	460000	-0.024141561	195.20561	-0.0011474416	-43.460922	5.4726286	0.00019622003	503.6338458061218
115	-347.71686	20.430761	-325.30313	-380.96634	1000.0	-31.251812	3.909529	-1.6287901	-49.86878	464000	-0.078489	141.85506	-0.0011767745	-23.506165	5.4359665	0.00012845999	508.06454396247864
116	-361.85147	27.256927	-318.30872	-390.74994	1000.0	-31.94339	4.499609	1.1889153	-45.68784	468000	-0.08920246	207.44269	-0.0011984482	-26.302536	5.4644113	0.00012102622	512.2975001335144
117	-302.33368	40.051155	-272.46378	-371.1771	1000.0	-32.000137	3.7847972	1.0952351	-50.276413	472000	-0.026787197	148.8785	-0.0013737027	-50.33423	5.418473	-3.47839e-05	516.7024300098419
118	-294.9913	53.978638	-212.20241	-347.22076	1000.0	-26.059984	6.639299	12.496645	-39.62062	476000	0.00012312317	204.21469	-0.0014062538	-45.970627	5.43462	0.00025460863	520.8762958049774
119	-327.7092	36.9863	-277.92993	-377.2864	1000.0	-30.037102	6.7764935	14.432783	-43.64218	480000	-0.08603365	120.5353	-0.0016183555	-27.760513	5.4933915	0.0004750994	524.4858593940735
120	-337.35925	18.764671	-315.53818	-356.43646	1000.0	-29.462246	4.170402	4.487036	-41.417194	484000	-0.05435176	138.16502	-0.0018353313	-23.535583	5.425628	4.2084874e-05	529.2254679203033
121	-317.184	87.56613	-185.07228	-430.34262	1000.0	-29.94673	5.2967367	14.846455	-46.22565	488000	-0.021147415	163.46425	-0.0010474212	-31.997223	5.414964	0.0005342011	533.7326121330261
122	-296.71402	38.792564	-256.8056	-347.20438	1000.0	-28.760006	7.7253613	5.5777187	-44.542183	492000	-0.04467349	143.5167	-0.0018739812	-24.992111	5.406602	-0.0006496329	538.0839431285858
123	-309.1617	42.048336	-260.12375	-375.42465	1000.0	-28.70507	6.005792	8.140853	-42.499573	496000	-0.05895607	101.466515	-0.00096282363	-14.230904	5.4472456	0.00070027076	542.4698662757874
124	-354.29816	28.620178	-317.9601	-384.19653	1000.0	-29.009052	5.7365146	4.2921515	-42.712376	500000	-0.01987782	184.01715	-0.0018035155	-49.72528	5.420395	0.00017749601	547.0333786010742
125	-336.90628	30.66483	-316.2651	-389.88925	1000.0	-31.769957	3.9991038	-3.4316561	-49.1079	504000	-0.064399526	108.10748	-0.0020998493	-15.530891	5.4199867	0.00033134889	551.448358297348
126	-305.6065	35.106155	-278.9344	-365.70694	1000.0	-30.582157	4.4088135	-2.4072413	-43.601437	508000	-0.054095037	146.6309	-0.0016894862	-24.595642	5.413133	0.00035813384	555.6541976928711
127	-322.85046	14.051272	-304.71133	-341.49457	1000.0	-28.286985	5.6082225	3.219958	-44.531258	512000	-0.045148462	131.14496	-0.0019043833	-22.570946	5.4806366	0.0005312704	560.0561833381653
128	-265.76996	58.734398	-175.2105	-322.48715	1000.0	-29.185804	6.1394916	11.0520315	-44.898857	516000	-0.04185183	150.27693	-0.0014548749	-54.64698	5.4098496	0.0007172123	564.4239137172699
129	-328.64365	58.66785	-243.64705	-408.20667	1000.0	-24.827074	8.210913	24.173672	-38.845257	520000	-0.010259836	238.83115	-0.0013148943	-89.39319	5.422777	-1.5726566e-05	568.8108375072479
130	-318.85565	46.39709	-256.79553	-387.67184	1000.0	-30.837917	7.237876	10.500517	-51.38463	524000	-0.052761637	192.1269	-0.0014633909	-44.150223	5.401362	0.00021200729	573.8448660373688
131	-308.17557	36.20687	-252.65692	-351.10538	1000.0	-30.227175	4.3444996	-6.312033	-49.37881	528000	-0.021705817	127.22604	-0.0021974463	-35.635612	5.433881	0.00042995578	578.0648708343506
132	-298.68317	40.79397	-241.86604	-353.64767	1000.0	-27.345638	6.057547	20.990664	-40.123695	532000	-0.04321003	123.106	-0.0016561523	-19.588783	5.4271693	-1.5100598e-05	582.5891015529633
133	-311.32358	20.296932	-276.5648	-327.86285	1000.0	-28.61142	3.7833993	-4.5348163	-44.946655	536000	-0.06900615	141.3603	-0.0016313568	-21.17575	5.4170704	0.00010012716	586.4956274032593
134	-305.61166	16.572773	-286.25366	-323.2847	1000.0	-28.204933	4.8281064	6.100576	-44.053898	540000	-0.022273319	91.83212	-0.0029340778	-12.515129	5.475338	8.113867e-05	590.7735996246338
135	-313.3411	44.029083	-256.30316	-371.55942	1000.0	-27.407211	6.5619535	16.894308	-43.005047	544000	-0.039972972	122.30672	-0.0019325577	-20.865936	5.452139	0.0006926531	595.0007154941559
136	-302.43134	29.075583	-263.17322	-338.15555	1000.0	-29.442196	4.3577075	7.66668	-38.06071	548000	-0.029752167	105.35404	-0.0016354639	-18.125793	5.437949	0.0009497893	599.46994972229
137	-316.39346	28.090818	-270.9824	-340.4291	1000.0	-29.439907	3.2202299	-1.4692914	-45.561867	552000	-0.019718923	113.63491	-0.0016810205	-11.653397	5.471663	0.00053171156	603.8570640087128
138	-312.57993	27.298851	-280.45108	-353.57422	1000.0	-28.716667	5.095869	5.7304516	-46.23036	556000	-0.040952384	154.65791	-0.0009184107	-24.31778	5.4415927	-0.00039797914	607.5119967460632
139	-309.2569	43.25072	-254.61484	-372.92847	1000.0	-27.659927	6.6073065	21.112436	-53.944798	560000	-0.0195343	239.50543	-0.0021984503	-47.111176	5.4480352	0.00043207104	611.6743388175964
140	-337.54214	30.098963	-290.06598	-370.32608	1000.0	-28.867285	7.8265553	9.845318	-53.585594	564000	-0.05186174	233.94952	-0.001416523	-59.485245	5.415779	0.0006129441	616.5758366584778
141	-301.90356	13.303601	-283.6604	-320.346	1000.0	-30.32193	4.335231	10.474945	-50.96907	568000	-0.09515799	147.64093	-0.0017056614	-33.993164	5.426721	0.00019113583	620.8415529727936
142	-298.1195	33.864597	-250.75092	-346.39337	1000.0	-27.628918	4.7098618	6.7481837	-46.453403	572000	-0.04442642	87.72553	-0.0011715628	-17.50187	5.435583	0.00043496586	624.6142318248749
143	-307.11816	45.11235	-233.6666	-351.89914	1000.0	-27.513563	2.9208624	-1.6818297	-42.884533	576000	-0.051526003	131.86412	-0.0027653053	-48.830917	5.441476	0.00067448575	628.8512661457062
144	-307.4555	37.445522	-243.12784	-334.88312	1000.0	-29.702879	5.1640625	11.804363	-43.091324	580000	-0.011636597	166.722	-0.0019575134	-63.439278	5.3930855	0.00074793305	633.1036856174469
145	-268.01547	44.89044	-216.92218	-328.5544	1000.0	-26.617157	5.894724	13.395275	-51.322334	584000	-0.04659881	159.15288	-0.002256576	-39.5748	5.4113045	0.00065069395	637.4464814662933
146	-269.60178	26.752039	-243.69229	-313.84317	1000.0	-24.927078	3.9753578	6.9977202	-45.984894	588000	-0.039050955	92.16934	-0.0012543984	-21.682762	5.4380956	0.0004807275	641.6469447612762
147	-283.75427	31.791048	-235.73555	-317.30792	1000.0	-25.868391	5.0743837	14.120132	-39.547432	592000	-0.028242715	85.07562	-0.0010619164	-19.147842	5.392782	0.00010421979	645.5766823291779
148	-278.89624	16.169088	-260.33453	-295.59402	1000.0	-25.389112	5.714785	9.914548	-45.069473	596000	-0.042394433	294.52176	-0.0010645576	-67.08357	5.456468	0.0004799602	649.8389568328857
149	-305.65814	61.22887	-235.7786	-401.3969	1000.0	-26.454638	7.180824	26.249657	-52.212658	600000	-0.073300995	223.20831	-0.0010436848	-50.254593	5.4363723	0.0008383575	654.126223564148
150	-284.96814	38.460945	-243.64885	-345.3867	1000.0	-27.489742	5.05213	8.327013	-53.56216	604000	-0.029697185	152.4875	-0.0025544371	-43.823296	5.427998	0.0001795494	659.103670835495
151	-275.601	25.416563	-246.78496	-303.48685	1000.0	-25.78134	6.556068	14.463469	-54.816025	608000	0.005298286	142.76697	-0.00083984435	-29.120834	5.4286604	0.00017588538	663.7762229442596
152	-284.13797	46.753517	-225.76942	-337.50577	1000.0	-26.542425	5.4051533	15.20244	-42.696484	612000	-0.056828238	109.69527	-0.0019215196	-18.88842	5.410288	0.00047851546	668.0425982475281
153	-288.4415	36.325672	-232.09877	-333.37778	1000.0	-21.959137	8.9654665	14.337854	-38.63489	616000	-0.025646254	174.85641	-0.00071570836	-116.3172	5.411756	-0.00031039023	672.0822930335999
154	-267.03677	51.916504	-192.02118	-334.6564	1000.0	-26.471348	3.3238065	-4.1265483	-33.86396	620000	-0.025613759	113.15128	-0.0016721617	-30.115974	5.370329	4.8731505e-05	676.3676846027374
155	-301.24588	25.844015	-270.51788	-341.2814	1000.0	-25.379791	6.109603	16.147886	-40.28715	624000	-0.04244755	127.349106	-0.0011853538	-42.5635	5.4710126	0.00018762678	680.5573692321777
156	-307.11414	45.826443	-231.26329	-348.01117	1000.0	-26.303537	3.7186584	-4.1370864	-45.359695	628000	-0.05692942	153.93135	-0.0006347336	-28.630745	5.3961434	0.00045119846	684.9787106513977
157	-225.36061	69.822174	-155.27019	-339.6048	1000.0	-27.772755	4.625071	2.415538	-43.941513	632000	-0.034698036	234.82831	-0.0020944066	-124.5607	5.437075	-9.165317e-05	689.2149512767792
158	-289.4193	42.94851	-242.69293	-351.81754	1000.0	-22.739025	7.971523	21.154152	-45.649036	636000	0.020674935	155.18785	-0.001809936	-66.0124	5.409858	0.00027711768	693.4848563671112
159	-265.7478	22.82176	-229.12794	-290.36517	1000.0	-27.697594	3.9306784	5.9681096	-41.687637	640000	-0.014034701	87.2872	-0.0016927337	-27.354885	5.3925543	0.00025381136	697.7251513004303
160	-267.41113	76.670944	-163.25253	-378.70148	1000.0	-24.18655	6.812265	7.959984	-36.113235	644000	-0.038429834	153.53383	-0.0018238313	-36.55207	5.4247246	0.00088970567	702.7602798938751
161	-262.1895	51.709198	-188.96642	-328.86853	1000.0	-26.32257	4.7843885	6.931755	-42.14996	648000	-0.08287239	105.63545	-0.0017709434	-16.330498	5.3897033	0.0008611169	707.2525296211243
162	-265.73697	10.696728	-252.28311	-281.13135	1000.0	-25.370739	4.3307323	10.360686	-46.500866	652000	-0.0916195	128.16872	-0.0019491017	-31.022331	5.390483	-3.025812e-05	711.3753869533539
163	-274.7694	14.011268	-251.84761	-289.91296	1000.0	-22.99993	3.5122128	6.455516	-44.03495	656000	-0.058420807	94.790726	-0.001387421	-29.227478	5.4352956	0.00032690616	715.9251089096069
164	-240.22623	38.213005	-185.27171	-283.01196	1000.0	-24.00276	7.3009386	19.429516	-47.45878	660000	-0.037619147	117.124115	-0.001266487	-31.27832	5.3910713	0.00015541106	720.2287683486938
165	-257.15637	63.062992	-174.1892	-345.16687	1000.0	-23.177294	4.459063	14.752807	-39.721626	664000	-0.0619274	201.26422	-0.0017831549	-60.761444	5.3712234	2.3655772e-05	724.6589589118958
166	-290.58804	28.137438	-253.90396	-330.2026	1000.0	-23.990015	4.135536	12.963355	-52.22883	668000	-0.0105372695	118.955925	-0.0023141922	-30.667183	5.342124	0.0010659166	728.925125837326
167	-282.2141	40.455532	-223.9153	-335.7727	1000.0	-27.261858	3.9293327	20.03095	-46.52958	672000	-0.0991836	92.97467	-0.001690045	-17.697548	5.4212046	0.001259429	733.2486238479614
168	-244.7537	62.55292	-144.84106	-311.24744	1000.0	-25.271753	6.9825854	18.29246	-53.5259	676000	-0.05952105	193.6951	-0.0020138435	-50.758377	5.4461513	0.0011905878	737.4333622455597
169	-282.31107	52.839924	-217.71802	-339.33536	1000.0	-22.138983	5.9455748	22.488228	-46.182076	680000	-0.041372724	133.85767	-0.0012458973	-37.436554	5.3808856	0.00058212393	741.7351357936859
170	-288.9347	49.911232	-220.79887	-344.80487	1000.0	-24.274511	4.9699	9.926996	-49.18604	684000	-0.041999627	151.61996	-0.0019329973	-40.737495	5.380749	0.00053531077	746.8599765300751
171	-262.65976	36.57487	-211.83394	-315.22397	1000.0	-25.341301	4.367945	-0.048407495	-45.741512	688000	-0.026142957	115.214386	-0.002009295	-29.452896	5.376657	0.0014013657	751.3315534591675
172	-284.31146	79.519264	-234.1291	-421.93774	1000.0	-24.609442	4.331308	1.563722	-52.390923	692000	-0.018772766	174.51712	-0.0013589244	-33.72371	5.4217744	0.00021970863	755.9806137084961
173	-235.8494	32.304478	-197.53197	-281.97006	1000.0	-24.614876	4.5663285	8.172074	-49.298912	696000	-0.059134845	102.2333	-0.0018131062	-28.446175	5.357564	0.000277236	759.7214586734772
174	-271.15875	15.48777	-244.40778	-281.0676	1000.0	-21.793337	3.401702	-3.4398093	-43.315464	700000	-0.109280124	79.7145	-0.0015950128	-22.7449	5.397152	0.0008868254	764.0891635417938
175	-283.5458	86.63093	-211.9533	-426.38046	1000.0	-25.255388	2.9811637	-5.7760525	-46.292236	704000	-0.04482455	179.79016	-0.0015215278	-57.6978	5.3818545	0.0005015426	768.2871916294098
176	-294.5844	55.62767	-238.44391	-364.1648	1000.0	-26.530664	7.1431627	-9.634354	-57.922462	708000	-0.06364708	189.74179	-0.0011162907	-36.15982	5.376738	0.00017569607	772.5983707904816
177	-242.12521	44.26976	-170.5263	-291.07596	1000.0	-23.971434	3.9255173	1.8029666	-58.65311	712000	-0.05375892	154.33096	-0.0018763132	-62.420372	5.3925962	0.0004259606	776.9913649559021
178	-264.24442	29.44064	-242.89026	-314.7247	1000.0	-21.453974	7.565795	17.888638	-48.490047	716000	-0.010028553	134.24109	-0.0017582355	-50.943108	5.3790226	0.0011470695	781.5266849994659
179	-274.99905	44.990078	-204.00102	-328.70407	1000.0	-24.312904	3.5197036	12.664277	-42.277626	720000	-0.098884575	130.34837	-0.0017967895	-26.510307	5.375547	0.00045155585	786.0350601673126
180	-248.54572	26.951496	-218.43054	-292.1128	1000.0	-25.100317	5.9814205	18.967815	-48.674606	724000	-0.05112768	144.46988	-0.0015271679	-37.680603	5.3862834	0.001343667	791.0905771255493
181	-263.44775	71.71166	-163.42223	-360.48322	1000.0	-22.9663	6.7429533	11.881047	-41.407337	728000	-0.02388701	185.26288	-0.0018585119	-60.879242	5.4485116	0.00049549516	795.5486500263214
182	-226.72067	77.83961	-133.08287	-324.0908	1000.0	-23.78093	4.0257792	1.4237187	-49.675865	732000	-0.038123056	244.33829	-0.0013030544	-54.81534	5.376908	0.00047729647	799.7910413742065
183	-260.76953	42.363293	-190.19048	-300.94217	1000.0	-21.388798	6.2253556	16.947018	-51.527462	736000	-0.09007214	140.35762	-0.0014674589	-40.162773	5.395889	0.00085159106	804.0460450649261
184	-278.92355	39.39773	-242.27045	-344.8004	1000.0	-24.220665	5.2175026	11.759343	-48.978203	740000	0.012729754	171.25342	-0.00091444235	-41.28145	5.356655	0.00050578016	808.6066536903381
185	-259.80948	54.730835	-202.2376	-322.53622	1000.0	-26.173285	4.3162518	13.886518	-41.232998	744000	-0.08102094	98.05744	-0.0018620938	-21.874992	5.400074	1.5085161e-05	812.875346660614
186	-319.83347	60.18513	-262.7894	-420.14548	1000.0	-20.715593	10.481296	31.262537	-48.89204	748000	-0.05811764	304.39276	-0.0027510338	-204.70264	5.3750763	0.00017157114	817.1900682449341
187	-219.39574	32.07878	-167.59566	-251.92593	1000.0	-28.437983	5.654142	-9.314456	-58.557014	752000	-0.022237463	156.79788	-0.0016742498	-94.40495	5.3364105	0.00050369476	821.4645256996155
188	-241.4384	25.55952	-200.47441	-264.6609	1000.0	-21.069073	3.4329875	-0.057626605	-55.084606	756000	-0.03962932	73.576454	-0.0023131445	-14.443611	5.3829303	0.00021074152	825.8449113368988
189	-278.31656	62.575104	-202.17448	-367.71405	1000.0	-20.826408	3.8016627	6.2019806	-46.366367	760000	-0.055119514	171.35797	-0.0013207458	-45.22319	5.38892	0.0008452571	829.9414911270142
190	-245.19215	32.465313	-196.5173	-287.37396	1000.0	-25.314371	4.3059864	-0.39821875	-54.631413	764000	-0.042871933	107.34527	-0.0012610815	-26.833954	5.3588586	-0.00025719358	834.6279323101044
191	-235.673	64.29951	-186.9349	-346.27737	1000.0	-22.209373	3.3485453	-5.1154423	-52.029552	768000	-0.07640211	104.39638	-0.002344802	-19.467026	5.3452215	0.0010449131	838.7236528396606
192	-280.90192	6.86434	-269.37634	-287.05594	1000.0	-21.506277	4.493246	15.875728	-53.477	772000	-0.023976613	119.39317	-0.001536658	-35.33825	5.3734174	0.0007908664	843.0529465675354
193	-243.63734	17.96702	-222.96352	-264.2754	1000.0	-25.29936	3.0497031	-6.128941	-41.69836	776000	-0.07248723	104.421974	-0.0014575571	-25.39621	5.3649883	0.00018551672	847.5209443569183
194	-219.7956	58.80963	-143.69145	-291.05304	1000.0	-21.754976	3.0160527	6.5213413	-33.1902	780000	-0.01032394	111.18789	-0.00086695515	-22.522545	5.4058	-0.00023224848	851.8094215393066
195	-259.9287	17.318626	-236.24261	-285.0965	1000.0	-20.436275	5.6577883	15.769375	-44.79843	784000	-0.0058481446	138.02147	-0.0010532071	-47.41391	5.376067	0.0003499409	856.1622426509857
196	-255.43236	31.43134	-207.54535	-294.3987	1000.0	-24.065243	3.5146158	-1.5831637	-44.33819	788000	-0.06266581	83.92416	-0.0013498887	-13.483192	5.326867	9.9285724e-05	860.5899515151978
197	-257.14014	31.515554	-228.87152	-306.6435	1000.0	-23.399458	3.4396477	-0.3988381	-41.429657	792000	-0.05684845	136.3355	-0.0012611933	-27.473297	5.3367496	-3.2036663e-05	864.8619294166565
198	-232.65822	18.280005	-203.8171	-253.69157	1000.0	-22.51191	3.5173645	-1.2435402	-43.18268	796000	-0.053803675	80.03636	-0.0015921146	-27.793346	5.3766356	0.00040271936	868.7553460597992
199	-264.68774	14.299472	-254.54108	-289.3222	1000.0	-20.437723	5.5950127	8.431457	-38.635986	800000	-0.016850453	123.969215	-0.0011636037	-61.855686	5.408907	-0.0006012813	873.2563781738281
200	-203.78687	37.06878	-148.3133	-247.335	1000.0	-22.082731	2.6195152	-5.7084947	-43.03705	804000	-0.06271683	103.9983	-0.0010109469	-30.937798	5.323791	0.00021244699	878.6810538768768
201	-222.86255	28.72941	-185.32837	-254.95676	1000.0	-19.214859	4.429801	14.274124	-33.715443	808000	-0.08125238	89.71506	-0.00065647066	-19.690132	5.3488903	0.00027604526	883.0503270626068
202	-238.76108	49.081505	-183.72098	-294.77582	1000.0	-21.555597	4.4249487	9.336915	-32.809772	812000	-0.058299623	87.54511	-0.0016284287	-24.611935	5.3973174	-4.6905458e-05	886.9564270973206
203	-217.77545	27.176214	-184.84166	-254.81517	1000.0	-20.560383	3.2297385	0.76022	-39.565166	816000	-0.018823428	83.52111	-0.0020914003	-12.88047	5.3344307	0.0005571034	891.4206776618958
204	-275.61694	67.590904	-196.6073	-370.8847	1000.0	-20.30148	3.2110543	-4.532131	-37.6714	820000	-0.04234393	191.82443	-0.0013027824	-93.072624	5.378924	-0.0004402349	895.8372151851654
205	-219.41376	11.169558	-204.84491	-231.54764	1000.0	-22.124443	3.8588896	5.7831645	-47.840668	824000	-0.042494815	91.973656	-0.0021084882	-35.350266	5.358336	0.00024563016	900.082350730896
206	-233.03784	46.93197	-153.60773	-270.94247	1000.0	-21.345444	4.0464253	9.044638	-46.628147	828000	-0.10606531	88.39314	-0.0018444806	-14.719727	5.3254538	0.0005968069	904.2809863090515
207	-218.551	37.367237	-177.57529	-273.63104	1000.0	-21.992788	5.5011406	15.520128	-44.949078	832000	0.019755546	88.57194	-0.0018055532	-26.449974	5.349202	0.0006275238	908.6262898445129
208	-251.47241	33.38438	-217.81439	-303.53137	1000.0	-19.375952	3.4742615	0.71788454	-44.922215	836000	-0.049164273	84.25605	-0.0014376566	-22.244682	5.314548	0.0003902948	913.0771834850311
209	-254.95013	96.088875	-107.42785	-374.6679	1000.0	-22.988422	3.3464975	10.027276	-43.692204	840000	-0.054051723	153.28345	-0.0018301457	-39.189987	5.324886	0.0004200254	917.1085925102234
210	-317.4993	74.58342	-232.76271	-407.0585	1000.0	-23.002758	6.727704	1.4137352	-54.34955	844000	-0.02835838	182.8084	-0.0021212045	-59.331535	5.3510466	0.00013487345	922.3448548316956
211	-239.44751	24.712494	-212.79778	-268.72733	1000.0	-26.05361	4.8901577	2.5003555	-53.97327	848000	-0.037772425	119.82826	-0.0017686374	-45.403008	5.3618274	-0.00062221376	926.8346271514893
212	-217.30295	38.85182	-167.31102	-275.88742	1000.0	-21.63164	5.663778	7.8853517	-50.46198	852000	-0.011772327	131.06512	-0.00066401437	-36.733337	5.320573	0.00023549843	931.366503238678
213	-213.77736	32.717175	-181.2376	-254.91664	1000.0	-19.513584	5.942759	14.027544	-49.13316	856000	-0.01603069	99.046455	-0.0015000701	-24.788727	5.3463387	-0.00024180638	935.75315284729
214	-202.56142	45.58557	-134.3018	-260.2847	1000.0	-19.050983	5.275014	8.139986	-40.29378	860000	-0.069929816	137.5289	-0.002005063	-28.685783	5.354931	0.00029923368	939.988064289093
215	-187.86191	40.172863	-147.05557	-249.6522	1000.0	-19.705305	5.27657	12.301153	-43.654545	864000	-0.018171478	111.30017	-0.001475662	-29.02333	5.325231	0.00036925657	943.7772450447083
216	-206.43567	46.779327	-131.75084	-256.2196	1000.0	-18.2591	5.753525	19.033175	-42.15189	868000	-0.052327834	99.23209	-0.00090648606	-29.404175	5.3796353	0.00045487034	948.0102097988129
217	-220.67032	38.73038	-171.81403	-276.30673	1000.0	-19.990473	4.832657	8.547987	-35.733593	872000	-0.044328056	66.33791	-0.0013340898	-15.413727	5.3591943	0.0003066573	952.2584984302521
218	-244.34549	44.11966	-207.43974	-317.14935	1000.0	-20.60381	3.08092	0.89439064	-36.942005	876000	-0.06345334	100.45248	-0.001168564	-23.281677	5.3323197	0.00025449853	956.3145439624786
219	-247.91318	40.21474	-183.31989	-282.6185	1000.0	-20.88528	5.7451534	6.8494253	-48.7537	880000	-0.023914767	141.76703	-0.0022334699	-60.235466	5.358711	0.0010536074	960.8111655712128
220	-259.5349	33.81063	-223.11096	-313.90042	1000.0	-24.350452	6.950111	-1.3211788	-50.583046	884000	-0.033774327	99.595566	-0.0017792471	-28.896812	5.320306	0.00096586504	966.0839166641235
221	-222.953	29.906641	-190.82094	-269.24554	1000.0	-20.075329	3.1648946	-4.8630548	-45.968372	888000	-0.0008668976	82.61139	-0.0015670757	-14.885262	5.2973175	0.00016373646	970.2908198833466
222	-181.83191	49.69128	-118.73449	-237.67726	1000.0	-20.21686	3.1180944	-0.137869	-44.395267	892000	-0.12471102	108.15797	-0.0013869852	-28.058853	5.3435464	0.00031662898	974.7497510910034
223	-217.99225	66.76837	-153.34253	-328.52063	1000.0	-16.976347	5.837211	17.842886	-46.480915	896000	-0.04568875	148.47131	-0.0011630803	-49.14126	5.3843966	0.00089769065	979.186919927597
224	-225.86856	18.757341	-194.00673	-240.95569	1000.0	-19.931913	4.8444185	3.202204	-48.618183	900000	-0.018970946	107.0488	-0.0019907132	-26.268188	5.383832	0.0008739829	983.7188951969147
225	-235.91824	52.597538	-180.99884	-322.40933	1000.0	-20.477045	4.0768456	0.9172817	-51.23274	904000	-0.057101052	155.21063	-0.001961466	-34.47763	5.3671765	0.00035214884	987.9096562862396
226	-227.31317	29.06491	-189.36435	-267.27875	1000.0	-22.015726	6.82979	2.9950786	-50.85629	908000	-0.05211467	125.83126	-0.0017353036	-32.681824	5.2661586	-0.00025832944	992.4565813541412
227	-194.26038	59.42452	-158.67722	-297.17642	1000.0	-19.79258	4.4065304	-1.6243622	-47.6673	912000	-0.017403977	181.896	-0.0013798513	-39.855362	5.3231115	-0.00015210509	996.8561365604401
228	-208.6799	30.61489	-172.74936	-255.9169	1000.0	-17.473919	4.362239	4.4569464	-54.62919	916000	-0.03638893	110.393364	-0.00073589757	-42.33146	5.3471045	0.00015286393	1001.2369585037231
229	-214.56622	30.57283	-179.63815	-263.38785	1000.0	-18.610527	5.9106717	13.321946	-37.345547	920000	-0.05264463	161.59026	-0.0016940199	-49.684242	5.324499	-0.00036711694	1005.7015600204468
230	-228.45442	123.46901	-119.44246	-437.07687	1000.0	-19.215425	7.9119015	8.772288	-49.30076	924000	-0.0053010425	307.40686	-0.0013289531	-86.56618	5.3268924	2.0765841e-05	1010.8625314235687
231	-225.44765	47.15153	-188.90767	-306.43958	1000.0	-18.70279	5.9226966	5.2901826	-53.423187	928000	-0.036144737	119.86179	-0.0012902915	-25.426346	5.3459816	-0.0003913819	1015.2638785839081
232	-206.3388	14.914687	-180.7717	-218.26262	1000.0	-19.387861	5.894915	8.404033	-53.518005	932000	-0.082178995	153.465	-0.00089826435	-41.765976	5.3617353	0.0006638027	1019.6552121639252
233	-211.66495	17.687803	-184.5839	-234.17966	1000.0	-17.781399	5.257481	7.1663084	-44.854336	936000	-0.046525165	106.11586	-0.0018167496	-29.082878	5.367412	0.00029830213	1023.9391152858734
234	-224.91438	26.651701	-179.5048	-244.42635	1000.0	-19.46508	4.3224926	1.6705428	-43.860844	940000	-0.066933274	116.32394	-0.001249887	-29.76297	5.3526444	0.00064027985	1028.2927849292755
235	-180.21368	42.767063	-139.5524	-248.15439	1000.0	-19.484982	4.5617704	9.595169	-44.881767	944000	-0.011904203	122.20914	-0.0012060087	-46.871452	5.298375	0.0006552607	1032.5892844200134
236	-174.52571	56.7484	-87.92755	-237.68567	1000.0	-15.267419	5.6331387	12.3924675	-42.064415	948000	-0.04750681	150.92169	-0.0013141185	-51.716476	5.3108497	0.00027466833	1037.0026366710663
237	-231.6649	67.64616	-141.73322	-308.06244	1000.0	-16.086853	6.39262	16.739647	-35.198463	952000	-0.04417719	160.91156	-0.0011108033	-73.252266	5.259173	-2.6688576e-06	1041.1905179023743
238	-207.45438	40.24478	-164.59464	-267.4519	1000.0	-20.621498	5.0408463	6.5570216	-50.452713	956000	-0.042403597	122.04092	-0.0018474497	-38.69523	5.3047853	0.0009396525	1045.540962934494
239	-235.15794	30.981459	-195.69093	-269.71613	1000.0	-18.51205	5.8079863	3.1975489	-43.451252	960000	0.010119863	141.44928	-0.0008192044	-38.33451	5.342797	0.00056853873	1049.795134305954
240	-178.06067	12.957846	-163.6159	-190.99141	1000.0	-21.10919	4.489083	0.77479696	-43.26478	964000	-0.04501787	132.3434	-0.0020601116	-55.09066	5.308416	0.00078866124	1055.0576751232147
241	-155.0864	28.8205	-106.60179	-180.93565	1000.0	-15.747969	3.039287	17.639372	-30.979624	968000	-0.038729023	80.02984	-0.0017745867	-15.957802	5.3072643	0.000304412	1059.241524219513
242	-183.44406	67.99974	-113.05065	-295.9209	1000.0	-13.115404	6.5605574	19.141514	-32.748604	972000	-0.020613091	194.88734	-0.00087015145	-89.8415	5.3061523	0.00058974506	1063.846523284912
243	-198.68236	60.341183	-126.635994	-282.71103	1000.0	-16.227837	4.446677	7.755699	-40.528866	976000	-0.07240138	104.60492	-0.0010517016	-27.541939	5.304988	9.719789e-05	1068.0363595485687
244	-185.00757	78.24726	-98.47422	-295.20435	1000.0	-18.451248	4.93043	6.4766	-41.88543	980000	-0.0026360464	162.28566	-0.0012385845	-61.996986	5.281546	0.0007127397	1072.4280052185059
245	-178.36209	27.021679	-156.08524	-223.61865	1000.0	-14.507166	4.131788	4.6564965	-43.785873	984000	-0.098167725	123.880356	-0.0008152127	-36.63514	5.2799053	-0.0002455064	1076.5530142784119
246	-200.61383	20.628914	-174.637	-231.98924	1000.0	-18.330019	3.7172513	7.17158	-39.62082	988000	-0.020092202	87.88713	-0.00145768	-18.611954	5.2937374	0.00055100326	1080.7764208316803
247	-180.87204	41.062172	-118.17275	-230.5633	1000.0	-17.745012	4.7873015	16.4715	-35.838528	992000	-0.028465405	92.34197	-0.0016116817	-31.604324	5.316332	0.00039635296	1085.0798525810242
248	-241.29483	58.11476	-161.45732	-321.38657	1000.0	-15.69844	5.939177	17.314394	-41.298157	996000	-0.04768363	263.55753	-0.0009324141	-96.07033	5.30117	0.00010106647	1088.8140692710876
249	-165.63637	27.375454	-145.3578	-212.42561	1000.0	-18.02384	5.956708	5.925536	-43.870865	1000000	-0.06907042	130.12459	-0.0015568435	-57.034805	5.3800488	-0.00030250687	1094.2355778217316
