Epoch	AverageEpRet	StdEpRet	MaxEpRet	MinEpRet	AverageTestEpRet	StdTestEpRet	MaxTestEpRet	MinTestEpRet	EpLen	TestEpLen	TotalEnvInteracts	AverageQ1Vals	StdQ1Vals	MaxQ1Vals	MinQ1Vals	AverageQ2Vals	StdQ2Vals	MaxQ2Vals	MinQ2Vals	LossPi	LossQ	Time
1	-301.663	72.968895	-196.02272	-397.13	-442.04428	24.146656	-415.4841	-492.02	1000.0	1000.0	5000	1.938176	3.8904836	22.443304	-7.299312	1.9384108	3.890645	22.919954	-7.2424293	-3.2967458	0.39266732	44.64045977592468
2	-272.16504	75.130295	-137.53764	-353.5982	-221.27132	72.72576	-68.75521	-323.92078	1000.0	1000.0	10000	16.04829	6.6692467	40.646793	-4.103864	16.048573	6.668825	40.79752	-4.0059295	-18.583393	1.2113197	93.02117896080017
3	-362.08905	125.08862	-218.56569	-556.88556	-602.462	65.087326	-482.7196	-709.3615	1000.0	1000.0	15000	27.547813	7.0833893	56.27029	4.2051525	27.547989	7.0824966	55.20943	3.6779788	-29.555754	2.8068182	146.45867252349854
4	-315.31567	225.82625	69.121475	-566.23865	-120.7903	357.4829	778.88605	-436.00424	1000.0	1000.0	20000	29.304455	12.409729	79.47698	-10.33758	29.304771	12.40851	79.465195	-10.068268	-30.75863	3.5008996	197.37879586219788
5	962.2438	587.1155	1694.6829	259.02353	2047.3483	1195.9907	3051.4248	-293.48407	1000.0	1000.0	25000	30.14889	17.330313	84.314476	-6.5474186	30.149267	17.33033	84.81098	-6.4150867	-31.407053	3.4655185	246.99884366989136
6	3100.0415	474.84448	3784.8298	2526.2324	1641.7292	1071.3064	3315.6724	-204.9715	1000.0	1000.0	30000	43.674583	28.306648	134.01967	-7.3032703	43.67448	28.307198	134.83124	-7.7676773	-45.646545	6.1509132	297.22912430763245
7	1404.8104	1327.7814	3531.7114	-66.64384	2544.1284	1023.9862	3539.4172	615.3085	1000.0	1000.0	35000	60.41889	41.625923	172.95352	-12.6830015	60.41905	41.62685	172.49167	-10.603781	-62.736526	9.623187	350.31673312187195
8	3916.3743	263.66534	4289.148	3471.0393	4622.6147	87.58177	4755.636	4420.516	1000.0	1000.0	40000	81.19733	55.42676	204.21156	-15.326724	81.19796	55.427944	204.43448	-14.207585	-84.16076	13.976234	402.13543224334717
9	4252.6333	305.92712	4536.0205	3665.2063	4668.9565	115.53494	4815.941	4429.9463	1000.0	1000.0	45000	108.06232	67.01602	228.68506	-15.803552	108.06285	67.01753	230.28177	-14.741446	-111.05712	15.6298685	451.9920642375946
10	4447.426	218.20778	4667.6772	4089.3762	4610.8965	118.34705	4853.1187	4412.5796	1000.0	1000.0	50000	134.66472	76.040276	256.18417	-13.452819	134.66481	76.04098	257.26523	-14.531904	-137.64772	17.203985	501.03326392173767
11	4322.681	394.07892	4777.8486	3738.225	4649.292	48.057636	4723.299	4593.8584	1000.0	1000.0	55000	159.08226	81.84178	277.074	-12.147726	159.08212	81.842514	279.74332	-12.527446	-162.23817	20.149485	552.3655593395233
12	4488.2144	320.9376	4767.5566	3889.3374	4929.4727	126.9501	5091.499	4658.075	1000.0	1000.0	60000	181.87425	85.7041	298.54233	-6.108074	181.87398	85.70487	296.84143	-9.389852	-185.05177	19.07917	605.9596440792084
13	4744.686	119.96782	4910.555	4611.354	4748.6436	38.735294	4812.9785	4706.772	1000.0	1000.0	65000	203.05664	88.32517	314.60587	-2.188377	203.0567	88.3251	316.68887	-1.4759482	-206.17326	19.411282	655.3822903633118
14	4153.1475	832.62085	4971.755	2759.2825	4896.8936	195.77956	5184.1733	4585.6426	1000.0	1000.0	70000	222.06137	89.816055	332.3568	1.5448827	222.06172	89.81548	332.88983	1.4671924	-224.9427	19.979877	704.8571498394012
15	4803.5312	155.59264	4918.9326	4498.9966	5022.61	75.9509	5123.198	4859.642	1000.0	1000.0	75000	237.39804	93.45364	347.8828	4.5412107	237.39827	93.45323	348.24905	0.65087247	-240.1194	21.007946	755.0715684890747
16	4786.13	145.76694	5044.213	4605.636	4317.309	506.52463	4884.006	2975.866	1000.0	1000.0	80000	252.13142	96.27176	363.00574	-7.2254305	252.13155	96.27144	358.84058	-2.9513125	-254.81752	20.517485	808.9314105510712
17	4761.9043	214.30656	4904.4575	4339.799	5032.1445	71.43177	5154.134	4922.963	1000.0	1000.0	85000	265.822	97.63753	372.51514	-7.525161	265.8223	97.63703	370.8203	-2.3661768	-268.16556	20.563639	860.3976898193359
18	4850.432	68.47016	4938.1885	4771.5703	5079.297	145.82391	5404.9004	4921.539	1000.0	1000.0	90000	278.30283	98.520386	386.28412	-2.1401534	278.30304	98.52054	390.40085	-2.3547704	-280.50882	20.878794	912.447113275528
19	4943.829	112.147705	5076.387	4807.476	5118.8564	78.01843	5219.226	5004.9644	1000.0	1000.0	95000	289.5874	99.08771	387.21738	2.3484313	289.5877	99.087006	386.43518	-5.8009205	-291.84668	21.1485	965.8084213733673
20	4896.7017	76.47715	4994.495	4772.312	5202.214	124.73417	5377.823	5022.6914	1000.0	1000.0	100000	299.77097	99.57957	395.19824	-2.4954615	299.77112	99.57938	397.1347	-15.613811	-302.01047	21.11292	1020.421626329422
21	4993.482	69.34536	5096.191	4924.63	5295.3247	69.461555	5366.0605	5117.835	1000.0	1000.0	105000	309.63287	99.62518	405.92722	-8.877722	309.63306	99.62457	404.68976	-7.942405	-311.7571	20.69635	1074.2130315303802
22	5010.508	126.862366	5139.7437	4817.637	5103.8276	98.97209	5254.06	4981.6807	1000.0	1000.0	110000	318.3821	99.4298	412.22223	-5.0246325	318.3826	99.42917	415.5959	-4.0073333	-320.6965	20.863123	1125.5367822647095
23	4921.3643	205.0558	5147.724	4568.929	5131.075	155.63853	5362.288	4898.796	1000.0	1000.0	115000	326.3398	99.55307	419.36743	-12.7062025	326.34027	99.55222	420.5858	-20.751272	-328.39255	21.036465	1176.3577573299408
24	5020.6465	57.175106	5093.796	4921.927	5361.324	179.20265	5732.2266	4995.2256	1000.0	1000.0	120000	333.39606	100.04776	428.60977	-0.8479147	333.3961	100.04666	426.10144	-9.745802	-335.6799	21.539463	1227.1139333248138
25	5223.677	162.99031	5380.3843	4971.55	5526.737	92.6755	5704.5195	5385.4663	1000.0	1000.0	125000	340.34848	100.01415	443.69788	-11.4094925	340.34875	100.01414	446.4162	-25.199244	-342.33545	22.157429	1281.2027060985565
26	5437.089	152.4248	5627.6216	5187.9883	5520.003	574.5068	5970.431	3852.1858	1000.0	1000.0	130000	347.9334	100.21955	451.1926	-2.123906	347.93402	100.217766	450.61896	1.2455165	-349.8736	22.226439	1332.6786632537842
27	5349.176	183.63594	5629.7246	5141.2056	5788.851	162.09947	6049.3335	5540.9263	1000.0	1000.0	135000	355.31714	101.12059	456.61743	-1.6969223	355.3171	101.11991	456.4968	-2.520804	-357.4485	23.014671	1383.0418462753296
28	5411.286	179.07965	5616.266	5115.981	5863.6597	80.15141	5968.945	5661.2236	1000.0	1000.0	140000	362.97034	101.426216	467.81284	2.0454597	362.9705	101.42562	467.76953	-1.2395225	-364.98624	22.343227	1434.1040165424347
29	5561.907	77.48764	5689.7407	5480.379	6007.88	109.8796	6139.961	5819.0303	1000.0	1000.0	145000	370.1564	101.81829	472.05426	-1.5099776	370.15668	101.81756	471.2206	-0.23397541	-372.26508	22.268316	1488.3685958385468
30	5663.9014	132.38112	5859.8623	5529.99	5684.128	138.60344	5866.5356	5400.288	1000.0	1000.0	150000	377.77426	102.05744	481.15125	-8.48131	377.7744	102.05713	480.48654	-1.4209116	-379.82874	24.16501	1541.436410665512
31	4719.4307	1148.2749	5755.7217	3073.3655	5920.422	90.91513	6112.193	5819.8516	1000.0	1000.0	155000	383.17398	105.01201	487.2918	-5.93959	383.17447	105.01174	486.34796	-0.23506188	-385.27676	24.879425	1592.8513267040253
32	5338.4614	648.7675	5868.5723	4063.652	6175.0596	124.14582	6461.3423	6012.279	1000.0	1000.0	160000	387.43045	109.84267	496.234	-20.286877	387.43082	109.84204	495.3031	-40.775578	-389.5714	27.142979	1643.9771575927734
33	5753.307	121.30854	5920.3574	5597.776	5758.798	292.78036	6169.077	5116.1567	1000.0	1000.0	165000	393.20712	111.55358	499.25677	-43.659317	393.2074	111.552155	499.2987	-59.169014	-395.22845	29.173306	1696.4302945137024
34	5812.0913	142.88852	5991.9575	5599.98	4470.995	1370.3125	5353.282	1118.8326	1000.0	1000.0	170000	398.74887	112.73375	508.20572	-51.671894	398.74918	112.733536	509.533	-54.919186	-400.84576	29.871681	1751.684382200241
35	5791.071	258.6459	6112.31	5492.484	6254.8306	77.6097	6365.1416	6104.31	1000.0	1000.0	175000	403.9821	113.68533	510.0753	-51.719925	403.98297	113.68371	511.33438	-79.34732	-406.3037	28.343716	1804.2697620391846
36	6125.9736	117.34637	6289.8633	5940.248	6169.5107	107.350624	6316.154	5975.1455	1000.0	1000.0	180000	409.4957	114.60713	516.1167	-57.67331	409.49625	114.60582	516.9673	-60.64335	-411.6706	27.838737	1855.8070726394653
37	6043.407	116.01647	6267.747	5955.3076	6284.5127	99.664444	6448.136	6109.0767	1000.0	1000.0	185000	415.31638	115.069115	522.2092	-74.88868	415.31674	115.06906	520.33746	-71.94013	-417.5746	28.706474	1905.5879397392273
38	6189.457	136.06262	6359.0073	5949.3145	6712.276	120.05846	6880.249	6407.3867	1000.0	1000.0	190000	420.64236	115.85416	523.87195	-102.62752	420.6427	115.853905	524.06116	-59.37271	-422.7293	28.937746	1953.8252720832825
39	6105.9336	226.66064	6409.7905	5739.991	6459.377	105.17217	6643.824	6331.9746	1000.0	1000.0	195000	426.22345	116.58804	532.15424	-84.07704	426.2238	116.5883	532.96454	-90.698135	-428.3982	28.490837	2003.3499732017517
40	6210.1147	131.75365	6375.839	5982.83	5677.889	970.60736	6258.4487	2796.1982	1000.0	1000.0	200000	431.84195	116.83567	538.64276	-67.88114	431.84232	116.83458	537.6795	-84.40889	-433.996	28.791212	2050.76535820961
41	6205.9707	168.10313	6462.182	5954.421	6523.6533	98.88791	6670.3086	6376.965	1000.0	1000.0	205000	437.02194	117.89727	544.6479	-114.51127	437.02234	117.89733	545.58624	-86.50782	-439.14075	29.754622	2099.033730506897
42	6155.016	228.04466	6471.7886	5861.0767	6877.5693	139.10205	7173.9067	6719.274	1000.0	1000.0	210000	441.7476	118.50928	552.64044	-178.5322	441.74808	118.508446	554.04504	-84.477356	-443.6924	30.073278	2148.1353409290314
43	6301.0757	150.17834	6474.2373	6020.528	6626.0186	115.8294	6810.0923	6478.2485	1000.0	1000.0	215000	447.264	118.042984	557.74316	-89.46054	447.2643	118.042946	556.943	-96.87778	-449.0607	30.300116	2196.3814883232117
44	6194.893	311.72205	6559.8174	5638.6104	6284.0786	1183.4423	6798.0903	2739.0212	1000.0	1000.0	220000	451.7704	118.797646	563.321	-94.67989	451.77048	118.79813	565.2454	-126.70729	-453.5408	30.78173	2244.006265640259
45	6457.1353	70.6081	6567.8857	6367.6636	6970.764	119.31888	7106.974	6746.179	1000.0	1000.0	225000	456.71182	119.2475	570.7524	-110.068275	456.712	119.246155	571.66644	-124.75145	-458.8844	29.90419	2290.952991962433
46	6540.6626	181.13484	6840.446	6282.616	6902.721	105.12924	7123.5854	6729.3945	1000.0	1000.0	230000	461.50128	120.24095	576.26746	-97.6253	461.50146	120.24107	578.27423	-106.28566	-463.421	30.881681	2338.1931014060974
47	6624.3374	118.56442	6749.8354	6455.401	6883.551	84.58351	7084.554	6753.3696	1000.0	1000.0	235000	466.1977	121.10164	584.30566	-109.80832	466.19818	121.10231	581.50586	-109.39918	-468.4301	30.816444	2386.2168185710907
48	6670.9346	139.23845	6854.6396	6441.8057	7026.428	88.95508	7162.043	6842.513	1000.0	1000.0	240000	471.56543	121.25998	585.63257	-116.696106	471.566	121.2594	585.69653	-116.67863	-473.83395	31.3621	2437.1722679138184
49	6678.157	169.8914	6898.2627	6411.8335	6534.5415	1869.5852	7314.185	938.0819	1000.0	1000.0	245000	476.50635	121.59522	590.15857	-106.52197	476.50647	121.59586	590.9898	-102.963524	-478.44815	32.24108	2484.2220413684845
50	6648.171	50.75596	6718.303	6570.3115	7128.9346	116.403336	7374.1895	6991.643	1000.0	1000.0	250000	481.38028	121.80847	594.8883	-101.65805	481.3802	121.809555	592.59125	-121.7689	-483.4426	32.143757	2532.0343441963196
51	6655.9985	187.63335	6957.327	6369.843	7215.957	141.08865	7511.7183	6927.6196	1000.0	1000.0	255000	486.19714	122.1054	598.2203	-112.524155	486.19742	122.105415	600.9088	-117.88871	-488.5414	31.43635	2579.712749004364
52	6719.423	84.69469	6822.738	6585.564	7390.4985	83.53203	7539.8296	7253.8325	1000.0	1000.0	260000	491.3143	121.49505	606.5773	-118.58387	491.31427	121.49595	606.5886	-134.09407	-493.3513	31.9241	2628.365655899048
53	6864.8867	189.06906	7109.7275	6595.5747	7412.2656	118.63378	7667.6084	7246.855	1000.0	1000.0	265000	496.3289	122.065475	606.3737	-123.92563	496.32907	122.065414	607.1041	-119.63054	-498.5505	34.16696	2676.900259256363
54	6947.2188	88.39691	7080.5854	6837.7305	7286.557	128.45096	7540.5605	7113.406	1000.0	1000.0	270000	500.90454	122.26658	609.5603	-105.52724	500.90457	122.266624	609.5045	-105.83855	-503.0071	32.344784	2725.0486018657684
55	6882.7627	72.288826	6949.81	6746.9365	6896.0244	77.533	7049.7827	6794.1733	1000.0	1000.0	275000	505.46722	121.73684	613.1912	-96.93295	505.46725	121.73858	613.11945	-94.329796	-507.7008	32.53202	2774.4738302230835
56	6917.544	186.60117	7145.073	6579.668	6979.371	72.87679	7137.1606	6840.2876	1000.0	1000.0	280000	509.2188	122.33411	620.14404	-100.71824	509.21924	122.333824	618.3876	-127.02224	-511.67365	34.159702	2824.0512733459473
57	7006.2485	197.73825	7238.1035	6683.229	7612.9688	70.125694	7704.095	7475.4526	1000.0	1000.0	285000	513.27576	121.86468	628.2776	-98.55628	513.27576	121.86544	626.79285	-137.93686	-515.7416	34.291958	2872.1479711532593
58	7144.6953	32.506393	7188.0845	7088.7627	7565.8374	73.22536	7737.392	7448.2163	1000.0	1000.0	290000	517.0673	122.202934	632.0818	-129.55695	517.0674	122.20331	633.4538	-140.26796	-519.3835	35.092556	2921.9853682518005
59	7256.1875	114.55918	7438.718	7132.321	7529.8506	112.8333	7721.528	7369.3853	1000.0	1000.0	295000	521.4738	121.51696	637.9082	-218.35657	521.4738	121.518196	639.30975	-193.30629	-523.49414	34.672577	2970.360706806183
60	7255.302	99.69083	7368.394	7119.641	7273.3594	85.92166	7379.845	7128.555	1000.0	1000.0	300000	525.60767	121.76099	641.55286	-118.72065	525.60815	121.76039	642.1904	-115.41217	-527.68835	33.988857	3019.2157287597656
61	7047.9766	149.70335	7343.8584	6936.796	7520.458	74.107765	7627.3994	7367.6406	1000.0	1000.0	305000	529.4453	121.82486	646.1036	-127.63565	529.4453	121.82516	644.675	-117.369	-531.5256	35.669926	3070.24827170372
62	7163.8516	146.51117	7398.548	6961.4375	7662.3867	92.73932	7840.8545	7502.2617	1000.0	1000.0	310000	533.52936	121.53266	647.1328	-149.13254	533.5294	121.532364	646.85815	-111.08793	-535.5147	36.89239	3120.4112482070923
63	7175.1846	136.08513	7352.5156	6992.7534	7703.956	65.31584	7789.611	7616.4355	1000.0	1000.0	315000	537.0197	122.54987	652.6128	-152.4278	537.0197	122.551445	653.13617	-146.24733	-539.3062	35.137264	3172.097677230835
64	7305.3975	183.82907	7552.897	7064.49	7931.8022	99.479065	8080.5728	7772.2056	1000.0	1000.0	320000	541.0593	122.33242	657.7972	-129.52335	541.0593	122.33225	660.4396	-132.22925	-543.4524	36.044907	3221.9168577194214
65	7289.284	165.66017	7496.0913	7020.552	7779.116	85.448555	7901.436	7648.6396	1000.0	1000.0	325000	544.75116	122.26689	660.42694	-150.36455	544.7512	122.2668	659.4131	-136.2627	-547.222	36.37178	3273.7407701015472
66	7264.164	144.51009	7514.901	7105.284	7815.8564	74.13126	7948.564	7691.0903	1000.0	1000.0	330000	548.69	121.11066	665.34406	-168.79005	548.69037	121.112114	663.69116	-235.18742	-550.8749	37.082893	3324.187339782715
67	7359.366	80.28114	7496.087	7254.9316	7655.9624	82.87718	7809.246	7513.2114	1000.0	1000.0	335000	551.6073	121.858734	669.3159	-147.26498	551.6075	121.86033	665.34814	-106.19481	-553.791	37.439213	3377.1998381614685
68	7281.6875	201.21077	7672.0093	7100.135	7547.2524	46.782547	7636.9346	7480.409	1000.0	1000.0	340000	555.09534	121.74259	668.20526	-126.31405	555.09546	121.74296	668.4969	-141.18015	-557.4128	36.8141	3429.3381140232086
69	7274.6577	111.52376	7460.896	7154.496	8018.0234	72.464584	8129.609	7895.1304	1000.0	1000.0	345000	558.36786	121.85094	672.2239	-156.95369	558.3681	121.85112	674.56836	-155.93665	-560.8491	37.965626	3481.8047795295715
70	7427.832	125.41124	7663.7363	7288.116	7665.1787	109.36576	7833.235	7542.847	1000.0	1000.0	350000	561.2829	121.92624	677.9752	-188.69101	561.2831	121.92605	674.17865	-205.71432	-563.6026	38.48238	3534.8361921310425
71	7271.0327	115.605225	7415.7686	7070.8105	7815.7827	101.49365	7971.995	7614.0156	1000.0	1000.0	355000	564.66754	121.2014	679.1124	-139.76633	564.66754	121.20209	678.1717	-146.33893	-567.066	36.805473	3587.7080960273743
72	7402.237	76.49217	7503.7017	7276.991	7928.371	59.961014	8046.487	7854.4473	1000.0	1000.0	360000	567.09326	122.381546	678.4036	-160.3742	567.0936	122.38085	677.54175	-131.80197	-569.141	37.920383	3641.2615265846252
73	7454.375	153.57167	7676.942	7259.934	7983.514	75.56089	8119.5435	7862.6523	1000.0	1000.0	365000	569.9055	122.00558	678.4061	-196.12001	569.9054	122.006996	679.233	-187.7406	-572.0921	38.118195	3691.634644985199
74	7197.9883	259.3061	7461.66	6832.774	7884.824	75.04269	8019.487	7781.0767	1000.0	1000.0	370000	572.50574	121.74864	679.9729	-195.32664	572.50616	121.74837	679.8788	-178.0397	-574.6984	38.27168	3742.992614507675
75	7415.332	77.55222	7546.569	7334.643	8159.517	114.91008	8443.825	7994.8833	1000.0	1000.0	375000	574.39496	122.215866	685.2159	-209.57251	574.3955	122.215126	685.1794	-160.50975	-576.5362	38.711624	3794.4310958385468
76	7426.6406	160.4225	7663.792	7228.3887	7998.8438	163.56065	8199.937	7671.26	1000.0	1000.0	380000	577.084	121.624115	688.8899	-175.57463	577.0838	121.62493	691.3968	-177.77197	-579.3652	38.692444	3846.2963869571686
77	7369.1904	173.65	7546.659	7043.4985	7811.2827	97.257675	7909.2285	7636.369	1000.0	1000.0	385000	579.44025	121.21687	689.6316	-243.78667	579.4406	121.21805	690.13995	-281.28244	-581.4742	40.842342	3897.791506052017
78	7395.714	134.98364	7560.8623	7234.6733	8031.9688	109.63579	8191.842	7811.677	1000.0	1000.0	390000	581.811	120.34992	693.8613	-168.95709	581.81134	120.35125	692.27185	-157.65845	-584.07294	39.814175	3949.2687344551086
79	7580.005	124.47296	7704.1475	7355.386	7886.6416	114.963066	8021.7065	7662.5034	1000.0	1000.0	395000	583.585	120.58126	693.134	-124.10566	583.58484	120.5821	694.1102	-119.143166	-585.6913	38.12458	4000.8744266033173
80	7583.2905	149.71132	7812.442	7392.255	7843.6475	917.29236	8255.106	5102.898	1000.0	1000.0	400000	585.774	120.47154	697.3697	-158.57114	585.77386	120.472885	698.0207	-151.7928	-587.8366	37.63634	4052.286729812622
81	7531.297	167.04326	7798.864	7305.3394	8157.65	117.12898	8362.516	7903.14	1000.0	1000.0	405000	588.0205	120.36186	697.5532	-149.1894	588.0207	120.36212	695.7617	-151.31635	-589.9877	39.364937	4104.798121213913
82	7517.763	241.9982	7760.1104	7102.891	8138.237	83.365166	8303.081	8029.974	1000.0	1000.0	410000	590.5247	119.51255	698.9088	-132.05739	590.5249	119.51358	699.9057	-117.858154	-592.4313	37.148453	4156.331752300262
83	7500.221	213.38466	7797.1934	7203.02	7960.388	85.43011	8112.351	7831.606	1000.0	1000.0	415000	592.2598	118.91748	703.0899	-151.05774	592.2598	118.91737	702.13275	-141.21695	-594.3317	37.17159	4208.289955377579
84	7316.3228	128.87561	7477.895	7140.9263	8105.745	78.591545	8231.338	7962.728	1000.0	1000.0	420000	594.56085	118.80688	700.2224	-137.5913	594.56055	118.8092	700.6639	-128.10706	-596.91315	38.010933	4260.553256034851
85	7553.9756	149.68668	7708.0723	7285.585	8195.859	86.63505	8309.217	7971.575	1000.0	1000.0	425000	596.6368	118.79832	703.87744	-153.6717	596.63696	118.79892	701.65515	-163.04793	-598.4655	37.35568	4311.992486000061
86	7576.1343	72.02062	7664.9214	7456.242	7486.2646	1981.6671	8319.265	1548.1671	1000.0	1000.0	430000	599.1083	117.58439	705.47455	-295.32184	599.1086	117.58404	702.9513	-206.93272	-601.51117	37.243332	4361.53523182869
87	7452.8057	220.71829	7725.0806	7195.227	8290.928	108.781235	8426.013	8065.8604	1000.0	1000.0	435000	601.231	117.85839	712.52856	-121.2137	601.23114	117.8589	708.7923	-107.252174	-603.7042	36.10079	4414.224556922913
88	7635.957	135.54916	7798.0825	7420.138	7863.4624	67.08182	7989.4976	7794.814	1000.0	1000.0	440000	602.9886	117.90751	710.12744	-122.806046	602.98865	117.90818	709.5699	-139.49109	-604.8755	36.366093	4466.754175901413
89	7605.452	158.73726	7807.1787	7348.599	8357.854	82.05729	8486.074	8190.7427	1000.0	1000.0	445000	604.8187	117.33132	710.01526	-120.49439	604.819	117.33067	711.45233	-103.92262	-606.91974	36.53214	4518.065404176712
90	7570.1694	348.72443	7941.264	7013.99	7584.784	86.403946	7695.554	7365.936	1000.0	1000.0	450000	606.76385	117.45843	718.0106	-109.44358	606.764	117.4579	715.46704	-92.08795	-609.14136	37.44717	4570.039326429367
91	7574.199	331.26685	7838.5317	6937.9717	8352.841	118.16169	8619.064	8173.8604	1000.0	1000.0	455000	608.52527	116.30756	715.35736	-120.65318	608.5251	116.308	715.76984	-131.02455	-610.50806	37.868954	4622.764530658722
92	7393.78	611.12524	7777.733	6175.624	8346.562	61.31834	8478.973	8268.198	1000.0	1000.0	460000	609.38086	117.093506	715.0778	-113.73624	609.38086	117.0938	715.9913	-147.68365	-611.4051	36.17848	4675.457085132599
93	7680.421	101.209114	7841.6455	7562.1167	8218.611	73.96579	8355.967	8093.852	1000.0	1000.0	465000	611.0424	115.52273	720.0398	-137.62907	611.0425	115.52383	719.87885	-156.58177	-613.0304	37.91274	4728.9071407318115
94	7493.099	339.72662	7965.9375	7040.3667	8171.586	93.541016	8247.582	7944.7134	1000.0	1000.0	470000	611.95935	117.080765	718.98706	-153.46832	611.95966	117.08096	719.5882	-154.6088	-613.7048	38.09035	4783.770268440247
95	7702.2437	97.22019	7797.3867	7523.8345	8326.415	56.539124	8394.2295	8219.248	1000.0	1000.0	475000	613.6732	116.59104	722.9925	-146.02919	613.6734	116.59078	721.4903	-135.92508	-615.7708	37.317875	4837.628836154938
96	6370.59	2871.0417	7989.924	635.6236	8195.285	103.02845	8328.298	7991.4077	1000.0	1000.0	480000	614.2926	118.17857	720.8923	-135.66345	614.2927	118.179184	721.2738	-145.82785	-616.3904	36.950794	4890.587924480438
97	7631.3687	189.64674	7805.736	7293.1426	8344.651	116.14168	8546.928	8107.8384	1000.0	1000.0	485000	614.46954	121.1094	728.34265	-171.15396	614.46906	121.11045	725.3161	-164.7572	-616.7288	38.878624	4945.136013269424
98	7706.228	125.930435	7900.9795	7531.254	8456.047	93.722046	8580.38	8316.032	1000.0	1000.0	490000	616.12476	120.43214	724.2857	-122.204735	616.12524	120.43173	723.6532	-136.31502	-617.9851	39.56479	4998.245002269745
99	7760.052	99.85482	7846.3833	7574.5405	8270.807	123.4494	8448.383	8071.3877	1000.0	1000.0	495000	617.187	120.32282	724.443	-125.344284	617.1866	120.32311	725.5847	-115.92926	-619.20984	38.260296	5048.693857431412
100	7790.4194	175.98822	8076.4883	7577.5454	8132.9053	76.93401	8250.831	7994.9126	1000.0	1000.0	500000	618.29865	120.389984	727.38403	-165.63412	618.29877	120.388535	728.59784	-144.52538	-620.2696	38.6302	5100.6702291965485
101	7767.7627	183.75887	8107.965	7568.794	8055.4346	177.04643	8393.315	7848.5195	1000.0	1000.0	505000	620.0001	119.229996	726.66223	-211.49286	620.0002	119.22992	725.4657	-216.84717	-622.1248	37.985737	5154.005871772766
102	7657.343	209.52223	7923.596	7353.396	8258.769	106.95133	8398.92	8090.7095	1000.0	1000.0	510000	621.30316	118.2404	727.15356	-166.0844	621.30316	118.2401	727.57074	-177.01941	-623.6227	39.204983	5208.531996011734
103	7782.0767	92.49383	7913.1147	7662.2397	8354.313	105.5706	8518.343	8162.5654	1000.0	1000.0	515000	621.97504	118.48574	726.40894	-288.7167	621.97504	118.48543	726.1377	-174.00127	-623.8703	39.481136	5260.418061971664
104	7872.5796	258.51944	8180.4355	7441.081	7908.3853	1047.194	8524.353	4790.765	1000.0	1000.0	520000	622.9604	117.629845	727.8992	-168.84776	622.9605	117.629745	727.6024	-237.11401	-625.07196	40.288345	5312.771213531494
105	7889.996	213.31837	8104.154	7505.377	7540.7554	1985.2014	8394.081	1591.1082	1000.0	1000.0	525000	624.0344	117.28811	733.73126	-201.6146	624.03455	117.28738	732.26215	-177.02637	-626.15216	39.364758	5365.488387346268
106	7745.4795	195.98563	7939.593	7427.927	8261.89	132.94862	8548.633	8077.625	1000.0	1000.0	530000	624.9977	116.13268	730.9403	-173.10419	624.9975	116.13332	728.3406	-165.6414	-626.9228	40.169266	5416.722737073898
107	7764.431	110.169914	7873.7183	7552.061	8079.789	97.591774	8286.55	7915.223	1000.0	1000.0	535000	626.0083	115.00548	733.7134	-204.26883	626.0084	115.00499	731.1128	-212.55496	-627.9509	41.01382	5467.549298524857
108	7740.8774	149.7515	7873.7993	7462.4985	8505.091	100.49504	8679.234	8373.228	1000.0	1000.0	540000	626.5188	114.91261	731.69507	-119.47307	626.5188	114.912964	732.6951	-105.36648	-628.4845	38.90173	5517.783231496811
109	7898.991	128.56107	8077.031	7687.255	8308.662	127.19559	8545.31	8093.54	1000.0	1000.0	545000	627.2525	115.19835	731.36755	-134.0482	627.25244	115.19966	731.14844	-174.6537	-629.129	39.03359	5568.259782791138
110	7898.8154	178.63281	8145.576	7619.4976	8572.404	134.56046	8796.888	8375.199	1000.0	1000.0	550000	628.5503	113.6254	731.1164	-123.44141	628.5498	113.62683	731.7306	-153.4069	-630.652	38.001637	5619.747575044632
111	7786.583	238.4931	8088.4116	7446.3813	8259.964	92.2699	8444.034	8121.83	1000.0	1000.0	555000	629.2572	113.69278	730.67786	-107.29799	629.25714	113.693886	731.7104	-108.88753	-631.2275	38.438614	5671.625938415527
112	7725.4663	148.01546	7990.977	7552.377	7667.413	148.013	7879.571	7467.65	1000.0	1000.0	560000	630.1288	113.50219	733.91077	-112.739845	630.12885	113.50394	733.6593	-122.182045	-632.13007	38.14355	5724.897644996643
113	7791.7515	201.74046	7987.8955	7437.0723	8271.441	159.69487	8468.395	8016.213	1000.0	1000.0	565000	630.82306	113.62589	732.4904	-137.3285	630.8234	113.62594	731.4007	-121.10344	-632.9716	38.662025	5778.092881441116
114	7849.091	90.89998	7942.7144	7686.926	8420.271	90.380905	8590.724	8233.342	1000.0	1000.0	570000	631.5675	113.49926	734.0541	-131.05716	631.56726	113.499855	732.99506	-140.55403	-633.3196	37.3116	5830.152748346329
115	7908.3877	104.966484	8000.4385	7717.007	8120.46	102.39839	8294.317	7948.682	1000.0	1000.0	575000	632.8177	112.55348	733.98175	-157.1741	632.81744	112.5532	732.77606	-125.77486	-634.7756	37.60678	5881.522827863693
116	7843.616	198.54425	8118.5933	7513.062	8374.53	84.114586	8550.838	8235.951	1000.0	1000.0	580000	633.3673	114.07571	734.4009	-222.50002	633.3675	114.076614	734.83276	-223.6895	-635.2729	36.785866	5934.485005617142
117	7941.1943	175.39928	8108.789	7676.45	7886.6626	78.29257	8012.9355	7773.4385	1000.0	1000.0	585000	634.3278	113.37072	735.7028	-153.25421	634.32764	113.37147	735.83984	-133.37419	-636.1689	37.54208	5987.258379459381
118	7866.242	147.0206	8055.3657	7711.567	8489.3545	52.33115	8607.803	8403.517	1000.0	1000.0	590000	635.40857	112.9324	746.0311	-132.91473	635.40875	112.93191	745.80524	-134.02782	-637.3995	37.614094	6041.884443998337
119	7869.6475	59.25785	7961.4956	7793.4985	8160.1343	109.27789	8364.864	7971.122	1000.0	1000.0	595000	636.10974	113.44124	747.0002	-296.77066	636.11005	113.44032	746.36224	-217.16136	-638.1351	39.46315	6096.218857765198
120	7985.133	117.9349	8190.168	7878.0654	8364.04	83.477005	8528.399	8232.677	1000.0	1000.0	600000	637.2478	112.08821	748.2009	-132.36356	637.2479	112.08789	747.0964	-153.85019	-639.1673	40.161114	6149.111464977264
121	7988.9077	118.63786	8143.054	7793.455	8561.082	98.42273	8735.538	8423.895	1000.0	1000.0	605000	637.8528	113.17446	747.64935	-205.88216	637.85266	113.171974	746.30505	-207.21509	-639.6912	42.35895	6201.6832411289215
122	7931.3623	196.08142	8107.8364	7569.4224	8615.139	122.10718	8814.686	8477.757	1000.0	1000.0	610000	638.908	112.10482	746.5608	-122.30471	638.9081	112.105286	745.62695	-134.65375	-641.0334	40.14746	6252.6644649505615
123	7879.186	105.423134	8020.768	7742.899	8694.32	105.71636	8827.192	8491.967	1000.0	1000.0	615000	639.1491	112.88317	744.69666	-84.43121	639.14905	112.88261	744.76294	-86.33391	-641.2272	40.25788	6303.262180089951
124	7828.801	265.275	8120.102	7366.931	8846.482	87.27104	8983.414	8710.781	1000.0	1000.0	620000	640.28723	111.94448	744.8673	-147.42514	640.28674	111.94551	744.0996	-200.5283	-642.4705	39.221714	6355.68519949913
125	8018.7188	100.73092	8135.205	7853.19	8541.217	74.99913	8659.238	8386.494	1000.0	1000.0	625000	641.50604	110.79486	749.38574	-145.93335	641.5064	110.79473	744.2339	-149.20465	-643.7618	40.376274	6407.561652898788
126	8050.372	213.44571	8203.4	7629.786	8452.847	109.983955	8621.792	8289.908	1000.0	1000.0	630000	642.4584	110.71292	748.77747	-165.98721	642.4582	110.713905	747.57983	-214.39404	-644.2627	39.952248	6459.116662740707
127	8004.6577	134.58554	8227.346	7876.5176	8008.6235	1460.2559	8632.187	3634.7974	1000.0	1000.0	635000	643.11707	111.07527	751.1911	-196.64241	643.11725	111.07255	751.3728	-201.7996	-645.1019	41.515373	6511.98197388649
128	8007.9077	145.85445	8173.1436	7795.642	8744.179	204.43958	9066.5	8396.303	1000.0	1000.0	640000	644.1008	110.39256	747.8083	-258.13144	644.10065	110.39332	747.87573	-258.66132	-645.9534	43.149673	6565.480950117111
129	8192.727	114.92075	8408.064	8106.581	8254.916	157.60684	8480.348	7970.353	1000.0	1000.0	645000	644.8063	111.70464	753.1821	-214.99171	644.8066	111.70511	750.9759	-174.16074	-646.6923	40.961464	6617.473314285278
130	7897.366	241.31934	8218.099	7502.6753	8018.807	94.356834	8162.8413	7876.603	1000.0	1000.0	650000	645.68726	111.176636	751.37537	-185.49203	645.6873	111.17634	752.306	-179.18495	-647.56604	40.301094	6669.3370497226715
131	7883.5625	187.02103	8194.935	7687.6025	8388.275	160.08301	8609.6455	8124.2563	1000.0	1000.0	655000	646.38245	110.24877	749.3568	-205.98775	646.38214	110.24967	748.71655	-229.28816	-648.36725	39.487858	6721.807758331299
132	8154.818	171.10312	8348.772	7890.2695	8741.575	52.92531	8833.3	8660.091	1000.0	1000.0	660000	646.9254	109.84995	749.78424	-142.3925	646.9257	109.85014	747.2148	-120.68717	-648.70325	39.08897	6774.261751413345
133	8096.526	87.661674	8197.698	7986.6533	8331.092	138.70345	8560.879	8118.964	1000.0	1000.0	665000	647.97125	108.94468	746.76807	-114.39176	647.97107	108.94486	746.83887	-122.28308	-650.0156	39.095955	6825.958802700043
134	8007.807	231.62097	8293.495	7619.7563	8346.608	173.26575	8649.375	8096.27	1000.0	1000.0	670000	648.9368	108.63995	749.2636	-158.2727	648.9371	108.6378	749.156	-131.83774	-650.8164	39.3596	6877.565509080887
135	8038.715	155.45668	8276.601	7859.5356	8451.873	255.1928	8875.98	7865.997	1000.0	1000.0	675000	649.8338	108.95427	750.2704	-282.71945	649.83386	108.953705	749.81396	-266.04187	-651.9688	40.263412	6929.85382938385
136	8184.721	159.97665	8416.936	7972.1245	8635.378	153.65309	8846.249	8309.78	1000.0	1000.0	680000	651.06134	108.70334	753.68134	-201.41273	651.0615	108.70109	751.49365	-187.28363	-653.135	41.66042	6981.9649448394775
137	8062.493	103.48265	8198.253	7883.536	8660.303	219.05695	8915.293	8243.234	1000.0	1000.0	685000	651.729	109.444534	752.00195	-196.6704	651.7285	109.445984	752.8924	-224.6749	-653.5118	42.43524	7034.814743757248
138	8122.439	144.04332	8352.41	7957.409	8541.389	82.94304	8687.989	8429.307	1000.0	1000.0	690000	652.68823	109.13866	752.4668	-192.60944	652.6883	109.139565	753.0399	-201.76854	-654.5425	41.987663	7089.117650747299
139	8244.35	200.2412	8482.126	7980.639	8391.149	105.32069	8591.71	8262.451	1000.0	1000.0	695000	653.8521	108.5068	755.93945	-229.24294	653.85223	108.50838	753.8557	-119.96004	-655.7583	40.988384	7142.78112745285
140	7971.578	218.13423	8279.763	7635.467	8648.063	133.30096	8821.224	8423.17	1000.0	1000.0	700000	654.75464	108.61117	755.8244	-114.63143	654.7547	108.61115	758.3178	-107.58037	-656.5694	38.99027	7195.574020624161
141	8039.932	235.44037	8285.302	7614.8174	7557.7725	2310.7434	8578.525	668.654	1000.0	1000.0	705000	655.59827	107.24649	755.4813	-133.07437	655.59814	107.24674	754.2157	-143.20267	-657.6271	38.809914	7247.97065281868
142	8034.78	158.86719	8228.326	7769.408	8610.607	139.09245	8843.901	8379.346	1000.0	1000.0	710000	656.2437	107.55205	759.7088	-199.2169	656.2436	107.553024	760.8304	-172.155	-658.0195	39.25793	7301.450575828552
143	8136.8955	215.46379	8406.8545	7826.422	8393.672	131.30003	8626.555	8173.203	1000.0	1000.0	715000	656.4358	108.27159	758.20703	-193.06982	656.4358	108.27118	756.55505	-186.60925	-658.1529	40.594875	7353.094830036163
144	8066.255	207.52197	8342.478	7735.6	8522.816	106.95465	8686.723	8287.24	1000.0	1000.0	720000	656.9554	108.596275	760.12256	-133.92253	656.9554	108.597885	761.0824	-130.89339	-658.9935	40.65442	7404.992646932602
145	8074.8687	216.20854	8297.775	7767.8184	8661.041	65.18075	8752.181	8550.209	1000.0	1000.0	725000	657.81525	108.00949	758.23145	-169.33195	657.8156	108.00944	756.8533	-208.24515	-659.85156	41.93517	7457.908087730408
146	8149.764	121.17302	8355.759	8029.3066	8596.24	177.40898	8920.031	8375.97	1000.0	1000.0	730000	658.5602	107.81334	760.5622	-181.06493	658.5604	107.811844	759.7337	-182.20593	-660.4444	41.420937	7511.900196552277
147	8109.271	97.56629	8237.51	8019.474	8908.81	112.82432	9051.511	8720.83	1000.0	1000.0	735000	659.5856	107.324265	758.1473	-164.60185	659.5852	107.3256	759.68427	-199.73824	-661.6249	41.459873	7565.73379945755
148	8075.6978	158.92374	8231.568	7773.8257	8829.186	121.6629	8982.854	8631.349	1000.0	1000.0	740000	660.6364	105.61401	759.4694	-183.5336	660.63666	105.61377	759.5292	-189.5034	-662.5956	41.150444	7619.029041528702
149	8173.862	49.694626	8269.535	8126.4907	8673.901	82.372444	8773.959	8474.99	1000.0	1000.0	745000	661.40393	105.30583	759.7987	-123.383484	661.4034	105.3065	758.23267	-123.11594	-663.39154	40.60239	7671.180799484253
150	7955.802	149.67381	8094.264	7688.6265	8563.7	96.514145	8735.735	8424.075	1000.0	1000.0	750000	661.8577	105.9851	762.4704	-188.00883	661.8578	105.98383	758.9312	-251.62042	-663.6883	42.292156	7722.309924125671
151	8233.717	83.538475	8307.192	8073.3643	8521.158	76.47135	8644.729	8408.054	1000.0	1000.0	755000	662.9023	105.92012	761.3316	-155.7033	662.9021	105.921974	761.5834	-169.52435	-664.81696	42.730995	7775.426000118256
152	8265.787	168.00847	8527.422	8015.207	8772.229	161.14636	9042.825	8487.611	1000.0	1000.0	760000	663.5623	105.548416	763.83057	-167.2907	663.5618	105.55	765.56586	-166.29015	-665.4758	42.27413	7828.517805814743
153	8171.133	100.05778	8332.003	8042.85	8717.379	150.33446	8936.337	8467.043	1000.0	1000.0	765000	664.3509	105.834595	762.5909	-161.5249	664.3513	105.8333	761.8615	-152.19968	-666.4162	40.742386	7883.2615168094635
154	8254.506	87.85325	8366.789	8152.8433	7129.1143	1724.0654	7910.5947	1974.0272	1000.0	1000.0	770000	665.435	105.84001	764.4544	-122.94667	665.43475	105.84137	765.33936	-133.79277	-667.49817	40.95425	7938.088491678238
155	8013.714	598.568	8647.152	6897.8115	8889.338	140.66043	9121.732	8645.437	1000.0	1000.0	775000	666.2131	106.29059	770.0587	-177.15042	666.21313	106.29122	768.23004	-190.6047	-667.9892	43.135166	7993.369177103043
156	8290.594	99.27484	8473.569	8188.2544	8666.672	119.08646	8827.174	8389.359	1000.0	1000.0	780000	666.8929	105.828514	770.18475	-229.29823	666.8926	105.82764	771.6507	-230.88564	-669.0018	43.46519	8048.360386133194
157	8303.477	129.8577	8457.83	8128.9795	8645.615	81.70337	8854.764	8553.547	1000.0	1000.0	785000	667.58673	105.93526	773.6618	-200.42468	667.58716	105.936554	769.7039	-242.54477	-669.54974	41.867287	8104.262074232101
158	8077.5576	163.50119	8327.022	7815.551	8881.225	125.805176	9051.49	8633.889	1000.0	1000.0	790000	668.3923	106.053185	771.49	-237.5056	668.39215	106.05258	772.15265	-182.9405	-670.13727	40.549885	8159.902563095093
159	8112.8545	104.904236	8299.56	7979.627	8413.966	188.34123	8759.117	8146.4307	1000.0	1000.0	795000	669.30707	105.62879	776.3342	-219.20665	669.3073	105.62882	767.13025	-219.73912	-671.27954	43.818993	8215.076825380325
160	8055.62	296.8128	8391.658	7645.6025	8725.463	110.83622	8865.664	8538.289	1000.0	1000.0	800000	669.5123	105.558304	771.1809	-288.9404	669.51245	105.558464	770.7257	-291.68588	-671.2169	44.659878	8268.71580338478
161	8156.1445	166.22815	8390.3125	7913.071	8672.982	115.091835	8901.95	8511.474	1000.0	1000.0	805000	669.5434	105.58758	772.9819	-324.92642	669.5433	105.58763	771.3863	-319.359	-671.3027	46.950714	8324.24376153946
162	8188.2173	124.15327	8353.693	8040.3467	8448.271	74.05627	8538.149	8336.544	1000.0	1000.0	810000	670.35144	105.03121	774.49475	-221.92233	670.35065	105.0345	774.18854	-249.98373	-672.2355	43.62325	8379.889132022858
163	8167.9014	147.24393	8400.863	7987.293	9015.147	118.2121	9226.614	8748.78	1000.0	1000.0	815000	671.061	105.408806	774.2102	-217.1631	671.0616	105.40724	769.8356	-204.72778	-672.9978	42.624325	8434.940678596497
164	8345.226	185.37167	8600.356	8134.553	7481.2476	2338.0474	9140.156	1893.2781	1000.0	1000.0	820000	672.2748	104.58498	774.5735	-259.08005	672.27496	104.58083	775.5921	-274.33365	-674.3511	43.313286	8489.879078388214
165	8278.129	154.72604	8580.288	8152.7656	8908.048	126.05278	9088.167	8650.562	1000.0	1000.0	825000	673.7392	104.425385	775.57	-256.44714	673.7394	104.42462	773.48206	-253.56436	-675.6669	43.54058	8545.510208129883
166	8346.561	141.18956	8507.133	8144.6147	8772.692	122.09783	8987.313	8577.097	1000.0	1000.0	830000	675.0661	104.24429	773.35834	-231.8195	675.0656	104.24523	774.4194	-238.9238	-677.0271	44.053875	8600.962053060532
167	8226.123	159.59093	8458.097	7978.631	8823.024	60.881035	8902.737	8686.234	1000.0	1000.0	835000	675.8839	105.04367	773.86835	-212.92589	675.884	105.04319	773.98	-224.0456	-677.7271	42.881977	8655.623792886734
168	8422.447	95.49622	8534.618	8292.011	8942.662	93.460304	9060.583	8765.544	1000.0	1000.0	840000	676.72845	105.28505	774.642	-195.1053	676.7288	105.28453	774.3729	-201.17778	-678.7257	44.5542	8712.040488243103
169	8430.519	152.25195	8705.009	8272.905	8779.234	139.5845	8988.273	8482.083	1000.0	1000.0	845000	677.7968	105.48979	777.2152	-273.731	677.79694	105.490875	775.2927	-252.50667	-680.0389	43.465054	8767.57845711708
170	8369.4375	229.2512	8786.377	8117.8296	8852.998	100.73071	9069.633	8729.341	1000.0	1000.0	850000	679.00555	104.909645	778.41565	-232.75375	679.0057	104.90802	779.61176	-224.68123	-680.8008	44.189342	8823.45936179161
171	8285.464	71.89462	8403.207	8210.105	8899.805	117.43215	9102.714	8682.343	1000.0	1000.0	855000	680.50354	104.72604	778.1663	-166.1962	680.5029	104.72789	779.2721	-167.77304	-682.32776	42.78265	8878.835800409317
172	8389.615	202.92618	8614.272	8043.126	8790.008	95.97531	8932.899	8564.795	1000.0	1000.0	860000	681.92914	104.10349	780.32733	-195.16545	681.92926	104.10276	781.89075	-220.01006	-683.74994	43.275707	8933.942867279053
173	8313.779	151.40422	8490.657	8072.0635	8705.261	57.391483	8782.239	8618.877	1000.0	1000.0	865000	682.8428	105.12407	783.0878	-161.74803	682.8433	105.12239	783.05945	-227.88661	-684.7743	43.603214	8988.518914461136
174	8307.564	228.38142	8655.8955	8006.483	9014.3955	102.74045	9156.239	8787.201	1000.0	1000.0	870000	683.8836	104.886215	782.44104	-227.49976	683.88367	104.884605	782.2322	-228.72008	-685.77136	44.741978	9043.92349433899
175	8456.3545	44.72016	8537.946	8412.47	8963.8545	110.97145	9107.102	8680.53	1000.0	1000.0	875000	684.2999	105.70675	783.69574	-153.56076	684.3001	105.704285	782.62585	-168.87108	-686.64764	43.603893	9098.806226968765
176	8346.237	99.75256	8501.402	8186.546	8971.076	86.7008	9055.688	8778.209	1000.0	1000.0	880000	685.1839	105.144875	783.3599	-209.07709	685.18365	105.147484	784.73615	-264.4063	-687.0976	43.921036	9154.431571245193
177	8488.134	223.2414	8744.056	8077.567	9088.555	123.36513	9310.691	8865.529	1000.0	1000.0	885000	686.1345	104.58482	785.4167	-217.42778	686.1348	104.5834	786.9071	-203.89746	-687.9801	45.68903	9209.938334226608
178	8355.902	217.49333	8633.892	8087.738	8619.713	56.81378	8715.332	8522.791	1000.0	1000.0	890000	686.6219	104.5307	787.7816	-237.24721	686.62195	104.529785	790.24896	-311.56995	-688.6345	44.15347	9265.582804441452
179	8330.424	277.9068	8673.598	7876.038	8987.687	69.16272	9115.473	8903.513	1000.0	1000.0	895000	687.5296	103.66175	789.80585	-189.63654	687.5297	103.66117	788.6322	-223.85278	-689.3027	44.68981	9320.660860300064
180	8538.572	73.41843	8630.174	8437.727	8908.708	102.78556	9071.855	8767.066	1000.0	1000.0	900000	688.0596	104.32673	794.33026	-209.80942	688.0596	104.32631	793.34656	-225.72691	-689.9916	45.270317	9376.788860321045
181	8462.154	90.03017	8551.961	8316.886	9098.887	81.80503	9213.906	8936.288	1000.0	1000.0	905000	688.74634	104.092026	793.7449	-90.87765	688.7466	104.09174	795.867	-95.52374	-690.8474	44.272606	9432.324035644531
182	8491.264	102.44622	8647.144	8332.596	8895.446	153.18668	9072.12	8670.526	1000.0	1000.0	910000	689.7194	102.67453	791.12384	-119.18689	689.71924	102.675995	791.8254	-123.7803	-691.6514	43.486794	9488.584235191345
183	8362.591	176.00398	8611.314	8123.9194	8858.893	119.51509	9123.959	8693.846	1000.0	1000.0	915000	690.3382	102.86186	793.0928	-121.235374	690.3381	102.860985	794.7942	-114.401024	-692.4872	44.866676	9544.417302131653
184	8424.312	77.479416	8493.7295	8283.491	8818.605	82.69542	8919.434	8647.308	1000.0	1000.0	920000	690.8872	102.739265	800.7762	-101.57195	690.8867	102.7405	793.9954	-104.55281	-692.6631	44.1739	9600.014334917068
185	8382.414	146.63098	8544.107	8154.1104	8595.05	75.76585	8700.721	8457.934	1000.0	1000.0	925000	692.0432	102.09658	795.1794	-121.41149	692.04315	102.097984	794.7332	-135.82156	-693.9325	43.16011	9654.898527622223
186	8530.143	95.480064	8676.897	8429.344	8943.436	157.55804	9143.295	8706.475	1000.0	1000.0	930000	692.78076	101.79522	796.2429	-166.86057	692.78033	101.796486	797.0287	-180.05196	-694.4401	44.06338	9710.588918447495
187	8527.283	125.58322	8692.891	8328.7295	8909.838	140.04178	9181.379	8717.4375	1000.0	1000.0	935000	693.88776	100.91983	796.3486	-199.21973	693.8877	100.91791	797.0856	-202.86249	-696.079	45.232685	9766.68717265129
188	8366.669	155.75061	8586.678	8116.295	9012.522	122.84884	9168.304	8766.586	1000.0	1000.0	940000	694.22473	101.19163	796.2003	-270.10995	694.22485	101.19281	796.1437	-298.54617	-696.5711	44.370155	9823.758911132812
189	8366.158	278.94235	8632.561	7837.5566	9081.584	96.54576	9276.228	8962.959	1000.0	1000.0	945000	694.70764	101.15573	796.7852	-169.4426	694.7078	101.15386	797.1402	-138.24869	-696.49805	43.922176	9877.748225450516
190	8406.385	159.4707	8698.7	8212.191	8102.784	2105.9392	9106.88	1801.213	1000.0	1000.0	950000	695.4683	100.94836	799.4089	-165.22667	695.4683	100.94828	797.8929	-155.0573	-697.3661	44.091724	9932.852457523346
191	8485.563	120.81973	8652.787	8364.433	8506.446	1419.5807	9136.353	4254.5503	1000.0	1000.0	955000	695.8912	101.61679	798.90686	-111.54641	695.8909	101.617874	797.2228	-96.90969	-697.9218	43.546524	9988.627866983414
192	8478.305	87.28809	8590.786	8359.346	9134.542	171.56056	9512.854	8937.903	1000.0	1000.0	960000	696.4183	100.52454	800.08026	-90.63411	696.41785	100.525795	799.99414	-86.65798	-698.26	43.516098	10045.314702749252
193	8585.37	131.81915	8803.871	8401.993	9160.326	83.54828	9288.231	9048.443	1000.0	1000.0	965000	696.7338	100.51369	798.54913	-134.65317	696.7334	100.51163	801.4912	-130.37793	-698.6738	42.963974	10101.193996191025
194	8475.482	162.29462	8672.661	8244.008	8308.322	1500.5591	8907.306	3812.1704	1000.0	1000.0	970000	696.8374	100.92905	800.8495	-193.78519	696.8371	100.93197	798.3401	-187.85948	-698.9686	44.764927	10156.35876083374
195	8447.891	146.23944	8557.046	8162.684	9200.465	132.94128	9404.517	8971.058	1000.0	1000.0	975000	697.1232	100.274025	800.0125	-195.4308	697.1229	100.275	802.9638	-184.52362	-699.0792	44.920242	10212.60052061081
196	8615.862	175.18034	8793.039	8339.367	8815.263	141.9152	8978.038	8504.44	1000.0	1000.0	980000	697.4743	99.74909	799.28656	-158.55725	697.4745	99.7485	800.3977	-183.78935	-699.3433	44.95286	10269.823637485504
197	8422.219	89.53744	8549.045	8296.947	9138.721	105.72728	9347.236	8989.71	1000.0	1000.0	985000	698.06903	99.563545	801.8178	-206.44571	698.0687	99.566025	803.6968	-227.88957	-699.7798	46.52355	10326.16713643074
198	8604.881	141.32835	8779.036	8373.66	9048.971	370.79083	9443.423	8012.5815	1000.0	1000.0	990000	698.7243	99.89316	802.1944	-196.25023	698.72394	99.895325	802.5639	-248.76341	-700.66364	45.363243	10382.909180164337
199	8625.394	163.35484	8778.146	8324.548	9195.317	96.49394	9356.723	9003.481	1000.0	1000.0	995000	699.2586	99.46881	809.6004	-148.98596	699.25885	99.46954	808.64233	-143.2315	-701.3592	44.56532	10439.554344415665
