Epoch	AverageEpRet	StdEpRet	MaxEpRet	MinEpRet	AverageTestEpRet	StdTestEpRet	MaxTestEpRet	MinTestEpRet	EpLen	TestEpLen	TotalEnvInteracts	AverageQ1Vals	StdQ1Vals	MaxQ1Vals	MinQ1Vals	AverageQ2Vals	StdQ2Vals	MaxQ2Vals	MinQ2Vals	LossPi	LossQ	Time
1	-288.3368	85.061134	-131.16447	-390.46994	-591.2977	2.0300732	-587.6731	-594.7253	1000.0	1000.0	5000	2.875185	3.7200532	24.453802	-9.292332	2.875338	3.7210112	24.366894	-9.226289	-4.3266234	0.46129844	39.23735475540161
2	-312.40347	33.45821	-259.48038	-350.38235	-438.24146	40.165688	-356.34467	-489.55115	1000.0	1000.0	10000	16.945349	8.7897005	49.415524	-17.6363	16.946287	8.790199	50.07282	-16.928825	-20.06663	1.7590188	79.06708693504333
3	-464.66675	66.892494	-390.52136	-564.6261	-548.3842	24.269789	-508.52374	-577.45575	1000.0	1000.0	15000	32.836685	8.277746	73.38618	-3.828946	32.837345	8.277598	72.46915	-6.6796827	-35.33822	3.075234	121.04423356056213
4	-92.03743	440.93527	568.9529	-530.471	-52.66288	464.9124	924.02655	-599.9723	1000.0	1000.0	20000	37.266857	14.791636	79.03643	1.4185663	37.267284	14.791457	78.968094	2.7795253	-39.511982	3.6886954	162.47477316856384
5	1019.57336	763.1873	1674.5654	-431.71378	669.6083	809.90546	1673.074	-447.63214	1000.0	1000.0	25000	43.645256	16.638502	90.69618	3.6253865	43.64569	16.639162	90.77129	4.1402617	-45.41463	3.5282118	205.33871221542358
6	926.13135	771.3779	1780.2915	-348.46017	1487.6284	710.2954	2234.145	-14.124668	1000.0	1000.0	30000	50.904503	19.558393	105.51003	8.314725	50.904846	19.559444	104.42576	8.736992	-52.49912	4.3636003	248.01319813728333
7	2182.3743	352.5651	2524.016	1544.1023	1187.6611	1279.8743	2685.403	-616.8271	1000.0	1000.0	35000	61.58687	26.452543	134.69156	3.6414633	61.586975	26.454035	133.9339	5.1193266	-63.32665	5.651176	290.38578701019287
8	2069.5312	790.71014	3019.06	986.7306	1729.8883	1361.14	3045.7073	-448.89975	1000.0	1000.0	40000	74.94321	34.519238	158.64917	2.0563262	74.94309	34.521797	159.11539	2.085999	-77.04252	8.430807	333.6244945526123
9	2167.9695	1472.9773	3293.418	-496.93713	3626.3425	142.77985	3877.2559	3320.929	1000.0	1000.0	45000	85.96119	45.276657	182.09459	-2.468178	85.961525	45.27897	184.61848	-2.48749	-88.20927	11.518454	375.32830929756165
10	3575.972	202.03268	3819.123	3327.97	3852.5032	154.17168	4088.6194	3545.9617	1000.0	1000.0	50000	103.24428	54.94391	208.8706	-6.090433	103.244675	54.945873	209.94041	-4.7066517	-105.855835	13.779319	418.1025700569153
11	3714.9753	162.61377	4029.7905	3588.2334	4028.6753	110.63783	4205.15	3844.0134	1000.0	1000.0	55000	122.92144	63.06006	231.90105	-8.190441	122.922	63.06171	233.66756	-7.8030896	-125.57746	15.547338	461.11374163627625
12	4070.891	185.25725	4377.4517	3794.7676	4072.1062	154.526	4275.079	3790.9573	1000.0	1000.0	60000	142.83499	69.88994	267.20428	-8.808744	142.83537	69.89089	262.88696	-8.591282	-145.56335	16.848879	504.7844445705414
13	4078.864	177.43819	4280.9644	3780.425	4477.038	95.097275	4658.8906	4326.1636	1000.0	1000.0	65000	161.98383	75.84944	279.96936	-8.8842535	161.9847	75.84998	280.90045	-8.85371	-164.56665	19.57574	547.8300290107727
14	4412.939	133.10362	4612.786	4199.769	4380.889	149.73695	4555.726	4069.5098	1000.0	1000.0	70000	180.63486	80.301476	300.09	-11.111019	180.63553	80.3019	297.07593	-7.438332	-183.44162	20.881678	590.9462003707886
15	4521.9414	100.17131	4680.0347	4414.273	4538.807	86.16526	4719.6113	4442.638	1000.0	1000.0	75000	199.1584	83.94861	315.3878	-6.3075233	199.15923	83.949	314.26736	-5.5635996	-202.05334	21.992582	632.5760757923126
16	4563.116	145.46371	4753.678	4393.0776	5163.234	117.94706	5346.7607	5022.965	1000.0	1000.0	80000	216.80127	86.771965	328.86105	-0.9554311	216.80171	86.77254	330.29318	-0.8000603	-219.73615	22.291666	675.8704664707184
17	4788.502	184.37997	4931.1865	4426.963	4687.7827	1025.546	5264.1714	1651.6165	1000.0	1000.0	85000	233.91158	89.5478	350.5466	2.5462632	233.91194	89.548225	350.1742	-9.297287	-236.6219	22.345146	720.1382751464844
18	4843.418	139.16249	5026.038	4624.309	5005.3203	82.9905	5123.6816	4821.4214	1000.0	1000.0	90000	249.83028	91.48456	366.6151	-1.950968	249.83116	91.48463	366.6405	-1.31235	-252.68048	22.199356	763.9855935573578
19	5034.724	187.97672	5192.1206	4670.5864	5191.0283	80.26451	5307.0054	5069.342	1000.0	1000.0	95000	264.67166	92.90264	373.918	3.9643812	264.6723	92.90306	374.59164	-0.6577697	-267.511	23.224094	807.3492348194122
20	5117.6733	137.24165	5384.4497	4995.4336	5120.5596	58.241375	5228.5947	5018.6333	1000.0	1000.0	100000	279.2541	94.404	391.6311	3.8794382	279.25452	94.40432	389.56458	2.1624115	-282.01328	23.338276	850.9187135696411
21	5189.2144	110.4744	5347.7246	5021.755	5382.867	71.453804	5502.097	5279.217	1000.0	1000.0	105000	292.35114	96.38229	404.0111	0.20842934	292.35178	96.38244	402.48706	2.9406378	-295.14545	23.7912	894.4774968624115
22	5170.5107	118.978	5350.024	5001.7207	5449.2534	86.67959	5590.9126	5317.5083	1000.0	1000.0	110000	304.39233	98.795654	418.42828	5.6165876	304.39337	98.795456	416.42514	6.195031	-307.2986	24.771275	937.4199028015137
23	5225.7505	160.18004	5393.936	4970.352	5558.782	487.7185	5918.0957	4138.9326	1000.0	1000.0	115000	316.10538	100.451195	422.329	5.4990473	316.106	100.45102	424.26694	6.9629583	-318.95914	24.903282	981.2334032058716
24	5493.6133	53.042896	5556.962	5411.4414	5648.085	116.42014	5808.095	5405.358	1000.0	1000.0	120000	326.98233	102.073975	435.0691	1.1521664	326.98328	102.07462	434.9084	0.5132303	-329.49457	26.298094	1024.622543811798
25	5575.212	132.0945	5764.8	5349.693	5734.9614	125.477165	6011.9375	5585.3535	1000.0	1000.0	125000	337.6405	103.86971	447.8899	2.2859788	337.64117	103.86924	446.5104	-5.5848885	-340.63586	26.780296	1068.7904427051544
26	5674.2686	113.41118	5860.142	5506.36	6045.0566	108.02171	6209.2896	5816.389	1000.0	1000.0	130000	347.8404	105.88741	457.30566	-4.627021	347.84058	105.88811	456.77063	-9.542809	-350.67935	27.000216	1111.404926776886
27	5785.301	66.03329	5886.893	5706.778	6119.466	59.8375	6195.682	6000.178	1000.0	1000.0	135000	358.0775	107.559906	470.56296	-20.819157	358.0786	107.559654	469.9284	-4.0964513	-360.61206	28.088594	1155.3705701828003
28	5335.294	718.35724	5924.669	3937.1187	5916.741	98.551056	6139.709	5796.132	1000.0	1000.0	140000	366.61606	111.19635	480.75195	-40.279903	366.6169	111.19567	480.1348	-39.32308	-369.21423	28.440468	1199.1461458206177
29	5757.098	101.42742	5919.3115	5649.626	6259.755	96.93751	6396.8867	6103.2183	1000.0	1000.0	145000	375.98642	113.23464	486.8587	-48.905746	375.9874	113.23414	486.87457	-55.102325	-378.66135	30.40245	1243.1181182861328
30	5910.8057	130.48445	6085.2666	5744.487	6290.695	58.19125	6381.692	6210.491	1000.0	1000.0	150000	385.08066	115.09111	498.0919	-53.65851	385.08234	115.08947	498.9617	-59.363365	-387.94153	29.233088	1285.820780992508
31	6044.298	60.991055	6116.896	5967.4263	6231.593	110.95583	6416.3716	6029.0073	1000.0	1000.0	155000	393.96826	115.78483	506.4636	-54.80914	393.96893	115.784355	506.43225	-65.9872	-396.92435	29.253407	1329.1256816387177
32	6015.49	288.25372	6407.3477	5518.9546	6374.968	106.5924	6563.6187	6231.168	1000.0	1000.0	160000	402.65698	116.16311	513.0455	-61.222816	402.6581	116.16208	512.91	-66.44501	-405.41226	29.278131	1372.0954194068909
33	6204.729	114.32643	6371.699	6048.9478	6253.0596	86.5337	6447.289	6107.9453	1000.0	1000.0	165000	410.98938	116.75364	525.67084	-59.556923	410.9901	116.7527	523.8661	-65.22198	-413.4864	29.278975	1416.0766956806183
34	6148.8545	177.92496	6394.5713	5839.1685	6508.131	95.7904	6623.395	6367.5444	1000.0	1000.0	170000	418.96967	117.905396	531.4749	-70.61021	418.9704	117.905556	531.07355	-71.66615	-421.6741	29.065609	1460.2323031425476
35	6238.0264	107.16301	6427.792	6102.0015	6823.0874	109.168564	7034.1445	6684.279	1000.0	1000.0	175000	426.63028	118.640335	539.6248	-77.02324	426.6308	118.6398	538.72	-81.41283	-429.1298	29.939037	1503.8449256420135
36	6350.303	144.50063	6581.272	6196.066	6223.7095	67.71146	6313.8965	6047.5605	1000.0	1000.0	180000	434.0199	119.72867	555.42206	-91.02782	434.0206	119.72885	553.60925	-89.81598	-436.7169	30.403543	1546.5882742404938
37	6393.495	248.64217	6656.452	5924.892	6313.9766	1298.756	6979.387	2436.452	1000.0	1000.0	185000	441.15155	121.70604	558.8753	-100.51631	441.15244	121.70504	557.64777	-103.0945	-443.9535	30.289188	1589.65451836586
38	6496.723	92.77641	6670.3135	6396.653	6857.889	77.126205	6957.899	6734.8022	1000.0	1000.0	190000	448.49274	122.36863	574.1075	-96.89162	448.4935	122.36834	570.4997	-99.81572	-451.21524	30.6798	1633.387563943863
39	6499.781	177.51724	6729.5225	6188.3584	6825.461	115.99989	7036.398	6634.841	1000.0	1000.0	195000	455.31683	123.17995	578.0941	-90.307335	455.3174	123.17912	579.4632	-94.91958	-457.7296	30.074844	1676.7591094970703
40	6795.2593	150.15068	7028.3477	6611.657	6541.915	121.88363	6841.5845	6347.9	1000.0	1000.0	200000	462.6406	123.55883	586.69946	-97.34564	462.64188	123.55834	586.6357	-110.13578	-465.0046	30.846916	1721.041584968567
41	6686.258	180.15604	6917.173	6466.6724	7162.005	115.63226	7313.9297	7013.661	1000.0	1000.0	205000	469.25607	125.779144	594.27106	-100.97144	469.2563	125.778145	590.20325	-108.44231	-472.2002	32.24445	1764.179000377655
42	6721.5454	110.7687	6858.492	6519.61	7202.471	76.37573	7319.5435	7079.684	1000.0	1000.0	210000	476.87167	125.73661	597.44305	-117.374084	476.87256	125.73749	601.56964	-124.939575	-479.7636	32.59884	1807.1707682609558
43	6785.96	135.66353	6979.2744	6614.7637	6981.4404	109.49817	7152.6343	6812.2026	1000.0	1000.0	215000	483.10776	127.36935	603.33044	-133.81308	483.1084	127.368614	604.1914	-143.8568	-485.8487	34.103313	1849.6239025592804
44	6875.215	224.01657	7028.1836	6431.048	7302.947	89.99682	7473.3296	7171.415	1000.0	1000.0	220000	489.76456	128.01068	615.19116	-137.86668	489.76532	128.0106	614.258	-141.09329	-492.35254	34.89474	1892.4610514640808
45	6946.661	79.45923	7031.53	6829.4795	7448.1357	64.08023	7551.285	7324.056	1000.0	1000.0	225000	496.11014	128.48154	626.1566	-131.39288	496.11087	128.4807	623.82263	-136.83192	-498.86115	35.3678	1935.591197013855
46	6925.5728	533.7067	7444.6377	5934.9517	7266.4307	107.805504	7404.694	7034.7905	1000.0	1000.0	230000	502.5926	128.45976	636.5297	-128.00555	502.59286	128.45958	634.36786	-130.87552	-505.29486	35.97342	1978.2967820167542
47	7064.849	327.3448	7390.283	6446.2983	7263.2393	100.415016	7419.335	7144.2925	1000.0	1000.0	235000	508.7181	128.56699	647.652	-120.20837	508.7192	128.5665	646.0824	-132.48586	-511.43506	35.862144	2021.5394654273987
48	7171.593	295.8627	7594.7007	6763.3184	7605.1514	110.614555	7792.585	7409.942	1000.0	1000.0	240000	514.9938	128.59064	652.7821	-116.46204	514.99414	128.59079	651.3262	-117.80146	-517.6807	36.65574	2065.339814186096
49	7222.7124	105.53196	7394.7734	7091.38	7132.461	1791.4196	7918.3457	1771.5476	1000.0	1000.0	245000	521.3735	128.02957	662.0926	-121.572914	521.3738	128.0297	659.3729	-130.17622	-524.1885	36.299053	2108.823763847351
50	7344.466	103.977684	7526.858	7213.9937	7423.814	230.4106	7724.6035	6972.2144	1000.0	1000.0	250000	527.7811	127.04427	666.2342	-95.24113	527.78156	127.044205	662.18616	-97.34379	-530.32153	35.643326	2152.675959587097
51	7249.322	235.1777	7550.0186	6844.5728	7795.0156	51.985226	7863.7476	7675.868	1000.0	1000.0	255000	533.5842	127.751236	668.4233	-96.53228	533.58484	127.75082	670.0179	-90.956665	-536.32153	37.63379	2196.580817461014
52	7213.178	212.26717	7537.19	6931.7856	7759.3726	114.62733	7932.8535	7529.874	1000.0	1000.0	260000	538.9977	127.80911	677.8031	-94.73991	538.9982	127.809074	678.8287	-98.92077	-541.6019	38.771793	2241.5631341934204
53	7398.9443	65.71069	7463.0737	7282.7476	7922.392	129.98285	8040.103	7650.253	1000.0	1000.0	265000	544.08344	128.26852	680.1764	-95.411446	544.0835	128.26921	682.18115	-99.09506	-546.8508	38.876842	2287.121616601944
54	7552.423	79.03393	7682.68	7452.252	8105.7705	145.14891	8349.11	7930.0137	1000.0	1000.0	270000	549.5173	129.01953	688.55084	-82.99543	549.51776	129.0212	689.01697	-123.42267	-552.0587	39.5154	2333.2096407413483
55	7476.827	274.69138	7820.837	7018.3564	8118.319	125.953125	8297.447	7941.1514	1000.0	1000.0	275000	555.16266	129.10994	695.7864	-82.8323	555.163	129.11049	697.1338	-83.4995	-557.975	39.655624	2378.868716239929
56	7558.643	215.5362	7872.8916	7301.559	8209.649	160.89969	8385.851	7799.506	1000.0	1000.0	280000	560.73346	128.3057	704.5463	-67.54811	560.73315	128.30716	708.6713	-74.75126	-563.6271	41.559776	2423.499501466751
57	7781.5283	219.07132	8130.239	7523.7354	7638.241	1543.7426	8369.837	3027.9905	1000.0	1000.0	285000	566.0214	128.66455	709.16003	-80.22746	566.02203	128.66563	708.26434	-135.02159	-568.79175	40.91335	2470.5210824012756
58	7822.323	387.94394	8236.229	7140.9585	8430.662	111.63689	8567.679	8150.161	1000.0	1000.0	290000	570.6964	129.35548	718.119	-75.22118	570.69696	129.35493	718.12164	-80.62776	-573.18463	41.78774	2516.163932800293
59	7944.936	222.51904	8238.285	7590.916	8375.255	119.89313	8559.79	8146.0757	1000.0	1000.0	295000	575.79987	129.99214	729.7038	-90.990524	575.8002	129.99265	729.0718	-95.116035	-578.6497	42.01895	2561.269255876541
60	7833.2134	144.04443	8027.0034	7645.513	8573.539	191.92749	8872.129	8215.715	1000.0	1000.0	300000	580.8721	130.95224	736.6019	-90.29007	580.8723	130.95264	733.6706	-91.312515	-584.0372	42.538433	2606.6471087932587
61	8045.6	140.84944	8200.806	7816.044	8621.176	135.63206	8876.785	8334.667	1000.0	1000.0	305000	585.70013	132.67488	740.93353	-98.95233	585.70044	132.67484	741.7817	-100.25173	-588.491	44.46137	2651.7010068893433
62	8092.5674	181.80397	8403.188	7904.483	8707.926	176.32027	8949.364	8258.972	1000.0	1000.0	310000	591.118	133.54901	742.2336	-112.7676	591.11884	133.54988	742.51166	-118.521645	-594.0551	45.31868	2698.94056892395
63	8183.422	151.9912	8413.412	7946.4727	8431.629	653.0427	9037.72	6559.793	1000.0	1000.0	315000	596.6356	133.56836	750.9945	-108.062416	596.63617	133.5673	752.53345	-111.43489	-599.3149	45.84202	2744.612486600876
64	8356.58	99.02946	8491.266	8211.661	8077.0015	932.1521	8778.575	5372.423	1000.0	1000.0	320000	601.685	134.83582	765.1331	-117.142525	601.68536	134.8354	766.87494	-115.63989	-604.71063	45.189236	2790.774913072586
65	8203.43	483.9609	8668.907	7339.6294	8579.451	58.965557	8682.261	8496.694	1000.0	1000.0	325000	607.1073	134.96202	770.6483	-115.317024	607.1078	134.96294	770.26184	-117.794174	-609.9567	47.248276	2837.308186531067
66	8120.7764	317.50714	8512.488	7640.1245	8707.069	83.09375	8838.355	8569.236	1000.0	1000.0	330000	612.2098	135.45029	779.6739	-103.36728	612.2099	135.44994	772.58575	-111.57572	-615.13806	48.821056	2881.787270784378
67	8176.9727	258.79123	8471.066	7743.4287	8745.778	92.601746	8909.415	8580.456	1000.0	1000.0	335000	617.3804	135.82881	783.0496	-130.36209	617.3805	135.82903	779.1012	-132.56163	-620.7022	49.255177	2927.8012940883636
68	8315.951	101.864044	8500.094	8218.286	8883.531	93.74518	8986.444	8668.633	1000.0	1000.0	340000	622.14484	136.77461	781.9078	-94.08172	622.14526	136.7763	784.08344	-96.89385	-624.3991	49.852512	2973.4354836940765
69	8592.976	221.3043	8847.927	8329.421	8858.142	132.4187	9150.24	8742.728	1000.0	1000.0	345000	626.83887	137.53258	800.1728	-93.34993	626.83936	137.53323	799.271	-96.85523	-629.8852	50.867336	3018.6353092193604
70	8553.67	120.070305	8655.933	8359.842	8442.814	1150.7012	9158.028	5020.4062	1000.0	1000.0	350000	631.92505	137.49164	803.06976	-100.64178	631.9249	137.49214	799.23694	-106.15	-634.7861	51.07278	3063.2647330760956
71	7740.0283	2052.8884	8921.018	3641.7583	9163.075	119.34391	9379.162	9030.66	1000.0	1000.0	355000	635.6787	140.46515	808.34265	-213.84875	635.67926	140.46391	810.35266	-189.17564	-638.7086	51.207676	3108.0585737228394
72	8611.514	215.98656	8905.198	8362.983	9199.15	128.11954	9474.243	8987.5	1000.0	1000.0	360000	640.2367	141.34312	809.43896	-166.01799	640.23706	141.34409	813.95337	-183.25089	-643.53906	56.093563	3154.2689476013184
73	8624.577	237.13786	8918.359	8282.056	9181.134	137.49644	9479.546	8985.999	1000.0	1000.0	365000	644.9052	141.77295	826.61163	-185.72417	644.90454	141.77617	824.4649	-198.56137	-648.0994	58.128105	3200.074753522873
74	8144.4697	939.07446	8732.465	6272.217	8081.2217	2159.9697	9233.625	2038.2137	1000.0	1000.0	370000	648.692	143.02402	824.2666	-234.5355	648.69244	143.02618	828.72797	-201.54805	-651.8435	59.584892	3245.7205135822296
75	8416.826	717.9124	8980.569	7025.649	9101.14	122.89029	9323.68	8852.482	1000.0	1000.0	375000	653.0741	142.90222	829.2532	-281.1325	653.07477	142.90158	830.1889	-281.28958	-655.9934	61.967945	3291.693172454834
76	8748.354	193.43079	8961.327	8448.142	8916.211	95.94604	9028.098	8741.226	1000.0	1000.0	380000	656.4408	144.2435	850.0956	-202.70216	656.4412	144.24435	848.8305	-208.2015	-659.7457	61.976727	3336.8014783859253
77	8948.914	203.91464	9201.396	8589.423	9425.309	188.4319	9630.878	8943.799	1000.0	1000.0	385000	660.6409	143.92087	850.49164	-213.17667	660.6411	143.91904	851.611	-213.1911	-663.893	63.671837	3383.0946049690247
78	8629.981	220.60526	8808.578	8205.665	9517.373	158.13467	9784.729	9268.976	1000.0	1000.0	390000	664.084	145.64236	854.3564	-208.60094	664.0849	145.64188	853.2366	-215.0781	-667.0536	64.93267	3429.4367864131927
79	8771.962	169.86655	9061.8125	8545.763	8239.658	2196.6042	9188.883	1656.5801	1000.0	1000.0	395000	667.6106	146.23738	852.0444	-136.72815	667.61096	146.23784	852.29095	-160.6219	-670.8816	65.90053	3476.1546087265015
80	8923.441	177.55568	9167.736	8624.1875	9351.694	97.597015	9557.038	9245.234	1000.0	1000.0	400000	671.5025	146.37427	856.9625	-118.3057	671.5035	146.37334	862.1187	-112.737854	-674.7137	65.02002	3522.91588807106
81	7279.7695	3111.908	9149.881	1066.7692	8624.407	1885.9404	9554.339	2994.1838	1000.0	1000.0	405000	673.9171	149.30801	861.4314	-171.31157	673.91797	149.30525	861.9811	-191.20825	-677.2835	64.38546	3567.2699468135834
82	8809.91	256.2554	9199.727	8433.21	9656.261	183.84819	9968.287	9386.064	1000.0	1000.0	410000	676.6499	151.75316	866.64294	-233.44412	676.65063	151.75462	866.28973	-265.11105	-679.9969	72.22917	3613.640394449234
83	8684.248	296.75818	9070.348	8320.526	9729.993	176.34804	9977.48	9350.532	1000.0	1000.0	415000	679.74774	152.90544	866.6767	-366.9643	679.7482	152.9063	872.71844	-389.8094	-683.04004	73.98931	3660.237321138382
84	8983.948	244.42477	9355.755	8730.983	9679.607	112.507996	9847.517	9479.996	1000.0	1000.0	420000	682.4892	154.06609	868.1493	-345.0631	682.4901	154.0648	868.0551	-340.43018	-685.5109	71.05448	3706.962217092514
85	8900.252	332.06528	9252.314	8279.249	8819.787	189.34044	9069.547	8325.608	1000.0	1000.0	425000	686.11835	152.65126	869.5966	-373.85934	686.1187	152.65157	869.318	-435.1071	-689.6784	70.58749	3753.4865951538086
86	8747.811	569.55676	9561.933	7785.027	8789.834	2497.2478	10134.299	1332.0691	1000.0	1000.0	430000	689.24664	150.97137	872.24695	-533.42834	689.2475	150.96956	871.9456	-570.52234	-692.101	71.89163	3798.837716817856
87	9216.928	154.593	9427.315	8995.679	8949.328	141.82649	9151.628	8749.834	1000.0	1000.0	435000	691.7694	150.65166	872.1185	-299.58224	691.77	150.65103	875.45123	-282.1652	-694.7712	69.480865	3846.168576002121
88	9069.146	226.80463	9361.006	8838.218	9706.261	234.47044	10081.616	9345.181	1000.0	1000.0	440000	694.2381	151.11989	875.5637	-331.0732	694.2386	151.11838	876.89343	-330.35486	-697.3289	69.40083	3892.843880176544
89	9282.748	158.0881	9576.153	9139.234	8709.906	1735.9343	9714.798	3545.5498	1000.0	1000.0	445000	696.9004	151.29893	877.8714	-296.10718	696.90125	151.29762	878.99	-282.22168	-699.8801	70.029816	3939.9304101467133
90	9104.588	197.42041	9360.382	8772.831	8701.987	2341.938	9635.787	1687.3947	1000.0	1000.0	450000	700.0019	149.91934	882.1216	-353.3633	700.00214	149.92204	879.6156	-315.2752	-702.7573	69.986824	3986.498011112213
91	9149.643	209.08987	9505.973	8878.369	7444.0483	3059.9453	9678.805	664.8682	1000.0	1000.0	455000	702.1675	150.34431	880.01404	-230.4133	702.16833	150.3442	884.9462	-232.55716	-704.788	70.500435	4032.023541212082
92	9124.294	234.29112	9528.116	8796.967	9337.011	212.11017	9672.687	8888.405	1000.0	1000.0	460000	704.0834	151.07922	881.8248	-229.67874	704.08344	151.07898	880.86383	-340.81158	-707.24567	72.03278	4077.2056620121
93	9261.328	214.35158	9572.095	8904.064	9901.537	173.9299	10206.235	9649.631	1000.0	1000.0	465000	707.0206	150.72722	886.7366	-235.04796	707.0212	150.72517	882.51276	-288.243	-709.7478	69.9093	4124.306801557541
94	9194.663	380.4069	9634.548	8553.363	10077.884	146.58131	10283.672	9903.81	1000.0	1000.0	470000	709.775	149.18552	887.0683	-248.42368	709.77606	149.18425	889.3453	-241.30959	-712.6378	71.218315	4170.898972034454
95	9058.068	134.11565	9251.448	8865.689	9923.459	90.338135	10062.476	9797.945	1000.0	1000.0	475000	712.118	149.16519	893.0711	-326.36935	712.11847	149.1649	891.2636	-289.74973	-715.0208	73.31037	4217.653019428253
96	9242.916	197.90327	9536.131	8977.183	9286.76	1919.8666	10162.215	3542.4028	1000.0	1000.0	480000	714.6441	150.16614	893.97766	-333.76434	714.64386	150.16704	891.04456	-329.66956	-717.6174	74.49636	4264.806551933289
97	9317.32	377.9156	9615.053	8588.0205	9913.408	178.86525	10272.497	9659.73	1000.0	1000.0	485000	717.49805	149.20587	890.2333	-427.06497	717.49835	149.20757	891.65967	-491.90033	-720.3855	73.2951	4311.83104467392
98	9283.168	330.60315	9631.374	8684.973	9245.108	2301.809	10239.509	2350.861	1000.0	1000.0	490000	719.58923	149.27504	896.61383	-385.46964	719.5894	149.27522	897.5897	-310.15247	-722.42444	72.88491	4359.675011396408
99	9483.669	152.21509	9727.854	9252.676	9996.273	134.78099	10178.938	9805.384	1000.0	1000.0	495000	721.36884	150.52748	895.6323	-443.26245	721.3697	150.52728	895.94617	-415.24542	-724.2746	72.909	4406.879338264465
100	9160.709	315.1238	9434.965	8616.403	10144.495	113.41383	10322.663	9988.845	1000.0	1000.0	500000	723.7952	150.2041	899.58105	-327.67422	723.79474	150.2065	898.8493	-365.7286	-726.3906	72.29009	4454.575568199158
101	9430.689	174.17827	9671.741	9202.6455	9811.615	212.80469	10238.439	9510.939	1000.0	1000.0	505000	726.3834	150.24364	899.5601	-304.8932	726.38385	150.24367	901.43176	-285.2496	-729.2991	72.40363	4501.394391775131
102	9288.029	231.53818	9540.105	8961.423	9690.58	880.077	10128.888	7068.2627	1000.0	1000.0	510000	728.89954	149.93488	902.07275	-317.151	728.89984	149.93373	901.8627	-338.72253	-731.9303	70.15599	4548.096245765686
103	9444.686	121.5379	9625.842	9263.74	9268.382	2640.8948	10414.156	1368.1461	1000.0	1000.0	515000	731.34406	149.45358	905.58685	-231.50122	731.3445	149.45372	906.4229	-246.18282	-734.4367	70.89791	4595.856649637222
104	9556.705	125.76251	9739.817	9373.766	10118.739	132.90762	10364.282	9956.926	1000.0	1000.0	520000	732.9444	151.25356	911.9549	-263.61298	732.94525	151.25389	909.78265	-248.31549	-735.879	72.63856	4643.147763967514
105	9499.6	268.14487	9817.202	9020.854	9525.568	936.5241	9994.165	6745.6978	1000.0	1000.0	525000	735.85425	149.05818	911.52704	-413.1068	735.8549	149.05595	910.951	-364.9716	-739.267	72.68221	4690.982545614243
106	9617.168	81.9811	9751.049	9496.62	10148.151	141.82907	10371.821	9890.523	1000.0	1000.0	530000	737.7255	149.84244	912.38385	-390.66748	737.7258	149.84254	912.5532	-375.37808	-740.5571	72.4651	4738.3718519210815
107	9639.521	167.95616	9803.22	9341.499	9901.276	140.81389	10161.004	9667.558	1000.0	1000.0	535000	739.8053	150.51907	918.12384	-406.98526	739.80634	150.51717	914.07806	-397.04333	-742.57996	74.182846	4785.268613100052
108	9670.305	217.43541	9927.088	9410.1455	10302.111	187.44432	10526.831	9867.827	1000.0	1000.0	540000	742.09045	149.68408	918.86633	-374.50415	742.0899	149.68407	914.87683	-352.90607	-745.78876	72.635826	4832.109916448593
109	9751.932	94.071175	9861.389	9587.803	10081.098	135.79936	10277.405	9842.132	1000.0	1000.0	545000	744.2838	150.50478	914.65497	-306.99576	744.2848	150.50407	915.49255	-288.67352	-747.5236	71.8195	4880.252921819687
110	9519.138	188.30527	9771.46	9258.657	10206.572	141.46698	10429.433	10015.642	1000.0	1000.0	550000	746.028	149.99384	916.0431	-202.18878	746.0282	149.99384	914.90674	-225.95685	-749.3287	71.924835	4927.2438707351685
111	9473.068	220.02791	9763.284	9272.672	10431.625	138.83585	10705.5625	10207.861	1000.0	1000.0	555000	747.71234	150.19751	921.4399	-254.86404	747.71216	150.19774	921.90875	-309.81583	-750.55255	72.26778	4975.813043355942
112	9560.917	125.07777	9732.936	9352.346	10140.095	121.182625	10350.55	9959.397	1000.0	1000.0	560000	749.5906	151.06255	919.60114	-174.26099	749.5905	151.06276	921.0491	-179.52199	-752.4428	74.99285	5023.076864242554
113	9268.029	429.58392	9956.873	8669.994	10539.354	222.86705	10819.148	9963.568	1000.0	1000.0	565000	751.2638	151.21898	928.77985	-229.98279	751.2639	151.22191	923.8014	-225.76332	-754.131	78.247665	5070.4781148433685
114	9663.78	267.00705	10052.956	9273.498	10282.292	182.7925	10537.061	10021.296	1000.0	1000.0	570000	752.809	151.17953	925.0895	-235.26093	752.8099	151.1783	923.313	-238.96124	-756.00507	76.48279	5118.249173402786
115	9581.964	107.553566	9788.994	9487.558	10236.457	131.5364	10455.522	10040.236	1000.0	1000.0	575000	754.5731	150.42274	925.62396	-253.10446	754.5734	150.4224	924.50977	-308.61456	-757.85986	76.47128	5166.086690425873
116	9456.526	286.82806	9838.935	9111.7295	10160.513	111.70973	10381.895	9964.935	1000.0	1000.0	580000	755.12994	152.99489	926.99713	-413.64926	755.13074	152.99251	926.1518	-442.835	-758.35974	78.54357	5214.991247653961
117	9571.407	329.65152	9909.188	9002.029	10060.311	113.651436	10209.946	9902.729	1000.0	1000.0	585000	757.00397	152.3413	928.33813	-416.76093	757.0048	152.33917	928.63416	-457.52164	-759.91705	78.86552	5262.237303972244
118	9492.826	270.24753	9800.203	9059.363	10356.852	135.5832	10521.342	10111.982	1000.0	1000.0	590000	758.9154	151.60489	927.888	-633.9	758.9156	151.60365	928.4421	-549.6673	-761.62805	82.21617	5309.899672746658
119	9817.663	127.19022	9969.825	9587.365	9807.606	1977.1602	10698.395	3891.9858	1000.0	1000.0	595000	760.22034	152.52258	934.1279	-507.6879	760.2206	152.52258	927.9605	-484.14987	-763.1973	80.976036	5359.2162935733795
120	9541.465	302.84042	9935.167	9143.065	10163.185	137.8656	10413.363	9928.578	1000.0	1000.0	600000	761.3058	152.7774	929.8159	-411.23807	761.3066	152.77979	930.1099	-391.849	-764.6218	86.40997	5409.794194936752
121	9585.936	200.08508	9911.717	9377.447	10480.33	147.6989	10707.496	10245.122	1000.0	1000.0	605000	762.2817	152.76097	936.0216	-317.79657	762.282	152.76231	932.08496	-279.0071	-764.8796	79.85665	5460.320611476898
122	9820.068	116.623215	9952.567	9603.018	10015.975	158.94504	10318.819	9713.791	1000.0	1000.0	610000	763.51917	153.27342	933.0677	-347.91083	763.51953	153.27274	934.27136	-419.10062	-766.35	80.87787	5509.175260543823
123	9872.889	232.19609	10296.843	9625.849	10539.275	159.07465	10792.143	10194.453	1000.0	1000.0	615000	764.82227	152.82343	933.92175	-406.6481	764.8222	152.82567	938.4831	-446.0989	-767.5578	77.82683	5559.041959285736
124	9816.984	201.83214	9999.595	9433.258	10364.023	111.740585	10547.556	10231.743	1000.0	1000.0	620000	767.1737	150.9556	938.13165	-334.42224	767.1745	150.95647	939.82764	-321.09592	-770.0503	76.69443	5608.586323976517
125	10073.416	96.24827	10260.322	9988.791	10467.404	80.10875	10578.508	10295.343	1000.0	1000.0	625000	768.9358	150.0073	939.83484	-409.4417	768.93634	150.00536	942.9966	-441.7375	-771.9302	78.67828	5658.292859315872
126	7844.423	4109.2236	10033.47	-369.465	10605.196	271.0094	11020.209	10004.91	1000.0	1000.0	630000	769.6126	152.66145	947.6658	-341.97293	769.6129	152.66202	946.92737	-368.9506	-772.65094	77.93187	5707.944288253784
127	9877.5	200.69318	10169.708	9591.264	10017.983	1110.05	10676.985	6716.567	1000.0	1000.0	635000	770.13416	154.88794	942.35223	-422.55905	770.13464	154.88847	941.5602	-416.94357	-773.0685	80.00764	5757.49121761322
128	9823.806	331.40805	10142.854	9242.56	10254.536	344.50687	10903.89	9592.308	1000.0	1000.0	640000	770.9444	155.62794	947.226	-393.58258	770.9443	155.6279	950.77216	-360.2003	-773.7871	82.23575	5807.330334663391
129	9898.706	294.9225	10366.397	9545.658	9481.954	1808.5604	10725.654	5814.1934	1000.0	1000.0	645000	772.30865	154.95306	943.8261	-352.15918	772.3087	154.95987	945.86365	-424.77148	-775.18585	86.1908	5857.586111783981
130	9895.573	118.44467	10056.381	9705.277	10482.96	102.415085	10701.656	10344.0205	1000.0	1000.0	650000	773.9418	153.3798	946.2926	-406.2732	773.9421	153.38058	948.1403	-382.92407	-776.6495	83.01035	5907.776146888733
131	9817.75	334.26187	10256.917	9429.571	10309.916	207.90273	10694.029	10045.64	1000.0	1000.0	655000	774.71045	154.1056	951.448	-305.86258	774.71027	154.11067	952.20776	-476.58286	-777.69	85.64745	5956.168235778809
132	8776.595	1992.6216	10029.501	4809.545	10691.76	156.40083	11074.916	10500.956	1000.0	1000.0	660000	775.17065	155.07785	947.2297	-258.7402	775.1714	155.07803	951.54926	-295.82904	-777.8306	90.71617	6003.375448465347
133	9820.752	399.71164	10357.104	9125.089	10671.887	202.30588	10901.398	10167.102	1000.0	1000.0	665000	776.01794	154.62161	944.3594	-209.98259	776.0181	154.62486	944.8	-285.45758	-779.1009	86.62381	6050.305972576141
134	9911.255	109.567276	10017.366	9719.064	10158.61	132.02127	10365.955	9956.314	1000.0	1000.0	670000	777.33826	152.94403	949.31635	-335.01727	777.3375	152.95016	945.5604	-321.21402	-780.3348	88.31079	6098.904591560364
135	9780.885	82.06811	9856.799	9633.525	10500.504	134.9068	10686.3545	10270.715	1000.0	1000.0	675000	778.4549	150.75793	944.15515	-210.3187	778.4558	150.75916	947.4343	-274.12784	-781.23694	86.3637	6147.260466098785
136	8450.926	3180.785	10115.043	2091.0425	10655.477	140.96849	10838.49	10357.002	1000.0	1000.0	680000	778.7762	152.01459	946.7839	-166.74403	778.7758	152.0204	948.0404	-190.64299	-781.8259	83.153015	6195.926251649857
137	10000.041	240.35376	10381.185	9695.89	10375.515	125.23429	10547.301	10175.226	1000.0	1000.0	685000	779.22327	153.35333	945.9635	-239.08722	779.22363	153.35298	947.0358	-239.98407	-781.99164	86.0226	6244.778667926788
138	9972.152	114.77987	10073.501	9758.255	10715.6	148.56017	10987.305	10494.286	1000.0	1000.0	690000	780.50684	153.909	957.95874	-260.56375	780.5071	153.91249	951.87836	-299.6989	-783.2153	87.089	6292.9563937187195
139	9968.131	258.80063	10304.136	9717.927	10140.449	198.76439	10478.267	9750.611	1000.0	1000.0	695000	782.2284	152.60172	953.133	-164.13658	782.2292	152.60207	952.4168	-278.04105	-784.8848	88.22121	6342.188699960709
140	9942.044	187.82664	10245.822	9685.205	10615.985	163.54152	10975.373	10393.874	1000.0	1000.0	700000	783.4126	153.26074	954.1504	-252.28938	783.41266	153.25893	953.3546	-262.16138	-786.5628	87.539116	6391.010266780853
141	9975.537	111.18299	10108.65	9780.853	10652.288	172.93384	10897.54	10359.954	1000.0	1000.0	705000	784.64417	152.36156	951.8543	-161.71466	784.6447	152.36046	956.38495	-176.24661	-787.51	89.962036	6440.315670013428
142	8122.846	3502.6284	10081.0205	1128.2455	10698.655	129.56062	10988.182	10509.679	1000.0	1000.0	710000	785.28906	152.64902	951.52545	-210.47815	785.2891	152.65242	956.4551	-255.188	-788.2153	90.5118	6487.918714046478
143	10105.275	129.05577	10253.767	9873.636	10600.367	186.3432	10993.352	10292.209	1000.0	1000.0	715000	785.5324	154.53723	955.4016	-425.19656	785.53314	154.53564	956.4049	-389.60184	-788.30914	95.655975	6535.84037733078
144	8525.613	3307.004	10295.931	1914.7977	10419.174	153.70915	10626.156	10111.279	1000.0	1000.0	720000	785.98956	156.77882	955.2905	-293.83487	785.98956	156.78052	955.62933	-274.65445	-788.52637	96.26778	6584.240312099457
145	9797.664	284.5098	10167.944	9411.98	10460.937	76.074295	10556.984	10279.493	1000.0	1000.0	725000	786.8036	157.94699	957.51	-337.2774	786.80383	157.94978	959.2613	-418.54657	-789.5229	95.48813	6632.9060661792755
146	8268.959	3218.6235	10069.65	1835.8672	10746.041	97.234985	10863.246	10528.035	1000.0	1000.0	730000	786.2477	159.66524	960.9018	-466.27597	786.2474	159.66634	959.0255	-312.38385	-789.1018	98.75174	6681.683374881744
147	10091.763	291.01862	10338.397	9523.39	10640.476	138.67525	10869.159	10469.678	1000.0	1000.0	735000	787.1244	159.16136	954.6267	-284.8727	787.1242	159.16443	958.4031	-363.03366	-790.2835	101.72906	6730.235471010208
148	9998.747	288.88025	10393.38	9524.625	10524.1455	147.48654	10715.951	10277.313	1000.0	1000.0	740000	788.8266	157.79868	961.26276	-341.21585	788.8274	157.79822	962.6451	-390.80145	-791.72	105.48045	6779.206897974014
149	9999.201	157.84392	10155.684	9702.119	10800.337	118.4524	11002.734	10597.479	1000.0	1000.0	745000	789.2753	158.14288	963.62054	-377.981	789.2761	158.13943	963.68933	-414.1106	-792.1808	108.67393	6827.899377346039
150	10116.324	119.18688	10333.027	10020.525	10640.584	176.31914	10821.049	10287.804	1000.0	1000.0	750000	790.4866	157.60707	961.4866	-659.1079	790.4871	157.6123	959.716	-636.55347	-793.3224	113.73048	6876.353124380112
151	9990.439	304.2758	10490.007	9573.009	10326.712	126.93242	10472.971	10027.479	1000.0	1000.0	755000	790.91724	158.3054	957.06586	-782.18616	790.91705	158.30113	960.1322	-756.8648	-794.076	123.333466	6925.869963169098
152	10061.575	189.80151	10418.084	9853.931	10784.898	134.29753	10987.742	10553.537	1000.0	1000.0	760000	791.85284	158.47491	958.56494	-587.40173	791.85364	158.47827	961.6439	-554.83673	-794.47437	118.2678	6973.545665740967
153	10097.62	135.19856	10279.431	9919.687	10776.771	117.79481	10954.767	10619.563	1000.0	1000.0	765000	791.5522	160.88145	962.5137	-379.20602	791.5522	160.88135	965.25684	-445.1925	-794.2465	116.42244	7022.52333855629
154	10119.223	93.4442	10283.9795	10018.99	10677.839	179.099	10945.618	10391.957	1000.0	1000.0	770000	792.9843	159.17773	965.93207	-342.55438	792.98535	159.17625	960.6788	-554.1941	-795.9319	106.903465	7071.893468618393
155	9868.029	303.0894	10286.551	9379.346	10823.621	159.1154	11098.54	10584.63	1000.0	1000.0	775000	793.59973	160.38167	962.6958	-400.35132	793.6004	160.37978	962.313	-500.5901	-796.5612	109.881775	7121.44957947731
156	10049.563	274.7648	10412.866	9570.7295	10800.318	249.20155	11007.619	10101.454	1000.0	1000.0	780000	794.83765	158.6012	964.404	-387.38348	794.8374	158.60303	966.681	-421.87234	-797.8153	100.06469	7169.554749965668
157	10088.5205	279.3195	10470.6455	9753.643	10717.498	125.118256	10883.193	10482.636	1000.0	1000.0	785000	796.53217	156.64651	971.41473	-400.12378	796.53143	156.65155	965.33356	-436.5002	-799.0855	104.66301	7218.231965303421
158	10199.531	122.49129	10338.966	10005.453	10647.208	154.76427	10860.139	10332.83	1000.0	1000.0	790000	797.8894	154.68382	969.15436	-374.8789	797.8892	154.68716	966.4441	-358.2158	-799.8368	111.41553	7267.7659158706665
159	10169.189	249.5814	10543.433	9848.992	10751.396	108.58322	10854.207	10481.023	1000.0	1000.0	795000	799.24414	152.76443	968.1699	-566.5141	799.24475	152.76486	967.18646	-426.705	-802.3175	103.9771	7317.324853897095
160	10131.4375	247.09508	10482.378	9856.093	10820.208	104.01935	10990.858	10654.523	1000.0	1000.0	800000	800.0853	151.90346	971.997	-660.3033	800.0855	151.90245	966.51	-452.87805	-802.9542	105.2025	7365.792174100876
161	9908.648	195.06616	10217.096	9616.324	10869.119	100.48354	11084.567	10743.979	1000.0	1000.0	805000	800.9425	151.6967	967.8183	-456.30145	800.9413	151.70607	972.2714	-391.61603	-803.4797	107.027374	7414.60294175148
162	10136.1875	252.00618	10383.272	9723.954	10561.035	135.39919	10735.281	10340.976	1000.0	1000.0	810000	802.2652	149.96024	971.771	-425.89893	802.2654	149.96524	975.2092	-506.0973	-804.8929	112.8889	7463.235707521439
163	8874.885	2425.8572	10415.153	4041.3608	9590.652	1811.9198	10918.426	5109.4326	1000.0	1000.0	815000	802.6741	150.86774	972.0709	-488.37283	802.6742	150.87297	971.9827	-574.0598	-805.6727	115.09351	7512.13787817955
164	9926.15	616.44073	10419.098	8738.648	10835.356	131.79318	11050.252	10635.66	1000.0	1000.0	820000	803.1024	151.34497	969.72546	-391.33286	803.10236	151.34479	970.5772	-462.055	-805.988	111.84571	7561.498514413834
165	10109.789	239.77927	10472.476	9871.034	10301.483	1989.8783	11169.032	4345.1143	1000.0	1000.0	825000	803.7197	152.52582	972.70734	-595.17554	803.72064	152.52426	971.8003	-511.06342	-806.7792	100.75272	7611.343991994858
166	10179.828	151.36497	10392.522	9934.692	10581.963	672.36255	10949.076	8597.364	1000.0	1000.0	830000	804.6135	153.54564	973.7266	-217.54918	804.6144	153.53992	973.73315	-242.60468	-807.0677	105.44775	7660.540945053101
167	10076.051	232.68613	10460.015	9802.672	10437.727	131.83047	10640.902	10188.522	1000.0	1000.0	835000	805.62195	153.98035	976.7724	-550.55835	805.6225	153.97722	974.989	-547.6223	-808.0585	112.00875	7710.357743740082
168	10128.482	222.19092	10379.57	9745.767	10927.387	105.344215	11116.642	10767.279	1000.0	1000.0	840000	805.56635	155.25266	979.1236	-736.2096	805.5657	155.25635	979.4676	-334.51218	-808.4295	102.48619	7759.582843780518
169	10038.819	201.53682	10368.311	9805.145	10806.811	142.14874	11031.008	10585.875	1000.0	1000.0	845000	806.457	155.3865	974.2214	-549.2155	806.4573	155.38866	972.1774	-600.3143	-809.5298	110.32227	7809.687073230743
170	10348.717	176.74678	10530.093	10031.231	10808.545	232.13557	11190.269	10271.38	1000.0	1000.0	850000	806.54285	156.00237	975.0297	-508.11844	806.54266	156.00418	973.58136	-509.61874	-809.0474	110.063835	7859.239766359329
171	10157.1455	357.77792	10492.812	9515.192	10728.712	73.86127	10844.232	10618.895	1000.0	1000.0	855000	806.7853	157.65775	973.353	-413.57254	806.78595	157.65958	973.3154	-468.81393	-809.3373	105.10795	7909.502938270569
172	9511.035	437.2991	9909.565	8702.069	9902.427	127.18806	10108.76	9656.754	1000.0	1000.0	860000	807.15234	157.61044	975.0406	-473.0578	807.15265	157.61284	971.89386	-416.09558	-809.5875	109.930176	7958.621825456619
173	10158.713	272.06528	10510.666	9809.337	10828.711	182.86818	11135.115	10560.879	1000.0	1000.0	865000	807.89233	157.8088	972.77545	-467.30853	807.8928	157.80817	972.8239	-502.20474	-810.778	108.89065	8008.397262334824
174	10218.745	236.03853	10470.904	9799.203	10548.49	115.35755	10717.281	10265.352	1000.0	1000.0	870000	808.5169	158.76193	975.72534	-638.41644	808.51825	158.75632	976.74646	-700.489	-811.575	123.23635	8058.178562164307
175	10221.458	355.43823	10531.362	9629.281	10678.016	140.08406	10878.342	10375.0	1000.0	1000.0	875000	808.3549	159.5583	973.9515	-613.61237	808.35565	159.55782	975.4479	-641.2897	-811.7161	125.26682	8108.489593744278
176	10418.798	210.1179	10772.492	10233.553	10897.131	182.38528	11221.536	10518.068	1000.0	1000.0	880000	809.395	158.25723	974.0314	-684.6821	809.39453	158.25789	974.0181	-680.67316	-812.4904	115.67945	8159.03785276413
177	10222.389	456.9296	10696.398	9392.778	10654.491	81.15464	10772.875	10556.937	1000.0	1000.0	885000	810.0638	157.65627	978.6899	-413.98694	810.06354	157.6592	978.27277	-438.06146	-812.822	117.362175	8208.16466832161
178	10069.743	298.29712	10500.923	9738.09	10206.821	109.47168	10376.321	10021.653	1000.0	1000.0	890000	810.52893	156.98242	978.3556	-538.05365	810.5297	156.97757	976.21655	-460.63904	-813.62994	121.04115	8258.45420217514
179	10066.315	242.62392	10483.499	9753.775	10587.6455	151.88647	10854.164	10386.231	1000.0	1000.0	895000	811.50464	155.50201	974.43896	-500.34857	811.5049	155.50644	976.11285	-559.3947	-814.2772	130.1962	8308.825793266296
180	10224.737	122.64199	10401.423	10078.112	10373.025	93.75007	10505.323	10223.884	1000.0	1000.0	900000	811.41003	155.8485	977.6866	-566.87885	811.41046	155.85197	974.9193	-633.5697	-814.0095	124.71759	8360.121168613434
181	10153.14	296.72342	10531.317	9694.078	10912.231	203.57997	11217.336	10459.747	1000.0	1000.0	905000	812.12506	155.97508	976.09985	-1053.0864	812.1251	155.96506	979.5569	-1039.0809	-814.9924	124.82392	8412.11365389824
182	10161.134	154.07378	10402.238	9932.605	10939.678	168.5237	11219.414	10673.95	1000.0	1000.0	910000	812.7273	156.48123	980.9254	-1009.72626	812.729	156.48866	987.2014	-920.0818	-815.5145	126.46396	8462.62499332428
183	10313.564	30.749096	10345.425	10255.278	10112.185	2380.699	11227.02	2986.4463	1000.0	1000.0	915000	812.75055	157.61304	980.1584	-1035.8453	812.7505	157.62216	981.35693	-1048.1106	-815.9576	140.33229	8513.760162115097
184	10392.535	303.2235	10697.452	9833.662	10553.662	166.63206	10826.836	10296.824	1000.0	1000.0	920000	812.5421	157.08588	978.53	-808.3413	812.54175	157.08453	980.3779	-980.0104	-815.406	148.99118	8564.975707530975
185	10181.052	307.96924	10771.447	9865.089	10959.635	145.0215	11211.539	10728.107	1000.0	1000.0	925000	812.7839	155.28458	976.6293	-595.1871	812.785	155.27911	981.37805	-587.28534	-815.5158	119.85759	8616.611561536789
186	10226.596	245.72383	10538.92	9824.245	10853.716	211.62361	11071.499	10288.385	1000.0	1000.0	930000	812.8026	155.4362	979.71704	-766.8527	812.80286	155.4373	980.8712	-654.38837	-815.7612	146.51845	8668.68952536583
187	10230.545	300.81058	10515.531	9665.448	10896.686	119.42339	11111.043	10696.821	1000.0	1000.0	935000	813.0793	155.98007	978.89996	-712.89874	813.0823	155.9712	981.814	-716.76996	-815.7501	138.56717	8719.766464471817
188	10302.468	216.88448	10623.913	9961.099	10853.548	116.15278	11029.459	10611.592	1000.0	1000.0	940000	812.8932	155.87262	979.4278	-731.0239	812.8924	155.87401	982.1423	-713.3371	-815.5895	132.1022	8771.531300067902
189	10269.615	259.66367	10635.454	9932.217	10503.826	185.67068	10763.129	10176.478	1000.0	1000.0	945000	813.4873	155.75531	974.95874	-1046.4343	813.4879	155.75674	983.05444	-1025.2722	-816.53546	126.40674	8822.93800497055
190	10045.64	319.33478	10408.277	9461.881	10941.408	137.89494	11143.959	10746.424	1000.0	1000.0	950000	814.2396	154.68414	976.3663	-1028.9685	814.2403	154.68509	982.2824	-976.10236	-817.0761	130.46773	8874.537277698517
191	10009.975	362.72882	10344.504	9337.048	11061.46	143.96951	11232.897	10730.76	1000.0	1000.0	955000	814.5433	155.05286	976.82794	-713.4113	814.54364	155.05347	977.7877	-723.02795	-817.6097	126.02225	8925.291183233261
192	10363.869	176.19656	10572.114	10063.176	11085.378	154.84464	11413.884	10912.498	1000.0	1000.0	960000	815.727	154.21834	979.8747	-685.73346	815.72754	154.21635	979.1417	-746.7283	-818.39966	123.525215	8975.183145284653
193	10251.357	266.49826	10760.3955	9987.791	11058.289	164.08664	11285.154	10783.878	1000.0	1000.0	965000	816.05084	154.74577	982.3872	-703.0919	816.0514	154.7501	983.87946	-777.6806	-819.086	129.74448	9026.32360625267
194	10395.715	272.56815	10658.628	9881.487	10831.415	90.342514	10970.847	10623.236	1000.0	1000.0	970000	816.5217	155.09102	981.2114	-728.2249	816.5221	155.08818	976.5901	-672.17474	-819.2817	123.0269	9078.011777162552
195	10446.6045	214.74567	10788.858	10189.18	9941.233	1689.9735	11006.579	5909.4287	1000.0	1000.0	975000	817.5007	154.67807	984.46924	-618.1333	817.5016	154.68399	991.2965	-617.0404	-820.0964	125.59052	9129.210569143295
196	10389.096	140.67267	10577.657	10222.2705	11036.944	169.91245	11293.855	10767.524	1000.0	1000.0	980000	818.81506	152.78351	983.986	-532.8911	818.81586	152.77876	983.95184	-472.9309	-821.4891	113.396576	9180.76549577713
197	10372.041	393.42554	10770.708	9619.406	10584.436	1209.5483	11325.22	7557.7646	1000.0	1000.0	985000	819.04193	154.09216	981.92303	-757.52466	819.0423	154.08919	983.06696	-606.10095	-821.78546	112.35715	9230.816554069519
198	10360.913	429.17636	10936.264	9610.964	10927.724	190.40808	11370.34	10706.584	1000.0	1000.0	990000	821.0102	151.95676	985.1012	-554.9314	821.0102	151.95837	986.4172	-464.43283	-823.79	120.77896	9282.300033569336
199	10453.978	51.908356	10513.188	10363.972	10373.647	2236.6143	11490.082	3697.8452	1000.0	1000.0	995000	821.85736	152.82533	982.0687	-281.32437	821.85767	152.8284	983.37573	-317.26596	-824.19147	113.20463	9333.8707280159
