Epoch	AverageEpRet	StdEpRet	MaxEpRet	MinEpRet	AverageTestEpRet	StdTestEpRet	MaxTestEpRet	MinTestEpRet	EpLen	TestEpLen	TotalEnvInteracts	AverageQVals	StdQVals	MaxQVals	MinQVals	LossPi	LossQ	Time
1	-47.1982	91.83031	18.53089	-403.9812	-63.271587	41.507206	-25.106445	-157.0678	164.1	20.1	5000	20.992565	22.784887	118.734215	-22.068745	-25.096	1.8057379	45.875343799591064
2	-60.489628	103.42676	1.9962562	-384.26608	-215.96768	354.21832	-26.52613	-1269.2482	172.59259	72.6	10000	317.96756	182.97829	876.86957	-226.36208	-351.72894	112.783005	90.61562919616699
3	-326.43393	702.3705	-12.234395	-2679.7112	-384.00394	881.4448	-34.276653	-3025.0784	130.83784	125.6	15000	1151.5348	291.1717	1974.0378	-463.1119	-1210.9077	1790.8746	141.37446451187134
4	-431.76407	876.882	-14.049003	-2729.4487	-447.51923	866.0569	-60.49401	-2996.4622	159.09677	147.7	20000	1902.009	205.34557	2415.6775	-837.56	-1948.5902	3771.217	193.4056854248047
5	-340.0751	736.95825	-28.977072	-2740.1892	-74.12842	28.633415	-24.665312	-116.288414	125.111115	27.4	25000	1993.1407	216.17085	2378.02	-831.73895	-2020.5175	5093.897	250.02562999725342
6	-581.42365	1030.9615	-24.848255	-2747.8752	-127.970566	56.107143	-49.766933	-227.96767	221.15	45.0	30000	1878.5725	245.3662	2385.1206	-1958.3607	-1902.8843	4164.6343	296.2884337902069
7	-207.18646	503.7525	-20.631826	-2594.3984	-365.1892	857.74146	-24.573996	-2928.4998	78.125	121.9	35000	1738.9778	233.87888	2170.9421	-891.3562	-1760.3402	3924.9944	349.3281579017639
8	-715.9947	1009.9876	-33.12302	-2673.7732	-395.1724	863.9511	-37.04187	-2969.222	270.27777	135.3	40000	1542.0338	232.49812	1968.8704	-913.3342	-1559.9696	3113.963	400.15764141082764
9	-843.1726	1168.6948	-33.839195	-2687.2004	-541.7541	866.14764	-33.372955	-2881.9988	321.41177	193.3	45000	1358.8577	186.44818	1765.6179	-820.025	-1374.7001	1936.6051	456.93737959861755
10	-419.74765	809.6098	-24.749487	-2654.9126	-614.6229	891.23663	-54.570976	-2954.7368	161.81482	208.8	50000	1188.1454	144.93071	1475.8627	-1354.0093	-1200.9061	1456.2974	504.71422386169434
11	-298.71463	607.5317	-23.60691	-2670.2188	-751.51495	1103.9293	-95.243004	-2963.4382	112.76596	253.4	55000	1003.7624	133.05179	1262.0223	-753.0026	-1014.2446	1194.6936	561.2814121246338
12	-530.08704	913.2403	-22.23127	-2726.5537	-683.6639	955.2297	-26.02181	-2857.854	201.34782	237.6	60000	831.00433	111.701416	1043.8597	-917.1325	-839.45184	804.3686	612.4248852729797
13	-510.06546	888.7696	-18.11526	-2661.9402	-396.83096	792.3985	-58.587524	-2765.5632	201.53572	146.1	65000	670.0383	94.717545	873.8702	-454.37222	-676.5107	483.45596	671.0688683986664
14	-644.66974	1017.6444	-37.634068	-2676.1309	-415.03754	839.1162	-35.51611	-2901.8633	247.52632	143.4	70000	521.9395	73.520546	668.7258	-500.27567	-526.68866	281.51123	721.6070489883423
15	-669.927	969.7563	-20.543163	-2677.9536	-1307.2404	1237.7661	-32.443058	-2926.3218	259.61905	453.6	75000	393.182	59.914055	523.67523	-337.2697	-396.6321	149.97537	783.1694943904877
16	-669.7035	1026.252	-29.347626	-2606.4434	-970.38605	1286.8176	-38.696453	-2969.7073	259.3889	335.3	80000	279.86197	44.56985	377.18048	-241.55916	-282.15732	76.18526	836.9284062385559
17	-524.6741	873.4494	-24.597567	-2595.3274	-608.60345	1011.9597	-36.364384	-2725.9158	205.92308	222.7	85000	184.11292	36.02176	266.779	-188.33948	-185.65369	39.034607	894.4641988277435
18	-1178.9242	1311.1796	757.7391	-2579.7354	940.0535	15.390025	965.6319	912.7187	630.625	1000.0	90000	103.8095	23.595697	182.8035	-119.34806	-105.349724	19.1942	961.6470124721527
19	765.91943	104.18652	894.0757	603.30804	310.37802	46.318142	416.53384	261.84134	1000.0	1000.0	95000	74.86033	10.479228	115.957405	-117.56977	-78.008514	14.63409	1028.5094327926636
20	229.1718	120.517426	414.39938	36.231228	-677.83154	432.22272	469.15567	-1044.4214	1000.0	1000.0	100000	74.8576	12.418213	122.963455	-168.0873	-78.29682	15.035934	1094.970852613449
21	-182.90134	915.91473	568.6301	-1822.8859	321.11298	66.36689	417.05197	193.45749	1000.0	908.0	105000	76.228386	20.366234	142.8873	-130.7165	-79.536476	14.995495	1158.8799085617065
22	73.683304	510.26672	487.6934	-917.4703	-37.585808	369.33502	492.23325	-629.3839	957.4	818.5	110000	78.2367	29.799475	149.68196	-125.55229	-81.625114	15.835298	1220.6850454807281
23	26.61442	374.56152	370.95844	-774.2773	222.40593	267.6212	588.9578	-326.45117	762.3333	762.9	115000	82.20912	34.266296	154.79913	-113.622795	-85.57264	15.242227	1279.8144071102142
24	292.02863	223.18057	495.8016	-121.18342	-26.807587	116.31975	145.43065	-230.73193	1000.0	930.5	120000	87.109955	35.831463	167.23346	-104.05726	-90.519714	15.10725	1344.6779599189758
25	2.0730743	387.5048	362.88547	-729.29065	-689.55896	606.91113	521.5356	-1482.767	1000.0	1000.0	125000	94.68024	36.387985	196.20058	-97.62112	-98.10225	14.749631	1412.1458554267883
26	-181.7379	385.5381	360.45056	-802.60657	-23.078968	250.56396	553.3871	-251.19049	836.3333	908.4	130000	101.007675	35.863865	192.71204	-82.95986	-104.339806	13.830656	1478.1997423171997
27	-115.63925	373.1363	391.998	-774.91693	6.303636	249.85078	564.8502	-506.34116	841.0	762.4	135000	104.73846	34.135838	178.89482	-129.15633	-107.98987	12.9282875	1540.3175966739655
28	-104.350235	206.55875	111.35197	-607.7592	166.10933	237.35905	595.6184	-32.899284	599.8889	715.8	140000	106.91353	32.469513	179.55019	-90.49217	-110.08096	12.341468	1604.7896428108215
29	137.9677	132.71605	320.79236	-9.716437	164.9338	78.648705	275.41022	27.151262	867.5	971.2	145000	108.126625	30.218	176.82654	-80.764015	-111.19144	11.64502	1671.0671365261078
30	67.58889	78.06663	195.81013	-6.971574	-382.49826	500.18762	547.16797	-985.7948	736.5	1000.0	150000	107.823135	28.986181	179.78712	-96.75395	-110.74526	11.259231	1731.5202224254608
31	231.39893	164.62813	411.7573	-18.156715	47.79415	333.24982	553.92596	-587.14575	766.5714	633.4	155000	107.00518	28.476809	259.171	-121.71085	-109.89844	12.582203	1794.844877243042
32	44.899433	237.95961	544.88513	-347.4684	338.65128	102.92493	510.89853	190.02248	553.55554	942.7	160000	107.16176	29.622026	351.00714	-95.70895	-109.99513	14.343514	1858.51571059227
33	62.818016	159.92487	520.3619	-111.849365	210.40361	231.13321	590.33655	-46.011173	290.3125	615.9	165000	108.83805	31.403204	393.1044	-80.821976	-111.7211	16.898401	1917.429093837738
34	-29.467342	285.45218	239.52922	-687.3501	56.776894	193.68987	596.6765	-80.969604	740.1429	240.1	170000	113.523155	34.50555	468.32742	-86.338066	-116.61948	22.297894	1974.789531469345
35	187.4674	166.40253	448.72464	-6.2038755	192.00743	229.05211	493.2358	-174.32112	641.25	698.5	175000	120.0959	40.891594	522.76086	-80.02691	-123.14594	21.67261	2038.0627353191376
36	-46.430763	348.16104	423.48758	-966.6987	121.01701	216.19199	578.5947	-63.791023	450.6	513.8	180000	124.134514	46.53621	272.8653	-99.22238	-127.15972	19.723438	2094.3805496692657
37	71.11138	188.97269	497.67502	-112.18579	-116.66577	206.25465	185.61995	-337.2076	340.11765	819.5	185000	128.36491	51.246044	321.49893	-97.73736	-131.44388	20.288523	2165.7385923862457
38	-22.486355	270.55136	383.83102	-513.55695	-52.22212	230.74695	376.27023	-632.93945	707.2857	271.8	190000	131.97049	57.014748	331.07758	-132.74257	-135.00508	22.506332	2220.7612953186035
39	-77.98386	523.4813	354.42188	-1395.0093	47.461678	308.36652	509.04355	-723.4464	558.875	627.2	195000	135.8964	64.08514	373.73477	-93.644264	-139.04709	24.999277	2277.259599685669
40	49.98942	170.68504	499.17792	-193.2638	-138.16873	180.62717	70.91596	-547.3953	345.875	242.4	200000	142.37093	74.67211	432.59857	-141.87805	-145.7435	33.296143	2337.8012335300446
41	-208.31917	352.1103	35.185493	-1281.338	-74.38498	141.57259	-11.44055	-498.12888	359.91666	229.7	205000	154.41064	92.37401	507.46365	-118.60566	-158.22696	47.759865	2387.567038536072
42	-414.29147	562.76184	-12.480727	-1844.8915	-204.01138	311.6455	-12.273496	-949.9625	492.0909	315.0	210000	179.32065	109.03002	523.6054	-134.67848	-184.05792	71.958336	2448.1977746486664
43	-337.5451	323.9796	-10.671818	-902.67834	-129.69936	143.64017	20.820633	-491.8243	402.18182	431.6	215000	206.42354	120.35186	543.6985	-172.43202	-211.13643	83.26396	2503.257920026779
44	-328.6907	345.80334	-30.889282	-1230.1716	-394.0637	302.20612	-18.243765	-916.1141	437.33334	705.9	220000	224.71925	131.6521	563.75446	-189.31752	-229.47952	89.04524	2568.4716777801514
45	-378.29385	324.15918	-16.29514	-1007.7443	-458.59784	487.33118	-20.828163	-1655.2767	531.4	530.7	225000	235.61078	138.61711	591.45013	-186.61562	-240.35411	90.41407	2631.7121641635895
46	-328.7277	324.53415	-16.20058	-992.6047	-225.89905	273.77667	-18.924158	-692.7681	448.6	328.9	230000	242.5606	143.90132	598.9741	-162.89648	-247.27402	95.352196	2687.0437166690826
47	-375.87537	475.61374	-12.015837	-1705.9752	-299.87274	390.7055	62.78664	-931.4241	463.25	427.4	235000	245.67792	148.08395	583.0488	-179.45447	-250.32362	102.58212	2755.0260829925537
48	-446.08505	467.42642	-13.626238	-1331.9926	-341.34344	317.64017	-17.098614	-882.20233	563.8889	481.5	240000	247.64612	153.577	606.14325	-285.22836	-252.39055	106.87165	2818.576669692993
49	-426.89502	372.29266	-57.430676	-1135.3282	-231.52066	267.27902	-20.304726	-787.8114	514.2	516.0	245000	246.61404	156.0281	599.525	-171.47398	-251.14922	102.22758	2882.280960083008
50	-495.37402	514.287	-28.731167	-1677.3134	-301.2586	238.24919	-22.22442	-699.0255	565.125	421.1	250000	240.28094	153.33536	573.3409	-183.98123	-244.53285	89.429436	2937.7828166484833
51	-262.8481	199.60226	-51.68556	-666.4673	-138.36302	178.94	-16.800985	-631.91437	418.33334	287.0	255000	232.60522	150.40007	614.9719	-295.86377	-236.75722	86.72969	2996.519382238388
52	-215.72455	291.90042	-15.125547	-1002.7466	-101.55095	144.87611	77.95069	-408.4359	370.06668	256.4	260000	224.7272	151.96649	674.90356	-267.4447	-228.82843	85.38504	3059.675556898117
53	-137.70357	201.57195	-10.472692	-930.80945	-206.73042	285.55322	-6.187139	-985.32513	259.6111	371.3	265000	219.39975	156.0117	706.5067	-157.61397	-223.3379	89.38161	3117.7891371250153
54	-290.37967	375.0474	-7.789519	-1358.715	-82.70293	66.2387	4.314509	-208.75287	486.36365	175.7	270000	214.20406	157.48415	707.1302	-375.70474	-218.0849	86.450714	3178.1495249271393
55	-119.41611	157.88844	102.09587	-400.9368	33.097824	142.08708	333.60605	-112.03243	449.66666	435.1	275000	213.3645	161.34619	724.7283	-219.3101	-217.3627	88.22192	3232.2609860897064
56	-556.1046	897.9168	32.671185	-2552.83	-171.36438	286.75537	-27.535906	-1017.69556	734.1429	322.8	280000	218.08441	170.17453	743.8764	-181.62663	-222.41132	103.08733	3294.2831230163574
57	-149.74832	327.15445	184.54805	-1229.6223	-244.97708	396.81393	27.695688	-1398.6217	428.84616	530.6	285000	226.0028	179.41716	747.19806	-149.73427	-230.44754	113.61067	3362.04034948349
58	-115.530945	117.524994	-21.575891	-469.02292	-326.82605	321.36545	-31.219814	-1056.032	280.29413	301.0	290000	236.22464	188.16025	754.0499	-224.89372	-240.95648	130.31288	3420.5163023471832
59	-205.46461	207.0165	59.20796	-607.8481	-166.58122	247.40213	193.12389	-617.42194	355.0	474.1	295000	244.0836	194.22072	771.94727	-171.25108	-248.75252	142.66516	3480.748917579651
60	-217.83702	319.2548	-33.388966	-1296.5691	-100.11145	113.3205	113.74665	-298.3995	390.85715	282.1	300000	247.53795	197.11133	736.55664	-184.0423	-252.03484	137.78305	3544.716475009918
61	-341.71646	296.2297	-0.68337494	-832.44666	-227.71729	237.42923	52.10645	-718.56934	561.6667	439.5	305000	243.72586	193.35	691.0026	-318.8033	-248.08098	138.5687	3605.6056005954742
62	-385.43356	237.61086	-118.524185	-830.7367	-366.5913	679.4963	245.25795	-2134.3647	857.8333	727.3	310000	241.98338	190.73183	650.133	-187.11469	-246.40431	133.56934	3674.1527457237244
63	-445.40332	392.01407	-30.217081	-1048.0798	-341.96808	394.40933	-26.333588	-1011.0888	621.625	318.7	315000	240.71944	185.45326	638.2023	-227.67714	-244.97316	123.08238	3732.827791452408
64	-467.91565	406.0306	-28.42648	-1282.4403	-162.39493	330.57263	373.87234	-777.5996	555.7778	296.3	320000	236.43542	177.79103	657.96765	-239.92743	-240.57207	119.05329	3791.684522628784
65	-164.18361	251.45131	192.5945	-662.798	-118.43734	133.40523	128.27243	-300.48105	517.8	287.1	325000	228.68634	170.59946	626.53827	-196.32466	-232.67245	113.74866	3852.7400772571564
66	-185.73431	375.10608	202.38037	-1592.3159	-88.00503	150.1239	35.237465	-519.70184	252.6875	337.0	330000	222.04338	164.99246	591.7965	-276.36664	-225.88014	113.62617	3904.3165154457092
67	-257.58826	433.4107	44.73413	-1549.2687	-701.7742	517.4424	174.21677	-1307.6827	511.45456	662.0	335000	214.96544	157.32356	573.4141	-202.58014	-218.75044	106.12989	3976.1222383975983
68	-469.2181	563.18463	-66.652115	-2168.466	-383.25116	380.2169	-9.004451	-1037.0302	441.91666	524.1	340000	206.22087	147.20235	584.39374	-231.45847	-209.74599	95.19231	4042.837637424469
69	-470.2957	460.15927	-12.899766	-1286.7002	-144.87813	311.811	367.18484	-913.98395	457.27274	279.9	345000	196.52293	136.82944	507.59555	-176.71281	-199.92488	83.83924	4102.448707580566
70	-404.3665	433.97662	189.76965	-1131.1815	-45.860126	28.967216	-8.510416	-103.1954	679.0	49.2	350000	188.8444	123.93826	691.2255	-260.17856	-192.1113	76.04475	4156.664656162262
71	-470.18985	512.7329	-35.749992	-1518.5477	-543.22815	456.0834	104.31931	-1067.1173	420.83334	738.1	355000	179.47662	110.5249	493.11713	-162.5337	-182.46935	61.806484	4224.270765066147
72	-244.12917	326.1164	-22.459635	-1078.7603	-111.20476	130.52931	-5.8367653	-415.0588	324.0	364.3	360000	167.57986	97.52083	558.36914	-191.38258	-170.34499	51.903267	4286.4681186676025
73	-339.00122	355.55624	0.4899376	-862.8551	-44.21704	187.98764	170.92432	-527.12103	595.2857	784.8	365000	157.13374	88.17237	430.49704	-176.88422	-159.7919	46.75341	4346.426351070404
74	-303.59528	323.70007	119.48208	-817.8404	-746.5145	347.4391	-8.461141	-986.8687	1000.0	830.3	370000	147.95564	81.008385	383.75522	-259.28418	-150.43993	40.042305	4416.054993867874
75	-420.43692	403.5223	-8.929517	-982.4388	-315.00073	301.7439	119.40078	-987.222	853.0	935.4	375000	136.44135	71.69867	371.49664	-284.9896	-138.77565	33.449657	4486.011996984482
76	-148.71365	241.02179	34.676723	-637.284	-63.604187	82.2754	17.2084	-227.29039	740.2857	213.8	380000	126.099304	63.03578	298.33188	-160.14899	-128.31096	28.345833	4545.248840808868
77	-51.75569	280.87274	533.22345	-487.54938	-126.72139	92.23583	-30.547832	-315.6443	642.375	657.9	385000	117.5384	55.71297	368.48483	-173.00818	-119.68099	26.42076	4610.307690858841
78	-89.88401	149.99231	181.58362	-419.9383	-519.40936	756.0818	301.77286	-1744.2758	556.1111	668.2	390000	109.73183	49.5232	261.71188	-131.60631	-111.77767	21.002613	4675.697772741318
79	-258.88434	548.54254	401.7906	-1278.4187	-322.3556	281.23602	195.83644	-798.5554	675.75	927.3	395000	103.50114	43.20293	254.06323	-126.57724	-105.45884	17.855303	4747.839432477951
80	-172.97871	245.34651	125.026566	-633.07666	38.474613	444.02884	525.9646	-1047.2107	718.2857	685.6	400000	101.68456	38.454563	250.49928	-124.91351	-103.95924	18.494425	4812.262683868408
81	-232.66574	171.23604	-20.749727	-495.97913	-1052.4299	471.46625	-11.348008	-2096.3867	866.6	885.4	405000	106.08659	49.237015	315.68842	-172.9262	-108.49598	23.074024	4873.616242170334
82	-891.4523	764.58655	390.754	-1992.2373	-735.44794	1049.8442	511.35403	-2346.5295	1000.0	803.0	410000	109.72589	57.292667	319.39694	-195.3342	-112.0802	27.98947	4942.137206792831
83	-974.2339	520.33527	-344.10513	-1998.2002	-269.98395	266.86536	259.8739	-672.2808	868.5	656.8	415000	113.90249	60.591652	313.26608	-163.89365	-116.35685	29.669573	5008.496941804886
84	-153.43195	352.24738	361.3034	-981.14746	-212.13992	299.42685	527.3491	-499.68253	421.0909	937.9	420000	117.921715	60.29611	271.16394	-141.74565	-120.47941	27.307686	5073.032979726791
85	-518.5081	617.5964	208.01651	-1739.0197	-767.14825	884.8654	448.68774	-2095.1108	836.8333	1000.0	425000	118.43122	56.25413	255.39894	-108.71431	-120.7566	23.770105	5144.57039141655
86	-429.57648	518.3118	378.36932	-1086.1964	-643.6746	475.99112	12.462413	-1232.941	1000.0	810.0	430000	114.70408	48.968838	300.96088	-99.07124	-116.84795	18.631908	5214.6261510849
87	-265.20737	497.51755	150.73175	-1334.9569	298.24866	115.52728	399.11697	52.830444	851.0	1000.0	435000	109.48335	41.61305	233.84341	-177.94322	-111.49723	16.953514	5285.4227657318115
88	148.74255	178.18974	368.5086	-20.856598	84.22102	210.30573	498.08963	-181.93768	1000.0	1000.0	440000	103.67397	35.000423	210.0803	-202.73747	-105.56518	13.421469	5355.055773019791
89	357.23026	207.65741	561.926	-16.185297	-29.493982	229.32014	222.79454	-371.26544	1000.0	1000.0	445000	97.621994	28.709558	242.19963	-108.06361	-99.406624	11.421821	5425.8219928741455
90	209.85098	245.16574	538.93536	-212.84581	446.50104	105.61436	628.81555	286.4328	1000.0	959.3	450000	92.73577	23.36552	155.61554	-97.44128	-94.50187	9.450832	5495.46066737175
91	235.17815	225.69379	571.31506	-53.15235	335.9047	79.79926	459.12747	223.04413	702.4286	1000.0	455000	88.91429	19.252117	150.73763	-143.92432	-90.65674	8.737903	5564.972905635834
92	143.55759	380.99496	422.17062	-742.67865	562.1742	196.99757	778.8915	196.9056	765.7143	1000.0	460000	85.74083	15.822368	143.74956	-141.26662	-87.4507	7.8546233	5638.879990339279
93	430.17105	220.8963	660.6917	3.955806	324.90018	100.05208	451.02274	88.46425	801.0	909.3	465000	83.38338	13.698621	147.6814	-122.37964	-85.073044	7.379437	5706.005069255829
94	381.84335	178.6109	595.4782	155.38124	512.60114	156.02654	718.7742	220.60866	1000.0	1000.0	470000	81.571495	12.625388	214.22646	-108.69911	-83.24843	6.8001194	5776.730048894882
95	509.52032	162.73921	698.5538	242.29382	778.786	164.36052	907.59735	309.14334	790.0	929.8	475000	80.48777	12.155521	127.69251	-86.705765	-82.171745	6.4734755	5850.671204328537
96	691.7417	204.71873	893.2316	299.66403	820.8434	243.04268	1034.6411	149.08359	873.8	914.1	480000	80.64018	12.272622	142.47809	-79.52131	-82.341255	6.210004	5913.752751588821
97	840.60144	192.40495	1082.2448	532.3769	645.7685	126.97069	792.4241	358.27118	1000.0	903.3	485000	80.96218	12.46011	124.59668	-106.60349	-82.65516	6.5010242	5982.422538995743
98	749.9996	91.66199	914.345	676.0122	336.65912	145.91705	680.3851	160.29352	994.4	1000.0	490000	81.74589	12.685386	133.30838	-85.46885	-83.44249	6.044933	6052.43966460228
99	540.71185	317.51828	999.9156	120.59657	594.0865	267.83307	894.8407	50.130413	803.8333	797.3	495000	82.80692	13.051388	173.08226	-108.8087	-84.494995	6.2041907	6118.588049650192
100	451.6255	277.94302	697.71326	11.892316	641.8643	361.17392	1006.5397	29.00043	721.8571	729.8	500000	83.57142	13.522095	139.93083	-96.547165	-85.286736	6.442208	6186.193127155304
101	608.3146	228.20131	883.2623	93.83517	754.0141	259.26794	1232.1088	243.29126	831.7143	859.3	505000	85.13616	14.122029	142.68889	-116.08003	-86.873375	6.6398787	6262.253344535828
102	680.46423	96.0093	764.25354	495.32477	660.6562	225.46661	814.74896	-4.759879	1000.0	874.4	510000	86.55032	14.109535	156.82622	-119.70375	-88.282715	6.4751134	6332.104705810547
103	741.68005	55.951233	848.65826	690.26074	503.06284	329.4331	876.58276	6.986965	1000.0	708.0	515000	88.10493	14.459244	174.08128	-162.41417	-89.86061	6.864432	6398.645139455795
104	442.94406	212.34755	744.7798	125.95001	567.03455	328.54782	1016.37085	9.273643	538.55554	675.5	520000	89.895256	14.773738	207.42079	-75.63522	-91.64772	7.070762	6464.615320444107
105	565.17	242.08708	833.0156	229.31651	875.1011	107.88358	1046.501	715.2582	758.5	1000.0	525000	90.93026	14.972561	213.93279	-100.4897	-92.66686	7.227556	6532.772961854935
106	789.055	115.75462	1002.21313	674.416	463.14764	280.88995	830.0388	8.118566	1000.0	744.3	530000	91.84649	15.381376	241.39719	-82.048454	-93.57396	7.6648545	6599.539110183716
107	432.51114	373.61456	820.2442	-174.93452	579.25793	338.4912	992.88983	0.67006326	838.8333	725.7	535000	92.67175	15.571443	207.8711	-88.23728	-94.40029	7.1009865	6666.864101886749
108	362.18015	276.0895	697.744	-0.85215724	619.2466	451.1104	1300.8258	6.7161217	508.0	612.9	540000	93.67752	16.104528	220.72624	-82.369064	-95.398575	7.0614805	6732.922983884811
109	695.0544	298.0236	1026.4668	275.2088	793.97473	400.0584	1365.733	64.7784	780.8333	812.0	545000	94.17697	16.387924	211.23285	-84.227974	-95.86717	6.9975605	6798.65309548378
110	992.2946	246.73643	1391.622	738.97266	515.5398	376.04492	1154.308	14.574117	1000.0	572.5	550000	94.773026	16.703587	192.13234	-106.90866	-96.46913	7.013783	6862.455759048462
111	675.28815	292.2509	1024.7722	84.481415	730.3663	402.03925	1249.0139	60.001263	849.5	682.5	555000	95.40884	17.479643	195.22076	-92.75492	-97.13019	7.0554147	6927.966338157654
112	724.23645	16.89504	757.2655	712.34033	634.65375	350.30035	1023.02606	9.208952	1000.0	735.8	560000	96.56471	18.412323	189.74127	-102.34293	-98.26754	6.968007	6994.834819078445
113	874.91223	174.17128	1091.0073	629.6098	735.72784	213.62573	895.28235	146.13478	1000.0	902.5	565000	97.01485	18.792368	208.44965	-111.398705	-98.69723	7.312825	7064.951723814011
114	793.02924	123.54579	988.8224	657.539	714.502	235.33585	853.4442	13.054773	939.1667	901.0	570000	97.68851	19.371466	204.48683	-69.29641	-99.375046	6.964309	7140.229215621948
115	713.62396	280.27136	1204.5717	306.46124	526.80914	342.6349	976.9502	39.905685	800.5	615.3	575000	98.4247	20.056494	198.6333	-111.83957	-100.12069	7.1099896	7202.8332579135895
116	711.8777	310.81488	997.6735	39.730247	436.16513	384.68884	927.2008	16.440004	839.3333	530.0	580000	99.401505	20.905794	210.04439	-160.95074	-101.10527	7.2776384	7266.786766529083
117	395.07117	372.4348	1193.7888	3.9179614	913.054	320.5157	1180.4618	21.308245	454.27274	902.7	585000	100.29925	21.493212	189.78407	-99.94107	-101.9837	7.515098	7337.190427303314
118	688.8574	318.46982	1138.2268	71.05767	670.30615	339.18585	1096.2922	36.157482	791.6667	655.5	590000	101.016365	22.026022	222.14487	-80.69585	-102.70543	7.6685114	7399.259440898895
119	459.97635	372.36768	888.516	-20.06892	403.9541	301.39563	855.49677	21.24846	587.44446	507.0	595000	101.93104	22.576954	224.84088	-72.53874	-103.63831	7.833579	7465.916783332825
120	426.6407	271.07132	745.90106	34.955463	797.42773	135.71695	929.1796	436.36865	580.1111	945.9	600000	103.13119	22.98127	222.56407	-117.16431	-104.83066	7.8633404	7538.98513507843
121	478.96027	299.8238	774.6558	20.231167	539.3531	265.91513	759.14246	18.03325	641.1429	766.0	605000	103.82891	23.563572	256.30304	-71.64286	-105.54885	8.311482	7602.261493444443
122	641.5702	250.25023	976.1263	136.68423	504.27554	315.88315	860.7262	39.07229	851.6667	655.9	610000	105.49124	24.87555	265.78244	-73.14019	-107.230675	8.595397	7667.975660800934
123	487.10535	353.63498	897.73157	32.527027	632.48145	258.6075	912.3596	96.73789	649.375	837.1	615000	106.519516	25.518105	262.50952	-143.79903	-108.25638	8.930165	7739.6795172691345
124	421.93677	264.664	773.1784	17.078299	402.56024	305.86154	784.1286	14.555726	598.375	651.3	620000	108.01586	26.635944	300.6152	-79.06281	-109.773186	9.714886	7805.341294527054
125	532.80743	141.60197	701.2021	319.3547	257.798	302.4624	708.66864	-47.081062	882.1667	467.9	625000	109.79926	28.068388	380.0253	-129.24979	-111.59555	10.932627	7871.220732450485
126	387.6166	276.0765	612.3473	-39.376087	370.35388	308.25046	766.8132	6.5541425	749.5	561.2	630000	111.76502	30.030579	383.3342	-81.7619	-113.55093	11.522731	7932.320545911789
127	329.6695	301.3202	721.41364	-33.490833	132.85995	209.53224	662.84247	-7.388851	535.1	268.3	635000	113.5443	31.609015	397.042	-106.86814	-115.38609	12.559948	7996.05292224884
128	112.62841	308.67334	715.75555	-423.65573	150.58162	286.90958	779.59326	-15.370842	408.58334	225.1	640000	117.06614	34.476	394.1724	-78.95828	-118.99114	13.690005	8054.934767961502
129	260.95377	235.22511	593.99756	-5.6104426	560.5676	141.49364	798.20856	356.09836	563.125	971.1	645000	118.51563	35.908016	304.19635	-88.360214	-120.33199	12.334168	8121.899256229401
130	436.07007	264.57166	745.9569	34.36074	579.77826	204.78447	797.1085	36.246063	643.625	881.3	650000	117.80997	35.201145	314.80405	-85.905556	-119.56341	12.036559	8192.495569467545
131	645.5274	150.36084	761.065	338.55515	453.55118	493.4965	838.55396	-820.9817	930.8333	908.7	655000	116.5584	33.659054	236.81346	-85.41585	-118.27486	11.317014	8267.934276103973
132	520.29376	313.328	843.3132	38.039597	733.46204	231.31512	1001.4722	120.71897	806.5	861.4	660000	115.429695	32.343822	239.02606	-81.35418	-117.12586	10.997559	8334.229876756668
133	541.1947	248.9632	785.3049	22.499395	736.3727	161.76335	891.1103	280.58234	728.8571	941.2	665000	114.73198	31.121307	232.91368	-94.56755	-116.421234	10.334021	8404.525526285172
134	670.5251	255.69814	855.91254	107.29646	497.61224	336.54666	1081.0626	23.295647	789.0	453.2	670000	114.15408	30.256498	236.57251	-65.36084	-115.82322	9.77297	8465.397544145584
135	530.48627	356.38406	1073.8309	11.023144	928.46094	344.0647	1329.03	53.73788	735.2857	905.5	675000	113.4467	29.50765	256.64987	-98.326744	-115.10267	9.702455	8537.267415523529
136	821.2629	150.59007	1083.6471	629.01715	926.60046	307.71432	1203.1326	283.53268	1000.0	876.0	680000	113.11047	29.040106	257.1078	-112.02632	-114.74409	9.506032	8607.010026216507
137	538.9906	266.8762	977.0506	1.9935948	375.97433	318.21158	866.60254	6.159488	655.0	467.8	685000	112.681404	28.616858	219.87105	-119.507965	-114.30577	9.106341	8673.877608060837
138	855.7297	159.39415	1122.9713	672.9241	991.13885	254.33257	1314.3608	627.29425	1000.0	907.5	690000	112.1641	28.611578	245.47018	-96.83522	-113.7785	9.20986	8746.464539766312
139	614.6419	326.7933	1120.4174	202.00458	799.3725	289.66385	1109.2157	58.810856	687.5714	815.1	695000	111.64336	28.198511	237.69653	-85.29409	-113.23038	8.942613	8815.034826278687
140	913.53375	415.04343	1244.9813	47.68508	643.2079	352.7052	990.1582	33.82484	842.6667	693.5	700000	111.53636	27.65416	243.98004	-94.338326	-113.12869	8.297665	8883.489143371582
141	555.8972	286.91293	807.5726	77.47903	569.50525	443.05966	1107.8118	1.328863	720.5	544.2	705000	111.32369	27.32491	263.69803	-91.54104	-112.92088	9.20298	8941.923201084137
142	813.9677	411.75266	1346.0902	29.749924	1051.8542	325.9448	1335.2104	234.34079	836.8333	920.1	710000	111.601845	27.237598	254.94438	-102.1886	-113.19595	9.145056	9014.380687952042
143	764.16705	399.25897	1334.0095	108.21983	807.4413	349.96667	1323.5737	95.02019	853.3333	832.7	715000	112.00954	27.386076	250.75194	-96.367874	-113.610886	8.525293	9088.031829357147
144	481.63007	327.66364	1010.8843	50.22184	663.6947	409.3658	1426.7946	35.41953	516.7	673.0	720000	112.98596	28.055313	262.753	-100.82544	-114.606346	9.218972	9155.918374538422
145	583.03217	415.21506	1219.5958	8.159038	703.2165	314.0046	1054.9858	127.33228	655.5	705.0	725000	113.671265	28.434002	287.94846	-90.799446	-115.2771	9.854936	9228.93393087387
146	743.90753	211.06422	961.5218	319.25336	541.6189	315.00024	901.7048	143.37735	760.0	595.3	730000	114.34991	28.673098	279.78998	-134.34381	-115.968185	9.665759	9291.894590377808
147	745.3704	54.78728	803.03955	654.222	522.09094	444.94434	1281.8035	74.31159	1000.0	430.2	735000	114.607765	28.645994	271.20767	-74.17768	-116.212776	9.520054	9358.541716337204
148	575.32764	383.13516	1242.5187	82.8224	542.6024	395.05548	1003.66223	15.984513	617.3333	566.1	740000	115.45241	28.991425	281.9032	-160.96568	-117.03856	9.104503	9430.14909029007
149	940.32715	356.72833	1400.0618	427.89844	977.661	517.42267	1422.1973	38.284225	856.6	757.5	745000	116.03122	29.246332	262.06165	-98.400826	-117.63383	9.26798	9491.05764245987
150	572.5505	400.6734	1321.2461	95.35939	971.33185	364.804	1495.9442	134.61086	565.6667	839.6	750000	116.753845	29.614172	262.30313	-94.69241	-118.3493	9.268207	9563.056614637375
151	808.4581	394.9722	1419.1648	90.398575	928.34924	182.54701	1280.4679	558.9561	808.5714	1000.0	755000	117.77977	30.146734	254.95378	-112.250824	-119.379745	9.048621	9644.371988534927
152	713.4472	309.90726	1083.8236	134.07121	848.1084	104.428276	1126.2494	734.3415	768.6667	1000.0	760000	118.16547	30.34731	244.83264	-90.36966	-119.74482	9.3761425	9715.505202054977
153	1042.3175	413.9735	1423.2029	199.60725	605.23834	533.22766	1577.041	21.288462	862.3333	549.3	765000	118.46089	30.62058	246.42398	-91.217735	-120.046104	9.489878	9783.862138986588
154	568.44543	418.13626	1237.1201	40.78314	1075.7798	180.10753	1382.898	834.171	565.25	1000.0	770000	119.198906	30.988098	225.08684	-81.44683	-120.783806	9.400948	9850.232816457748
155	877.2878	92.43714	1004.5176	701.78687	709.82635	433.2356	1400.4716	26.74346	908.5	636.9	775000	120.00881	31.37493	220.09044	-105.854774	-121.6052	9.77008	9920.948594808578
156	440.77597	384.64297	1059.1749	1.3529168	591.62756	243.92136	945.6313	150.82574	498.77777	785.4	780000	120.52838	31.588448	227.26425	-79.17621	-122.12628	9.538039	9986.670487642288
157	643.7127	354.98462	1240.1943	71.636375	737.31824	351.48303	1215.2273	64.5984	701.0	700.8	785000	121.01099	31.784443	263.90662	-125.22947	-122.597916	10.254974	10060.819641590118
158	492.14252	299.9792	987.9584	134.89252	935.42804	376.3518	1341.0273	122.519485	504.8889	807.1	790000	121.66048	32.274746	247.92012	-65.671585	-123.26711	10.115057	10126.936463832855
159	1047.7468	207.03662	1312.3896	803.8768	985.42224	184.49725	1196.7621	599.0441	997.6	955.0	795000	122.299995	32.816544	275.04773	-83.697495	-123.90403	10.058476	10199.459765434265
160	900.81195	422.61777	1485.7041	23.221443	439.4183	385.4606	1219.5309	62.478886	819.2857	415.3	800000	122.99637	33.25219	260.4798	-91.70509	-124.59631	10.538076	10271.021129846573
161	674.9963	425.6803	1356.7738	15.18425	1045.6549	429.82755	1616.9073	120.56659	548.44446	844.3	805000	123.63996	33.500328	220.85248	-80.620834	-125.21133	10.19431	10341.293927907944
162	934.85516	262.99545	1222.7235	425.6465	1438.1176	194.32405	1757.0851	1133.5096	831.6667	1000.0	810000	124.05524	33.952885	239.39362	-135.55786	-125.635735	10.444574	10412.03713464737
163	1100.2174	452.40414	1718.4799	333.97464	1038.37	230.42401	1432.7758	756.8526	825.6667	925.4	815000	124.614395	34.538616	239.20749	-102.197754	-126.20323	9.976333	10483.23519730568
164	902.6767	455.92606	1305.254	43.549206	1063.1888	498.98355	1755.7079	58.528244	843.8333	768.2	820000	125.37348	35.35317	248.70602	-81.24558	-126.95823	10.532768	10554.494550704956
165	787.59503	404.539	1390.1049	41.06712	1158.9207	234.90474	1424.2389	751.32733	623.25	968.1	825000	125.79401	35.631355	247.80753	-57.504932	-127.36452	10.063889	10626.34042263031
166	748.62994	422.58945	1353.9779	23.01907	1176.3666	388.55118	1552.5371	252.62173	716.0	918.8	830000	126.01169	36.10942	265.23224	-62.30474	-127.57458	10.100692	10692.584716558456
167	984.1882	346.62967	1501.6012	529.49744	667.62476	336.06604	1033.4238	53.078983	834.8333	680.0	835000	126.25744	36.70858	220.5594	-77.54816	-127.83854	10.647799	10761.76475763321
168	825.5163	393.44504	1429.6904	246.8292	803.5971	317.7683	1293.3073	153.86433	727.2857	677.3	840000	126.83708	37.29261	230.76234	-107.32036	-128.42027	10.992619	10830.234520196915
169	612.6851	379.2928	1296.4397	197.96751	873.41833	281.64285	1424.0986	185.02254	542.8	915.2	845000	127.28647	37.68651	205.89024	-79.657425	-128.8484	10.591781	10906.085188388824
170	885.367	466.7541	1494.3748	30.928167	1379.544	501.01675	1839.6923	453.9984	840.1667	815.5	850000	127.2851	37.9468	213.47038	-79.53666	-128.83623	11.391198	10976.716596603394
171	930.46356	631.37274	1716.6769	37.044193	1186.8428	485.29144	1595.0936	238.48087	727.7143	843.4	855000	127.256195	38.24502	203.70958	-74.38388	-128.79468	11.007427	11045.239457130432
172	1042.51	361.47113	1412.6064	359.82626	1019.70245	273.4104	1492.0541	437.22937	826.6667	935.2	860000	127.25109	38.788944	217.26941	-127.873024	-128.79309	11.640629	11117.868291139603
173	1109.6963	277.87677	1564.106	832.6076	760.2892	328.5434	1175.3716	42.793163	1000.0	687.1	865000	127.75648	39.240425	255.03017	-76.69342	-129.33904	11.048067	11187.298255681992
174	644.05896	413.97165	1531.2699	102.073135	844.6486	632.12286	1719.0742	25.11612	567.625	530.7	870000	128.80746	39.74546	263.66028	-85.41297	-130.3695	11.388874	11249.168668985367
175	977.7129	198.07916	1300.1262	772.09393	963.0404	221.44601	1448.0404	560.15686	944.4	1000.0	875000	129.18385	40.112896	261.9052	-69.92241	-130.721	11.307922	11323.871176481247
176	827.7115	417.71243	1244.9838	-2.4546044	897.4759	355.43347	1494.8501	133.94373	767.5714	811.7	880000	129.57039	40.489296	248.0629	-104.14821	-131.12799	11.485977	11399.912248849869
177	829.85443	567.4466	1710.8785	22.744316	1008.2059	336.9936	1495.4507	526.68634	657.0	796.1	885000	130.38164	40.905643	266.64407	-84.84567	-131.95882	11.9839525	11473.691009521484
178	1073.7886	338.13208	1587.5782	707.4027	985.5679	841.52014	1711.7654	-1248.966	1000.0	824.9	890000	131.28912	41.251545	217.95512	-73.777084	-132.85954	11.725084	11544.771517276764
179	802.3368	490.77182	1505.211	-5.996132	778.1126	671.7714	1323.5402	-1053.7148	762.7143	882.2	895000	132.0487	41.63673	230.98764	-101.387344	-133.63182	12.137275	11620.123608350754
180	957.1699	471.655	1715.3364	225.14426	818.9309	407.54858	1484.945	28.07067	793.5	759.8	900000	132.44563	42.22397	244.68793	-78.57229	-134.00648	12.287025	11688.90120267868
181	934.33057	401.42703	1407.7195	271.1461	389.18243	275.72635	846.3079	57.265415	986.6	339.7	905000	133.03581	42.81091	241.87964	-96.33528	-134.61244	12.481778	11751.290717124939
182	978.45087	383.9546	1571.6418	333.63254	958.5658	285.57895	1446.6447	293.177	789.1667	933.1	910000	133.82379	43.37481	250.50572	-106.83272	-135.41408	12.878202	11820.489305734634
183	748.96423	313.03033	1213.7338	138.94504	1115.6302	470.0927	1741.4305	44.088894	711.5714	771.0	915000	134.95181	43.803596	240.4922	-132.69728	-136.53456	12.889863	11890.371474981308
184	1146.9521	185.56548	1453.4491	920.96533	522.8138	270.87674	894.3165	110.80866	885.5	523.6	920000	135.57756	43.923073	227.84015	-89.11335	-137.15761	12.878197	11960.657101392746
185	780.86273	364.17462	1268.3801	69.81912	943.02765	485.68552	1392.4009	4.5979924	840.8333	807.9	925000	136.4003	44.3472	236.90898	-104.28704	-137.99098	13.33421	12032.210263729095
186	881.1242	394.44806	1374.9912	304.3753	1226.1259	271.9435	1511.2048	803.5739	847.8	982.7	930000	136.83514	44.76502	238.8422	-70.26386	-138.39009	12.430466	12100.026441574097
187	841.42615	229.79987	1290.7687	659.64484	786.079	272.67828	1422.1033	379.2859	1000.0	803.0	935000	136.60164	44.90041	235.26901	-80.091484	-138.14995	13.022553	12172.440403223038
188	990.57025	330.08548	1396.4528	552.8408	882.2726	477.24872	1631.1378	15.330266	845.6667	714.9	940000	136.82245	44.981434	226.84659	-116.289566	-138.40408	12.874479	12243.805446863174
189	669.2606	548.60956	1577.3223	28.001377	1379.5135	288.74088	1712.305	686.69904	568.3	911.9	945000	138.21283	45.67115	237.56544	-98.545845	-139.80678	13.71668	12321.86607837677
190	814.3029	464.43353	1560.8508	100.001274	1021.69745	337.38095	1410.9868	376.53003	681.0	805.5	950000	139.43126	46.305958	281.87543	-90.944664	-141.02824	14.016179	12390.290173053741
191	996.4993	605.36945	1658.6301	45.148388	972.0031	401.66858	1393.4202	18.957138	735.5714	902.3	955000	140.20268	46.479137	369.19955	-103.18953	-141.78627	14.5726385	12464.620085477829
192	673.9333	388.31512	1275.1104	55.307446	946.16907	541.34784	1548.2725	35.01599	725.0	738.4	960000	140.35773	46.543903	324.34137	-106.96741	-141.93962	14.52625	12528.565512180328
193	937.34125	298.2003	1355.4603	407.52426	873.1878	363.62076	1472.7479	259.0048	892.8333	717.0	965000	140.56819	47.086426	271.6197	-95.863106	-142.15154	14.345726	12602.625077724457
194	903.2775	211.31409	1253.7998	676.44037	897.14514	296.2633	1326.8301	188.98386	986.0	819.9	970000	140.8236	47.706356	276.0899	-74.18957	-142.3952	14.050306	12673.913539886475
195	1156.068	282.66766	1500.0128	795.6374	1387.0951	305.19147	1811.8372	794.9458	1000.0	1000.0	975000	142.14536	48.626617	260.15298	-128.47365	-143.78258	15.104049	12746.303248643875
196	598.1342	360.89825	1165.4896	94.94323	544.11945	524.43475	1089.7115	-590.78784	711.4286	662.8	980000	143.6683	49.607166	444.9313	-90.43745	-145.32913	16.508259	12816.488150119781
197	526.36926	379.54297	1039.0394	27.116856	589.0821	393.61703	961.10724	-109.190186	649.75	621.7	985000	146.12004	52.12432	325.78885	-114.88978	-147.82333	16.89495	12887.147421121597
198	1034.4359	477.07092	1700.8423	181.84341	426.7688	314.29916	834.2673	52.267776	861.8333	504.8	990000	147.2842	52.937424	320.32318	-86.74562	-148.90625	16.633001	12955.78362083435
199	760.0343	315.8136	1129.1345	147.82788	1021.36884	265.1399	1393.6497	679.1763	697.1429	959.0	995000	147.6716	53.073967	365.82468	-103.32598	-149.29276	16.857737	13029.787010669708
