Epoch	AverageEpRet	StdEpRet	MaxEpRet	MinEpRet	AverageTestEpRet	StdTestEpRet	MaxTestEpRet	MinTestEpRet	EpLen	TestEpLen	TotalEnvInteracts	AverageQVals	StdQVals	MaxQVals	MinQVals	LossPi	LossQ	Time
1	-58.052277	76.32955	-1.4101526	-320.47372	-857.4042	1136.4656	-44.494305	-2858.0933	167.25	302.7	5000	15.05022	17.547762	111.37775	-16.794497	-18.528122	1.3056654	46.84980773925781
2	-96.86728	113.263885	-8.478484	-343.64438	-51.072617	22.542923	-24.119349	-111.89508	272.26315	20.4	10000	377.9062	266.15958	1172.4124	-187.92229	-421.5189	220.63043	93.9477379322052
3	-595.50745	956.2234	-22.45292	-2749.8274	-754.35803	1127.2505	-61.685745	-3003.1377	231.66667	248.9	15000	1522.1725	320.3705	2296.8953	-452.58087	-1595.7297	2464.6404	139.82894277572632
4	-678.64264	1062.819	-16.867813	-2726.3435	-380.46643	880.79834	-49.90625	-3021.4941	249.21739	126.3	20000	2536.5657	389.33838	3528.342	-1022.7376	-2612.016	5399.5444	196.98688864707947
5	-216.1283	550.2643	-12.515174	-2699.2153	-69.60146	45.693233	-23.859346	-171.13184	80.64616	25.6	25000	3231.0994	270.37677	3997.4016	-2021.9736	-3284.1304	11507.42	249.33477592468262
6	-537.78143	968.49225	-17.147581	-2746.7751	-388.50552	879.43994	-32.052906	-3016.7625	200.5	130.5	30000	3216.6006	366.97842	3855.9817	-1729.8406	-3261.4224	15360.1045	299.38686966896057
7	-578.9234	1013.44543	-32.268604	-2702.3088	-130.8865	83.805084	-31.608503	-272.61865	217.2381	40.6	35000	3025.8618	363.10986	3766.525	-1634.1848	-3061.4583	9460.76	345.8334426879883
8	-677.03064	1033.2012	-19.015272	-2765.1953	-1126.2213	1306.6011	-56.353817	-3067.5232	247.65	379.4	40000	2861.5232	314.6672	3514.5256	-1879.3011	-2895.2969	8165.7266	400.6624813079834
9	-397.62762	769.8501	-17.166523	-2713.4768	-399.66476	876.8618	-20.55295	-3018.147	149.29411	132.1	45000	2591.576	290.03897	3138.6194	-1402.4851	-2617.1104	6432.51	452.76212215423584
10	-867.24884	1185.3873	-29.410234	-2740.1558	-393.48102	880.64087	-48.108772	-3029.9219	319.2353	129.1	50000	2225.6106	273.24612	2760.7034	-1500.2079	-2245.5103	5216.49	508.10195326805115
11	-878.1582	1212.503	-38.516792	-2713.5576	-145.26477	92.4733	-32.0992	-309.0292	326.69232	45.5	55000	1889.937	238.50252	2362.9922	-1059.6305	-1903.2556	3218.089	551.4537928104401
12	-540.8696	975.17474	-34.99985	-2716.5671	-480.49692	846.56696	-34.603542	-2981.6204	200.6207	162.2	60000	1515.4657	212.70172	1985.3663	-934.83746	-1524.6722	2085.5374	610.4327952861786
13	-1154.8969	1261.6566	-29.959122	-2783.0513	-676.0482	1163.9507	-31.77983	-3022.2	426.0	224.1	65000	1202.1782	159.95049	1537.977	-884.7432	-1210.2742	1284.7819	657.714108467102
14	-538.17633	951.2649	-24.018826	-2732.839	-1257.4532	1409.1805	-24.714012	-3012.4636	200.11539	423.3	70000	967.21277	141.80951	1299.5562	-1183.1002	-973.1255	838.75305	715.6162700653076
15	-508.56143	927.29456	-34.914173	-2784.5525	-74.097565	40.421303	-27.254978	-156.5527	188.2069	26.4	75000	731.21924	109.287285	988.2488	-750.46246	-735.1756	445.69397	769.0846138000488
16	-195.88371	487.04462	-20.89846	-2689.2268	-718.7755	1167.0726	-27.96137	-3052.4976	76.08064	237.3	80000	534.8104	84.77356	723.0682	-705.55756	-537.30255	290.80927	820.8078060150146
17	-416.45847	873.92365	-23.011076	-2746.5356	-59.635437	28.945137	-29.310368	-104.56906	157.03226	18.8	85000	377.84583	70.831215	533.2153	-390.41455	-379.69583	162.1848	870.6263942718506
18	-828.00775	1169.3499	-30.02266	-2773.2056	-742.7096	1124.2518	-40.832256	-2994.0803	306.55554	253.0	90000	246.47916	58.15435	381.17557	-422.33496	-247.75143	65.16523	929.2604746818542
19	-1049.2568	1169.1932	-35.773655	-2705.4353	-1598.989	1369.9568	-34.924393	-2976.6123	390.41666	541.4	95000	150.61613	42.80343	248.5525	-276.73294	-151.62749	31.83552	985.695259809494
20	-1448.9384	1140.2379	-132.14247	-2717.275	-2357.24	996.70245	-732.25287	-3092.0088	538.2222	786.9	100000	83.16983	33.911354	179.40022	-147.85524	-84.08959	15.479276	1046.8603613376617
21	-1437.5953	1258.8448	-50.512554	-2715.7856	-2195.0168	1110.4425	-309.55194	-3064.6538	532.9	720.7	105000	25.351791	27.300907	102.77995	-161.67381	-25.913624	7.208891	1109.2955708503723
22	-1056.0917	1248.243	-28.486723	-2737.0452	-1860.0026	1386.798	-35.588787	-3017.493	392.54544	622.6	110000	-19.924667	17.0641	66.74985	-71.167915	19.534895	7.589141	1163.4388318061829
23	-978.6552	1224.3518	-25.070337	-2741.0283	-675.03656	1161.3011	-28.458803	-3015.2393	363.4	224.4	115000	-54.602825	15.60562	48.995857	-102.622314	54.023323	12.500636	1221.639690876007
24	-98.396935	333.89444	-15.808978	-2707.9075	-45.063164	19.624651	-28.169891	-96.07338	37.3986	15.0	120000	-76.464485	22.166492	37.04825	-120.7736	75.22936	13.816972	1277.2197229862213
25	-37.255245	40.570568	-11.346981	-476.73215	-30.849873	20.517849	-13.125248	-90.55642	15.841615	12.5	125000	-81.4242	33.70077	24.912176	-130.1819	80.08707	12.6819315	1331.7462406158447
26	-32.060413	23.923702	-6.033993	-189.56184	-18.552668	2.7375362	-15.064503	-24.519033	14.910448	10.2	130000	-83.27536	41.093925	32.534435	-143.89563	81.86804	12.525455	1385.7726376056671
27	-21.944855	10.45	-3.2432232	-84.26203	-22.498835	3.301127	-17.31817	-30.344023	11.730769	11.1	135000	-82.52121	45.497936	24.878206	-150.95631	81.067474	12.385735	1433.7531189918518
28	-38.078674	203.69579	-6.2805047	-2660.5225	-20.103716	3.6629338	-17.224081	-30.17	17.274096	9.5	140000	-82.46062	50.08279	42.217625	-158.87157	81.07733	12.842026	1494.26780295372
29	-19.684095	9.15572	-4.5032296	-98.59869	-21.868773	6.253327	-14.8532	-35.17679	10.462343	9.3	145000	-80.40492	52.40253	54.9912	-157.31194	78.887764	13.134178	1548.6544828414917
30	-19.547453	10.483186	-4.463448	-106.98063	-20.054647	4.6738534	-15.355207	-30.809526	10.591102	9.8	150000	-76.897675	52.823433	66.72345	-160.40733	75.45676	11.348989	1604.1038990020752
31	-19.750244	11.457328	11.192213	-107.2992	-20.05401	5.4242883	-11.580871	-30.719757	11.574074	9.9	155000	-72.43257	51.762726	68.47885	-155.27222	70.8904	10.8511095	1659.6395864486694
32	-18.469187	7.6259804	2.3841813	-81.85545	-21.240139	9.621493	-13.221983	-48.546474	10.5548525	11.4	160000	-67.78259	49.501537	58.99611	-145.78796	66.340454	9.5563135	1715.6706545352936
33	-17.078226	5.4703827	-5.230577	-52.904964	-15.5297165	3.5060027	-9.873208	-20.997023	9.656371	8.4	165000	-64.31692	48.611134	47.827164	-144.80449	62.901222	9.215521	1772.4359662532806
34	-16.376898	6.496307	-1.8331096	-58.710033	-18.332897	6.3332534	-11.769766	-33.03976	9.578544	9.7	170000	-62.264626	48.43082	38.743263	-144.6705	60.905437	9.171633	1828.3206508159637
35	-17.135548	7.7948766	6.1496716	-83.97023	-14.503807	4.2262506	-8.599754	-23.60383	10.092929	8.6	175000	-59.63439	47.58757	58.635853	-143.74234	58.252354	8.954678	1883.0820615291595
36	-18.161423	12.013979	18.671892	-116.54291	-21.42831	11.365785	-13.674036	-52.882027	10.700214	10.4	180000	-56.739437	46.235165	38.28706	-139.05774	55.432346	8.615199	1938.5471603870392
37	-18.2067	33.116676	-1.8929751	-751.68304	-16.216974	2.5180435	-11.671599	-19.788208	9.7421875	8.5	185000	-56.059082	46.69665	34.746265	-138.96964	54.867317	8.519724	1994.0994470119476
38	-16.77484	7.401233	-4.3869114	-66.140205	-18.891066	4.6369014	-9.471573	-29.51383	9.600768	8.7	190000	-55.52103	48.212288	62.620483	-142.60057	54.36909	7.938977	2050.598266839981
39	-16.235949	8.867172	-3.9084926	-127.10094	-23.034891	17.528738	-11.220486	-74.64069	10.056225	10.3	195000	-55.016815	49.17541	36.132652	-145.1468	53.83577	7.658594	2107.037882089615
40	-16.264233	8.174308	-2.9466434	-86.07452	-17.613544	2.5097806	-13.954256	-21.800346	9.783203	8.3	200000	-53.752495	49.079304	45.564884	-143.14877	52.62661	7.639215	2164.0134110450745
41	-15.875372	5.5559587	6.487372	-62.437378	-20.634628	7.034104	-13.562105	-39.82141	9.426415	10.1	205000	-53.04925	49.421036	34.564823	-138.1584	51.942455	7.1408925	2220.9270389080048
42	-16.174875	5.9799833	-3.362619	-62.318756	-17.676586	3.3843322	-12.3022	-23.258814	9.673114	9.5	210000	-51.965664	49.25138	22.519861	-138.51866	50.853756	7.147861	2278.0466599464417
43	-15.728102	5.4958634	-0.70747375	-82.18973	-16.22703	2.5422988	-13.026843	-20.400734	9.211786	8.7	215000	-51.112347	49.31192	29.13698	-141.0737	50.088528	6.9345036	2335.584608078003
44	-16.476353	9.649708	-4.321751	-177.60446	-15.137047	3.3038585	-7.1169662	-19.06468	9.776908	9.4	220000	-50.017094	49.05239	33.910915	-139.88983	48.960182	7.097979	2391.7224218845367
45	-15.713958	6.4982877	-5.041798	-97.993576	-17.11668	3.5086248	-12.596201	-25.034018	9.493359	8.9	225000	-49.40369	49.366043	40.462624	-139.61433	48.411755	7.2183504	2448.7006578445435
46	-15.745491	5.103716	4.4377103	-68.49238	-17.953114	3.2167299	-11.25821	-22.690554	9.349533	8.8	230000	-48.983803	50.010555	38.828976	-143.16266	48.021217	7.1095505	2505.9316651821136
47	-16.023726	5.48154	-3.0457997	-78.72461	-15.248561	2.3706226	-11.142256	-18.787167	9.357677	9.0	235000	-48.62145	50.770863	33.437675	-150.45564	47.70893	6.6483717	2562.884957075119
48	-15.839007	4.871821	0.11991658	-41.515774	-15.347415	2.6716921	-11.569983	-20.358332	9.345795	8.7	240000	-48.73381	51.775063	45.53055	-153.87486	47.864937	6.8672976	2620.316245317459
49	-15.223155	5.033981	9.354559	-51.35707	-14.796272	6.2305017	-10.282785	-31.90291	9.400376	9.5	245000	-48.354225	52.43898	35.071445	-160.97418	47.47981	6.8142796	2677.6863870620728
50	-16.271334	25.80647	13.672358	-567.59015	-17.548203	5.4235873	-12.792915	-31.544546	10.256674	9.4	250000	-47.963757	52.735493	35.005413	-159.89386	47.104122	6.8665032	2734.753708600998
51	-15.895711	7.336161	-2.629734	-77.874954	-20.00476	5.4501276	-10.629715	-30.47839	9.819608	9.4	255000	-46.795547	52.445744	40.677986	-158.85225	45.912323	6.748474	2791.437657356262
52	-15.983328	6.9273906	-4.1449885	-72.57163	-17.716356	3.2452655	-14.107609	-22.849085	10.004008	8.6	260000	-45.826584	51.92319	34.678764	-150.07779	44.925842	6.5258694	2848.024030447006
53	-17.522404	23.907167	-1.347747	-492.00708	-19.443468	3.9601479	-13.452921	-27.626194	10.275154	9.4	265000	-45.570198	51.874924	44.60357	-147.21715	44.73665	6.4776874	2904.186365365982
54	-15.9064	8.060481	-3.2270472	-111.341095	-15.66614	4.4955072	-6.4457335	-20.09627	9.811765	9.0	270000	-45.51137	52.623558	66.7618	-153.45715	44.694637	6.698275	2961.0360736846924
55	-15.411566	6.09364	-2.4318693	-71.753876	-17.457056	3.0376544	-13.336923	-23.09995	9.508572	9.3	275000	-44.727036	52.367233	24.117828	-154.60599	43.903084	6.896302	3017.4173333644867
56	-16.122705	7.6652236	-1.0627792	-82.01594	-29.159504	23.506884	-8.112034	-77.927055	10.004	14.2	280000	-43.831154	51.53697	33.258213	-151.51819	43.05664	6.968236	3074.37695813179
57	-15.5004225	6.1882806	-3.9731083	-60.26669	-19.250607	2.240735	-16.722172	-24.383978	9.748538	8.8	285000	-43.24909	51.460213	35.08103	-152.30849	42.472073	6.941382	3131.2751338481903
58	-16.023447	9.032699	3.7324162	-120.22806	-16.341494	2.7462428	-11.2368555	-20.842756	9.799607	8.3	290000	-42.34968	51.046898	21.723698	-148.0673	41.541313	6.61575	3187.61612868309
59	-15.422421	6.1504006	-0.8654473	-70.79903	-15.383594	5.4669666	-5.353869	-26.875086	9.66474	9.3	295000	-40.763462	49.528107	31.686832	-142.13332	39.956192	6.139814	3244.4659440517426
60	-15.334538	8.878543	22.234667	-160.42215	-17.587719	3.891056	-10.733692	-25.752665	10.086868	9.7	300000	-39.964443	48.499737	28.943003	-140.81912	39.220947	6.3722034	3301.681480407715
61	-16.25963	7.1200495	-2.845066	-66.55626	-21.984142	19.397053	-12.280239	-79.791405	10.10505	11.1	305000	-39.460712	48.42495	35.813442	-141.22255	38.74695	6.328867	3359.285125732422
62	-16.213467	6.9962735	9.398536	-66.63546	-15.868181	2.2774541	-13.262037	-19.610651	9.765625	8.8	310000	-38.985912	48.32661	29.612614	-142.93614	38.28075	6.216353	3417.1268615722656
63	-15.951831	7.213077	-1.739906	-95.90954	-24.86771	21.53045	-10.985265	-88.59611	9.769531	10.6	315000	-38.20884	47.906708	33.58853	-141.2251	37.509716	6.009098	3475.159476518631
64	-14.968822	4.920681	-0.95790476	-50.89334	-16.72179	3.1900513	-12.311165	-22.936935	9.633911	9.0	320000	-37.7964	47.810444	28.157091	-145.82904	37.136387	6.3743744	3533.040891647339
65	-15.725573	7.488677	1.8384047	-83.569176	-16.390108	3.627674	-11.379487	-24.253946	10.004	8.5	325000	-38.23858	49.080288	38.035053	-146.791	37.615765	6.3249726	3590.8662316799164
66	-15.7795105	9.258	21.276619	-151.26543	-15.490552	5.209558	-4.048009	-22.214746	10.326447	13.0	330000	-37.99105	49.061188	32.518414	-145.76817	37.34679	6.3452063	3648.828141927719
67	-15.516103	7.288849	1.2001585	-66.20212	-18.805258	2.4460566	-15.583445	-22.47698	10.056338	8.8	335000	-37.610573	49.535744	33.147972	-150.14893	36.98458	6.1521897	3706.341151237488
68	-15.700622	8.777559	-2.682621	-115.51943	-14.885205	3.0727923	-8.922911	-19.558088	9.893281	9.1	340000	-37.290936	49.587795	46.36654	-155.80234	36.633495	6.393816	3764.740399837494
69	-15.560343	6.9023027	-5.3303833	-94.99172	-306.95587	873.64246	-9.32382	-2927.8625	9.585413	107.9	345000	-36.4275	48.668106	50.746506	-158.77191	35.78517	6.1609416	3824.5779531002045
70	-14.313416	4.8139415	2.8955064	-36.816154	-17.749943	5.2568994	-10.854758	-29.961191	9.51711	9.5	350000	-36.231667	49.10951	37.78003	-159.45807	35.60145	6.2846704	3882.8450429439545
71	-15.181061	16.675117	1.2743484	-354.69733	-23.257643	16.147383	-11.258167	-70.756424	10.26078	10.0	355000	-36.049778	49.063805	32.362083	-156.70752	35.37995	6.21579	3940.506762266159
72	-14.853504	4.934096	1.8046732	-52.227566	-21.011	10.070333	-11.002028	-47.33084	9.465909	9.5	360000	-35.319515	48.081116	39.463654	-153.78122	34.660572	6.3383746	3998.372782230377
73	-14.20964	4.3801527	-2.3225439	-31.655098	-19.735422	6.34033	-9.731185	-32.362225	9.206642	9.5	365000	-34.150566	46.832623	24.182236	-147.48466	33.46045	5.8583355	4056.5604507923126
74	-15.211262	12.368072	21.65137	-243.3158	-17.431183	5.4468555	-9.254921	-31.045242	10.529411	9.4	370000	-33.406616	45.849274	21.313591	-148.65706	32.774315	5.885371	4114.700513124466
75	-15.062386	7.9450574	2.5306413	-90.09935	-16.815966	4.655882	-8.936836	-23.682377	10.31134	10.2	375000	-33.260845	46.07407	27.027657	-144.53171	32.66557	5.9222655	4173.074061870575
76	-15.042696	6.4374814	1.8296344	-72.374405	-15.004602	2.7538302	-11.354984	-19.005362	10.193877	9.3	380000	-33.456177	47.065212	53.97521	-147.25719	32.864357	5.839111	4230.9202272892
77	-15.1857395	7.251252	0.7421545	-94.47086	-18.434036	4.1200447	-13.034324	-29.318144	9.602687	9.0	385000	-33.79207	48.154484	45.635296	-149.16216	33.228912	5.8169284	4289.769830703735
78	-15.086598	7.449488	6.8409653	-87.89905	-14.971197	6.851464	0.011057418	-28.466406	10.166667	10.4	390000	-33.7939	48.60377	26.335917	-152.20085	33.218376	6.099615	4347.862799882889
79	-15.111034	7.345608	-2.239237	-73.8357	-19.349566	6.614645	-13.106414	-35.035797	10.224949	10.4	395000	-33.40699	48.04131	46.099964	-148.23022	32.822826	5.894119	4406.0351457595825
80	-15.681801	8.064324	3.0742998	-83.962845	-12.967417	5.7185373	-1.968853	-22.638884	10.57839	13.0	400000	-33.08185	47.94322	47.56026	-154.21552	32.52188	6.108692	4464.528095960617
81	-14.326099	6.180688	8.003149	-68.77063	-20.446732	8.096755	-9.423168	-36.833477	10.006	10.4	405000	-32.52747	47.505806	36.741344	-147.64284	31.938799	6.2207475	4522.824853658676
82	-15.0525465	8.462449	18.983702	-94.91922	-17.087734	4.955866	-11.248804	-30.258537	10.229039	9.7	410000	-31.818457	46.893826	27.403084	-151.44093	31.266949	6.0175858	4581.35121846199
83	-14.987196	7.1971803	-3.9841468	-120.87582	-13.896826	3.521359	-8.768257	-20.015875	9.732944	10.0	415000	-31.49411	46.368095	29.672466	-151.98132	30.958717	5.8689675	4639.812712430954
84	-14.266267	5.1175966	-0.34570575	-53.955627	-13.216161	3.0407143	-8.600829	-19.07499	9.645473	9.6	420000	-31.515265	46.3816	30.40549	-150.8543	31.006735	5.9499025	4697.902604818344
85	-14.30717	6.5869675	6.087427	-79.864204	-16.023806	7.336919	-8.8176155	-33.744125	9.578544	10.2	425000	-30.92666	46.382797	31.620554	-147.93567	30.356615	5.959642	4757.174410820007
86	-14.306378	5.8309083	3.4100618	-60.107834	-14.943828	3.2765284	-9.708754	-20.047571	9.5892515	9.0	430000	-30.19884	45.392582	34.167847	-148.57968	29.647474	6.093386	4817.097916126251
87	-15.858105	35.657753	-4.599737	-792.9762	-16.491741	7.1203876	-9.669052	-36.897964	10.160243	9.9	435000	-30.236782	45.78891	35.059643	-153.88213	29.723846	6.108638	4877.172370433807
88	-13.442326	4.519617	0.40101913	-49.792496	-15.675189	2.844471	-10.348002	-19.219841	9.36773	8.6	440000	-30.32907	46.355385	27.8643	-157.40831	29.762861	5.811676	4936.128574371338
89	-13.97876	4.884643	3.314523	-60.65583	-16.928432	3.4594445	-12.435464	-23.452845	9.307262	9.0	445000	-29.686186	45.629574	31.992619	-158.28407	29.142982	5.646594	4994.651857376099
90	-14.191071	5.371007	0.8667129	-69.11079	-17.83879	4.7715325	-11.675158	-28.155773	9.302974	9.4	450000	-29.968466	46.338947	37.685345	-166.46025	29.465778	6.254844	5053.142861127853
91	-13.928384	5.6885805	6.4288063	-84.23866	-13.258608	3.0136905	-6.3645754	-17.761003	9.208103	9.2	455000	-29.784079	46.726086	52.09174	-164.3946	29.251455	6.1802735	5111.736039161682
92	-13.978322	4.6996465	-1.9982612	-55.97761	-16.873297	4.3117537	-10.124344	-27.38385	9.096364	8.9	460000	-29.978289	47.207657	33.204506	-161.24442	29.48697	6.06233	5170.623227119446
93	-13.691189	4.368822	6.169325	-36.62111	-17.142397	3.2034795	-11.970648	-24.523579	9.181985	9.1	465000	-30.365667	48.147312	36.2175	-164.56526	29.874691	6.0172887	5229.253492593765
94	-13.882771	5.5969872	-3.8363438	-71.19636	-22.220226	7.831456	-14.148466	-39.169613	9.370787	10.4	470000	-30.309917	48.478653	52.9799	-164.71056	29.846422	5.97656	5287.898153543472
95	-13.161875	5.4296217	36.22776	-62.521896	-15.971518	2.8603852	-11.42292	-21.894203	9.538168	8.7	475000	-29.95039	48.185295	37.545586	-163.11234	29.441393	5.9326267	5346.858538866043
96	-14.274662	18.693516	-4.3915358	-430.55383	-15.939229	3.444279	-11.997876	-22.670456	9.560229	9.1	480000	-29.384338	47.456577	72.40357	-162.83572	28.892338	5.979946	5406.031777858734
97	-13.594247	4.334882	-2.3172324	-31.344782	-15.109007	3.889631	-7.7122984	-20.250866	9.305401	8.9	485000	-29.130424	47.329784	44.621075	-169.27972	28.670996	5.8650675	5464.896750926971
98	-13.554526	4.817853	6.4358387	-61.916767	-18.475313	4.1022015	-11.536383	-26.821348	9.529524	8.8	490000	-29.010231	47.57463	55.3997	-165.56157	28.551237	5.9832373	5524.018409252167
99	-13.773922	4.895126	0.7784772	-52.74231	-13.59199	2.308698	-9.996235	-18.635252	9.351402	9.0	495000	-28.749949	47.572796	42.592915	-167.72781	28.280416	5.757607	5583.374039173126
100	-13.476326	4.563741	-3.5514355	-51.20648	-16.712358	5.1257567	-8.088687	-26.155111	9.246296	9.6	500000	-28.603502	47.754242	41.17407	-169.14099	28.135618	5.8633056	5643.425433635712
101	-13.824722	5.3505282	7.280882	-66.644325	-15.706766	4.92087	-5.51531	-23.4488	9.332089	9.3	505000	-28.50843	47.718147	41.37054	-173.65369	28.021984	5.8817225	5703.026848077774
102	-13.714433	5.9032664	15.580726	-80.4427	-13.800763	4.5809693	-3.392407	-22.956127	9.582376	10.3	510000	-27.372993	45.864616	57.85425	-164.27171	26.849245	5.8709545	5762.952726602554
103	-13.676922	5.0708823	-2.5831378	-55.28175	-17.11609	5.1949296	-11.374672	-28.801348	9.784314	8.8	515000	-26.931858	45.038525	58.814274	-160.81407	26.482296	5.739309	5821.826865673065
104	-13.899412	5.7528753	19.610518	-62.006054	-18.657269	5.3635116	-12.785934	-30.840958	9.817647	9.1	520000	-26.849222	44.57153	56.513714	-159.37474	26.387697	6.1312833	5881.5625257492065
105	-13.663829	4.3695107	8.149906	-43.542152	-15.128897	2.3357837	-9.832642	-17.455633	9.349533	8.6	525000	-26.616581	44.58271	39.512707	-161.77731	26.191637	5.558508	5941.780935049057
106	-13.600546	4.4174123	2.1200407	-57.32145	-16.921766	5.3264847	-9.90923	-28.694805	9.225092	9.1	530000	-26.748766	45.285694	50.17022	-165.26721	26.317204	5.5551076	6001.326375961304
107	-20.459515	133.11517	20.844141	-2662.183	-14.738136	4.760179	-3.7221253	-19.231524	11.992424	12.1	535000	-27.230278	46.048904	47.315556	-167.87386	26.845604	5.6466527	6057.977818727493
108	-19.299805	123.75204	9.161955	-2653.821	-16.390717	3.1289608	-11.544816	-22.262886	11.545055	8.8	540000	-28.342682	48.9597	53.47122	-179.50021	27.973429	6.190851	6119.245822906494
109	-13.408869	5.103297	-1.9280618	-51.575336	-15.6729555	4.2402983	-10.686107	-22.847786	9.69186	9.0	545000	-29.845104	52.58506	31.261213	-184.92114	29.470749	6.2779484	6178.867272377014
110	-13.732091	5.7295403	39.685017	-52.13577	-15.792951	3.0319703	-11.551135	-20.301155	9.410546	8.8	550000	-30.59521	54.411537	46.23805	-188.23674	30.246235	6.468416	6238.878066062927
111	-13.512091	4.815505	19.385244	-43.46583	-15.46506	4.709047	-9.367561	-24.696405	9.428302	9.6	555000	-31.343477	56.508476	35.458286	-193.02089	31.00316	6.523108	6298.476489067078
112	-13.337821	4.9496503	8.889441	-70.486275	-16.31606	4.1296186	-9.530244	-25.005379	9.596929	8.9	560000	-31.394093	57.05171	37.91918	-196.98328	31.004091	6.528289	6358.235891819
113	-13.311006	4.404829	0.9251793	-28.754204	-14.734897	2.3919873	-11.971724	-18.28182	9.553435	9.0	565000	-31.412886	57.22533	82.59943	-204.1265	31.059965	6.6469197	6418.089992761612
114	-13.827702	5.4615097	13.525028	-48.611977	-14.975565	4.7460814	-8.574096	-24.874977	9.727627	9.2	570000	-31.522013	58.0438	49.98017	-196.27283	31.134745	6.7501	6477.911304235458
115	-13.247189	5.5485606	-1.3574353	-88.14975	-14.431795	3.8988063	-8.803836	-21.210962	9.543893	9.2	575000	-31.015198	57.70949	40.653843	-194.74057	30.632189	6.4767475	6537.6032083034515
116	-13.797815	5.371653	-0.8538679	-58.264347	-17.480303	3.3817735	-12.125608	-22.684134	9.398497	9.2	580000	-30.476398	56.973248	40.766125	-192.10939	30.084621	6.3531337	6597.207096815109
117	-14.852927	7.0078387	2.4331782	-64.79231	-15.578977	4.194181	-10.049203	-23.373547	9.71068	9.1	585000	-30.281822	56.212906	58.636368	-193.3495	29.970644	6.31667	6657.073616027832
118	-14.19353	5.834147	6.2437344	-56.50194	-18.186417	6.374592	-7.3810906	-30.209259	9.633911	10.5	590000	-30.2102	56.51022	61.029217	-196.11678	29.91095	6.2552266	6716.562947750092
119	-13.820426	5.462572	7.702745	-52.731457	-16.837528	4.748377	-5.338799	-22.111172	9.534351	8.8	595000	-30.685421	57.807507	65.445335	-194.08571	30.346596	6.355118	6775.970454216003
120	-13.842136	5.729631	5.6516724	-59.61767	-15.373108	3.377687	-10.493461	-21.215927	9.621154	8.9	600000	-30.20926	57.34467	51.397358	-194.32886	29.851814	6.304503	6835.53790473938
121	-14.603326	11.909672	6.084087	-232.11154	-14.608774	3.2685568	-7.6992993	-19.735308	10.148374	9.4	605000	-30.290388	57.718212	37.737488	-201.21426	29.974192	6.366477	6894.531765699387
122	-13.944982	5.694204	1.8169525	-67.159645	-17.204657	9.708077	-10.40737	-45.275154	9.786693	9.9	610000	-29.992958	57.386703	48.65842	-195.80162	29.64609	6.2105308	6955.113407611847
123	-13.932416	6.7765346	11.817168	-77.806046	-17.91415	17.120321	-9.09355	-68.82832	10.028056	11.3	615000	-29.369392	56.18657	51.374905	-192.42932	29.007513	6.239661	7015.792217493057
124	-13.908778	6.985525	0.7707982	-133.20631	-16.389526	4.355077	-8.309049	-24.480824	9.496198	9.0	620000	-29.064594	55.699867	58.171257	-192.26527	28.731594	5.9673376	7076.274936437607
125	-13.111971	5.241947	15.464147	-63.9539	-17.45244	2.3416426	-12.956695	-20.89584	9.527619	8.8	625000	-29.003096	55.69403	57.504227	-191.42924	28.689037	5.9720893	7136.957597494125
126	-13.708982	6.585864	-2.3915627	-80.64941	-16.219484	3.966415	-8.643378	-20.54914	9.623077	9.1	630000	-28.511608	54.91273	38.364017	-190.21762	28.140831	6.046085	7197.414587497711
127	-13.52191	5.074073	17.620468	-37.57084	-18.345003	3.880612	-13.211882	-28.589344	9.532443	8.7	635000	-27.863184	53.64841	53.659367	-196.49054	27.519676	5.994061	7258.120080947876
128	-13.859772	4.8679285	2.0365222	-61.01277	-15.726723	5.014522	-10.183474	-25.107742	9.266666	8.8	640000	-27.682526	52.998363	64.44557	-195.25764	27.322287	5.822133	7319.1913189888
129	-14.01872	5.897854	-1.118809	-65.772896	-15.743582	4.130467	-10.084588	-24.344524	9.394737	9.5	645000	-26.90298	51.986694	40.841927	-184.39957	26.560875	5.512254	7379.736056804657
130	-13.534639	4.6254334	4.3064594	-38.911213	-15.656718	2.4898148	-10.946365	-18.694448	9.451796	8.9	650000	-26.76281	51.901764	59.25816	-190.04128	26.415512	5.654064	7440.46567440033
131	-13.841776	6.5585947	0.46125096	-98.49934	-14.949209	4.086217	-8.411402	-20.958242	9.604607	9.9	655000	-26.150663	50.80842	43.603703	-183.16432	25.795322	5.5123906	7501.72416973114
132	-14.351291	5.6067514	5.007383	-47.1773	-16.23949	3.0221722	-11.721037	-21.015024	9.942346	9.7	660000	-25.587732	49.448715	37.034172	-183.84282	25.26367	5.400244	7562.6028463840485
133	-13.700696	7.2001686	2.0788786	-139.12665	-15.799561	5.0067	-10.128854	-28.473782	9.387218	9.1	665000	-25.219915	48.81434	57.54231	-179.26338	24.887856	5.345039	7622.7768540382385
134	-13.196524	4.1292233	0.026243202	-27.487566	-15.265051	3.057459	-10.507877	-20.453823	9.299256	8.9	670000	-24.726416	47.98406	73.39937	-178.1454	24.359526	5.2540174	7684.209304094315
135	-13.943493	4.306052	7.8990836	-39.090282	-15.494855	5.2697587	-6.299697	-27.218433	9.223248	9.3	675000	-24.169464	46.889248	57.972385	-176.07678	23.840347	4.945939	7745.466985702515
136	-13.783969	6.029512	22.202814	-81.69918	-18.219852	4.232869	-11.682877	-25.182207	9.801961	10.7	680000	-24.271345	47.441017	40.7733	-180.35188	23.941938	4.933409	7806.397589921951
137	-14.17734	6.058375	12.811743	-63.573982	-17.792412	5.0805907	-11.09624	-28.421673	9.684109	9.3	685000	-24.29848	47.39794	34.75217	-172.56416	23.986967	5.30496	7867.468055725098
138	-13.652679	4.755517	2.4867368	-50.726643	-15.953023	3.3260646	-11.049948	-20.58352	9.234318	8.6	690000	-24.244442	47.466568	30.508	-170.78743	23.919535	5.1511927	7928.725790739059
139	-13.875927	4.7350407	-2.8000321	-58.469574	-14.723041	3.7475967	-10.0731735	-23.832355	9.226937	9.3	695000	-24.054922	47.170914	22.784504	-170.6516	23.738695	5.087248	7988.210461139679
140	-13.644314	6.490878	3.6084185	-88.28421	-19.139462	4.560705	-12.492224	-29.634386	9.69186	10.4	700000	-23.97947	47.36922	42.70738	-177.25531	23.67598	5.0879087	8047.3442096710205
141	-13.856781	15.9460945	-0.4113186	-357.03336	-21.39155	9.8127775	-10.39043	-47.34151	9.665378	10.0	705000	-24.016417	47.6284	25.021833	-175.72684	23.715096	5.286675	8107.089067220688
142	-13.448717	5.651258	8.229955	-69.50552	-14.888384	3.8534672	-8.31298	-23.495426	9.641619	9.0	710000	-23.682362	47.22549	43.381584	-174.6021	23.376106	5.0709867	8166.084350824356
143	-14.8760805	8.193771	-1.3132354	-68.913124	-14.634674	4.562456	-7.367122	-24.087357	10.032128	9.2	715000	-23.443111	46.726555	32.53224	-177.74776	23.184282	5.1840115	8224.681781053543
144	-14.617065	10.663506	7.568746	-179.96448	-15.214905	2.9200242	-11.03002	-20.721928	10.175153	9.3	720000	-22.923388	45.922417	43.226402	-181.59062	22.613632	5.1681695	8283.561922073364
145	-13.409302	5.063112	-1.1800421	-59.298275	-15.286349	3.534995	-10.118289	-23.114046	9.455577	9.1	725000	-23.257929	46.7583	52.295956	-183.9906	22.953407	5.039321	8342.337092876434
146	-13.3552685	4.5443625	-2.2592802	-39.02507	-17.55724	2.0923932	-14.4349375	-22.590895	9.268518	8.8	730000	-22.909668	46.08516	38.255646	-172.97319	22.598333	5.051861	8401.673710107803
147	-13.699715	5.368615	1.1087917	-77.29563	-18.396338	7.465726	-6.6008205	-26.672604	9.490495	9.7	735000	-22.52201	45.369205	43.789257	-174.07988	22.18613	5.010599	8462.660106420517
148	-15.483245	7.7939	-0.61699367	-57.555317	-14.414693	3.4340615	-8.643552	-19.92352	10.117171	9.4	740000	-22.172525	44.631405	40.57359	-171.27425	21.899036	4.8644776	8523.909780740738
149	-13.268167	5.091194	17.977499	-49.299065	-15.1229	5.6153665	-10.934559	-31.221424	9.464015	9.0	745000	-21.951847	44.443	40.725864	-173.57747	21.648745	4.776971	8585.993937969208
150	-13.32104	4.8960238	4.1392694	-71.408516	-13.904007	3.5849755	-8.95924	-18.695963	9.491461	9.0	750000	-22.336092	45.300476	38.100983	-177.95001	22.050655	4.847666	8647.511432647705
151	-13.71964	5.520839	16.673607	-55.08211	-15.629008	5.298176	-4.70709	-22.313023	9.950199	9.1	755000	-22.67952	46.528984	28.26752	-185.17802	22.401274	4.923052	8708.847786426544
152	-14.334166	16.986223	0.5812209	-377.02396	-23.27241	18.53747	-13.897656	-78.4045	10.004	10.7	760000	-22.544533	46.515594	48.087326	-182.44513	22.259317	4.9398794	8769.526248931885
153	-13.325541	6.415324	19.839207	-94.52078	-14.893275	3.662433	-6.544633	-19.123592	9.838583	9.6	765000	-22.765772	46.90139	70.85088	-183.79842	22.476992	5.147899	8831.011940717697
154	-13.375061	5.5119767	18.454021	-61.376286	-14.875298	1.951612	-10.90221	-17.611788	9.686047	8.7	770000	-22.634235	46.781837	30.121334	-187.27989	22.333029	5.038088	8892.165443181992
155	-13.724974	6.2524614	13.099783	-65.06421	-14.598828	2.351673	-10.418703	-17.992264	9.660232	9.6	775000	-22.527544	46.772263	41.823654	-181.34402	22.243483	5.0197225	8953.848489284515
156	-14.0862055	6.1312833	2.060559	-57.72056	-16.413567	3.2445538	-9.090141	-22.333551	9.663443	9.3	780000	-22.991096	47.69571	48.23686	-184.72995	22.740921	5.06867	9015.469723463058
157	-13.231182	6.363339	5.061518	-111.36768	-15.121816	3.6387866	-9.278356	-19.68982	9.604607	10.0	785000	-23.06306	48.470783	39.011257	-186.50078	22.800037	5.030723	9076.952465295792
158	-13.867127	6.6432815	18.862667	-95.1003	-14.555267	3.7622917	-9.656379	-23.47792	9.449905	9.0	790000	-22.647375	47.77506	43.003696	-186.82034	22.427803	5.1995273	9138.679776191711
159	-13.560271	6.812306	6.899499	-71.22707	-14.599197	3.2044733	-11.7243805	-22.442814	10.006	9.2	795000	-22.378721	47.015324	27.580233	-182.27892	22.103083	5.239746	9200.253471851349
160	-13.521117	5.383311	8.31538	-45.75123	-16.947605	3.7949557	-10.564091	-24.81935	9.650579	8.5	800000	-22.104153	46.36115	46.79953	-182.51746	21.845364	5.145401	9261.585218191147
161	-13.291517	4.835459	-1.7211018	-51.684143	-15.128576	3.6539307	-9.397646	-20.347385	9.615385	8.6	805000	-21.614426	45.610012	31.55229	-178.15628	21.333967	4.932069	9323.548013210297
162	-13.8295965	5.856786	9.77237	-50.205536	-15.815791	3.7432678	-10.243543	-22.221857	9.93837	9.1	810000	-21.354425	44.88227	43.31168	-187.12808	21.075274	4.873863	9386.039566516876
163	-13.598109	5.5239186	5.0269156	-63.532623	-15.056562	3.1498	-9.162108	-18.890545	9.641619	9.0	815000	-21.178549	44.813095	55.16487	-178.96495	20.937754	4.7638927	9447.554728507996
164	-13.988578	5.9161615	8.742196	-63.92828	-21.178768	13.023213	-9.473745	-55.821354	9.936381	13.0	820000	-21.594835	45.617428	40.953503	-179.69144	21.372309	5.143794	9508.968731164932
165	-13.004425	5.2315845	-3.0150962	-58.643444	-13.607768	3.0911672	-9.237158	-20.681496	9.748538	9.0	825000	-21.316578	45.18628	34.115322	-180.46117	21.061806	4.896325	9571.097005367279
166	-15.830596	20.374123	-2.201493	-394.85028	-17.088404	6.7441564	-8.478385	-34.184875	11.571759	11.0	830000	-21.467918	45.221855	50.016895	-176.86711	21.274529	5.092241	9632.924087285995
167	-16.386003	12.198918	2.286559	-142.32364	-16.906673	2.6126964	-12.827165	-22.647991	11.864608	8.6	835000	-21.792007	45.594555	50.820396	-185.63815	21.590422	5.4949217	9694.923804044724
168	-13.656291	6.4275804	2.1405926	-100.911995	-15.137469	3.6429732	-7.2117267	-19.798338	9.660232	9.2	840000	-21.340166	45.372395	47.542297	-189.43672	21.093985	5.0650644	9757.41053557396
169	-13.975713	5.8008423	18.694042	-46.213432	-16.951565	4.649509	-9.545765	-28.268883	9.790196	9.5	845000	-21.313698	45.506245	36.576027	-184.0093	21.074768	4.9830356	9819.682608366013
170	-13.257312	5.6852493	7.092985	-81.70149	-15.262352	5.117446	-9.430306	-27.311596	9.749027	9.4	850000	-21.531607	46.34778	30.56931	-188.51407	21.289343	4.995524	9882.086367607117
171	-13.678759	6.071884	6.529478	-67.656105	-14.950739	2.6975448	-10.319448	-17.929016	9.8	9.1	855000	-21.20616	46.130493	30.569118	-187.04895	20.969456	5.165347	9944.188380002975
172	-13.069393	4.7869506	0.58317167	-31.101765	-15.177663	4.368299	-7.97084	-25.044168	9.759766	9.2	860000	-21.501337	46.819767	38.351044	-185.89868	21.280952	5.175537	10006.641140699387
173	-13.65853	5.1063232	12.362513	-45.134495	-14.499102	4.2009506	-9.583841	-22.574926	9.673114	9.1	865000	-21.819332	47.455986	30.441168	-193.81026	21.597433	5.2691374	10069.203854560852
174	-13.6145525	5.0212016	-2.7700646	-77.2687	-17.399672	4.2510643	-11.755818	-24.90844	9.35955	9.5	870000	-21.175161	46.63189	38.754345	-186.69243	20.917418	4.9068236	10131.437790870667
175	-14.082112	5.2569966	-3.4344804	-72.58208	-15.943085	4.5014305	-6.7927556	-22.038267	9.471591	9.3	875000	-20.817614	45.65038	53.23211	-184.48404	20.569456	4.8923063	10194.128948688507
176	-13.684866	5.280053	-1.1391653	-61.812218	-15.966225	3.2721856	-10.197969	-20.570505	9.625	10.5	880000	-20.691307	45.5023	44.349133	-189.3551	20.45733	4.7577868	10256.758998394012
177	-13.897363	5.9681253	12.544786	-67.25643	-14.664449	3.0977268	-10.85331	-20.83099	9.65251	9.1	885000	-20.72262	45.464798	36.6704	-184.55443	20.497316	4.7133446	10319.444814443588
178	-13.545882	4.387505	1.518748	-37.69546	-16.29294	3.6844926	-10.280419	-22.92488	9.263451	9.3	890000	-20.522839	44.80473	44.937664	-179.00423	20.2822	4.6892037	10381.481998205185
179	-13.855334	4.986747	-0.7154427	-47.01134	-20.482523	7.077721	-10.439446	-33.559994	9.382739	12.3	895000	-20.01197	43.750473	52.68408	-178.72662	19.800817	4.5301814	10443.670197963715
180	-13.854195	7.1695423	10.93587	-76.93052	-14.6374035	4.3677487	-10.282207	-23.468733	10.064386	9.6	900000	-20.224783	44.388775	39.901577	-189.74318	20.026518	4.8118806	10506.447690725327
181	-13.691055	4.92974	-1.205367	-53.43902	-14.106618	3.4004285	-9.122245	-19.032804	9.333955	8.9	905000	-20.318481	44.826496	34.590637	-190.69913	20.087366	4.6916265	10569.383228302002
182	-13.791302	6.529654	13.177414	-78.7615	-17.566303	9.067016	-8.413905	-40.06827	9.58046	10.5	910000	-19.78028	43.67603	48.558144	-190.78801	19.55028	4.73871	10631.859663009644
183	-13.789537	5.902023	9.532438	-76.904106	-16.758896	6.5411777	-10.240454	-34.23244	9.5	9.1	915000	-19.965214	43.757126	26.739399	-178.49802	19.75205	4.7298665	10693.931084156036
184	-13.15871	4.6212783	10.49821	-35.048023	-13.0864105	2.8629777	-8.498721	-17.16088	9.617308	9.2	920000	-19.556946	43.28993	41.58345	-177.40222	19.318796	4.5812726	10756.797626495361
185	-13.331982	5.3274364	-1.1420717	-48.331852	-15.5839205	3.700359	-9.667018	-20.157286	9.505703	9.9	925000	-19.244045	42.29692	32.141354	-174.11987	19.002275	4.486215	10819.83531832695
186	-14.563171	7.593541	-2.3406718	-122.208115	-16.398932	3.1288762	-11.303642	-21.493279	9.538168	8.3	930000	-19.038517	41.64409	56.19643	-180.3725	18.850464	4.482341	10883.287196397781
187	-13.456987	4.272423	0.38853556	-27.558903	-19.346539	6.3997664	-7.4940896	-33.050102	9.266666	9.4	935000	-18.818228	41.459663	40.402	-179.17859	18.586084	4.415898	10947.425565481186
188	-13.819061	5.147789	8.601466	-41.907578	-15.247066	4.4090433	-8.107827	-25.411848	9.456439	8.9	940000	-18.228088	40.266983	38.33471	-170.4793	17.99071	4.1639767	11011.75436925888
189	-13.208998	5.177315	39.42588	-38.99515	-15.947682	2.932797	-12.212668	-20.770876	9.465909	8.8	945000	-18.094967	39.729527	38.370895	-170.27795	17.869734	4.2047443	11075.088671207428
190	-13.927581	6.41295	-1.1955079	-102.54158	-16.719875	8.604479	-4.553704	-35.62445	9.850393	10.7	950000	-17.72524	38.690166	36.043514	-165.46844	17.497099	4.0975175	11137.498518943787
191	-13.430947	5.6337886	-2.0855708	-84.573364	-16.85503	5.3124895	-8.590714	-28.53561	9.527619	9.4	955000	-17.746748	38.90137	44.017628	-166.76845	17.537077	4.166069	11200.91389298439
192	-13.527465	5.5419865	5.44771	-80.98625	-18.163074	4.5933223	-12.474865	-26.069471	9.396617	9.2	960000	-17.592768	38.52741	43.634438	-173.47957	17.389763	4.1417212	11263.967686653137
193	-13.05864	4.357046	2.011175	-34.082672	-14.666995	4.6969304	-8.6536875	-23.84406	9.333955	9.3	965000	-17.520477	38.432266	35.741653	-173.65283	17.291834	4.201341	11326.99754023552
194	-13.233104	5.2970257	11.476741	-47.80744	-14.995984	4.2319684	-10.288015	-23.046787	9.578544	9.0	970000	-17.505322	38.461517	51.326958	-178.77081	17.295618	4.2263393	11389.948841571808
195	-13.609525	5.01373	7.313539	-44.10922	-16.008373	4.1917133	-10.227939	-25.358738	9.558317	9.4	975000	-17.58836	38.82719	43.52944	-182.6417	17.391422	4.3942513	11453.070688009262
196	-13.381291	4.854167	2.589944	-28.451931	-19.420284	7.1106305	-11.061213	-31.119688	9.521905	9.0	980000	-17.377079	38.298603	40.383316	-185.89427	17.161213	4.3065963	11515.905818939209
197	-13.471378	6.1878433	-2.3367512	-103.05989	-16.28022	3.009036	-11.686629	-20.226347	9.396617	9.4	985000	-17.210623	38.202633	64.81929	-175.5089	16.989288	4.1755915	11578.98842549324
198	-13.463365	5.270665	17.699537	-45.800945	-15.651212	2.5070229	-10.349894	-18.519794	9.455577	8.8	990000	-17.04828	37.984905	27.86223	-177.03152	16.839348	4.07795	11641.483060121536
199	-13.127445	5.155957	12.027589	-55.643517	-15.47578	2.393215	-10.650148	-19.30527	9.630057	8.9	995000	-17.04142	38.01021	37.158283	-172.74792	16.82222	4.187016	11704.757642745972
