Epoch	AverageEpRet	StdEpRet	MaxEpRet	MinEpRet	AverageTestEpRet	StdTestEpRet	MaxTestEpRet	MinTestEpRet	EpLen	TestEpLen	TotalEnvInteracts	AverageQ1Vals	StdQ1Vals	MaxQ1Vals	MinQ1Vals	AverageQ2Vals	StdQ2Vals	MaxQ2Vals	MinQ2Vals	AverageVVals	StdVVals	MaxVVals	MinVVals	AverageLogPi	StdLogPi	MaxLogPi	MinLogPi	LossPi	LossQ1	LossQ2	LossV	Time
1	-269.26935	44.012978	-212.796	-344.5929	-605.7215	33.69727	-562.25525	-688.3589	1000.0	1000.0	5000	5.7403116	5.7397223	39.021904	-4.8824983	5.74067	5.739678	39.473587	-5.082994	6.7626343	5.856832	38.121044	-14.349355	-1.4589949	3.1369936	107.93737	-13.40703	-7.1033983	0.15158895	0.15202801	0.32261285	39.914445877075195
2	-348.5335	67.721245	-242.78227	-432.5903	-427.88934	215.1508	-37.53767	-837.7112	1000.0	1000.0	10000	28.081219	9.59112	67.86662	0.7558054	28.081196	9.592368	70.30825	-0.020917326	29.894136	9.863154	69.231415	3.351737	1.1317154	3.5897222	28.854403	-14.948763	-30.67419	0.35586232	0.35318604	0.7659658	81.01542282104492
3	37.73678	495.48984	609.6296	-665.63074	1549.2151	47.58958	1630.5653	1453.8704	1000.0	1000.0	15000	49.08365	8.9588995	108.73181	20.064056	49.0836	8.959833	104.51475	20.698936	49.99294	8.888197	108.06885	17.23694	-0.6062454	3.2345622	44.68546	-14.109461	-50.762424	0.74595255	0.7418192	1.1441382	124.78221201896667
4	1098.3348	455.5036	1604.7954	308.16116	1974.5472	90.28809	2121.539	1772.5803	1000.0	1000.0	20000	53.688255	13.148311	98.85019	17.227507	53.68811	13.148671	97.957825	17.046444	54.37865	12.940435	96.79832	19.819647	-1.1087943	2.575273	20.228542	-15.489109	-55.072964	0.5099928	0.51348263	0.89647806	169.2872610092163
5	1473.9564	777.2021	2256.1611	151.52881	3167.4478	83.015656	3295.9429	3001.462	1000.0	1000.0	25000	64.77525	22.05555	122.90332	16.678686	64.77531	22.055313	122.40395	18.385334	65.54143	21.803535	121.897675	20.68835	-0.3804675	2.9829476	27.876451	-13.45679	-66.328766	0.7205943	0.72488457	1.1964077	213.1868815422058
6	1987.0629	887.74384	2749.202	399.58334	3603.5933	85.42522	3730.7854	3470.5857	1000.0	1000.0	30000	81.93785	31.860064	160.6704	19.593046	81.93777	31.860085	159.44005	21.034637	82.69723	31.52151	158.4274	21.93115	0.28872752	3.38229	26.510643	-13.731285	-83.558815	1.0665684	1.0725678	1.6926777	257.43276929855347
7	3054.545	133.7388	3259.4827	2892.078	3612.6003	117.217865	3795.5361	3393.1672	1000.0	1000.0	35000	101.7885	42.260185	191.46127	15.701803	101.78852	42.260098	190.51013	16.383404	102.510185	41.844944	189.72766	12.964291	0.86578554	3.7244976	35.094215	-15.64864	-103.474	1.540669	1.5459582	2.3385787	301.33523988723755
8	2805.024	877.59125	3581.8953	1096.31	3468.3367	879.74756	3876.219	847.9287	1000.0	1000.0	40000	123.91187	50.42776	220.71117	17.113594	123.91182	50.42743	220.49573	13.691286	124.57909	49.91315	220.37025	13.794621	1.3294417	3.89194	30.058842	-12.178447	-125.62609	2.1044784	2.1006887	2.9597135	344.9245276451111
9	3615.9797	166.33566	3863.0647	3399.5635	4293.9795	121.27098	4471.4365	4027.2644	1000.0	1000.0	45000	145.06503	57.19818	245.81128	18.073462	145.06508	57.198532	248.714	16.415981	145.64468	56.62414	239.14136	18.09372	1.5779699	3.9743218	33.897266	-14.305896	-146.7318	2.3320677	2.283717	3.2720754	389.14580845832825
10	3985.186	133.32443	4161.6826	3793.437	4329.484	71.15867	4430.534	4194.328	1000.0	1000.0	50000	166.69658	63.0822	269.20392	11.834009	166.69658	63.082863	267.07498	13.864302	167.23077	62.45703	269.47354	16.272	1.8826042	4.059125	44.318092	-12.718966	-168.3471	2.37238	2.3360868	3.3640485	433.921968460083
11	3235.1453	1509.7714	4154.0225	224.76888	4412.007	88.030495	4569.707	4284.9946	1000.0	1000.0	55000	183.6605	70.511444	289.8702	4.5713925	183.66037	70.512505	291.0013	7.5641146	184.14828	69.88813	286.92773	6.3948245	1.9371368	4.1359124	49.423244	-14.949545	-185.28601	2.4928784	2.446762	3.5393445	477.98885107040405
12	4132.4365	178.6079	4362.8423	3826.2083	4482.4146	79.70279	4604.9995	4328.587	1000.0	1000.0	60000	201.89815	74.461815	310.055	6.43017	201.89774	74.46277	306.0429	1.6416032	202.31396	73.79859	307.69983	9.709613	2.0798123	4.145296	45.878998	-13.434973	-203.44237	2.6102161	2.5447779	3.6665547	522.1236622333527
13	4196.8574	113.5579	4332.3984	4048.2366	4592.2173	133.2611	4778.94	4344.4014	1000.0	1000.0	65000	218.39261	77.405174	324.8967	1.8115056	218.39288	77.4058	322.1742	3.872556	218.73778	76.73745	322.93576	4.1917124	2.22681	4.1703925	38.643475	-14.062494	-219.87605	2.768416	2.6896603	3.855914	566.5291903018951
14	4296.307	170.66304	4519.167	4111.0605	4647.266	118.93144	4848.2705	4456.339	1000.0	1000.0	70000	233.05829	79.85929	339.83636	1.1578215	233.05797	79.86022	336.14783	2.7569242	233.34872	79.16595	333.08163	2.2615225	2.187921	4.1114955	36.22581	-12.62207	-234.45888	2.7862508	2.7592108	3.9244316	610.9482221603394
15	4562.893	141.21495	4697.832	4305.9023	4924.3887	67.23786	5045.8115	4822.034	1000.0	1000.0	75000	246.70049	81.9886	352.19922	2.0512567	246.70058	81.98929	352.02185	2.2405958	246.96017	81.28917	352.8859	-0.22051466	2.2635462	4.1801434	42.449757	-12.923204	-248.07443	2.8237739	2.7743692	3.9435618	655.868049621582
16	4431.97	55.206116	4523.7534	4372.8315	4860.778	144.38017	5055.391	4623.544	1000.0	1000.0	80000	259.38824	83.34719	364.92728	6.1699743	259.38828	83.34807	362.92642	0.23597026	259.60538	82.62311	365.02838	1.316203	2.3294227	4.211653	41.405678	-13.249744	-260.7101	2.936032	2.8873436	4.109229	700.3520412445068
17	4655.612	156.85658	4922.0728	4490.3013	4874.62	98.01804	5046.053	4762.117	1000.0	1000.0	85000	270.42728	84.37116	371.3212	3.1018753	270.42688	84.371925	369.85037	-1.2618705	270.6053	83.648636	369.8256	2.816577	2.3754876	4.2342257	43.56121	-12.596893	-271.7143	3.1120536	3.1285212	4.2784033	744.9887030124664
18	4582.865	54.636055	4676.5854	4508.93	5177.799	98.86627	5332.507	4986.8765	1000.0	1000.0	90000	280.77927	85.17547	380.22852	-1.5735111	280.77914	85.17608	380.9157	-0.537727	280.89282	84.466545	379.11716	3.9282947	2.3750975	4.1934156	49.418755	-15.451968	-282.00723	3.310629	3.2968094	4.4651194	789.6187961101532
19	4861.743	100.461784	5004.377	4729.3394	5200.7974	43.47328	5293.865	5136.979	1000.0	1000.0	95000	290.13394	85.975266	389.00046	-4.798297	290.1341	85.975685	388.70724	0.074321985	290.23502	85.24313	387.927	1.9161938	2.4011614	4.22016	41.525097	-13.533989	-291.3492	3.2031813	3.1594331	4.4118094	833.750269651413
20	4853.4683	88.26396	4929.725	4680.744	5349.5225	62.34303	5431.8755	5211.612	1000.0	1000.0	100000	299.13043	86.41056	392.93497	-13.67285	299.13016	86.411446	394.79163	-2.4618351	299.20074	85.67872	393.4181	-2.796022	2.4736495	4.24732	39.64725	-15.623148	-300.30524	3.1207464	3.0936263	4.3583593	879.7527256011963
21	4913.4375	60.37567	4968.1094	4805.74	5168.9087	115.15993	5288.1094	4926.743	1000.0	1000.0	105000	307.4896	86.58108	399.7309	-5.7599335	307.48953	86.58134	401.37204	-11.233732	307.54163	85.85487	400.63522	-6.978404	2.529622	4.2604623	40.08975	-14.103333	-308.627	3.1116927	3.0263574	4.3261795	925.1299436092377
22	4853.4473	67.56148	4920.8994	4732.2	5341.36	68.23441	5480.124	5241.9126	1000.0	1000.0	110000	314.99774	87.02072	406.52533	-5.1456976	314.99783	87.02118	405.96518	-7.520237	315.0204	86.286896	404.515	-18.536335	2.5952923	4.2572637	39.34305	-14.614604	-316.10596	3.1028457	3.1152358	4.3609204	970.5419371128082
23	4200.7544	1809.5216	5177.1357	585.22284	5416.28	87.40442	5539.628	5280.78	1000.0	1000.0	115000	320.15414	90.10913	412.15192	-9.684741	320.15408	90.10947	411.24365	-8.341869	320.17447	89.383965	410.99567	-8.0751095	2.591397	4.297029	49.91166	-13.80665	-321.24744	3.205639	3.2100465	4.409148	1016.0227270126343
24	5017.8125	93.61434	5164.8057	4897.1904	5443.552	84.32376	5575.8135	5316.4033	1000.0	1000.0	120000	326.4749	90.840965	418.0471	-14.345266	326.47473	90.84151	417.96826	-18.710705	326.46573	90.121315	415.83987	-16.284357	2.598031	4.2635617	49.880978	-12.484584	-327.5176	3.258409	3.194194	4.529346	1061.3605589866638
25	5064.704	93.87807	5172.916	4918.803	5425.1245	65.23223	5499.1094	5260.869	1000.0	1000.0	125000	332.74588	90.49697	421.6922	-18.81209	332.74564	90.49757	420.1736	-13.899326	332.71985	89.77944	421.51923	-9.910618	2.6688974	4.277388	44.25585	-14.515519	-333.7721	3.2586782	3.229663	4.4514217	1106.4727199077606
26	5154.2725	67.73637	5233.5107	5052.9424	5478.5166	76.878006	5638.272	5388.5967	1000.0	1000.0	130000	338.49542	90.467865	426.25766	-15.958411	338.49542	90.46825	425.56958	-10.061621	338.44907	89.753044	426.6516	-3.9844317	2.6446145	4.259773	47.315178	-14.973502	-339.49274	3.229688	3.1978135	4.453164	1153.7178020477295
27	5256.6807	57.322105	5345.978	5195.056	5510.746	55.83487	5607.7583	5424.2227	1000.0	1000.0	135000	344.452	90.45116	432.00308	-4.561264	344.4518	90.45228	433.73038	-9.661377	344.38406	89.73684	430.89993	-1.9509389	2.7052186	4.30708	48.665123	-17.174408	-345.41992	3.2615476	3.2605293	4.5711174	1200.4056375026703
28	5221.7144	102.90815	5359.121	5088.9165	5612.491	51.243393	5691.694	5498.679	1000.0	1000.0	140000	350.0526	89.95006	442.12457	-17.097315	350.05252	89.9502	450.70978	-6.9964294	349.96954	89.236786	441.01718	-11.634242	2.7011178	4.3004775	49.91106	-13.074039	-350.994	3.1449811	3.0766659	4.322629	1246.8472447395325
29	5277.783	16.110384	5299.626	5257.845	5665.6416	58.783073	5762.9507	5577.0996	1000.0	1000.0	145000	354.86835	90.42536	446.34735	-17.827848	354.86816	90.4259	456.09738	-12.388653	354.7592	89.721344	443.92618	-13.333356	2.7471437	4.282161	41.056538	-14.414906	-355.7821	3.1739802	3.1461263	4.3984175	1294.00270819664
30	5285.561	76.39305	5353.128	5179.175	5522.933	122.96169	5716.455	5281.2217	1000.0	1000.0	150000	359.84924	90.16521	448.78317	-4.5977983	359.8489	90.16631	451.2114	-13.316802	359.7437	89.44735	448.66254	-3.4515972	2.772553	4.282749	49.94624	-13.681748	-360.74905	3.161884	3.1489139	4.386965	1341.1837544441223
31	5399.6123	92.13754	5565.9204	5287.754	4722.8896	1743.1263	6190.6543	1152.1528	1000.0	1000.0	155000	364.59103	89.81857	455.99548	-9.2108555	364.5908	89.81921	455.47156	-8.003338	364.46402	89.10384	456.6165	-6.0317426	2.8203638	4.264231	43.334824	-14.077485	-365.46732	3.1270418	3.0950816	4.2634225	1387.9291582107544
32	5344.094	95.3626	5528.024	5256.3423	5683.4185	80.25269	5813.5513	5584.413	1000.0	1000.0	160000	368.7157	89.386604	460.22302	-4.3275986	368.71548	89.3873	459.30338	-4.108802	368.57376	88.67263	458.78137	-2.7533596	2.8255975	4.2644143	53.354744	-16.231264	-369.56326	3.1702971	3.1374424	4.3083906	1434.5081493854523
33	5379.0664	122.21753	5577.632	5228.435	5827.8594	83.3696	5951.5264	5695.3477	1000.0	1000.0	165000	373.0294	88.71447	464.06024	-21.228542	373.02957	88.71442	465.35748	-11.584415	372.87354	88.01219	462.7302	-10.04554	2.7939186	4.2393427	41.537334	-13.3743515	-373.85626	3.1479383	3.0303528	4.223841	1481.3530600070953
34	5498.8164	143.35837	5649.5474	5265.527	4610.3604	1907.2543	5963.543	381.75134	1000.0	1000.0	170000	376.9903	88.9005	464.08694	-16.926981	376.9902	88.90151	468.0388	-13.863231	376.81757	88.210785	466.4601	-5.7140055	2.8675137	4.2783155	41.861794	-12.555178	-377.7979	3.1647377	3.156445	4.35422	1528.6713948249817
35	5463.5034	106.71261	5633.07	5328.0723	6078.454	223.77434	6332.7783	5477.895	1000.0	1000.0	175000	380.28632	89.07866	479.22354	-22.053423	380.28632	89.07941	477.4881	-18.487774	380.10355	88.38525	477.23746	-3.0426705	2.9294345	4.2547545	39.075336	-16.101814	-381.08734	3.2576573	3.1801195	4.3760896	1576.7576622962952
36	5562.9834	137.93686	5749.683	5363.3306	5896.1924	70.45643	5992.175	5745.507	1000.0	1000.0	180000	384.56622	88.3485	481.33658	-18.533587	384.56625	88.349045	482.0619	-20.541199	384.39154	87.655334	481.84766	-11.618067	2.9605508	4.2720675	46.693626	-13.596531	-385.36273	3.2694356	3.2016282	4.3956327	1623.2188174724579
37	5585.3916	146.84828	5848.204	5423.8677	6380.081	130.54185	6608.6514	6152.599	1000.0	1000.0	185000	388.261	88.391335	485.69946	-20.05601	388.2608	88.39242	484.55557	-19.640583	388.07184	87.71668	486.35904	-16.547325	3.003607	4.2649794	54.963104	-15.433638	-389.05524	3.3567843	3.2916796	4.4262543	1668.7779495716095
38	5676.828	147.49435	5884.247	5472.6294	6341.8447	83.06715	6482.839	6220.535	1000.0	1000.0	190000	392.63196	88.41027	495.5378	-25.018734	392.63184	88.41058	492.47427	-14.696993	392.4339	87.724846	490.15543	-10.221285	3.0711765	4.275869	48.40437	-13.043725	-393.4295	3.5474336	3.4873836	4.688052	1715.4031918048859
39	5702.573	319.95868	6105.1187	5180.7095	6641.042	132.7141	6819.7983	6339.1387	1000.0	1000.0	195000	396.41098	88.56995	495.43292	-9.12201	396.41098	88.57072	496.11932	-8.26676	396.23404	87.89168	494.67233	-20.455095	3.1575644	4.274308	53.449993	-14.603265	-397.2385	3.6473477	3.5642593	4.7427883	1762.199291229248
40	4768.186	2101.7449	6120.2207	580.90967	6942.9624	164.69624	7146.9873	6581.137	1000.0	1000.0	200000	398.79926	92.35322	501.4011	-26.927889	398.7991	92.35431	501.29257	-25.70679	398.61935	91.70536	499.79294	-27.18016	3.1580312	4.277618	49.7733	-13.863061	-399.62036	3.9300945	3.8352027	4.963643	1808.4493491649628
41	6099.461	136.86966	6264.418	5902.4683	6698.2666	115.885925	6892.4116	6450.491	1000.0	1000.0	205000	403.0815	92.58042	518.50616	-42.830982	403.08167	92.58154	516.9743	-21.113068	402.92313	91.91649	512.9869	-21.168009	3.2183416	4.2833166	53.976856	-12.629145	-403.92654	3.984921	3.8230531	5.085711	1854.2295575141907
42	6324.8906	137.79663	6522.749	6165.3213	6045.0317	2231.434	7441.6216	1128.3276	1000.0	1000.0	210000	408.41278	92.885895	525.289	-21.909575	408.41278	92.88688	524.7175	-26.924355	408.2558	92.24185	523.4921	-18.587374	3.250215	4.2722673	45.921906	-17.535923	-409.2659	3.9128726	3.8664136	4.958016	1899.6696424484253
43	6491.1377	341.168	6875.96	6068.4165	7570.339	143.61821	7804.499	7370.0103	1000.0	1000.0	215000	413.479	93.787926	546.4175	-17.164955	413.47888	93.78939	543.928	-27.026356	413.34064	93.13533	543.5478	-14.485976	3.416666	4.3564844	49.96085	-13.308349	-414.39325	4.0745435	4.0320344	5.216275	1946.2953016757965
44	5803.9805	1367.7523	6800.068	3089.1555	7484.3955	131.35814	7781.317	7318.3325	1000.0	1000.0	220000	418.2286	96.83691	553.9721	-108.62735	418.22882	96.8374	554.15375	-138.755	418.10547	96.223175	552.34064	-127.93917	3.5737765	4.3656898	51.1598	-13.138985	-419.17636	4.860234	4.753098	5.9598436	1992.4284698963165
45	6429.9805	537.5711	7039.4595	5614.408	7577.954	145.24265	7757.1987	7342.112	1000.0	1000.0	225000	424.03455	98.75121	558.95105	-76.34875	424.03442	98.75308	556.20355	-84.69021	423.92142	98.10724	557.4075	-89.60902	3.691575	4.3959856	51.27102	-13.249095	-425.0488	5.4698744	5.302222	6.5300665	2039.06481051445
46	6825.7656	281.28793	7236.269	6494.011	7671.157	113.30476	7880.345	7535.5303	1000.0	1000.0	230000	429.97983	99.475555	576.7567	-81.36369	429.97952	99.477165	574.15485	-68.85429	429.85706	98.83105	572.5688	-57.542496	3.7727492	4.4265466	54.906696	-13.58158	-430.9875	5.6442757	5.5294743	6.683285	2086.0009310245514
47	6942.745	212.97092	7160.369	6623.5454	7459.047	144.71767	7680.9106	7207.2144	1000.0	1000.0	235000	435.56793	100.955635	583.84784	-126.179596	435.5676	100.957275	582.46387	-79.31731	435.4668	100.29642	580.43555	-119.3348	3.858876	4.42112	52.342186	-12.257084	-436.6183	5.8305674	5.7326155	6.826872	2132.39967751503
48	6747.268	444.2163	7235.528	6053.053	7201.16	111.36116	7355.8833	7007.159	1000.0	1000.0	240000	441.8321	101.35938	589.872	-51.10689	441.83246	101.36016	587.7429	-55.068455	441.74164	100.69581	589.95636	-79.58879	3.9676137	4.435026	56.178905	-13.637902	-442.9147	6.028957	5.830412	7.003032	2179.0680549144745
49	7003.918	234.19432	7355.15	6698.997	7507.835	147.56252	7835.3364	7360.508	1000.0	1000.0	245000	448.37177	101.68094	595.3967	-45.471134	448.3718	101.68153	596.18726	-50.495136	448.2983	101.01041	601.621	-44.131355	4.006946	4.4385805	50.235695	-15.2483015	-449.468	6.06267	5.9231777	7.0448422	2225.733047246933
50	6956.6494	321.52292	7523.319	6639.9897	7872.0264	139.9645	8039.9854	7686.5864	1000.0	1000.0	250000	454.71887	102.350685	600.15204	-53.040215	454.71887	102.35228	603.7285	-49.374435	454.63025	101.68811	604.29535	-50.914906	4.09376	4.47026	61.0642	-15.369537	-455.81354	6.19872	6.128938	7.1387625	2271.8995287418365
51	6236.6675	2260.9495	7514.0557	1722.1143	7836.4033	90.52705	7986.464	7641.1777	1000.0	1000.0	255000	459.3057	106.02775	611.5609	-62.068115	459.3058	106.02868	611.5225	-60.07063	459.2365	105.36753	610.435	-60.201187	4.187786	4.492827	45.945045	-16.454575	-460.44345	6.7204595	6.541127	7.636567	2317.6943249702454
52	7180.9805	105.54757	7282.5884	6995.887	7679.129	769.12274	8143.6484	5392.175	1000.0	1000.0	260000	465.06476	107.620224	623.4149	-70.23549	465.0648	107.620804	621.5497	-70.1276	464.98737	106.955635	619.9214	-86.94947	4.254723	4.523307	60.36709	-17.059626	-466.2131	7.060641	6.947328	8.122267	2364.6393554210663
53	7312.9507	271.9172	7589.0356	6862.901	7321.745	128.20401	7529.6987	7108.5264	1000.0	1000.0	265000	470.82294	107.98538	628.50977	-71.087105	470.8232	107.98662	627.8312	-78.26807	470.74417	107.295006	626.2271	-115.04211	4.268891	4.493624	49.068817	-12.634848	-471.997	6.9462376	6.6804686	7.942164	2411.640642642975
54	6784.0938	783.26514	7662.0137	5449.092	7824.0264	101.874664	7981.1553	7577.9604	1000.0	1000.0	270000	475.28998	109.39012	633.93134	-63.634026	475.28976	109.39262	632.8472	-71.3736	475.21985	108.71192	632.6494	-72.2273	4.3867774	4.539084	54.52426	-14.374128	-476.49396	7.475872	7.239589	8.603085	2458.3263461589813
55	7524.706	217.61435	7759.6772	7194.8984	7978.811	536.9063	8374.644	6451.835	1000.0	1000.0	275000	481.04346	109.86628	636.7112	-86.458496	481.0434	109.8671	633.4798	-66.511925	480.97086	109.18184	633.7141	-66.83909	4.3862767	4.536137	54.343	-14.37797	-482.2506	7.597016	7.4273133	8.653687	2505.348600625992
56	7564.897	227.37955	7848.6924	7237.406	7416.928	117.95533	7521.716	7134.2783	1000.0	1000.0	280000	485.5431	110.83141	646.17456	-79.599174	485.54318	110.83321	645.7939	-73.23825	485.45435	110.13297	643.92584	-68.139	4.456381	4.5236273	51.41159	-12.535884	-486.74155	7.9940796	7.666915	8.949936	2552.7849559783936
57	7474.178	159.58989	7701.7397	7223.734	8379.893	812.2866	8816.54	5973.3286	1000.0	1000.0	285000	491.34903	110.933105	657.5514	-78.1238	491.34933	110.93536	657.9443	-77.17847	491.26984	110.23403	656.9363	-71.117485	4.527302	4.5556054	66.95927	-13.983846	-492.5921	8.019395	7.7739625	9.113578	2599.916791677475
58	7536.682	430.58112	7917.1973	6782.0386	7288.861	972.0824	8216.221	4680.1084	1000.0	1000.0	290000	495.98315	112.23633	664.2165	-84.37661	495.98294	112.23996	662.6001	-83.38118	495.90524	111.51655	661.0198	-82.81413	4.566351	4.571872	46.332542	-11.940222	-497.2235	8.273392	8.05647	9.196752	2647.6846601963043
59	7310.086	260.06046	7712.3296	6919.9756	7892.81	1072.9528	8627.784	4712.0864	1000.0	1000.0	295000	500.5126	112.972725	667.7501	-81.31574	500.51202	112.97597	669.3626	-83.54719	500.41763	112.24528	667.26074	-91.19209	4.6372576	4.6027794	58.574062	-13.030738	-501.7522	8.389675	8.171779	9.359749	2695.190458536148
60	7438.7705	144.0217	7622.6606	7207.424	8152.4033	74.719604	8270.959	8022.8022	1000.0	1000.0	300000	505.2297	113.397125	672.34015	-80.32399	505.23016	113.397766	672.588	-82.66744	505.13318	112.671875	671.0371	-79.93357	4.633103	4.61704	54.719627	-14.206986	-506.4589	8.264935	8.111699	9.078859	2742.4681980609894
61	7803.5093	242.92555	8094.627	7391.279	8092.0273	187.99216	8434.751	7825.7866	1000.0	1000.0	305000	509.84543	113.294945	676.4638	-70.12193	509.84555	113.29582	675.52313	-65.57716	509.748	112.56261	674.30615	-67.467865	4.6581416	4.5554075	61.129555	-13.558821	-511.09894	8.297305	8.172903	9.1726465	2790.0699079036713
62	7875.1665	210.44525	8034.4165	7463.264	8261.722	613.13214	8770.17	7072.026	1000.0	1000.0	310000	514.3398	114.37064	678.09283	-72.509125	514.3394	114.37445	679.6923	-66.39203	514.24884	113.644936	682.0412	-69.919685	4.801814	4.5899115	60.17602	-16.274036	-515.6203	8.796743	8.474079	9.578538	2837.814044713974
63	7835.0596	456.93677	8189.1216	6938.604	9172.451	126.16268	9337.788	8890.409	1000.0	1000.0	315000	520.08813	114.71659	698.1304	-75.731705	520.0885	114.71737	696.3383	-80.61071	520.04193	113.98276	691.1915	-75.40361	4.8493457	4.5814953	57.461487	-12.615761	-521.4075	8.857329	8.633368	9.677086	2885.9601790905
64	6797.284	2873.1292	8650.016	1098.9435	8966.703	135.4206	9233.761	8778.785	1000.0	1000.0	320000	524.3478	117.355705	697.35455	-143.5912	524.348	117.35748	697.05054	-148.01526	524.26953	116.629944	695.4263	-117.0604	4.8423133	4.613288	55.057545	-15.616577	-525.6588	8.92363	8.6644945	9.577945	2934.124855995178
65	8206.451	212.72676	8475.785	7987.203	8324.521	97.25013	8549.022	8147.9097	1000.0	1000.0	325000	527.82874	119.170364	703.4313	-154.19745	527.8284	119.17367	701.5299	-158.7482	527.7401	118.41657	699.6069	-146.14029	4.964003	4.584272	56.507942	-13.695932	-529.13715	9.110837	8.85378	9.774966	2982.90226149559
66	7944.507	355.76477	8345.225	7378.958	8111.728	1725.8214	8964.724	2956.557	1000.0	1000.0	330000	532.21155	119.3853	708.1165	-155.80888	532.2115	119.3893	706.2313	-199.66289	532.09015	118.63542	705.4357	-169.454	4.9016237	4.5666165	56.843246	-13.089891	-533.508	9.560659	9.172945	10.23977	3030.3635153770447
67	7958.064	370.81863	8390.536	7354.3193	8231.15	181.0436	8420.01	7813.196	1000.0	1000.0	335000	536.1074	120.486855	717.8031	-142.25586	536.1074	120.489624	714.9531	-134.63132	536.01215	119.72781	716.5523	-127.15766	5.0572095	4.6052117	59.56105	-13.145465	-537.4294	9.492648	9.217712	10.273629	3078.7195088863373
68	8038.8267	299.0366	8447.643	7541.073	8087.9478	1766.585	9006.056	2814.262	1000.0	1000.0	340000	540.81793	120.63969	722.2721	-106.33105	540.8176	120.64355	724.6101	-109.390015	540.723	119.86613	724.4934	-117.45991	5.075972	4.6177073	61.43082	-19.999907	-542.14813	10.026772	9.635727	10.596961	3127.6546561717987
69	7451.556	1498.897	8424.288	4465.2354	8838.236	1829.8737	9670.765	3361.6118	1000.0	1000.0	345000	545.0097	121.16217	727.1431	-101.794525	545.00995	121.16689	730.99854	-100.66267	544.8948	120.39144	725.8185	-111.52244	5.0923643	4.607991	54.008644	-14.296598	-546.3166	9.6251335	9.281541	10.117761	3176.1193795204163
70	6238.832	2084.1748	8366.966	3011.179	8518.799	1934.0891	9415.194	2736.2087	1000.0	1000.0	350000	546.08246	127.1355	752.0591	-207.76093	546.0819	127.13824	745.23413	-267.88678	545.9645	126.3977	737.04126	-206.90889	5.129192	4.620338	50.570858	-15.268064	-547.4433	11.40697	11.08325	11.699583	3224.567325115204
71	7422.997	1489.2262	8807.3125	5097.9824	8989.705	188.38753	9247.618	8691.588	1000.0	1000.0	355000	548.91	129.541	743.31824	-275.884	548.90967	129.5452	746.06006	-256.87283	548.78796	128.80933	742.9402	-285.72	5.274331	4.6914926	55.538284	-12.915596	-550.2944	11.975503	11.457528	12.207553	3272.6760771274567
72	8597.146	162.4901	8802.758	8356.598	8907.87	69.867676	9001.274	8750.41	1000.0	1000.0	360000	552.53217	130.15195	754.48346	-205.21793	552.5323	130.15482	751.7522	-162.61723	552.39105	129.42645	745.04065	-226.61761	5.3849597	4.689683	68.76311	-12.639078	-553.93066	12.293448	11.637246	12.075114	3320.602027654648
73	8686.891	391.8807	9062.872	7948.2607	9216.791	113.7678	9363.565	8923.689	1000.0	1000.0	365000	556.4573	130.68636	755.10657	-177.37128	556.45764	130.69164	753.3337	-196.68477	556.3301	129.95932	751.7822	-225.55144	5.379219	4.6556683	50.790066	-15.094765	-557.8627	12.480554	11.980827	12.453024	3368.525178670883
74	8439.868	247.58527	8778.455	8060.716	9424.037	181.38396	9812.585	9187.05	1000.0	1000.0	370000	560.2316	131.7561	756.2195	-230.20874	560.2309	131.7617	754.51917	-207.27037	560.0917	131.01988	755.00574	-241.38252	5.455864	4.732366	64.3206	-14.580081	-561.6671	13.36275	12.754734	13.294391	3415.720856666565
75	8836.525	201.4061	9064.543	8603.962	9576.838	195.479	9888.484	9287.807	1000.0	1000.0	375000	564.72833	132.2732	763.0879	-215.62035	564.72864	132.27678	762.68225	-176.56976	564.59644	131.51056	761.16565	-150.32382	5.426674	4.669868	75.543785	-13.318857	-566.1314	12.197067	11.62117	12.470853	3464.448339700699
76	8401.548	423.40622	8917.605	7783.499	9670.339	105.34585	9871.594	9509.8955	1000.0	1000.0	380000	569.08923	132.2075	766.7515	-174.85922	569.08905	132.21158	767.2818	-166.9149	568.9505	131.43709	764.96265	-174.17313	5.4573727	4.6557107	70.41442	-13.700733	-570.4807	12.2702465	11.942756	12.379057	3510.8827679157257
77	8927.55	292.49017	9279.481	8568.46	8178.9287	41.237366	8240.114	8106.1987	1000.0	1000.0	385000	572.9156	132.8611	773.36743	-184.6766	572.91565	132.86264	770.5826	-155.4323	572.7656	132.1083	766.03723	-235.05573	5.4772797	4.661822	64.82613	-12.962023	-574.3189	12.360842	11.919659	12.659211	3560.063478946686
78	8630.458	551.2094	9290.536	8017.043	9018.133	2541.799	10184.451	1437.3881	1000.0	1000.0	390000	576.8934	132.84958	777.2585	-154.76123	576.8934	132.8537	774.7757	-156.2485	576.73145	132.06868	771.0988	-197.0677	5.5128417	4.711466	66.84782	-15.654812	-578.28894	12.516327	12.052337	12.873358	3608.656683444977
79	8523.051	694.21704	9181.515	7306.697	7825.35	3162.4666	9711.502	989.36835	1000.0	1000.0	395000	580.0122	134.70647	783.0593	-250.57791	580.0114	134.70973	782.0016	-177.81458	579.8476	133.94452	780.1887	-215.16542	5.6028714	4.683003	59.895943	-13.987093	-581.4365	13.086592	12.68636	13.315384	3656.5680668354034
80	8903.655	456.13577	9214.827	8007.6377	8835.193	153.1465	9115.434	8542.963	1000.0	1000.0	400000	583.8281	135.18127	783.93414	-172.8358	583.8283	135.1858	783.53864	-164.3915	583.676	134.3936	781.50085	-210.08046	5.604508	4.6811843	61.43489	-12.698877	-585.29364	13.118156	12.685135	13.551653	3705.2968096733093
81	8763.606	565.1242	9412.873	7753.38	9261.175	1042.9185	9856.83	6186.3525	1000.0	1000.0	405000	588.11163	135.83084	790.61694	-148.3805	588.1114	135.8336	788.53766	-161.22008	587.97064	135.07265	791.7651	-238.67352	5.6931524	4.684143	59.577156	-12.278785	-589.59	13.028107	12.738709	13.587712	3752.409716129303
82	9007.2705	307.23828	9453.782	8715.982	9480.881	148.51453	9788.448	9288.035	1000.0	1000.0	410000	591.8796	137.61316	797.3807	-158.42754	591.87885	137.61845	796.7264	-159.40494	591.73425	136.82143	796.0356	-166.92831	5.7685375	4.67555	67.547485	-13.079501	-593.3675	12.80909	12.539644	13.289553	3800.445726633072
83	9401.501	142.93602	9646.964	9222.719	9227.762	877.2171	9709.99	6635.981	1000.0	1000.0	415000	596.3545	138.08351	800.3041	-193.65639	596.3544	138.08649	797.78735	-171.94136	596.22565	137.26703	797.78937	-194.59366	5.8164964	4.7062206	73.02955	-13.9451	-597.8578	13.005231	12.732755	13.4095125	3849.042013645172
84	9322.61	180.16513	9650.256	9116.175	9403.737	803.0572	9998.989	7069.3516	1000.0	1000.0	420000	601.2182	138.41776	807.80383	-205.58104	601.21783	138.42302	810.2274	-188.40121	601.06604	137.5844	808.58545	-168.58028	5.837696	4.740784	60.11285	-13.0366	-602.71875	13.397131	12.909199	13.739515	3897.039646625519
85	9203.417	407.897	9611.28	8491.952	9522.225	171.099	9784.001	9171.059	1000.0	1000.0	425000	604.3916	139.32208	806.3995	-230.2857	604.392	139.32451	806.9752	-210.07265	604.21564	138.4785	805.771	-153.09268	5.8664713	4.7087245	62.230904	-12.587097	-605.88995	13.155492	12.703903	13.4082985	3946.67737698555
86	9367.15	224.09654	9743.131	9074.963	9817.682	79.07616	9963.827	9704.364	1000.0	1000.0	430000	608.58954	138.98282	815.7903	-187.7214	608.5891	138.9847	814.6097	-187.57523	608.4427	138.13657	807.1467	-146.77681	5.9134197	4.6705832	60.33725	-12.529192	-610.1119	13.407625	13.027012	13.520475	3995.8662626743317
87	7642.518	3166.3503	9895.9795	1350.0178	10007.355	142.87184	10317.3125	9838.031	1000.0	1000.0	435000	610.7395	143.45734	822.66956	-224.95209	610.7395	143.46097	820.2136	-232.47894	610.5533	142.66281	819.76746	-229.3178	5.9582567	4.694112	56.09952	-12.520582	-612.2609	14.178111	13.861054	14.328282	4045.4135360717773
88	9584.996	224.80893	9866.745	9226.202	9524.658	119.39943	9659.065	9286.877	1000.0	1000.0	440000	614.02057	145.35506	823.7396	-243.17007	614.0203	145.36214	827.8078	-248.37462	613.8621	144.56339	825.2093	-250.47331	6.0494614	4.706119	71.03376	-12.429542	-615.5667	14.253784	13.878197	14.503553	4095.8174159526825
89	9575.985	328.373	9969.704	9104.812	9808.997	153.13698	10089.005	9533.984	1000.0	1000.0	445000	617.64545	145.55841	831.51385	-266.85306	617.6452	145.55959	830.616	-267.5715	617.4717	144.76253	829.9666	-265.34326	6.020197	4.7324696	59.706047	-15.290629	-619.1797	13.875037	13.59538	13.866409	4143.546738147736
90	7980.2983	3376.6724	9894.278	1235.7076	10153.534	137.31903	10297.708	9897.13	1000.0	1000.0	450000	619.2576	150.8357	836.16	-294.78723	619.2573	150.84009	837.7897	-305.58862	619.0377	150.081	832.78345	-296.88495	6.0686316	4.726743	61.56086	-15.38675	-620.7509	14.378221	13.885241	14.455159	4194.30193734169
91	9798.313	286.91516	10118.086	9391.218	10373.021	82.41889	10508.105	10207.439	1000.0	1000.0	455000	622.9649	150.93819	840.81647	-293.2556	622.9644	150.94165	841.82825	-318.96582	622.77234	150.1543	839.7298	-301.56018	6.078603	4.6819377	70.435585	-12.620552	-624.498	14.204905	13.96137	14.134228	4243.9743309021
92	9139.2	1258.0078	9907.981	6642.0957	9984.646	136.59618	10207.275	9750.66	1000.0	1000.0	460000	626.0738	151.6064	845.88007	-325.18372	626.074	151.61009	846.3138	-331.2099	625.83514	150.78406	839.71857	-326.12595	6.0768614	4.6496434	71.63259	-11.525563	-627.5933	14.787389	14.212597	14.943875	4293.881904602051
93	9509.784	337.3689	9957.858	9006.928	10344.073	117.43128	10529.5205	10176.727	1000.0	1000.0	465000	629.252	152.18713	843.83636	-328.3517	629.25214	152.18831	846.3599	-330.24292	629.0548	151.393	848.65936	-329.9685	6.183067	4.669052	68.97281	-12.650219	-630.8009	14.085357	13.9569845	14.196002	4344.73410487175
94	9452.953	503.96542	10031.537	8700.754	10389.234	217.49614	10688.015	10018.16	1000.0	1000.0	470000	632.3414	153.15637	849.7084	-316.70547	632.34094	153.1582	848.8538	-321.1704	632.12445	152.33595	846.47235	-315.7652	6.1471677	4.6715174	53.86288	-11.870183	-633.8654	14.560175	14.285741	14.543779	4395.319026470184
95	9192.643	1246.626	10023.647	6740.241	9700.066	172.53816	10014.008	9437.167	1000.0	1000.0	475000	636.0215	152.9753	858.6334	-309.81683	636.021	152.9811	858.8183	-320.0562	635.79254	152.16888	849.4372	-322.69287	6.222837	4.7148438	79.27317	-13.8575535	-637.5548	14.774897	14.458455	14.346839	4445.054934263229
96	9910.748	379.8172	10253.016	9223.402	10343.264	191.29483	10711.004	10029.611	1000.0	1000.0	480000	639.5095	153.51253	859.9045	-303.83328	639.50995	153.51376	857.62744	-305.39844	639.2998	152.68488	857.92004	-326.69934	6.2220273	4.6729603	76.09648	-13.001521	-641.0408	14.495597	14.2845955	14.628969	4493.967505693436
97	10059.008	237.21228	10359.131	9628.794	10564.844	96.517235	10752.844	10419.111	1000.0	1000.0	485000	643.27405	154.10683	865.5835	-303.95306	643.2737	154.11363	865.52185	-297.26056	643.0393	153.27512	862.63434	-306.73083	6.322055	4.741612	59.186977	-12.177465	-644.76025	15.211588	14.698281	14.585003	4544.171840906143
98	9614.725	950.02264	10379.303	7750.029	9490.643	338.54553	10146.211	8836.694	1000.0	1000.0	490000	646.4841	154.62811	879.75604	-284.72867	646.4839	154.62907	879.76074	-299.61038	646.2736	153.77261	877.47394	-302.61972	6.3479686	4.7277045	68.714355	-12.021421	-648.0302	15.393388	15.170167	14.735885	4593.880692958832
99	9406.791	823.24854	10138.105	8015.8267	9641.084	116.28439	9881.691	9487.78	1000.0	1000.0	495000	650.39484	154.81718	886.32074	-294.555	650.39496	154.81909	886.5334	-298.57162	650.1595	153.96501	879.3147	-297.5842	6.3531647	4.710691	64.97984	-13.460237	-651.9465	15.541006	15.278435	15.040583	4644.983443021774
100	9520.667	498.559	10240.729	8949.848	10581.321	94.57952	10719.051	10454.044	1000.0	1000.0	500000	653.1323	156.04585	888.6056	-301.9726	653.13275	156.04861	888.70874	-310.2354	652.84766	155.19875	886.6319	-312.17404	6.4431305	4.7593746	61.799454	-13.951178	-654.6641	15.824987	15.330178	15.081882	4695.233119487762
101	9864.963	403.09872	10209.128	9108.531	10124.843	176.23256	10412.608	9782.187	1000.0	1000.0	505000	654.99786	156.27571	887.4278	-302.4872	654.9972	156.27733	886.9974	-314.28036	654.7321	155.43044	889.8708	-310.22745	6.4460235	4.7669353	64.779785	-14.4937525	-656.4789	15.320716	15.1074095	15.105283	4746.228673696518
102	9879.768	392.06583	10336.656	9238.4795	10026.653	158.67807	10254.643	9764.703	1000.0	1000.0	510000	658.04193	156.86101	893.92584	-298.33133	658.04205	156.86464	890.9613	-305.08844	657.7709	155.99629	890.9136	-302.65228	6.4766617	4.7665997	75.38269	-11.889784	-659.5451	16.154528	16.058731	15.316634	4797.993671655655
103	9614.745	338.12198	10019.754	9094.106	9947.61	176.36374	10176.761	9558.837	1000.0	1000.0	515000	660.177	157.42525	890.90344	-297.11884	660.177	157.42686	894.6794	-308.55746	659.9029	156.51758	892.45166	-295.38916	6.5333347	4.744087	66.27025	-12.257372	-661.707	16.430147	16.015839	15.530847	4847.640563726425
104	9925.664	291.72784	10255.448	9478.125	10047.681	199.48654	10529.798	9862.697	1000.0	1000.0	520000	664.3557	157.02652	899.92706	-283.04477	664.35547	157.03032	897.7974	-283.2746	664.1358	156.12555	896.87885	-287.9735	6.6109095	4.740429	71.791115	-12.637726	-665.93915	15.871578	15.707689	15.340003	4899.206055164337
105	9946.801	379.11755	10567.331	9533.803	10448.757	184.11774	10692.771	10085.9	1000.0	1000.0	525000	668.217	156.64572	908.50116	-267.31204	668.2166	156.64761	909.39026	-273.87567	667.95215	155.73479	908.1923	-273.32678	6.5795674	4.7620625	55.642033	-13.078052	-669.7479	16.285273	16.076687	15.471288	4950.251239776611
106	9809.514	173.31346	10035.837	9646.19	9588.15	1524.0996	10233.406	5028.106	1000.0	1000.0	530000	671.0676	157.70233	916.49994	-262.90762	671.06714	157.70662	913.8529	-265.97745	670.7821	156.80339	907.38995	-270.38507	6.6283803	4.770593	77.39464	-16.455963	-672.5491	15.284478	15.191663	15.035085	5001.141448497772
107	9870.085	325.419	10258.754	9479.681	10644.898	94.70123	10769.966	10474.213	1000.0	1000.0	535000	674.5763	157.67635	912.28723	-281.977	674.57605	157.67694	917.8968	-283.66364	674.30176	156.7751	912.0841	-287.15585	6.6273713	4.716643	67.76755	-12.614567	-676.0664	15.601719	15.451615	15.067637	5052.736542224884
108	10111.431	159.49724	10295.728	9867.295	10699.096	72.1597	10824.997	10606.276	1000.0	1000.0	540000	676.9374	157.9082	910.1088	-281.26154	676.9372	157.91138	911.7457	-283.38824	676.6093	156.99902	911.4211	-287.33066	6.572274	4.7353435	70.44211	-14.352337	-678.3688	15.236654	15.066978	14.806763	5104.012845754623
109	10278.354	170.97903	10474.846	9975.352	10897.979	164.16998	11154.733	10665.647	1000.0	1000.0	545000	679.4721	158.2433	917.55554	-280.70233	679.472	158.24673	920.9581	-300.82834	679.14935	157.33792	915.48364	-288.8263	6.5606227	4.6934295	66.82859	-13.671469	-680.905	15.367178	15.302778	14.286647	5153.353804588318
110	10364.583	233.5515	10664.043	10029.234	10841.687	115.54996	11016.131	10652.575	1000.0	1000.0	550000	681.58624	158.90195	919.00616	-273.7691	681.5861	158.90207	920.3248	-282.68344	681.26654	157.9748	915.0668	-281.9648	6.658902	4.7506685	67.090004	-11.962611	-683.057	15.714181	15.690016	14.9829645	5203.852480649948
111	10028.659	356.4179	10449.523	9599.359	10119.044	114.103485	10323.344	9921.296	1000.0	1000.0	555000	684.2137	159.96193	931.5366	-282.52753	684.2136	159.96632	930.8268	-286.8553	683.91675	159.04442	932.377	-293.22263	6.708241	4.754397	74.460075	-15.2742405	-685.6707	16.514687	16.200668	15.409225	5254.031255245209
112	10250.974	329.3041	10537.604	9680.178	10214.054	118.877815	10364.411	9985.734	1000.0	1000.0	560000	687.4523	160.48834	939.6148	-291.88248	687.4516	160.49052	937.2634	-314.7513	687.1502	159.56332	939.82434	-302.14984	6.619009	4.684482	60.693005	-13.3187895	-688.8884	15.808041	15.70525	15.040633	5305.255070209503
113	9992.46	327.10294	10458.544	9458.01	10960.667	116.13161	11202.97	10720.783	1000.0	1000.0	565000	691.1635	159.26033	938.63226	-280.67313	691.1638	159.26097	939.9529	-285.7587	690.85425	158.30502	944.68066	-281.2206	6.7094293	4.698672	59.16432	-10.790489	-692.5975	15.33363	15.273925	14.416678	5356.259293079376
114	10545.9375	181.2342	10788.717	10270.276	8261.446	338.8139	9038.574	7869.3174	1000.0	1000.0	570000	693.69305	160.70615	939.6699	-289.6781	693.6932	160.71024	944.1958	-283.72223	693.3963	159.75894	943.29016	-280.9995	6.798576	4.7564697	59.840775	-13.011124	-695.15173	16.149082	15.833662	14.890292	5407.316828250885
115	9582.033	793.8456	10495.275	8172.1323	10121.8545	172.78456	10336.404	9863.292	1000.0	1000.0	575000	696.1589	160.91887	949.7244	-333.03192	696.15814	160.92079	948.4419	-306.37802	695.80054	160.00565	944.4126	-320.1885	6.668292	4.6930513	78.629036	-14.733559	-697.5741	16.041212	16.006815	15.306339	5457.79422545433
116	10209.733	402.22263	10667.972	9675.105	10714.677	167.53455	10976.312	10423.972	1000.0	1000.0	580000	697.6017	162.16176	948.17126	-331.8716	697.6019	162.16539	951.9036	-327.6789	697.2658	161.22906	945.59406	-333.57324	6.7656064	4.7069864	80.211	-11.90819	-699.0326	16.062822	16.069056	15.346114	5510.2287538051605
117	10110.167	447.27216	10706.939	9579.262	10714.195	131.63388	11028.657	10573.541	1000.0	1000.0	585000	700.2344	161.80923	957.8721	-339.41272	700.2337	161.8118	950.5636	-344.71408	699.86816	160.83862	949.86414	-338.65103	6.7388406	4.688983	72.506516	-13.79615	-701.6279	15.674683	15.562843	14.937736	5561.883616924286
118	10239.874	413.7459	10896.406	9717.651	8821.888	146.10545	9004.015	8534.047	1000.0	1000.0	590000	702.21576	160.53568	956.2811	-313.443	702.2168	160.53508	952.7516	-313.93735	701.832	159.5346	941.3878	-323.00677	6.8097534	4.714214	61.460995	-14.6798	-703.6191	16.415405	16.173277	15.083303	5612.6274671554565
119	9970.171	671.9721	10664.668	8739.339	10716.472	141.27998	10928.078	10451.859	1000.0	1000.0	595000	704.0078	161.04207	947.2193	-296.77548	704.0074	161.04164	950.57404	-304.42255	703.65967	160.076	949.3833	-303.31317	6.8833046	4.6760807	62.533417	-15.637435	-705.4352	17.297844	17.149263	16.747639	5663.511105298996
120	10170.269	875.327	10894.801	8507.488	10824.487	161.05675	11062.638	10506.302	1000.0	1000.0	600000	707.5907	160.82663	951.04004	-315.8405	707.59094	160.82776	953.1155	-334.86844	707.2557	159.86684	949.47784	-324.98685	6.8880296	4.6930413	58.751736	-11.091508	-709.0151	16.109577	16.059467	15.428432	5713.733327150345
121	10067.645	683.6204	10750.894	8945.676	9191.592	105.172264	9349.449	9005.004	1000.0	1000.0	605000	709.1878	162.20676	955.83527	-315.23328	709.18744	162.20741	953.79114	-326.0472	708.8146	161.24953	955.58765	-320.82956	6.739714	4.6615243	70.11243	-12.823068	-710.56213	15.730334	15.715131	14.8394375	5764.10829949379
122	10210.679	602.55273	10789.646	9080.73	10756.608	118.34141	10934.896	10594.329	1000.0	1000.0	610000	710.738	162.06848	957.34796	-325.47488	710.7382	162.07016	958.86053	-327.09976	710.3371	161.08585	954.30023	-330.28445	6.820306	4.7242513	63.592278	-13.026244	-712.066	15.437087	15.175054	14.688369	5815.026632070541
123	10498.81	261.25134	10909.981	10122.097	10814.208	146.8811	11093.077	10478.458	1000.0	1000.0	615000	713.42596	161.51186	961.20654	-312.6565	713.4264	161.51195	962.9583	-325.36646	713.06085	160.52034	958.27704	-323.94165	6.8393617	4.7314057	64.49671	-15.8177395	-714.785	15.841302	15.841237	15.000541	5866.129998683929
124	9103.252	2190.233	10530.274	4737.7363	10858.873	151.94432	11043.795	10489.252	1000.0	1000.0	620000	715.5178	164.05869	964.0121	-344.82147	715.5173	164.06052	963.3981	-352.02606	715.16	163.09529	958.88074	-334.69464	6.858785	4.683952	71.33539	-11.014957	-716.8658	15.669841	15.516461	14.931386	5917.586994409561
125	10045.217	511.593	10714.799	9237.264	11176.225	102.48656	11296.355	10987.24	1000.0	1000.0	625000	718.0696	164.63692	956.13666	-339.1594	718.0695	164.64075	955.56036	-335.4047	717.708	163.69212	958.52277	-344.48752	6.917249	4.703035	78.7446	-13.149205	-719.4428	17.463802	17.158531	16.134441	5968.353677749634
126	10593.244	287.1028	10833.128	10100.026	10011.599	73.42271	10123.439	9913.654	1000.0	1000.0	630000	720.4342	164.65387	954.4572	-345.98346	720.4343	164.65459	950.29376	-339.0993	720.05774	163.68434	949.8475	-330.60254	6.921727	4.679137	60.59229	-12.776556	-721.806	16.60849	16.28812	15.472564	6019.568214178085
127	10382.049	299.528	10637.706	9798.417	8441.414	61.98847	8519.725	8339.797	1000.0	1000.0	635000	721.7116	165.7994	950.0102	-342.52213	721.7112	165.80383	954.037	-345.6475	721.31116	164.83788	953.2071	-347.40866	6.9158115	4.717619	84.0922	-13.005067	-723.0389	16.820375	16.619673	15.221625	6070.982324123383
128	10057.441	838.7526	10887.556	8470.494	10552.442	284.30118	11064.817	10082.462	1000.0	1000.0	640000	724.2573	165.26187	960.4163	-366.58447	724.2574	165.263	965.0281	-372.40637	723.8509	164.29388	957.16095	-366.52438	6.964119	4.7365923	66.2188	-14.817862	-725.596	17.979696	17.980482	16.573526	6122.055705547333
129	10463.808	137.86302	10631.158	10275.922	10872.419	171.39249	11122.625	10579.874	1000.0	1000.0	645000	725.9561	165.95815	969.9535	-370.422	725.95593	165.95961	969.543	-369.72525	725.5282	165.01044	967.1274	-368.29575	6.9802074	4.7163005	65.658424	-13.901911	-727.2522	16.697588	16.483877	15.505431	6174.180128335953
130	10735.252	322.30753	11310.43	10404.086	11491.503	112.85803	11661.083	11362.372	1000.0	1000.0	650000	727.93896	165.0604	967.72327	-359.06387	727.9385	165.06367	964.5469	-368.06357	727.5122	164.10677	967.6173	-363.523	7.01993	4.7419915	65.95112	-13.471089	-729.2604	17.605137	17.190996	15.883282	6225.875116109848
131	10376.502	486.95367	10876.819	9455.699	9974.58	129.85828	10254.18	9788.067	1000.0	1000.0	655000	729.50714	165.52478	962.45416	-348.38614	729.50684	165.52568	967.86066	-348.73682	729.06775	164.55821	967.2471	-366.77112	6.9978313	4.7265944	66.13328	-14.152071	-730.8101	16.55032	16.461952	15.247322	6279.079247236252
132	10502.405	463.36856	10974.121	9720.866	10992.901	135.54112	11236.194	10759.696	1000.0	1000.0	660000	731.7849	165.3326	960.7457	-353.1036	731.78485	165.33495	962.3565	-351.50735	731.3822	164.31236	961.9806	-354.43878	7.019497	4.7463603	68.14463	-12.42631	-733.11816	16.25996	16.099113	15.387045	6331.066677093506
133	10394.87	459.64392	10997.997	9728.869	11252.335	79.276085	11364.941	11116.952	1000.0	1000.0	665000	734.404	164.92215	964.08246	-337.3112	734.40344	164.92528	975.7659	-336.40576	733.9745	163.92796	969.02313	-347.353	7.0511737	4.769754	71.815704	-13.004573	-735.722	17.55245	17.408623	15.995513	6384.007951498032
134	10479.643	580.4288	10925.368	9346.998	10942.409	101.69344	11128.234	10825.744	1000.0	1000.0	670000	736.7993	164.60556	974.59283	-345.72232	736.7993	164.60808	973.31586	-341.46796	736.3624	163.62291	972.96704	-354.8017	7.046558	4.7475023	70.61014	-11.166985	-738.0655	16.969994	16.773277	15.5867405	6437.541898488998
135	10631.314	114.30832	10779.878	10469.718	11045.7	165.95287	11254.433	10661.69	1000.0	1000.0	675000	738.06055	165.25317	975.3318	-348.69385	738.06085	165.2504	975.02484	-350.57092	737.62115	164.25557	972.2164	-350.70892	7.165023	4.789418	64.19607	-13.353628	-739.3699	17.205212	17.100574	15.547083	6490.626885652542
136	10871.002	164.08923	11160.191	10734.528	11123.946	85.84459	11266.79	11010.439	1000.0	1000.0	680000	740.5733	165.79529	973.0409	-357.5531	740.5736	165.7973	974.75946	-363.76767	740.17224	164.8177	964.78625	-349.52188	7.1239805	4.8248906	72.11323	-13.158336	-741.8921	16.869785	16.7947	15.355415	6544.661664009094
137	10648.305	228.54327	10913.204	10335.965	10850.189	118.851524	11080.361	10637.064	1000.0	1000.0	685000	742.9731	166.56732	972.05164	-344.82104	742.9729	166.57176	972.9285	-355.0459	742.52246	165.58203	971.3665	-356.58264	6.9867387	4.727977	65.38993	-11.684099	-744.2456	16.698141	16.155941	15.309007	6596.551234483719
138	10756.681	260.39304	11053.673	10329.63	11444.578	125.99942	11687.16	11263.037	1000.0	1000.0	690000	744.719	166.75116	983.22595	-360.90213	744.719	166.75284	984.44073	-369.20724	744.2399	165.75627	973.2855	-349.76642	7.04758	4.7097735	88.859344	-13.84093	-745.9844	16.666124	16.440733	15.055503	6648.896675825119
139	10189.721	1194.636	11117.044	7857.623	11212.244	134.69687	11436.481	10996.626	1000.0	1000.0	695000	746.6068	165.85515	979.1605	-348.14917	746.6063	165.85814	980.7873	-357.0402	746.1481	164.82181	977.4589	-352.2989	7.1627665	4.7015333	66.407196	-14.429365	-747.9203	17.445126	17.521074	16.237066	6702.086931705475
140	10729.544	300.17154	11218.468	10397.844	11286.874	121.87421	11453.7705	11060.098	1000.0	1000.0	700000	748.42944	167.15778	983.47577	-361.65244	748.42926	167.16335	987.4134	-375.0326	747.9956	166.13231	976.88495	-366.878	7.1773343	4.7057853	63.340656	-14.79398	-749.72815	17.351	17.188326	15.643328	6755.60862660408
141	10903.037	143.33101	11117.873	10668.794	11181.823	102.57656	11324.912	11011.144	1000.0	1000.0	705000	749.5762	166.8808	973.93164	-341.77313	749.5749	166.88423	971.9264	-349.6471	749.1243	165.85857	976.2875	-343.05765	7.1710806	4.739945	69.85276	-12.691403	-750.87506	18.016718	17.934353	16.061302	6809.112080574036
142	10915.979	152.45088	11125.573	10698.848	10454.705	201.63493	10777.083	9981.634	1000.0	1000.0	710000	751.77893	166.90373	978.9079	-331.39493	751.77893	166.90381	981.09125	-328.9185	751.307	165.90613	972.9114	-339.3668	7.1732254	4.7451186	72.60906	-12.91238	-753.0133	17.799377	17.792194	15.711134	6862.616122961044
143	10766.283	410.8558	11150.107	10047.468	11323.1045	140.03508	11612.304	11149.824	1000.0	1000.0	715000	754.16345	166.717	984.817	-334.9655	754.16406	166.71638	981.30054	-336.93845	753.70764	165.71826	986.01514	-339.66904	7.2130303	4.720947	65.15791	-11.78142	-755.4567	17.178543	17.06131	15.473822	6915.792377948761
144	11058.674	119.20117	11217.162	10923.723	10557.439	2083.392	11426.945	4319.5215	1000.0	1000.0	720000	756.2652	165.95338	991.25653	-328.39664	756.26495	165.95631	985.24274	-337.4675	755.7854	164.90788	980.2901	-331.12006	7.2285805	4.743491	62.54529	-12.421304	-757.5067	17.642519	17.769278	15.593544	6969.182073354721
145	10563.888	657.3745	10920.663	9249.668	11273.109	169.59505	11655.743	10981.694	1000.0	1000.0	725000	758.1295	165.37918	991.13763	-310.48883	758.1287	165.38297	989.3945	-320.27344	757.64026	164.38124	992.2339	-318.27264	7.2543664	4.756124	56.91295	-12.799847	-759.3322	16.980625	16.642866	15.21456	7022.820155620575
146	10761.088	122.83995	10954.426	10610.911	10366.744	128.88466	10606.358	10152.592	1000.0	1000.0	730000	759.54803	166.50758	991.50354	-315.94092	759.54846	166.5067	993.70984	-311.9061	759.04517	165.49524	992.19684	-313.99933	7.3027873	4.7886114	77.945465	-11.5011635	-760.7907	17.57064	17.510729	15.985592	7077.54229092598
147	10715.885	299.59988	11012.61	10140.953	11222.377	113.03858	11346.804	10990.183	1000.0	1000.0	735000	760.76196	166.4207	995.9803	-334.86154	760.76105	166.42621	994.6037	-325.80905	760.25244	165.38452	992.60834	-323.80298	7.298626	4.7901654	76.049995	-12.8938265	-761.9774	17.482962	17.246632	15.644598	7131.221478700638
148	10486.815	324.26773	10907.482	9927.311	9823.389	1998.2878	10985.669	3897.5051	1000.0	1000.0	740000	762.4534	166.93059	993.909	-299.16455	762.4531	166.93091	990.94305	-303.02832	761.9322	165.89459	992.9143	-306.30457	7.3528914	4.777192	82.0826	-12.951275	-763.6353	16.851152	16.9922	15.510614	7185.577874422073
149	8999.484	3792.3179	11163.65	1420.5066	11401.249	141.653	11548.423	11054.617	1000.0	1000.0	745000	762.3202	169.03918	995.6668	-302.5167	762.31915	169.04025	996.83014	-304.55933	761.76215	168.03429	995.05273	-313.5226	7.3141894	4.803807	76.90193	-12.433755	-763.49286	19.539457	19.705387	17.407728	7239.216235160828
150	10641.227	387.21307	11041.77	10053.384	11340.762	117.88851	11489.427	11181.788	1000.0	1000.0	750000	763.2557	169.11865	997.05756	-323.0715	763.2549	169.12053	995.46375	-321.69666	762.71826	168.1049	995.7492	-310.7384	7.3911395	4.7710247	67.44831	-11.542023	-764.4542	18.850391	18.975374	16.756565	7293.02919459343
151	10911.716	409.34726	11371.608	10279.355	11515.227	128.90712	11654.713	11170.726	1000.0	1000.0	755000	765.5512	168.44565	998.60516	-321.37567	765.55084	168.4487	1000.31757	-319.68237	765.0184	167.41927	996.6717	-330.43204	7.3753114	4.7719274	75.28682	-11.910921	-766.7696	18.144285	17.518187	16.547787	7346.460149765015
152	10938.041	153.46144	11123.852	10680.014	11228.115	55.82603	11348.39	11131.902	1000.0	1000.0	760000	767.08356	168.96101	1000.43097	-326.6292	767.0834	168.96437	999.2563	-329.05548	766.55646	167.90326	996.21216	-327.42905	7.4000506	4.75556	56.368835	-14.17749	-768.2893	17.955965	17.915424	15.945914	7402.236045837402
153	10679.188	211.40225	10943.605	10322.519	11488.185	113.25514	11693.313	11300.738	1000.0	1000.0	765000	768.3761	169.77342	1004.2571	-316.06656	768.37634	169.77322	1001.2886	-315.23935	767.80695	168.72797	999.3078	-383.91464	7.334525	4.7526555	69.9431	-14.358284	-769.5599	18.671669	18.388422	16.904997	7457.583672761917
154	10925.872	231.25302	11237.074	10665.143	11372.707	116.576324	11489.677	11173.566	1000.0	1000.0	770000	770.52124	168.65532	1000.8517	-317.85358	770.52045	168.65881	999.31805	-317.30417	769.9456	167.62051	1001.71423	-321.43573	7.2912846	4.7512827	68.36118	-11.734286	-771.6951	18.652359	18.456415	16.447296	7511.738030433655
155	10243.513	956.8389	10866.92	8371.099	11075.346	181.25024	11343.466	10763.972	1000.0	1000.0	775000	771.63257	169.0164	1001.508	-295.70682	771.63245	169.01868	1000.40216	-292.0499	771.073	167.9723	999.37115	-298.54773	7.367053	4.7633195	75.99664	-14.459884	-772.8196	18.51695	18.663223	16.227106	7565.90123963356
156	10960.614	134.18016	11107.717	10748.115	11185.842	92.45841	11318.23	10999.466	1000.0	1000.0	780000	773.7356	168.84567	1003.32837	-296.63318	773.7355	168.8483	1001.3177	-302.89563	773.19904	167.82054	998.97375	-301.525	7.33504	4.785929	76.09925	-11.938227	-774.8994	16.691257	16.41372	14.730058	7621.171340465546
157	10886.214	307.26477	11268.153	10495.111	11396.857	155.51448	11635.936	11086.15	1000.0	1000.0	785000	774.5073	168.63988	999.41974	-287.85428	774.50653	168.6416	1001.6919	-290.40497	773.9311	167.57831	998.7939	-312.59137	7.263982	4.7381883	73.89099	-15.044471	-775.6362	17.51743	17.206688	15.535039	7676.3978707790375
158	10792.943	249.67769	10987.927	10303.899	11049.744	239.33044	11343.561	10625.946	1000.0	1000.0	790000	776.3055	167.94185	1000.9592	-301.5898	776.30493	167.94452	1005.16846	-300.0684	775.7364	166.91261	1001.08624	-297.2723	7.2862606	4.781531	66.99933	-15.75136	-777.4517	17.537859	17.23181	15.839259	7731.037174463272
159	9549.799	2323.6184	10928.502	4929.721	10596.948	2247.8198	11567.017	3864.522	1000.0	1000.0	795000	777.1189	169.1634	1004.45074	-300.67252	777.1192	169.16338	1003.6214	-295.6089	776.5528	168.14238	998.7903	-307.0167	7.2797923	4.7121654	79.91189	-12.399775	-778.2727	17.371767	17.166452	15.44659	7786.133577108383
160	10976.768	275.65536	11243.936	10445.368	11239.07	197.33469	11609.864	10946.642	1000.0	1000.0	800000	778.38446	169.6687	1009.19257	-300.1086	778.384	169.673	1010.18713	-313.49927	777.7957	168.666	1000.13495	-311.64236	7.4287496	4.7473035	83.81914	-12.6157055	-779.5259	18.226807	18.476624	16.318491	7841.291710138321
161	11000.025	274.23032	11451.754	10586.887	10741.678	72.477234	10866.237	10578.092	1000.0	1000.0	805000	780.04626	169.46423	1003.0568	-317.3284	780.04596	169.46635	1001.6418	-318.64267	779.4577	168.45651	1005.45044	-313.45483	7.4805083	4.8229136	72.46036	-11.56861	-781.1666	18.887575	18.372946	16.306	7895.308758020401
162	11028.317	341.92624	11381.053	10416.467	11684.57	123.255714	11819.491	11351.834	1000.0	1000.0	810000	781.68115	168.78928	1007.5765	-309.37048	781.6809	168.78957	1005.6433	-319.6498	781.1052	167.74918	1004.7937	-304.966	7.3764553	4.7517047	65.814644	-14.104379	-782.8271	17.32243	17.297909	15.611206	7951.275104522705
163	11111.953	200.05432	11318.099	10851.413	11644.587	91.46126	11830.313	11493.44	1000.0	1000.0	815000	782.2619	170.0838	1006.3897	-314.3623	782.26215	170.08441	1006.7179	-323.1865	781.66327	169.09361	1004.06757	-318.4448	7.342091	4.7338457	71.466934	-13.795837	-783.3401	17.182396	17.14685	15.091307	8005.420671463013
164	8808.841	4037.5293	11596.091	818.55597	11590.239	152.69865	11870.077	11386.401	1000.0	1000.0	820000	783.4045	171.05244	1007.79956	-314.07407	783.404	171.05605	1007.0428	-312.24115	782.781	170.02942	1001.1366	-311.1031	7.3857803	4.7477975	81.10819	-11.136269	-784.4699	18.53327	18.056767	15.943656	8061.76376748085
165	11152.3545	213.88393	11378.88	10775.081	10453.876	2983.5452	11665.888	1513.9453	1000.0	1000.0	825000	783.96063	172.77415	1008.8295	-316.11597	783.95966	172.77776	1012.104	-326.23434	783.3597	171.74155	1008.71954	-334.19785	7.53194	4.7955747	73.67923	-11.982284	-785.0761	18.619537	18.135548	15.887203	8117.59907078743
166	11057.554	87.21333	11230.776	10996.839	11468.775	100.278336	11650.366	11266.817	1000.0	1000.0	830000	786.1572	172.46567	1011.2909	-318.87915	786.1565	172.46834	1009.159	-322.25	785.55304	171.43918	1004.5015	-310.67203	7.465226	4.7499533	71.67536	-11.654544	-787.2459	17.74059	17.593174	16.174269	8173.675782442093
167	10916.287	150.08984	11103.179	10657.8955	11251.814	144.70929	11451.403	10919.981	1000.0	1000.0	835000	786.95264	172.66856	1009.218	-315.21756	786.9523	172.67194	1008.4252	-391.2617	786.2982	171.66289	1011.5613	-315.73242	7.4845247	4.7780266	73.23296	-12.701467	-788.0173	19.578737	19.610846	17.085312	8229.259062290192
168	11041.8955	148.14288	11246.881	10830.551	11302.742	128.08818	11476.378	11083.929	1000.0	1000.0	840000	787.9055	171.73355	1010.69116	-316.1408	787.9055	171.73366	1013.73193	-318.26526	787.2737	170.71008	1009.8443	-322.67682	7.466686	4.7639585	75.722275	-15.461547	-788.9775	19.023397	19.264305	16.409716	8284.766408443451
169	10289.796	1239.7692	11406.892	8000.6597	11700.328	169.41484	11984.971	11487.431	1000.0	1000.0	845000	789.0777	171.89607	1009.75824	-294.82196	789.077	171.90092	1011.4638	-302.72623	788.44855	170.85495	1013.13916	-295.89578	7.4680176	4.737741	70.950935	-11.712886	-790.1589	18.611925	18.299944	15.838309	8340.47408914566
170	11213.372	218.88823	11461.028	10870.672	11531.79	100.853806	11720.1455	11336.892	1000.0	1000.0	850000	790.4191	172.78763	1013.8539	-296.04868	790.4189	172.78911	1013.9285	-293.24484	789.7829	171.75429	1006.7935	-297.87054	7.532983	4.787742	70.25972	-12.657649	-791.5141	19.678686	19.12765	16.771763	8395.818609952927
171	10892.006	456.6207	11408.589	10132.134	11494.504	94.10892	11692.629	11328.731	1000.0	1000.0	855000	792.611	171.63075	1010.8482	-293.54816	792.6107	171.6307	1011.03955	-298.45407	791.95886	170.6132	1009.46686	-292.78143	7.4392385	4.7717066	71.176994	-13.254049	-793.6562	18.530718	18.609383	15.725117	8451.125187635422
172	11129.097	131.73581	11267.713	10945.763	11338.272	150.02367	11565.699	11077.573	1000.0	1000.0	860000	792.86774	171.9088	1014.1713	-292.62827	792.8673	171.91049	1012.01904	-312.5802	792.1914	170.89854	1007.63184	-296.1074	7.450519	4.747328	76.66513	-14.395069	-793.9207	19.227388	18.742868	16.545202	8507.577063083649
173	10761.251	888.5418	11506.627	9015.443	11527.921	96.63687	11659.192	11333.582	1000.0	1000.0	865000	793.6823	172.90654	1015.27844	-312.92514	793.6814	172.90732	1013.6576	-317.49493	793.0321	171.88803	1012.62524	-320.77347	7.510166	4.773915	88.672615	-13.143063	-794.7741	19.335102	19.415905	16.735928	8564.60767531395
174	10781.517	880.01416	11382.382	9032.331	11400.927	138.79448	11638.457	11151.607	1000.0	1000.0	870000	794.27466	172.93886	1014.8676	-322.89813	794.27496	172.94487	1012.7578	-345.4652	793.5541	171.96683	1013.82684	-329.6667	7.5005226	4.763328	82.318405	-16.683733	-795.28	18.664585	18.104816	16.165804	8621.381255626678
175	10610.111	242.564	10964.567	10203.451	11300.061	140.34073	11498.616	11121.839	1000.0	1000.0	875000	795.215	172.45029	1013.7389	-323.7535	795.21533	172.45088	1011.3853	-323.21188	794.4983	171.43114	1014.3471	-323.41043	7.4984217	4.7811317	86.99573	-13.022972	-796.2212	19.409721	18.70148	16.523363	8678.618072509766
176	10807.773	437.68976	11193.833	10030.4795	11194.35	204.61684	11490.153	10764.485	1000.0	1000.0	880000	795.6231	173.15704	1014.2688	-352.8374	795.62244	173.15701	1016.0547	-337.75354	794.9467	172.1273	1011.1853	-348.57178	7.509526	4.7710314	67.60971	-10.859419	-796.68445	19.67181	19.360937	16.7443	8735.7735414505
177	10906.26	711.10944	11742.089	9643.117	11685.461	171.60352	11879.82	11405.252	1000.0	1000.0	885000	797.38727	172.3936	1019.145	-337.8454	797.38745	172.39633	1016.28986	-318.09485	796.7325	171.38235	1014.2255	-351.0432	7.639681	4.827786	92.637665	-13.273196	-798.441	19.039762	18.368765	16.31933	8793.765804052353
178	11237.537	168.77095	11475.946	10953.452	11020.625	96.27922	11171.907	10840.495	1000.0	1000.0	890000	799.4438	171.89568	1019.02814	-327.04462	799.4435	171.89954	1015.9066	-312.79996	798.78766	170.88548	1015.61395	-311.87057	7.5522585	4.7953753	70.76511	-14.256332	-800.4512	17.992022	17.92099	15.436966	8849.281241416931
179	10371.736	1345.986	11262.659	7700.663	11797.7295	113.16237	11991.24	11656.106	1000.0	1000.0	895000	801.19293	173.16106	1021.17114	-316.063	801.1925	173.16508	1020.4611	-321.66382	800.5328	172.16304	1017.95154	-317.62897	7.523517	4.7679195	83.16754	-11.412952	-802.2183	18.240564	17.911303	15.729984	8907.532886981964
180	11113.877	232.2853	11396.805	10864.766	11295.792	1402.0474	11973.643	7123.743	1000.0	1000.0	900000	802.821	174.1615	1021.96716	-322.10077	802.8199	174.16449	1023.64624	-325.6484	802.14734	173.16835	1025.3422	-322.1339	7.5486865	4.795985	74.78764	-14.431894	-803.825	19.329187	19.533943	16.940079	8964.450154542923
181	10767.424	502.66797	11480.041	9963.353	11441.901	171.71944	11742.713	11082.628	1000.0	1000.0	905000	804.11053	173.20712	1018.7986	-326.6632	804.1105	173.20694	1019.64136	-313.9786	803.4126	172.19925	1017.654	-324.06543	7.5213165	4.768666	69.11064	-17.914476	-805.11206	20.605413	20.567274	17.257769	9023.700610637665
182	11150.69	214.98083	11376.705	10748.662	11574.241	122.867	11740.35	11367.579	1000.0	1000.0	910000	804.68427	173.1325	1022.9792	-317.77298	804.6841	173.13261	1021.6637	-322.2285	803.9695	172.13359	1022.69305	-333.50372	7.6056967	4.785054	75.710625	-12.47364	-805.6504	19.571737	19.620346	16.36853	9081.879076480865
183	11215.045	111.96721	11325.951	11064.487	11864.806	100.72239	12020.194	11657.071	1000.0	1000.0	915000	805.31885	174.10411	1023.1652	-337.59543	805.3193	174.1048	1021.75867	-330.3191	804.595	173.12749	1018.3252	-330.5779	7.6311293	4.77539	76.1435	-11.992469	-806.3227	20.173037	20.118393	16.945812	9138.475244045258
184	11155.831	407.80133	11677.961	10453.018	11868.486	115.166504	12111.825	11685.044	1000.0	1000.0	920000	806.6567	173.2793	1020.27637	-358.196	806.65643	173.27977	1023.03986	-348.5289	805.9617	172.28975	1018.1382	-345.64703	7.522184	4.7733803	82.21958	-15.005511	-807.6568	19.578125	19.178444	16.263275	9196.802176475525
185	11270.269	130.61966	11501.014	11112.722	11599.621	116.90222	11792.224	11380.703	1000.0	1000.0	925000	807.57355	173.74149	1024.0558	-339.95908	807.57385	173.7413	1024.2428	-346.0391	806.84766	172.72958	1025.1604	-354.504	7.4779935	4.723204	78.62466	-14.856445	-808.5562	19.445602	19.491043	16.463465	9255.664424657822
186	11283.7295	262.2947	11764.673	10975.156	11510.122	138.97237	11831.708	11343.132	1000.0	1000.0	930000	808.733	174.4412	1024.9646	-344.59787	808.7321	174.44492	1025.0062	-345.5403	808.0373	173.4125	1026.4413	-349.26245	7.6513977	4.7635717	77.57106	-12.188507	-809.7457	20.576616	20.621834	17.554369	9313.205833673477
187	10893.651	239.292	11221.44	10507.335	11911.434	113.75446	12119.232	11736.687	1000.0	1000.0	935000	809.8478	173.82349	1022.337	-339.2361	809.8475	173.82559	1025.314	-347.3475	809.15814	172.82108	1024.7959	-347.4746	7.561167	4.740756	68.15849	-10.687024	-810.8444	19.755945	20.120924	16.794016	9371.242085933685
188	11201.775	346.4538	11518.821	10540.94	11445.099	172.74957	11782.3545	11168.212	1000.0	1000.0	940000	811.426	173.58852	1025.0245	-345.81894	811.4253	173.59276	1022.80194	-344.91852	810.7051	172.60359	1026.0422	-347.45053	7.6351376	4.779967	65.81076	-15.019096	-812.3849	19.590994	19.351097	16.703997	9428.955404758453
189	11170.375	460.4364	11725.887	10412.23	11531.399	93.330925	11691.835	11398.905	1000.0	1000.0	945000	812.1769	173.13084	1023.7863	-334.388	812.17706	173.1312	1021.91327	-334.91846	811.4257	172.0997	1023.8961	-338.7864	7.5961237	4.783278	75.76555	-12.814495	-813.1239	19.38179	19.01026	16.583828	9485.601093292236
190	9863.423	2048.202	11227.836	5831.9185	10974.767	116.70294	11149.232	10753.492	1000.0	1000.0	950000	812.7515	173.48645	1030.5538	-334.32715	812.7509	173.48573	1025.2273	-332.8764	812.0008	172.47299	1029.7799	-342.3135	7.630522	4.7337675	69.62663	-13.041763	-813.6998	20.444344	20.257929	17.382313	9544.460397005081
191	11151.388	357.74826	11477.39	10692.352	11822.554	153.08408	11998.052	11530.126	1000.0	1000.0	955000	813.61145	174.90257	1027.2339	-330.14676	813.6111	174.90636	1024.697	-342.19714	812.8836	173.92746	1027.2329	-331.56696	7.6597533	4.722224	68.48688	-15.002768	-814.5601	20.601212	20.51245	16.592356	9602.51929807663
192	11310.816	213.15242	11571.555	10922.59	11581.128	193.85637	11958.77	11285.273	1000.0	1000.0	960000	815.60095	174.69547	1030.2174	-332.91592	815.6012	174.69568	1029.8278	-334.94437	814.8883	173.67247	1027.7988	-341.5747	7.6488667	4.7787786	76.94041	-12.546249	-816.57275	19.55865	19.42213	16.29344	9660.584035158157
193	10974.183	197.38287	11334.377	10761.835	10312.408	298.4628	10827.1455	9925.522	1000.0	1000.0	965000	816.06055	174.52287	1030.6013	-342.3639	816.0598	174.52432	1028.3273	-369.5005	815.2795	173.52963	1025.7985	-335.053	7.6135645	4.7479076	72.83388	-11.380946	-816.9707	21.66092	22.030752	17.51103	9717.697425603867
194	11024.879	629.19446	11609.637	9813.47	11568.738	119.46684	11775.451	11411.508	1000.0	1000.0	970000	815.9345	174.82262	1030.8818	-329.98807	815.93353	174.82661	1028.0006	-337.9145	815.1143	173.81793	1024.9038	-342.2584	7.5825906	4.7748537	76.58487	-12.352108	-816.8379	21.99057	22.079966	17.431791	9774.741453409195
195	11146.414	277.09128	11638.155	10778.388	10704.178	127.704414	10896.923	10546.511	1000.0	1000.0	975000	816.7388	174.23804	1025.7635	-334.88065	816.73865	174.23796	1025.9352	-342.49023	815.954	173.23267	1023.0984	-350.7723	7.636462	4.7701073	67.11966	-11.580454	-817.698	21.102371	21.876272	17.672361	9833.355299711227
196	10071.639	2169.953	11236.773	5734.696	11261.999	216.3367	11633.82	10941.856	1000.0	1000.0	980000	816.92065	174.22716	1025.669	-350.33398	816.9199	174.22922	1027.6012	-350.23935	816.1479	173.23692	1022.607	-357.94757	7.587485	4.727468	69.14755	-13.909639	-817.8707	19.749142	20.34981	16.78312	9892.634296894073
197	9239.377	3912.4033	11755.182	1448.8372	11249.075	2097.3237	12177.26	4969.1406	1000.0	1000.0	985000	817.2847	176.73387	1026.2717	-364.3755	817.2835	176.73615	1029.1309	-369.27982	816.52606	175.76152	1024.8033	-374.40765	7.5348787	4.7235546	78.66831	-12.338914	-818.2465	23.161541	23.215046	18.425053	9951.39468717575
198	11168.416	233.52487	11449.136	10787.141	11502.711	146.15623	11705.57	11201.007	1000.0	1000.0	990000	818.4458	177.85838	1028.7408	-356.47812	818.4458	177.86226	1028.1611	-355.39807	817.66254	176.86494	1027.5753	-360.17975	7.6135793	4.760805	73.728584	-12.714346	-819.3896	23.271967	23.4534	18.00696	10009.545247554779
199	11296.873	221.35612	11597.398	10953.438	11002.579	1570.5719	11816.788	6316.437	1000.0	1000.0	995000	819.2337	176.52812	1029.3724	-378.67017	819.2332	176.53185	1027.1693	-379.20935	818.4082	175.55597	1031.4562	-390.48105	7.6185107	4.761565	69.63493	-12.665667	-820.13806	23.416441	23.02801	18.433249	10068.289631843567
