Epoch	AverageEpRet	StdEpRet	MaxEpRet	MinEpRet	AverageTestEpRet	StdTestEpRet	MaxTestEpRet	MinTestEpRet	EpLen	TestEpLen	TotalEnvInteracts	AverageQ1Vals	StdQ1Vals	MaxQ1Vals	MinQ1Vals	AverageQ2Vals	StdQ2Vals	MaxQ2Vals	MinQ2Vals	AverageVVals	StdVVals	MaxVVals	MinVVals	AverageLogPi	StdLogPi	MaxLogPi	MinLogPi	LossPi	LossQ1	LossQ2	LossV	Time
1	-272.25333	78.21424	-154.42657	-343.10812	-362.54462	41.01447	-298.76663	-437.27563	1000.0	1000.0	5000	6.0617156	5.3171797	26.228523	-4.2441244	6.0619545	5.3179197	26.18342	-4.228912	7.0660233	5.5036025	28.473303	-11.18618	-1.7411368	2.933039	86.91825	-12.288349	-7.3628507	0.11130432	0.1078697	0.2704546	38.337241888046265
2	-266.191	57.867893	-159.291	-323.61603	-241.56673	80.10523	-183.05716	-471.64047	1000.0	1000.0	10000	29.34935	9.01479	61.384315	-2.0716522	29.349264	9.01481	60.289062	-1.7391443	31.033833	9.046179	62.96336	-0.16054225	0.94346434	3.350154	24.60595	-14.614497	-31.811562	0.32535893	0.32279712	0.6827211	78.02684020996094
3	306.08466	545.4074	964.5615	-337.23508	1536.2538	29.664648	1590.5812	1496.0918	1000.0	1000.0	15000	46.98674	8.459202	78.96423	22.393764	46.98644	8.460178	78.82357	23.206787	47.828842	8.435797	78.398544	23.365606	-0.8450565	2.9128575	25.539566	-13.183138	-48.580975	0.43307114	0.43491802	0.86218846	120.17784428596497
4	1068.1907	501.32034	1673.8326	289.11176	2298.5874	161.3257	2463.0762	1935.3472	1000.0	1000.0	20000	53.399548	15.998455	103.30471	18.005604	53.399258	15.999149	104.85032	18.921982	54.06089	15.86783	104.204315	21.192345	-1.2122095	2.6049972	23.001425	-15.868767	-54.770374	0.49652803	0.5004803	0.90229064	162.15881514549255
5	2161.0103	231.04654	2384.862	1836.6937	3048.2969	58.85849	3145.1572	2950.2632	1000.0	1000.0	25000	67.548485	25.37827	143.30212	18.157946	67.54807	25.379564	142.57082	17.922586	68.23234	25.116308	140.15921	19.659365	-0.37982225	3.049	24.560837	-15.415308	-69.04309	0.8125334	0.7903903	1.3274435	204.62526726722717
6	2647.9126	777.679	3457.0356	1233.868	3630.441	43.73323	3713.2239	3541.2166	1000.0	1000.0	30000	87.99121	35.043343	173.752	15.759399	87.99115	35.0446	172.19963	15.528778	88.69229	34.67965	171.79161	17.705908	0.4070251	3.4649246	27.897402	-15.011174	-89.61676	1.1346205	1.104099	1.7978332	247.19214630126953
7	3539.823	135.85397	3710.9172	3317.3203	4194.159	95.9596	4309.779	3946.7507	1000.0	1000.0	35000	113.83227	45.788834	208.84645	11.307611	113.83208	45.79027	207.39671	11.917953	114.505554	45.312866	207.42575	14.298443	1.0621309	3.709373	36.403664	-13.851805	-115.55386	1.3959343	1.3630213	2.2581031	289.5994555950165
8	3767.3398	117.20071	3941.564	3637.5066	4448.9697	81.25031	4544.4517	4293.581	1000.0	1000.0	40000	141.37262	55.17625	239.50006	7.351076	141.37227	55.177452	239.55453	9.2634325	141.99124	54.60409	240.8995	9.545344	1.6517601	3.893949	32.39514	-15.088831	-143.14027	1.7494572	1.6808296	2.7444737	332.4594073295593
9	4178.0493	93.03287	4327.255	4052.1274	4475.833	93.10232	4582.361	4307.06	1000.0	1000.0	45000	168.1062	62.814587	271.8951	4.388435	168.10582	62.816715	270.91452	5.158307	168.66727	62.194397	271.72818	4.781373	1.9856004	3.975433	34.488926	-13.765049	-169.85294	1.9921873	1.9785801	3.0991533	375.7713830471039
10	4205.0327	192.70065	4389.7314	3862.6758	4671.788	75.54554	4777.779	4548.004	1000.0	1000.0	50000	193.48772	69.22978	298.10583	1.7844759	193.48677	69.23182	298.79138	3.594716	193.99338	68.56421	297.41748	3.8294575	2.2409766	4.0398297	37.00174	-16.796122	-195.20317	2.1603155	2.1556678	3.3306112	417.643438577652
11	4482.657	123.19396	4670.3833	4340.422	4886.4204	93.80763	5024.792	4717.4893	1000.0	1000.0	55000	215.90811	73.87895	322.35754	0.45582104	215.9081	73.88065	321.05762	0.13541448	216.32231	73.1757	321.56476	3.080807	2.384444	4.130963	36.28148	-14.156386	-217.52707	2.3721077	2.3219795	3.6445718	459.70104026794434
12	4488.8447	120.977554	4629.9985	4338.8594	4773.6787	35.502724	4855.564	4723.5435	1000.0	1000.0	60000	236.0789	77.02651	338.49805	-1.9006478	236.07819	77.028244	339.3185	-1.6603087	236.40321	76.28974	338.2946	0.2911526	2.5167344	4.178991	40.454464	-13.987074	-237.60512	2.591845	2.5717254	3.897664	501.8470811843872
13	4676.7373	90.85616	4805.6147	4521.6978	5006.469	75.82016	5144.3335	4891.112	1000.0	1000.0	65000	253.33206	79.74067	354.87628	-1.4320812	253.33168	79.74225	354.92258	-0.25331366	253.58664	78.985054	353.70923	-0.7331673	2.5353324	4.166484	44.31285	-13.912921	-254.77545	2.7930484	2.7899208	4.1312103	543.5053486824036
14	4829.497	86.88219	4980.2324	4717.579	5072.648	57.778988	5154.1245	4981.6836	1000.0	1000.0	70000	268.9898	81.63826	373.93573	-4.5630984	268.98987	81.63982	373.7029	-2.9134402	269.19217	80.87703	368.00385	-1.5931375	2.589813	4.2211003	39.64337	-15.141628	-270.35196	2.7613401	2.7036328	4.1422796	586.2499935626984
15	4698.3384	110.27529	4829.4463	4528.382	5113.1104	83.0414	5296.59	5021.0376	1000.0	1000.0	75000	283.1563	82.85502	380.79947	-2.4242048	283.15576	82.856514	381.34402	-2.088822	283.30728	82.07913	378.55167	0.20799983	2.652412	4.2497334	36.62798	-12.957619	-284.4423	2.6953325	2.7170038	4.0790086	628.3682136535645
16	4804.7603	43.685352	4869.1377	4762.8154	4999.9414	82.01521	5112.6055	4794.2583	1000.0	1000.0	80000	295.63483	83.232704	393.76874	-2.8679268	295.6345	83.23417	393.53726	0.7720977	295.74536	82.438416	389.11392	0.06845236	2.6885087	4.3017907	41.04488	-13.928152	-296.84106	2.696199	2.6765811	4.076798	670.6462118625641
17	4887.05	35.048573	4917.3994	4819.4927	5133.433	63.70679	5207.7344	4995.869	1000.0	1000.0	85000	306.56253	83.42106	396.416	-14.72109	306.56232	83.42196	398.6685	1.7386378	306.61462	82.636375	399.424	3.2939532	2.6628366	4.3071775	36.063786	-14.463959	-307.6828	2.6482234	2.61057	3.9440923	713.2443063259125
18	4837.252	74.16694	4905.984	4733.582	5238.0923	89.07086	5351.835	5087.602	1000.0	1000.0	90000	315.90048	83.31448	405.1521	1.3799857	315.9005	83.315384	405.59695	1.4972681	315.9271	82.529205	403.05463	2.34251	2.6999245	4.3687534	39.36115	-15.511414	-316.98392	2.7247758	2.6825027	4.0541196	755.7786891460419
19	4873.451	123.1725	5012.3506	4675.824	5190.723	78.2217	5373.311	5064.6934	1000.0	1000.0	95000	324.24384	82.97002	413.57394	-0.76615894	324.24362	82.97143	411.67816	2.086668	324.2538	82.16403	410.00464	1.2961748	2.713914	4.357138	40.620956	-14.617051	-325.2812	2.6789453	2.6468253	3.9633758	799.6951861381531
20	4946.5376	93.57071	5050.1167	4822.207	5290.966	69.3598	5351.554	5119.094	1000.0	1000.0	100000	331.693	82.667725	418.02133	3.4798744	331.69305	82.66828	414.78848	3.2239432	331.6587	81.880615	415.26508	4.455084	2.679108	4.366665	39.2564	-13.364692	-332.66083	2.621871	2.5670574	3.8255563	843.3642468452454
21	5006.1787	57.014153	5074.589	4903.762	5365.0674	46.399227	5440.0596	5276.3145	1000.0	1000.0	105000	338.6643	82.10848	421.23364	3.3697562	338.66406	82.10963	422.0148	3.9793365	338.61157	81.32662	420.20245	6.3790164	2.6448882	4.345255	42.770424	-14.042124	-339.58936	2.6613803	2.6116958	3.9539902	887.1488907337189
22	5129.5796	70.32354	5236.3086	5039.934	5328.5938	112.085884	5493.733	5161.9463	1000.0	1000.0	110000	345.2938	81.5068	428.70544	3.815742	345.29373	81.50809	426.52972	5.9214563	345.21454	80.72292	427.30188	7.347052	2.7598271	4.4001045	42.388985	-13.102495	-346.18994	2.6995153	2.6515317	3.9804218	931.407041311264
23	4315.859	1545.0242	5199.1113	1231.1624	5425.8687	80.58205	5530.7837	5257.4673	1000.0	1000.0	115000	349.51163	84.37278	430.16214	-3.7701097	349.51157	84.37384	430.4892	2.6516967	349.4144	83.61416	429.62302	2.657464	2.7620993	4.423236	41.412678	-15.011526	-350.3884	2.8405168	2.7693348	4.128223	975.128915309906
24	5050.6353	88.00498	5167.566	4915.2334	5414.7925	98.02646	5520.5986	5240.2266	1000.0	1000.0	120000	354.39142	84.53728	434.76932	2.1156974	354.39142	84.53865	434.74344	5.616243	354.2654	83.7855	433.00357	7.4831867	2.753418	4.4129815	60.09135	-14.254262	-355.23196	2.7849274	2.7540665	4.0516157	1019.1629559993744
25	5074.618	99.86255	5197.5303	4959.673	4968.2437	1072.5345	5471.6523	1759.1234	1000.0	1000.0	125000	359.29025	83.98758	436.50003	6.425388	359.29013	83.988014	439.15222	3.6964722	359.168	83.24409	434.7117	7.254844	2.752506	4.424416	44.74301	-18.305782	-360.0993	2.731632	2.7285302	3.9966366	1062.6286978721619
26	5178.368	67.36175	5268.7695	5077.6963	5567.486	62.424362	5654.4595	5442.16	1000.0	1000.0	130000	364.08554	83.348465	444.8588	-7.8792057	364.08545	83.349464	443.7474	-7.5584135	363.9408	82.60255	444.02203	6.3606205	2.7382212	4.3750834	61.507843	-13.118414	-364.8758	2.7546966	2.7334821	3.9631946	1106.344129562378
27	5128.7275	90.84012	5287.694	5013.1904	5588.335	44.50809	5681.835	5512.082	1000.0	1000.0	135000	368.66968	82.19225	446.51956	4.950735	368.66968	82.19334	447.12064	3.7003133	368.49954	81.44864	446.4785	4.40922	2.7648134	4.4071255	60.893745	-14.618188	-369.4319	2.7266273	2.6740804	3.910511	1149.9777176380157
28	5218.9385	56.839813	5322.3887	5175.245	5660.4463	76.19809	5809.1177	5554.8354	1000.0	1000.0	140000	372.52927	81.80231	450.58542	-2.7827094	372.52917	81.80364	452.3542	3.5859535	372.3391	81.06179	448.27805	5.6274467	2.7942312	4.4047327	47.246193	-14.457579	-373.2607	2.7783616	2.7276223	3.9710526	1192.7523701190948
29	5239.902	44.847195	5312.795	5186.2744	5681.261	72.064316	5788.1553	5559.3594	1000.0	1000.0	145000	376.3655	81.171524	451.31482	3.2025342	376.36523	81.1715	452.25095	-0.48082495	376.17197	80.444496	450.77954	4.9723105	2.7900567	4.405707	49.21525	-16.485577	-377.09073	2.7315488	2.69033	3.8192458	1235.8807592391968
30	5231.798	72.19965	5355.8506	5170.2246	5470.9165	81.04087	5612.0957	5335.8584	1000.0	1000.0	150000	380.0074	80.938095	456.8491	7.1119757	380.0074	80.939354	455.4439	5.715583	379.79727	80.21837	454.15155	9.45445	2.7948422	4.390971	51.618355	-15.269217	-380.699	2.8044918	2.7853673	3.9559321	1279.4133758544922
31	5306.9736	41.37403	5362.716	5249.729	5635.911	87.989685	5804.2065	5504.669	1000.0	1000.0	155000	383.56064	80.278656	458.79202	5.3835526	383.56067	80.2795	459.5889	-1.1851358	383.34442	79.5481	456.9104	10.859709	2.8220096	4.4084506	53.829002	-18.59283	-384.2455	2.8491905	2.8204556	4.031175	1323.292882680893
32	5303.698	76.622116	5396.7134	5198.4365	5693.6294	86.13987	5842.0435	5526.2563	1000.0	1000.0	160000	387.40448	79.16815	461.77087	-3.8294196	387.40433	79.169334	460.1772	7.6959696	387.17456	78.451935	459.10294	5.884141	2.8660762	4.4462967	50.79996	-12.338855	-388.0598	2.7524304	2.7365181	3.9039047	1366.545439004898
33	5296.6206	108.46675	5453.641	5170.201	5631.9287	103.09557	5790.8022	5500.513	1000.0	1000.0	165000	390.55197	79.074165	462.92633	5.912216	390.5517	79.07524	462.1987	9.526875	390.329	78.35807	460.58484	12.007374	2.8194304	4.410806	52.873486	-13.823662	-391.20166	2.6921933	2.7013361	3.7815301	1410.5126781463623
34	5280.9814	50.419807	5336.1924	5196.9688	5256.1636	1164.6829	5716.2056	1765.3942	1000.0	1000.0	170000	393.9546	78.45841	462.998	7.23974	393.95456	78.45924	463.19363	9.597902	393.6995	77.75373	462.27542	10.244959	2.7989225	4.411127	63.655865	-12.697764	-394.5638	2.714832	2.669428	3.739661	1454.260605096817
35	5048.414	558.418	5400.5083	3944.4941	5624.163	64.67912	5767.101	5508.0435	1000.0	1000.0	175000	396.40186	78.689255	466.53494	8.0285015	396.40143	78.689926	466.45413	6.3087463	396.1344	78.002846	465.25314	8.298768	2.7975645	4.3931623	52.45163	-12.511636	-396.9933	2.7467823	2.8268468	3.8773406	1498.1622569561005
36	5327.953	64.28089	5378.605	5202.0425	5680.7065	39.5767	5750.0186	5625.879	1000.0	1000.0	180000	398.80566	78.784035	466.78778	-10.710902	398.80554	78.78535	466.96713	-58.58623	398.53586	78.09509	466.83905	-11.500407	2.8787694	4.409074	55.859917	-14.488894	-399.38156	2.9187548	2.8888152	4.0906377	1541.861507177353
37	5420.0117	37.07438	5466.5693	5380.6865	5707.3076	73.02614	5874.106	5588.5635	1000.0	1000.0	185000	401.77753	77.61342	468.94183	3.5495915	401.77747	77.614494	468.85742	-6.2156544	401.51254	76.911644	469.2911	-2.4559214	2.8632236	4.396467	48.18635	-13.203854	-402.3567	2.7858996	2.7693741	3.8543062	1586.0420949459076
38	5313.4194	268.4959	5514.781	4782.063	5768.5884	53.878036	5845.244	5675.6934	1000.0	1000.0	190000	403.90457	78.12802	474.047	-21.086384	403.9046	78.1287	474.16763	-76.75664	403.59903	77.460495	471.8791	-6.483316	2.823356	4.415067	46.417896	-13.121283	-404.44424	2.9267054	2.9088674	4.039837	1630.1129441261292
39	5433.6733	87.89447	5539.156	5289.0806	5709.928	63.45419	5829.3003	5597.3594	1000.0	1000.0	195000	405.96964	77.847534	477.17465	-11.465592	405.9694	77.848694	476.67078	-44.098747	405.6545	77.17625	473.79993	-34.137318	2.810853	4.3802795	48.73086	-15.733646	-406.49445	2.8514457	2.8528616	3.8848095	1674.6377198696136
40	5394.2603	112.06916	5555.856	5223.5044	5764.5415	42.40924	5823.4614	5686.899	1000.0	1000.0	200000	407.97455	77.56779	480.13174	-77.69404	407.97424	77.56815	478.60754	-49.480045	407.67035	76.89386	478.86508	-52.840267	2.7835746	4.387185	45.821335	-13.42627	-408.5032	2.9418905	2.9611926	4.0521803	1719.1052029132843
41	5323.4277	231.60773	5573.7754	4902.545	5861.366	53.68521	5950.5283	5779.303	1000.0	1000.0	205000	410.27548	76.87	485.26648	-48.851112	410.2758	76.87006	482.47272	-72.47375	409.94702	76.215225	480.20792	-25.107891	2.769702	4.3577495	44.026005	-17.007645	-410.7801	2.8979733	2.9073563	3.958922	1762.9267327785492
42	5400.289	57.299484	5455.634	5315.784	5861.046	69.96456	5954.093	5736.1636	1000.0	1000.0	210000	412.57233	76.065575	483.78842	-21.733011	412.57196	76.0673	483.47574	-24.7449	412.2461	75.40742	482.61713	-13.426928	2.821456	4.3600063	57.272007	-15.12968	-413.05975	2.9240494	2.8806005	3.8729374	1807.200748682022
43	5432.3096	47.44238	5494.9233	5369.3022	5908.083	88.014565	6045.445	5786.162	1000.0	1000.0	215000	413.9987	76.3567	483.83987	-39.278522	413.99878	76.35689	484.53018	-37.359486	413.65195	75.70264	484.27182	-31.070753	2.8624766	4.36802	45.373356	-14.365603	-414.49286	3.0721102	3.0892003	4.0900774	1851.9783375263214
44	5485.083	85.99295	5576.556	5342.801	5807.2188	54.990097	5915.4844	5726.28	1000.0	1000.0	220000	415.60388	75.53751	486.0305	-41.8945	415.60394	75.53719	486.05856	-98.57077	415.22995	74.900314	484.1913	-41.145023	2.813699	4.360697	48.0861	-13.592089	-416.07043	3.0734346	3.088816	4.068868	1896.5837941169739
45	5482.131	48.052574	5542.3677	5405.361	5854.0903	65.05426	5934.2363	5737.4014	1000.0	1000.0	225000	417.13037	75.05545	486.87213	-113.219505	417.1304	75.0567	486.13953	-84.836464	416.7749	74.419846	486.41977	-49.10131	2.8220022	4.3575096	49.25191	-15.11348	-417.5976	2.9896297	2.925146	4.014427	1941.8559889793396
46	5498.8657	59.97573	5575.323	5390.7485	5799.889	61.37504	5932.891	5704.408	1000.0	1000.0	230000	419.44843	74.42069	488.9456	-5.0868406	419.4482	74.42092	487.29877	-30.53742	419.0995	73.79296	485.79688	-23.343683	2.8450408	4.367707	45.07641	-12.810288	-419.8912	2.8058796	2.8672354	3.8629785	1987.0456697940826
47	5579.718	61.243866	5652.916	5478.4053	6008.7246	76.22479	6095.004	5852.1875	1000.0	1000.0	235000	421.3833	74.41639	490.61618	-41.54105	421.38318	74.41723	489.1144	-50.52825	421.02847	73.78117	486.6739	-16.384922	2.8497872	4.329254	46.87877	-13.673469	-421.8308	2.8897293	2.8337853	3.8897114	2031.395711183548
48	5534.114	92.749054	5643.3438	5368.2056	5954.894	44.20199	6042.7485	5903.9424	1000.0	1000.0	240000	423.6384	73.51469	489.31213	-104.915344	423.63837	73.51471	490.87363	-79.44625	423.27692	72.884	490.29764	-16.471231	2.8656182	4.3336844	46.916218	-13.298154	-424.0823	2.8456852	2.8748727	3.781932	2076.6999406814575
49	5253.623	562.78076	5635.4326	4141.6626	5898.8267	65.92745	5979.4443	5761.1543	1000.0	1000.0	245000	425.11432	74.45787	492.62866	-88.47812	425.11447	74.45868	492.8398	-121.45865	424.75302	73.83904	494.56168	-73.666016	2.8674145	4.360434	41.997265	-14.135586	-425.551	2.9889534	2.925675	3.856206	2122.090945005417
50	5583.81	92.290985	5745.169	5504.7954	5897.074	70.1183	5999.5156	5743.963	1000.0	1000.0	250000	426.90213	74.32678	493.5604	-82.17611	426.902	74.32712	493.43805	-25.001642	426.54544	73.71078	491.64185	-31.127872	2.8966427	4.3298764	49.555843	-16.908136	-427.3342	2.943879	2.9546852	3.9287212	2167.3075935840607
51	5526.1865	75.476425	5624.444	5438.096	6069.7446	51.64017	6156.6016	5975.6284	1000.0	1000.0	255000	428.8011	73.93972	496.3119	-19.958473	428.80106	73.94	493.83688	-25.397514	428.42053	73.32194	496.51602	-28.500216	2.837609	4.3346043	67.01378	-12.856506	-429.21545	2.903111	2.8959503	3.8075223	2211.594128370285
52	5616.631	82.87741	5744.204	5503.4165	6023.115	73.17231	6144.6807	5877.698	1000.0	1000.0	260000	430.3649	73.46667	494.89377	-50.476337	430.36472	73.468216	494.7409	-47.77378	429.97604	72.85315	494.2792	-36.380337	2.8284786	4.3214808	59.410316	-16.578897	-430.77954	2.977514	2.9601254	3.8801017	2256.70183634758
53	5582.3647	75.40134	5685.7617	5491.919	6015.0454	67.48549	6096.4214	5901.0146	1000.0	1000.0	265000	431.83905	73.35266	497.50198	-27.779114	431.8391	73.35273	496.39487	-39.93393	431.45074	72.7445	497.06436	-29.198347	2.8925016	4.364945	48.506504	-12.716213	-432.2443	2.9002492	2.936458	3.8312454	2302.435252904892
54	5657.6416	94.92804	5800.9775	5550.028	5974.7114	40.619408	6020.4043	5884.0303	1000.0	1000.0	270000	433.48727	72.85346	497.5274	-21.508862	433.48685	72.8547	496.9174	-20.890144	433.10434	72.253525	497.9359	-37.14825	2.9219244	4.347751	46.801983	-15.847342	-433.8906	2.9220316	2.917842	3.8024983	2347.8465440273285
55	5611.6865	13.868067	5637.193	5594.874	6080.4033	59.64851	6178.367	6011.3965	1000.0	1000.0	275000	435.14136	72.6551	498.80875	-29.799831	435.14114	72.65508	498.41757	-14.926674	434.7617	72.049736	497.9776	-26.04784	2.9217484	4.353979	50.175102	-13.020954	-435.5408	2.9962504	2.952869	3.8624578	2393.469864845276
56	5694.3086	82.50442	5765.8623	5553.3877	6091.7153	84.178696	6234.002	5994.899	1000.0	1000.0	280000	436.62775	72.56074	499.46402	-126.056435	436.6278	72.56062	499.19028	-43.597084	436.22604	71.983345	499.55142	-78.237885	2.8557708	4.354279	47.467392	-13.408215	-436.99954	2.7772093	2.7986066	3.6341288	2439.0114040374756
57	5687.373	76.82905	5812.3667	5571.7036	5966.9487	69.027466	6052.6436	5861.447	1000.0	1000.0	285000	438.21887	72.2252	500.65036	-20.19857	438.2186	72.22615	501.3728	-11.919451	437.83713	71.63672	500.01965	-12.191678	2.8788857	4.3450236	55.831802	-14.120527	-438.5915	2.7715185	2.7939086	3.5911922	2484.982991695404
58	5599.264	93.84753	5785.6533	5534.8135	6109.3257	66.151215	6211.287	6000.392	1000.0	1000.0	290000	439.87466	72.14428	503.29602	-60.154552	439.87445	72.145256	502.7522	-74.439255	439.4705	71.560036	501.5768	-37.895683	2.8523743	4.2993026	57.395874	-12.358631	-440.23566	2.8860247	2.8518271	3.7072687	2531.215616941452
59	5690.456	150.78072	5865.7207	5470.867	6095.7104	57.318287	6205.647	6023.2305	1000.0	1000.0	295000	441.5596	71.53685	504.41568	-116.58459	441.5596	71.53702	502.64395	-54.962967	441.1667	70.95018	502.3935	-26.085218	2.898825	4.3019433	56.513405	-13.065924	-441.9282	2.9593215	2.9329572	3.792082	2576.56684756279
60	5698.546	111.47359	5859.3315	5517.86	5973.157	68.32815	6111.6553	5855.636	1000.0	1000.0	300000	442.96133	71.065865	505.07724	-38.49087	442.96136	71.06672	505.67563	-71.315735	442.55814	70.49234	502.74072	-66.3752	2.965281	4.319322	51.405766	-15.412671	-443.322	2.8840144	2.8691344	3.8264797	2622.95268535614
61	5722.179	53.311115	5811.119	5649.0366	6088.31	87.99135	6258.8345	5925.421	1000.0	1000.0	305000	444.32483	71.54142	505.83395	-53.80859	444.32462	71.542206	506.2666	-25.135612	443.9345	70.96448	505.07587	-20.245285	2.9570296	4.3262515	51.62597	-13.635514	-444.6966	2.8754401	2.8525348	3.6312945	2669.253977060318
62	5774.5303	75.99536	5865.671	5682.5693	6090.9053	86.5853	6271.6655	5975.9497	1000.0	1000.0	310000	445.9429	70.83226	510.50662	-92.8636	445.943	70.83227	508.76416	-58.07848	445.54266	70.25721	508.52173	-19.19726	2.9611142	4.3023877	58.122482	-16.19728	-446.2982	2.826213	2.8249207	3.6021762	2715.2479326725006
63	5738.5527	47.434845	5825.3555	5685.791	6177.5166	74.287994	6304.266	6033.274	1000.0	1000.0	315000	447.6597	69.880714	509.67188	-42.342266	447.6598	69.881355	507.31793	-36.06491	447.24786	69.30643	508.42883	-58.633904	2.9283671	4.3181596	52.04231	-12.40998	-447.9998	2.8110688	2.8137672	3.6457515	2761.2928569316864
64	5762.4014	68.74226	5845.489	5641.601	6062.025	41.98201	6134.822	5994.319	1000.0	1000.0	320000	448.99603	69.741974	510.6438	-14.386463	448.996	69.742615	511.50528	-18.025015	448.59802	69.170815	508.43958	-14.174047	2.9495108	4.3163714	52.51085	-13.900077	-449.35095	2.8098662	2.8004718	3.5180914	2807.262170791626
65	5765.544	144.72754	5947.3574	5519.7866	6213.8857	60.861908	6310.8438	6129.5474	1000.0	1000.0	325000	450.3809	69.60372	511.0467	-40.28495	450.38074	69.603874	511.18768	-23.311396	449.9748	69.040115	508.37735	-41.940323	2.9001405	4.289867	47.492783	-13.815856	-450.7218	2.6876776	2.713122	3.5040054	2853.9181802272797
66	5789.1963	48.901733	5853.495	5704.231	6179.076	89.14024	6358.984	6052.7793	1000.0	1000.0	330000	451.73026	69.06691	511.80832	-26.269218	451.73013	69.06688	512.355	-1.8908863	451.3098	68.50319	510.24084	-26.66571	2.9332337	4.3051143	57.504772	-13.745674	-452.0448	2.7232347	2.759294	3.5580087	2898.9415833950043
67	5776.7695	85.44275	5874.9917	5653.813	6191.7705	56.675117	6277.8936	6113.8823	1000.0	1000.0	335000	452.82315	69.25986	511.68042	-39.7502	452.82333	69.25952	513.1689	-28.860847	452.40933	68.70004	512.4745	-14.771966	2.9768658	4.2656636	60.837124	-16.346687	-453.15216	2.761398	2.775738	3.5118563	2944.516923189163
68	5841.189	97.20278	5959.701	5692.91	6198.255	54.17905	6290.4453	6133.664	1000.0	1000.0	340000	454.12067	69.16919	514.47485	-36.45088	454.12067	69.17061	513.59503	-44.083427	453.69977	68.607285	515.1842	-36.0657	2.9923465	4.3117485	58.467224	-14.748725	-454.4459	2.8517144	2.8354828	3.6415203	2991.0636830329895
69	5841.333	98.49026	5928.203	5651.0405	6227.3154	51.179996	6305.465	6135.5537	1000.0	1000.0	345000	455.4125	68.321144	517.6909	-49.184032	455.41232	68.32121	517.6042	-74.59922	454.9916	67.764336	515.7221	-18.300148	2.9658904	4.2976475	63.421787	-13.362261	-455.7289	2.7661939	2.7721095	3.4902265	3037.784754753113
70	5799.8584	48.807293	5888.402	5750.7163	6175.7236	73.24432	6291.772	6062.8496	1000.0	1000.0	350000	456.2852	68.67372	517.0855	-97.52655	456.28537	68.67396	516.6401	-46.955765	455.8408	68.13131	515.8154	-36.31851	2.989566	4.314658	59.38005	-14.068005	-456.59344	2.9016237	2.8598568	3.72475	3083.641699075699
71	5831.5337	102.52978	6011.572	5704.4106	6164.9907	41.689682	6254.1772	6092.7036	1000.0	1000.0	355000	457.42426	68.38368	517.2185	-75.890564	457.42432	68.38379	517.57794	-40.843365	456.99146	67.83574	513.7833	-31.60838	3.0051963	4.2847486	57.91845	-13.764061	-457.7337	2.8657265	2.8475542	3.538505	3130.072862148285
72	5848.161	60.152176	5927.847	5742.1694	6227.0913	56.959652	6307.7954	6117.554	1000.0	1000.0	360000	458.5133	68.53377	518.50256	-50.158936	458.51324	68.53389	518.616	-58.01207	458.07782	67.98746	519.53595	-47.283943	2.9745452	4.263786	58.35959	-15.796512	-458.8169	2.7471397	2.765609	3.4378984	3176.8451421260834
73	5808.316	34.158123	5851.0684	5764.3213	6274.472	63.77602	6432.7485	6187.4307	1000.0	1000.0	365000	459.79138	67.40532	517.3594	-13.195907	459.79117	67.405945	519.65375	-8.449989	459.35977	66.85536	519.2378	-16.959133	3.0095997	4.2656865	50.862095	-14.618231	-460.0935	2.804633	2.812355	3.5574632	3223.640714406967
74	5889.263	48.01835	5953.3213	5806.6035	6355.0415	71.60798	6475.7134	6239.9253	1000.0	1000.0	370000	460.72287	67.64925	517.919	-38.144203	460.72287	67.64984	518.968	-18.37182	460.28915	67.107414	517.665	-3.8703544	2.9841192	4.2867727	58.450596	-13.116951	-461.00964	2.7447457	2.7622044	3.5092156	3270.822422981262
75	5873.3486	73.61405	5986.4697	5761.7773	6223.003	78.5709	6335.079	6072.9595	1000.0	1000.0	375000	462.00513	67.13769	521.01154	-26.544527	462.0049	67.13755	520.8169	-23.37668	461.56644	66.59948	519.12976	-27.134727	3.0105078	4.265959	55.671066	-13.017644	-462.2857	2.7325957	2.729483	3.4527218	3316.5572040081024
76	5875.2656	53.804398	5933.5825	5810.835	6362.7886	64.14171	6461.4917	6276.2144	1000.0	1000.0	380000	463.19113	67.17208	521.1881	-40.54854	463.19116	67.17217	520.2652	-12.441878	462.74103	66.63699	520.35864	-22.500504	3.051137	4.2628107	51.28777	-13.844224	-463.4648	2.7518315	2.7501874	3.444468	3364.4854423999786
77	5876.05	96.091156	5956.0273	5688.073	6377.404	59.102173	6466.5474	6298.6084	1000.0	1000.0	385000	464.33026	66.83539	522.0053	-11.090651	464.33	66.83698	522.8468	-55.518936	463.88733	66.30632	523.93335	-27.596937	3.0105882	4.236599	60.89466	-14.006851	-464.6201	2.8336685	2.8826888	3.5415657	3411.070483446121
78	5941.741	32.764553	5999.0225	5908.6123	6315.5845	62.990814	6457.0293	6229.8916	1000.0	1000.0	390000	465.502	66.45123	524.06854	-69.42443	465.50204	66.451256	525.3133	-46.387074	465.03955	65.92221	522.42346	-14.122974	3.0085955	4.284103	60.766254	-14.310596	-465.7634	2.7871637	2.7580307	3.5052805	3457.9733748435974
79	5926.4165	67.149666	6045.1177	5862.3896	6344.681	57.715084	6435.7417	6240.12	1000.0	1000.0	395000	466.2119	66.53099	524.642	-35.345203	466.21182	66.53321	525.24304	-30.238066	465.76544	65.995964	523.43524	-14.367345	3.0225441	4.2683954	67.42652	-14.956926	-466.49106	2.7611735	2.7318363	3.3639054	3505.832452058792
80	5899.7295	107.466064	6037.911	5728.6045	6257.368	91.87034	6411.5874	6086.012	1000.0	1000.0	400000	467.55927	65.49411	524.98975	-35.060314	467.5589	65.49436	524.79865	-39.923954	467.11124	64.95804	523.8525	-68.69564	3.038245	4.282639	49.872948	-14.874884	-467.83096	2.7672625	2.7874925	3.4913595	3553.27929353714
81	5938.5776	60.374504	6027.9526	5867.909	6248.3	76.82095	6382.221	6132.8633	1000.0	1000.0	405000	468.4757	65.67954	526.8205	-54.128445	468.47565	65.679855	525.5523	-46.87696	468.01874	65.15026	526.57935	-34.924213	3.0637083	4.289428	53.452065	-15.079527	-468.7346	2.7613683	2.7959836	3.4453852	3599.551048517227
82	5979.034	64.63045	6067.986	5872.28	6249.3604	93.42069	6385.3447	6098.9683	1000.0	1000.0	410000	469.31375	65.55842	524.95135	-72.85143	469.31363	65.55919	525.6622	-49.28729	468.84857	65.01796	525.5772	-21.413061	3.0835135	4.2750216	71.25648	-17.701725	-469.573	2.8644788	2.842447	3.5969765	3647.5906944274902
83	5954.8364	62.17643	6027.0923	5884.8916	6346.091	53.897194	6429.3345	6268.8804	1000.0	1000.0	415000	470.15866	65.26599	528.64215	-35.70516	470.15866	65.26632	527.39124	-40.3505	469.6979	64.73174	526.2021	-55.59283	3.066472	4.288544	83.942345	-12.8840885	-470.414	2.7444606	2.7383127	3.4245071	3695.739382982254
84	5968.2114	105.49249	6107.084	5860.7314	6408.8105	62.156624	6505.648	6317.5996	1000.0	1000.0	420000	471.29428	65.5434	534.2209	-41.75965	471.294	65.54276	531.28076	-60.120903	470.83124	65.02029	529.7701	-12.490524	3.0525024	4.2589097	69.09776	-12.302476	-471.5419	2.6962774	2.7030563	3.3114398	3743.7485494613647
85	5944.794	110.50547	6083.1123	5760.5195	6256.643	37.620655	6303.9424	6191.227	1000.0	1000.0	425000	472.43765	65.128845	531.5921	-25.010887	472.43765	65.129845	533.0315	-15.651375	471.97882	64.609535	531.0912	-67.95998	3.081519	4.2728477	55.512833	-13.421495	-472.6806	2.7122009	2.7137668	3.383671	3791.723048210144
86	5953.681	33.5341	6005.7446	5916.9287	6381.886	73.836266	6493.735	6238.4316	1000.0	1000.0	430000	473.4996	64.936035	533.59814	-42.55742	473.49973	64.936516	534.05664	-39.75416	473.04013	64.41271	531.80206	-52.034992	3.0647461	4.2979074	53.70972	-13.116123	-473.7562	2.7506547	2.7651324	3.4698265	3839.139533519745
87	6037.8037	114.649216	6202.4697	5901.522	6361.6353	71.22497	6520.8433	6235.163	1000.0	1000.0	435000	474.35364	64.89034	533.80255	-40.949047	474.35376	64.89017	534.4013	-23.00053	473.8829	64.36586	532.21954	-21.707752	3.0242374	4.221418	56.554455	-13.432016	-474.592	2.7069256	2.6831207	3.387642	3887.2532279491425
88	5935.4697	113.488625	6035.3135	5742.379	6339.718	42.485523	6402.221	6267.685	1000.0	1000.0	440000	475.16867	64.83369	533.7212	-32.748875	475.1684	64.83473	534.81604	-91.92071	474.70667	64.32733	533.5692	-27.68168	3.067674	4.2606564	57.02162	-14.741453	-475.40894	2.720763	2.7804914	3.3578098	3935.3193366527557
89	5999.356	38.995983	6063.9863	5947.7046	6364.073	77.36545	6545.578	6264.0596	1000.0	1000.0	445000	476.08582	64.73043	534.9481	-109.529	476.08588	64.73031	537.1338	-82.84106	475.62012	64.22235	533.40686	-60.32005	3.051883	4.239773	56.15435	-15.027952	-476.31015	2.7107854	2.7385745	3.3857274	3983.6549463272095
90	6009.177	59.111786	6119.464	5941.388	6384.516	72.216194	6481.6377	6265.5186	1000.0	1000.0	450000	476.6454	64.6053	536.2924	-47.373596	476.64532	64.60608	535.25934	-47.962376	476.1636	64.089195	535.7612	-22.776272	3.0517964	4.2678413	55.291534	-13.522772	-476.8758	2.764281	2.798617	3.4326735	4031.1506757736206
91	5970.0913	93.0906	6127.5645	5873.237	6396.0054	84.109116	6524.387	6263.0723	1000.0	1000.0	455000	477.39383	64.49348	538.7056	-97.54235	477.39386	64.49273	536.925	-71.40757	476.91635	63.971924	535.5023	-32.9673	3.0880272	4.266402	68.41342	-14.222676	-477.6281	2.728934	2.7658696	3.3307116	4079.0647401809692
92	5972.1353	128.46182	6211.933	5867.8657	6329.5454	111.13454	6509.6143	6126.814	1000.0	1000.0	460000	478.331	63.857094	536.165	-14.192177	478.33093	63.85814	536.8003	-88.444725	477.8454	63.352924	535.1986	-16.477951	3.0883157	4.248017	55.238	-16.51038	-478.56055	2.792735	2.8353312	3.4117155	4127.720649719238
93	5984.9365	53.560673	6046.4526	5920.362	6493.5747	68.21008	6591.136	6351.8594	1000.0	1000.0	465000	479.2353	63.447815	540.63086	-88.10266	479.2353	63.44822	538.8397	-82.46735	478.76883	62.935276	537.38556	-27.868488	3.1184237	4.26539	52.254135	-13.512339	-479.4683	2.7905083	2.8035536	3.3863368	4176.325367689133
94	6003.5947	63.15635	6087.0024	5930.61	6474.4014	73.3023	6606.008	6364.699	1000.0	1000.0	470000	479.75192	64.02223	539.63257	-26.152517	479.7517	64.02182	539.18756	-68.108154	479.26913	63.511036	540.0671	-48.620445	3.0587113	4.239146	55.913994	-17.06679	-479.968	2.7142177	2.7494357	3.3656695	4223.667463541031
95	6007.035	34.327618	6057.924	5961.406	6466.9272	81.16247	6654.748	6369.3076	1000.0	1000.0	475000	480.82065	63.064026	539.8425	-13.535841	480.82056	63.064655	540.7587	-9.818331	480.33722	62.56597	541.3365	-10.085032	3.0926514	4.2666125	60.23706	-13.836719	-481.0303	2.718359	2.7609997	3.2756457	4271.827155590057
96	6095.9146	66.30336	6207.6025	6001.0137	6478.5347	39.836166	6521.814	6408.3066	1000.0	1000.0	480000	481.67978	62.87957	540.16547	-44.450867	481.67944	62.879875	542.0714	-36.904404	481.20218	62.37412	542.2448	-45.268566	3.0944057	4.2623534	57.812473	-13.838464	-481.89304	2.7594588	2.7870126	3.3658266	4319.599263191223
97	6078.942	95.07975	6222.9546	5949.2446	6380.178	74.531136	6473.999	6229.118	1000.0	1000.0	485000	482.05872	63.489506	541.795	-8.692287	482.05905	63.48973	541.6245	-9.207213	481.5596	62.99475	539.67413	-5.24057	3.051596	4.227279	60.63255	-15.661195	-482.25845	2.7737367	2.7685134	3.339136	4368.858938455582
98	6082.384	152.69376	6345.7466	5898.8066	6583.693	73.65669	6707.6733	6457.2856	1000.0	1000.0	490000	483.1612	62.765987	541.0517	-30.115255	483.161	62.766476	540.34705	-22.517923	482.68988	62.24858	544.95715	-32.63021	3.0796566	4.2062836	60.23233	-14.169687	-483.3866	2.7633696	2.7668214	3.3570132	4416.007502555847
99	6123.5127	91.60414	6293.1846	6031.679	6490.1753	54.20157	6566.499	6384.5723	1000.0	1000.0	495000	483.93695	62.716427	543.52344	-61.29549	483.9369	62.716488	543.7448	-60.95324	483.4564	62.20941	541.76715	-89.24604	3.1226592	4.245738	61.204025	-17.129992	-484.15314	2.7949538	2.816926	3.3588133	4464.849120140076
100	6003.575	49.7183	6049.549	5924.9116	6580.931	42.515633	6642.1333	6497.982	1000.0	1000.0	500000	484.86273	62.228355	545.17303	-34.36476	484.86255	62.22856	545.1285	-20.775719	484.3644	61.738018	544.6678	-16.173607	3.0741024	4.2601957	62.24546	-14.465802	-485.0612	2.721316	2.7448428	3.3384151	4514.122665166855
101	6076.272	103.68345	6220.266	5927.273	6481.8174	63.013702	6621.186	6388.669	1000.0	1000.0	505000	485.25153	62.99454	545.4411	-66.292694	485.25122	62.99466	545.90875	-56.75851	484.75882	62.506565	546.15155	-50.36529	3.149038	4.245322	54.728622	-12.63769	-485.46384	2.7719834	2.8174489	3.3166687	4563.025700092316
102	6131.163	75.59874	6225.9956	6026.0503	6506.203	79.85117	6631.921	6376.5156	1000.0	1000.0	510000	486.49823	62.248905	546.3787	-6.237978	486.4982	62.24951	545.87616	-7.509152	486.02072	61.749493	546.2331	-21.857872	3.0907905	4.223375	54.24537	-12.283512	-486.6999	2.6328657	2.66165	3.1557426	4612.12757062912
103	6092.464	65.42023	6198.9585	6015.6646	6505.3623	74.777306	6625.8345	6385.855	1000.0	1000.0	515000	487.3057	61.860615	546.9861	-7.035367	487.3056	61.86028	545.25336	-6.5135784	486.81085	61.358295	546.05695	-12.994979	3.1036868	4.2617145	56.070023	-12.891452	-487.50674	2.7529862	2.7872775	3.384065	4661.302152395248
104	6124.8716	50.456573	6173.43	6029.911	6623.4077	110.72742	6785.508	6362.759	1000.0	1000.0	520000	487.88525	61.851448	546.74493	-86.600716	487.88507	61.852257	546.75964	-70.95387	487.39478	61.34707	546.7641	-73.20103	3.121501	4.2346215	63.991787	-13.852362	-488.0914	2.736067	2.760728	3.301215	4710.577261924744
105	6148.8457	93.24325	6282.595	6009.7656	6405.7705	66.50102	6512.428	6290.4155	1000.0	1000.0	525000	488.604	62.036945	549.0542	-27.440481	488.60406	62.037243	548.31976	-26.137465	488.10217	61.54791	546.82355	-14.035866	3.1203115	4.238443	60.695736	-12.957583	-488.7947	2.7919555	2.7942019	3.3115532	4759.4662137031555
106	6003.118	102.90496	6144.331	5842.0913	6541.206	67.096466	6652.751	6417.2056	1000.0	1000.0	530000	489.20316	61.739304	546.1247	-59.34113	489.2032	61.739063	547.89215	-54.198265	488.70486	61.25474	547.53125	-45.752686	3.1468232	4.23004	56.528313	-13.347466	-489.38794	2.7443151	2.784675	3.2563586	4808.297074794769
107	6138.2583	128.92352	6245.6562	5893.0957	6545.329	65.36986	6676.5293	6454.2485	1000.0	1000.0	535000	489.89832	61.26144	549.86945	-10.922115	489.89816	61.262215	549.77014	-9.26294	489.39346	60.775063	550.0193	-32.756447	3.115669	4.249976	57.235622	-14.702863	-490.0745	2.712464	2.7115743	3.2379372	4856.957681655884
108	6127.675	67.85163	6224.7153	6045.566	6572.053	57.573895	6641.362	6473.8213	1000.0	1000.0	540000	490.38492	61.488403	549.5104	-17.890059	490.3848	61.48838	550.08466	-17.05456	489.89474	60.99641	549.95276	-28.51389	3.108435	4.2356873	62.437656	-13.034028	-490.5684	2.7380977	2.7593281	3.294086	4905.754374027252
109	6173.596	34.306065	6228.392	6136.211	6614.861	73.83196	6731.873	6493.396	1000.0	1000.0	545000	491.3955	60.70029	551.34174	-21.88132	491.39548	60.70016	552.33057	-9.280571	490.8905	60.225365	550.19635	-21.812119	3.1260283	4.22746	53.833103	-13.742427	-491.57004	2.797082	2.7882688	3.2863867	4955.00710272789
110	6203.4634	48.425537	6276.4346	6126.0386	6490.412	75.818924	6609.0776	6385.9224	1000.0	1000.0	550000	492.10397	60.53024	549.4529	-53.240536	492.1035	60.53054	550.5648	-21.590944	491.60248	60.042686	549.8407	-31.687183	3.2045267	4.245446	56.83599	-13.723285	-492.3015	2.810221	2.9032328	3.3555703	5004.8381514549255
111	6082.8267	86.61401	6159.6743	5920.619	6520.9863	87.36639	6694.046	6397.566	1000.0	1000.0	555000	492.76944	60.78071	553.0875	-12.923627	492.7694	60.78075	554.2229	-23.343904	492.26617	60.297737	552.2597	-48.495464	3.1593924	4.255246	54.32649	-15.484978	-492.9535	2.79667	2.826215	3.2993286	5054.950737953186
112	6169.6973	124.790565	6310.6953	5960.896	6745.079	48.776165	6809.8623	6662.1504	1000.0	1000.0	560000	493.6741	60.625378	554.95844	-28.402666	493.67395	60.625057	555.5612	-46.32621	493.18054	60.12376	557.0561	-27.265545	3.1995895	4.27179	61.037346	-15.668161	-493.861	2.7568982	2.7916157	3.3167093	5105.234504938126
113	6177.914	143.20235	6450.1567	6064.0107	6554.671	147.43173	6765.138	6266.471	1000.0	1000.0	565000	494.4207	60.336243	557.6868	-45.59067	494.42065	60.336914	557.3791	-33.467278	493.90604	59.858093	555.9057	-64.59446	3.1503818	4.238825	59.938633	-14.176995	-494.5981	2.910347	2.931115	3.4523597	5154.390992164612
114	6206.202	56.01501	6296.1094	6150.6284	6333.853	927.74554	6757.8433	3553.5613	1000.0	1000.0	570000	494.93863	60.36584	553.6927	-69.7326	494.93866	60.365757	554.25256	-62.73226	494.4281	59.88818	553.2171	-31.75364	3.2056766	4.2854075	60.07902	-12.967828	-495.1206	2.908032	2.9385982	3.3590384	5203.466718673706
115	6179.6807	51.01088	6280.771	6142.0176	6543.4097	76.4733	6659.044	6367.584	1000.0	1000.0	575000	495.75504	60.263996	557.23364	-85.85387	495.755	60.26338	555.63226	-25.637444	495.23648	59.800697	555.3175	-31.108356	3.186372	4.236034	69.59108	-12.90103	-495.9261	2.8466032	2.9037426	3.3827734	5252.961806058884
116	6237.8154	72.17783	6350.8193	6146.9985	6618.282	101.12928	6768.499	6378.2173	1000.0	1000.0	580000	496.53958	59.624306	558.7332	-98.0732	496.53964	59.624645	558.95514	-66.10036	496.03494	59.140232	559.3423	-48.108067	3.209231	4.268597	56.12972	-12.777283	-496.714	2.8511684	2.9009907	3.30539	5302.750556707382
117	6256.0884	119.81554	6388.342	6067.216	6556.257	86.2668	6746.0537	6415.9995	1000.0	1000.0	585000	497.227	60.001408	559.463	-5.119229	497.22678	60.001373	557.4228	-5.704127	496.71597	59.527794	557.41174	-33.21549	3.2060513	4.2526436	65.6448	-12.930542	-497.3952	2.754945	2.7640204	3.214438	5352.579447507858
118	6222.5957	131.89285	6447.261	6087.4165	6552.668	65.77151	6644.9087	6442.585	1000.0	1000.0	590000	498.08478	59.81394	556.79254	-89.0159	498.08484	59.81425	557.9211	-106.14192	497.57224	59.350937	556.94794	-12.598146	3.2222922	4.250196	68.92273	-13.570567	-498.255	2.8617404	2.8859308	3.289032	5402.407910346985
119	6224.3467	94.0337	6330.1567	6117.328	6692.411	94.77128	6815.9863	6529.2407	1000.0	1000.0	595000	499.08652	59.403015	559.8138	-6.549626	499.08652	59.403187	559.6178	-5.5018926	498.5753	58.928295	560.32025	-17.375042	3.262218	4.2764473	62.545464	-16.985243	-499.2611	2.8266098	2.8317387	3.2649515	5452.400505542755
120	6245.6562	86.61489	6407.8667	6159.309	6611.7944	71.186264	6703.8306	6465.385	1000.0	1000.0	600000	499.65253	59.553783	560.9798	-29.476269	499.65237	59.55404	559.87823	-13.599585	499.1508	59.06621	561.2457	-46.245037	3.2260835	4.251499	60.330727	-14.661127	-499.8312	2.8138297	2.8445241	3.3098848	5501.752312421799
121	6238.3584	206.61557	6464.493	5963.849	6717.818	71.86216	6875.637	6632.8193	1000.0	1000.0	605000	500.7744	58.599747	560.9544	-73.172226	500.7744	58.59996	561.391	-47.47015	500.27295	58.119484	560.2472	-46.368908	3.2935488	4.270223	63.13199	-12.907787	-500.94586	2.7943144	2.8140726	3.222126	5551.995098114014
122	6320.77	82.68347	6390.146	6186.4434	6727.9766	43.57793	6794.456	6678.933	1000.0	1000.0	610000	501.34357	58.952724	563.38605	-14.052544	501.34326	58.953026	563.1288	-6.902885	500.83115	58.477272	561.3964	-27.691454	3.2447834	4.2567286	57.987694	-13.702752	-501.50095	2.8104243	2.8191762	3.2553546	5602.171701908112
123	6362.216	92.805626	6486.394	6203.342	6647.628	100.83147	6803.3076	6490.1753	1000.0	1000.0	615000	502.0347	58.316334	564.5532	-40.652344	502.03464	58.315975	563.79767	-56.514393	501.52335	57.84651	566.7227	-51.429173	3.261186	4.2511206	60.274445	-14.745789	-502.1898	2.8939764	2.9420118	3.3512475	5652.422402858734
124	6340.2686	66.7381	6412.214	6246.98	6793.534	112.20914	6968.046	6616.7866	1000.0	1000.0	620000	502.68124	59.08725	565.96	-50.07383	502.68134	59.08793	565.6271	-35.600975	502.17902	58.61557	566.235	-17.878395	3.2954178	4.2884617	75.67709	-16.403402	-502.84384	2.8470266	2.8609605	3.3253672	5703.330522537231
125	6346.7544	89.790504	6483.4478	6205.1367	6730.708	50.28447	6807.405	6624.4424	1000.0	1000.0	625000	503.80692	58.652058	566.85376	-7.7211885	503.80673	58.651653	568.7024	-20.549038	503.3009	58.181057	567.1585	-14.192258	3.2998016	4.265182	55.440872	-12.258739	-503.97144	2.789964	2.7967124	3.3125632	5753.1498901844025
126	6331.898	92.03621	6435.6523	6206.493	6762.971	93.905525	6882.9297	6597.808	1000.0	1000.0	630000	504.2826	58.42543	565.71246	-37.765686	504.28265	58.42617	565.753	-23.276405	503.7682	57.945522	564.54333	-18.842052	3.2877455	4.2425776	58.693024	-13.588009	-504.4491	2.913664	2.9178894	3.317463	5803.782251358032
127	6359.4385	99.98942	6507.878	6204.135	6832.72	97.3485	6987.823	6686.199	1000.0	1000.0	635000	504.85617	58.893078	568.8954	-11.807854	504.8563	58.893612	569.10657	-8.479584	504.34714	58.43465	567.22986	-13.735512	3.4044316	4.298021	54.744457	-12.464848	-505.0329	2.8464794	2.8457148	3.2933812	5854.587915182114
128	6382.733	87.35518	6494.4023	6244.855	6671.297	62.87654	6766.0864	6544.4854	1000.0	1000.0	640000	505.84833	58.950245	567.82806	-7.526467	505.84848	58.949997	568.67664	-6.879305	505.35147	58.478035	565.8953	-7.9632206	3.3368049	4.272299	62.964294	-13.287446	-506.0212	2.8945272	2.9132102	3.3102367	5904.010513544083
129	6379.8335	141.28754	6548.178	6161.38	6817.522	89.37399	6955.788	6640.5493	1000.0	1000.0	645000	506.60065	59.147327	569.38495	-80.092064	506.60052	59.147915	570.2916	-48.069458	506.09375	58.6878	567.04846	-51.4466	3.3085065	4.2053695	55.710102	-15.206694	-506.7757	2.9218342	2.9525087	3.2931004	5954.668313026428
130	6432.37	92.72771	6548.7793	6272.902	6827.803	61.28429	6938.051	6758.285	1000.0	1000.0	650000	507.55704	58.607788	578.04553	-26.221872	507.5568	58.608574	580.3806	-24.08833	507.03952	58.156704	576.8123	-23.97734	3.3493023	4.211746	65.238914	-14.966446	-507.71765	2.9042187	2.963293	3.307382	6004.572923183441
131	6404.7334	43.515064	6454.1973	6340.269	6677.318	102.959076	6826.784	6481.724	1000.0	1000.0	655000	508.0764	58.740456	579.28723	-20.948471	508.07648	58.739147	580.6264	-23.163692	507.56656	58.2769	576.77325	-14.0487995	3.3331876	4.212699	66.923065	-12.245811	-508.2484	2.9190085	2.9418314	3.3721144	6054.4225425720215
132	6385.5703	121.93161	6533.3726	6235.443	6782.8896	68.26165	6889.3965	6688.2847	1000.0	1000.0	660000	508.94644	58.133396	580.0438	-50.273212	508.94614	58.13327	579.93524	-57.226913	508.43884	57.654434	580.1143	-63.631943	3.350329	4.2369514	55.52781	-17.646418	-509.1169	2.9574645	2.9628932	3.361379	6105.59694480896
133	6365.5327	36.50401	6429.542	6318.324	6779.5586	74.02567	6935.4087	6697.885	1000.0	1000.0	665000	509.67218	58.604595	579.06915	-8.97175	509.67212	58.60542	579.93475	-9.205255	509.17804	58.139782	578.65826	-20.089691	3.3538547	4.2333746	60.981716	-14.081188	-509.8481	2.9133472	2.9472058	3.3540413	6156.647573709488
134	6411.0796	98.22213	6552.0186	6255.9526	6794.0576	78.35668	6922.4126	6631.461	1000.0	1000.0	670000	510.4326	58.570786	581.34033	-14.982969	510.4324	58.571262	581.80084	-13.935697	509.93423	58.11173	578.7059	-19.0664	3.3693607	4.2699437	62.734955	-12.694215	-510.60565	2.9805062	2.9987984	3.3162556	6207.370932102203
135	6457.4	94.5074	6573.0205	6342.9395	6866.163	95.65535	7026.6147	6674.507	1000.0	1000.0	675000	510.9412	58.529305	581.965	-11.586485	510.941	58.530567	582.98785	-61.505436	510.4297	58.067886	582.5511	-22.146679	3.3338103	4.2445335	66.47449	-12.949081	-511.10815	2.9568734	2.979388	3.3425028	6258.639385223389
136	6516.5127	73.6407	6597.1094	6378.009	6917.962	124.11498	7162.938	6742.511	1000.0	1000.0	680000	512.04596	58.074627	582.9999	-27.258768	512.04596	58.075123	584.728	-22.28154	511.54688	57.62485	582.73785	-39.289677	3.3899195	4.2898507	63.55209	-13.595543	-512.2218	2.9035094	2.9561288	3.393875	6309.6000344753265
137	6490.2373	94.9456	6608.6206	6340.182	6885.056	103.83872	7066.8867	6697.381	1000.0	1000.0	685000	513.02356	58.25252	583.93005	-32.87094	513.0233	58.252586	585.11816	-77.877945	512.5284	57.803185	581.0019	-36.255005	3.4065678	4.2760253	60.74851	-12.898033	-513.1989	2.88235	2.8984952	3.3000734	6360.548006772995
138	6490.0176	59.460747	6539.661	6376.2344	6910.819	115.9122	7108.613	6715.6704	1000.0	1000.0	690000	514.0346	58.21181	584.86847	-47.562977	514.03455	58.212093	584.8222	-43.25357	513.532	57.75956	583.3448	-64.76591	3.4452798	4.267136	67.14036	-14.087766	-514.2224	3.0377343	3.0719378	3.517214	6411.206567525864
139	6617.6704	78.99548	6698.1646	6498.2373	6873.581	76.80352	6984.763	6755.8813	1000.0	1000.0	695000	514.9133	58.192387	587.1628	-61.998272	514.9135	58.192844	586.34204	-41.298832	514.42285	57.74113	584.9246	-53.967216	3.4108744	4.2521067	71.64516	-13.555086	-515.0997	2.9380867	2.9753711	3.3307593	6462.154901266098
140	6506.3667	167.45549	6694.838	6219.1875	6842.757	89.07999	6947.3496	6650.7153	1000.0	1000.0	700000	515.7134	58.49803	588.0889	-29.964272	515.7133	58.49697	587.1439	-45.84383	515.2053	58.04009	588.05493	-21.627914	3.4015875	4.252649	58.207565	-14.230783	-515.8901	3.0030947	3.0273657	3.4108047	6513.2656354904175
141	6514.042	144.2779	6725.495	6309.002	7037.2993	125.28396	7224.381	6872.8247	1000.0	1000.0	705000	516.46686	58.294674	586.722	-24.177422	516.46686	58.294956	587.50446	-27.511475	515.96704	57.85257	587.1383	-52.85001	3.420992	4.2358193	63.406693	-14.045739	-516.6499	3.0503764	3.061237	3.4679492	6564.931132555008
142	6529.508	172.55933	6712.2803	6319.1104	6932.4873	152.9152	7228.621	6756.4614	1000.0	1000.0	710000	517.0574	58.41595	589.0317	-27.860981	517.0573	58.415478	589.26025	-35.08287	516.5451	57.95053	587.2491	-22.918541	3.3997083	4.2371845	60.886044	-16.108433	-517.2303	3.1225052	3.1564062	3.50877	6616.253251314163
143	6545.356	147.50836	6770.0586	6330.9946	6955.9053	127.52366	7135.373	6685.3335	1000.0	1000.0	715000	517.7362	58.168728	590.2023	-14.862752	517.73615	58.16908	591.5977	-14.800519	517.22095	57.721233	589.1629	-16.119696	3.3935642	4.238505	67.393486	-15.270556	-517.9043	3.0596056	3.0740767	3.4802253	6667.887046337128
144	6647.2695	132.37685	6836.7754	6511.995	6955.6006	68.56114	7066.983	6803.3857	1000.0	1000.0	720000	518.2736	58.02717	590.47205	-35.442947	518.2736	58.02716	590.8587	-15.867143	517.75366	57.57351	589.7743	-39.626152	3.4706879	4.2776346	79.45987	-13.621809	-518.4448	3.0777543	3.110896	3.4864035	6719.088027715683
145	6511.097	79.29174	6663.3135	6444.903	6973.3867	94.404205	7127.9517	6808.2812	1000.0	1000.0	725000	518.64056	58.37618	593.1974	-47.79732	518.6404	58.376133	591.9265	-29.185003	518.13025	57.931038	589.63226	-42.745556	3.513383	4.2772436	69.79673	-15.2435055	-518.8233	3.155829	3.205584	3.5665183	6771.285444736481
146	6505.3267	149.79861	6744.7373	6301.6406	7057.647	90.34632	7234.2	6944.3247	1000.0	1000.0	730000	519.49054	57.36243	593.7843	-38.770077	519.49054	57.362026	593.4734	-25.423452	518.9777	56.892082	593.2434	-55.880665	3.4759095	4.298851	69.5179	-14.760148	-519.6691	3.1191027	3.1131089	3.463131	6823.553372621536
147	6616.5757	83.05712	6757.6963	6527.443	6988.526	78.52583	7060.456	6825.606	1000.0	1000.0	735000	520.0231	57.574524	591.93427	-12.237164	520.02313	57.575386	593.40753	-13.419427	519.50867	57.12533	589.9884	-15.062146	3.4709663	4.278283	62.48508	-13.367893	-520.1994	3.1054647	3.1417358	3.47064	6875.813184738159
148	6595.8374	76.61402	6698.889	6502.422	7123.8604	112.70868	7305.887	6955.759	1000.0	1000.0	740000	520.85004	57.79864	593.109	-28.61019	520.8501	57.797554	593.61914	-15.029559	520.3531	57.350296	592.767	-14.456162	3.5359957	4.282642	74.17857	-14.118982	-521.0579	3.1922503	3.1950722	3.4840407	6927.836277008057
149	6623.822	120.68993	6751.1206	6417.5566	7070.8384	96.85454	7263.9	6907.5522	1000.0	1000.0	745000	521.372	57.66464	596.1594	-38.831276	521.37177	57.66606	595.9041	-59.800884	520.8495	57.20535	594.3263	-43.18709	3.5095987	4.2442827	52.53956	-14.770065	-521.5564	3.3300297	3.3572547	3.6608038	6979.986082792282
150	6692.6123	107.84571	6868.5522	6593.1597	6956.272	82.16838	7051.7583	6829.6157	1000.0	1000.0	750000	522.1937	58.109055	593.97833	-28.315044	522.1937	58.108837	595.8439	-43.648853	521.6999	57.66801	594.52563	-28.516857	3.5374458	4.281995	67.76758	-14.267577	-522.3857	3.1395311	3.1377769	3.4581056	7032.84280538559
151	6510.278	101.85143	6649.131	6384.4204	7079.6196	79.3046	7198.6035	6971.5693	1000.0	1000.0	755000	523.062	57.82722	595.60803	-21.47527	523.062	57.827915	595.8274	-20.653547	522.5534	57.371685	595.1144	-27.290771	3.5017512	4.2590303	64.36283	-17.3095	-523.25415	3.2808921	3.313326	3.623674	7084.226190567017
152	6699.37	199.11005	6839.766	6304.3267	6716.521	1231.3971	7399.4795	3053.1887	1000.0	1000.0	760000	523.6768	57.862705	597.02655	-23.142088	523.6769	57.86258	596.81775	-21.144894	523.16376	57.41732	597.0065	-27.274136	3.5071294	4.276973	58.427986	-14.121874	-523.8603	3.376816	3.4025195	3.6769345	7136.4699103832245
153	6567.362	100.43014	6712.4653	6409.0005	6944.65	128.88301	7090.5303	6667.7754	1000.0	1000.0	765000	524.3566	57.483	597.03436	-65.61464	524.35645	57.48317	597.2391	-63.491814	523.84937	57.034027	595.185	-51.229946	3.523902	4.2710347	60.49992	-13.175211	-524.56366	3.3688378	3.4374173	3.7231	7188.529891014099
154	6666.729	95.8397	6804.188	6513.879	7085.2695	94.83548	7229.7676	6880.468	1000.0	1000.0	770000	524.99036	58.32145	605.8172	-42.746094	524.9903	58.321815	604.54535	-35.551212	524.4832	57.88089	601.9757	-43.84741	3.5717757	4.245952	54.414024	-14.282134	-525.1976	3.4399853	3.454132	3.7924187	7239.858650922775
155	6655.3164	103.58791	6770.833	6471.1963	7157.9795	123.73179	7388.4536	6932.702	1000.0	1000.0	775000	525.83575	58.035015	603.2841	-53.63145	525.83575	58.035023	603.90027	-37.983513	525.32806	57.577312	602.37555	-40.377083	3.6075194	4.2856483	57.26792	-14.193046	-526.0355	3.4742203	3.580339	3.8993542	7291.825413227081
156	6669.5884	106.37276	6851.571	6584.064	7103.5156	120.746475	7347.781	6898.939	1000.0	1000.0	780000	526.7709	57.953545	605.6481	-39.261208	526.7709	57.953014	604.00854	-39.394325	526.2687	57.493156	601.99194	-13.915726	3.5643468	4.2478595	52.506958	-13.938693	-526.97516	3.3852508	3.3925102	3.6961577	7343.704671621323
157	6654.199	98.364876	6808.9624	6512.695	7237.928	117.55222	7385.3994	7010.206	1000.0	1000.0	785000	527.76917	56.734894	607.35443	-27.392708	527.7689	56.735847	605.4573	-33.121674	527.2445	56.300655	604.46216	-31.515842	3.590766	4.272977	71.931725	-15.118071	-527.9541	3.410622	3.4498847	3.744268	7396.3206169605255
158	6756.7227	78.094536	6891.201	6663.8247	6943.5146	148.45732	7182.676	6633.3906	1000.0	1000.0	790000	527.9926	57.404057	605.4958	-53.08494	527.9926	57.40335	606.3258	-58.99281	527.46924	56.95436	603.4541	-52.87164	3.567764	4.280002	62.20552	-14.436923	-528.1892	3.4236093	3.4256332	3.7915423	7448.65155005455
159	6627.7393	196.63113	6837.1284	6292.8105	7286.053	97.81649	7429.042	7110.22	1000.0	1000.0	795000	528.41583	57.172855	608.02673	-24.181667	528.4154	57.174004	608.4881	-62.228592	527.8912	56.738197	605.9679	-34.464577	3.5582774	4.25769	63.321236	-13.631565	-528.613	3.3901079	3.4213696	3.7404203	7500.797372102737
160	6742.968	121.8484	6878.7607	6588.875	7187.2812	136.22255	7373.349	6946.723	1000.0	1000.0	800000	529.2002	57.06152	607.4029	-21.382053	529.2	57.06254	605.5401	-21.13058	528.69183	56.607704	606.1533	-61.984318	3.6208847	4.2741094	82.251114	-14.822983	-529.41644	3.5372984	3.515779	3.740328	7553.620590209961
161	6746.253	56.64785	6804.311	6641.844	7124.167	93.49028	7328.157	7008.8296	1000.0	1000.0	805000	529.7226	57.754005	608.403	-23.075241	529.7226	57.75391	607.84863	-18.869394	529.21136	57.313915	607.76324	-20.07217	3.5823674	4.2829895	62.100296	-16.609392	-529.92816	3.5132477	3.5439968	3.825768	7605.450798273087
162	6710.5337	127.59662	6827.92	6521.079	7165.3545	94.6545	7287.3867	6970.8916	1000.0	1000.0	810000	530.8086	57.161266	610.11975	-55.11436	530.80835	57.16102	609.7449	-46.585392	530.29987	56.714985	606.3416	-62.53854	3.6543067	4.2848253	55.89191	-13.287924	-531.0342	3.7428641	3.7320402	3.9959366	7657.980841159821
163	6740.5845	81.967636	6837.752	6599.7197	7236.2373	106.619	7435.7417	7104.3706	1000.0	1000.0	815000	531.5267	56.998028	609.3583	-46.309116	531.5268	56.999115	608.7812	-31.379456	531.00824	56.541374	606.6674	-48.655262	3.6792815	4.292112	57.610676	-13.781359	-531.7467	3.6794996	3.7168071	3.9396062	7710.444054841995
164	6747.0166	214.41422	6988.8394	6363.838	7062.1304	128.53772	7256.884	6807.774	1000.0	1000.0	820000	532.09875	57.4619	611.4187	-38.585213	532.0985	57.46203	611.29034	-50.29711	531.5828	57.018467	608.6603	-52.658234	3.673654	4.27588	51.58645	-12.310796	-532.32025	3.5966294	3.647325	3.8753004	7763.814595937729
165	6709.5923	144.32202	6930.64	6477.666	7214.629	118.52927	7371.369	7024.494	1000.0	1000.0	825000	532.8704	56.67723	609.6148	-20.136528	532.8703	56.67715	610.7169	-36.261703	532.33734	56.225094	610.0922	-25.527899	3.6463692	4.2947006	60.670536	-13.72695	-533.0863	3.7910407	3.8157227	4.0774956	7816.622628211975
166	6719.7383	113.22022	6853.0063	6511.1147	7016.803	948.5727	7551.8315	4195.496	1000.0	1000.0	830000	533.2981	56.927635	611.25775	-102.095406	533.29834	56.925816	610.04175	-79.68542	532.75653	56.47041	608.7379	-18.558165	3.6452427	4.291023	67.631645	-13.957839	-533.49	3.6440132	3.7032855	3.9871383	7869.4263553619385
167	6804.3296	114.08675	7026.6597	6707.9014	7510.593	166.67863	7843.915	7262.015	1000.0	1000.0	835000	533.87256	57.120808	610.3907	-18.611084	533.8723	57.122246	610.00006	-18.384438	533.3583	56.672985	611.08014	-18.54803	3.7293346	4.2839193	65.564804	-14.171688	-534.0829	3.6068485	3.6303747	3.7908735	7922.038462877274
168	6732.7915	143.31578	6964.682	6565.4688	7365.457	91.71141	7491.949	7191.849	1000.0	1000.0	840000	534.7377	56.62089	613.8812	-20.515854	534.73785	56.620255	613.98627	-19.912064	534.2296	56.16155	612.03613	-15.442874	3.708072	4.298377	74.379395	-14.793057	-534.9449	3.509279	3.5432281	3.808193	7974.687881708145
169	6804.4233	210.86748	7124.6284	6546.385	7355.521	102.363174	7509.389	7137.98	1000.0	1000.0	845000	535.35767	56.709476	616.9461	-32.2734	535.3574	56.710537	616.2045	-45.73493	534.83813	56.25937	617.2835	-29.492237	3.7487743	4.284928	62.228268	-13.4965515	-535.5696	3.6168015	3.6756907	3.8997493	8027.283525466919
170	6912.202	81.438805	7025.27	6779.828	7561.796	107.05612	7750.712	7379.8623	1000.0	1000.0	850000	535.62164	57.59464	613.9133	-70.53267	535.6215	57.595257	614.55835	-83.70189	535.09424	57.15036	612.60455	-43.81533	3.759071	4.3387737	61.9887	-13.102037	-535.8331	3.9044228	3.9510427	4.148296	8079.509031295776
171	6756.1533	123.71326	6987.2173	6630.634	7348.0273	139.2724	7587.7573	7106.1294	1000.0	1000.0	855000	536.2097	56.979946	615.9643	-78.58819	536.2096	56.979	615.6014	-98.10729	535.6828	56.530376	613.03436	-54.157505	3.7070541	4.2884345	58.14856	-15.588008	-536.4224	3.5991142	3.6382887	3.9408696	8132.225205421448
172	6975.553	132.51584	7168.066	6840.3438	7302.449	119.16496	7573.7065	7088.4604	1000.0	1000.0	860000	537.0105	56.83904	615.6027	-37.687847	537.01044	56.84066	615.9333	-45.99252	536.4948	56.395153	612.0183	-29.914177	3.777313	4.3197613	62.35598	-15.035913	-537.2261	3.8130453	3.8163452	4.050053	8184.917635202408
173	7049.8804	140.57051	7229.884	6865.657	7276.224	110.052536	7452.069	7068.2104	1000.0	1000.0	865000	537.81635	56.65568	619.0201	-20.181894	537.816	56.6554	618.7501	-16.950321	537.2898	56.215313	616.19775	-43.00085	3.8034947	4.3240995	60.030994	-14.425642	-538.0384	3.7779806	3.808172	4.027419	8237.752101182938
174	6943.803	106.352325	7066.0835	6784.957	7538.7393	97.28229	7647.63	7373.787	1000.0	1000.0	870000	538.13934	56.93324	620.15247	-22.351093	538.1393	56.933254	623.2606	-28.708105	537.61194	56.482807	618.0528	-33.945923	3.7819843	4.2884016	59.397102	-13.828033	-538.3655	3.8582857	3.8759642	4.090303	8293.039194822311
175	7031.465	133.64668	7276.715	6919.2915	7328.8057	96.719086	7500.6104	7128.811	1000.0	1000.0	875000	538.56366	56.422264	618.14886	-74.8853	538.5635	56.424866	619.0526	-61.443455	538.0287	55.977383	614.73975	-47.009727	3.7824183	4.291124	59.279182	-15.912652	-538.7781	3.9128664	3.90499	4.1727834	8347.853132486343
176	7000.1904	84.609566	7088.3125	6846.333	7437.9585	91.15454	7583.4766	7271.602	1000.0	1000.0	880000	539.1137	56.78992	618.45984	-37.22589	539.1137	56.788902	621.2756	-55.678745	538.5834	56.363487	617.9505	-76.873825	3.7804437	4.308861	64.67387	-15.01712	-539.33234	3.755702	3.7797878	3.9608133	8402.41240477562
177	7040.504	137.27773	7303.338	6910.6714	7487.1787	101.27097	7596.8584	7312.756	1000.0	1000.0	885000	540.0298	56.72288	617.9893	-40.3821	540.0294	56.72397	619.24695	-58.19079	539.5172	56.278847	617.6805	-47.88124	3.7841663	4.310791	55.815083	-14.779437	-540.26526	3.818225	3.8459737	4.0794554	8456.568648338318
178	6942.875	130.84952	7156.7925	6814.4126	7472.775	70.900024	7565.253	7308.0596	1000.0	1000.0	890000	541.1468	57.207405	623.9628	-49.708817	541.1467	57.208084	621.6268	-42.590412	540.6448	56.750698	620.86017	-27.960842	3.8243186	4.3127756	56.863907	-13.828947	-541.40234	3.818568	3.8612368	4.1403055	8510.704882383347
179	7081.591	144.26366	7337.7354	6944.363	7491.8994	72.41696	7599.8823	7379.4136	1000.0	1000.0	895000	542.47253	56.55696	627.5177	-43.116627	542.47253	56.556747	630.16364	-34.31084	541.9599	56.09742	628.6962	-26.664398	3.8246238	4.3146977	57.36429	-12.351149	-542.71704	3.8929071	3.898516	4.147127	8564.883049726486
180	7048.796	119.35067	7265.78	6921.327	7644.1953	73.15701	7817.117	7522.6074	1000.0	1000.0	900000	543.2974	56.93718	628.7126	-30.953835	543.2974	56.938488	633.026	-30.672598	542.788	56.4988	628.234	-35.814	3.8968513	4.32808	53.19649	-12.035388	-543.5552	3.859449	3.8859382	4.0778837	8618.81360578537
181	7012.499	70.02181	7099.794	6921.8716	7359.983	72.19087	7533.3843	7275.1753	1000.0	1000.0	905000	544.1648	56.487923	627.6723	-60.69666	544.1646	56.487415	627.3742	-60.451893	543.6345	56.03614	625.2943	-100.80876	3.89364	4.309882	59.548584	-13.042393	-544.41675	4.0101557	4.0639086	4.116194	8673.967088222504
182	7074.724	199.33463	7287.583	6787.4766	7606.4033	102.57056	7855.287	7439.6943	1000.0	1000.0	910000	544.6429	56.546463	631.6471	-25.85794	544.6429	56.546707	631.119	-21.728893	544.1239	56.098495	630.9137	-37.610775	3.8837016	4.304649	59.148304	-14.347115	-544.8939	3.9261243	3.9593296	4.161165	8727.60920548439
183	7150.9727	72.83104	7224.582	7047.1895	7636.4	79.303474	7769.873	7528.824	1000.0	1000.0	915000	545.2177	56.843803	631.53125	-20.759686	545.2173	56.843925	631.65906	-20.099236	544.7027	56.396145	633.6221	-20.290228	3.868027	4.3313527	60.019356	-13.200121	-545.465	3.9145563	3.9037821	4.119767	8782.843253850937
184	7219.7295	186.02959	7381.7812	6871.092	7694.3335	98.67377	7891.256	7531.0376	1000.0	1000.0	920000	545.73157	57.18265	633.0798	-111.78321	545.7316	57.184036	634.638	-87.19521	545.213	56.73428	631.6783	-36.82436	3.8420525	4.2941294	55.630833	-14.267682	-545.9755	3.923363	3.9397476	4.234305	8838.012706041336
185	6654.962	905.9538	7303.108	4858.27	7587.5117	163.50499	7822.7476	7276.186	1000.0	1000.0	925000	546.8722	56.192703	636.5488	-16.584059	546.8723	56.19233	635.4231	-50.4376	546.3618	55.74017	632.519	-108.57288	3.9410472	4.328523	60.204613	-12.814299	-547.1311	4.0891447	4.084343	4.3720326	8893.227707386017
186	7246.2397	186.95665	7619.079	7133.982	7510.2344	150.52534	7729.371	7303.729	1000.0	1000.0	930000	547.3098	57.171246	636.4178	-36.659103	547.30975	57.17197	634.6652	-37.941288	546.8011	56.729313	636.05695	-55.76263	3.9591537	4.31329	53.86959	-14.052061	-547.5809	4.09766	4.1549463	4.2124724	8948.172322511673
187	7152.0547	132.79906	7349.62	6991.811	7646.712	87.72175	7732.963	7436.5493	1000.0	1000.0	935000	548.47943	57.550446	637.8075	-30.257286	548.47925	57.55042	636.3766	-32.06602	547.9729	57.11506	637.33856	-45.56916	3.9639237	4.3392925	56.909866	-15.760061	-548.7387	4.1780047	4.18386	4.3269157	9001.870106697083
188	7125.772	91.444534	7235.2104	6998.2305	7420.3447	332.43707	7731.268	6469.0894	1000.0	1000.0	940000	549.4579	57.67764	637.8748	-25.48404	549.4579	57.677147	636.30237	-25.837223	548.96936	57.235237	636.3781	-51.274956	3.9634204	4.2988667	57.864662	-12.590195	-549.7317	4.1069655	4.1505446	4.247824	9057.15661907196
189	7096.051	126.06672	7213.818	6860.2607	7750.5376	96.663475	7913.4854	7593.007	1000.0	1000.0	945000	550.3396	57.86261	638.6334	-30.947989	550.3395	57.863052	639.07806	-50.984104	549.83234	57.435947	638.0984	-37.54009	4.0013566	4.3205714	55.43598	-14.714014	-550.61676	4.1328025	4.172799	4.2944975	9111.441992521286
190	7234.478	154.74498	7429.132	6975.747	7644.1475	140.90486	7946.7593	7425.655	1000.0	1000.0	950000	551.3924	57.77264	640.188	-52.280193	551.3923	57.77217	639.80743	-41.71997	550.8867	57.323128	640.3525	-42.25582	3.9677792	4.301235	71.4253	-13.808352	-551.663	4.1562595	4.1843843	4.287587	9166.13470506668
191	7192.4155	145.20354	7377.562	6977.5337	7820.3975	142.84792	8096.8857	7655.0938	1000.0	1000.0	955000	552.1879	57.97666	646.3329	-25.711647	552.1881	57.974823	647.72546	-29.171274	551.689	57.53567	645.2923	-31.29211	4.0403996	4.3513894	60.676342	-14.5202055	-552.4687	4.1287966	4.154111	4.29717	9221.723145008087
192	7347.7056	177.40742	7609.0557	7148.634	7676.625	125.38099	7800.553	7358.799	1000.0	1000.0	960000	553.1152	57.59163	648.3903	-72.978294	553.1151	57.592617	651.4466	-46.553116	552.60425	57.143307	646.45557	-76.16456	4.038238	4.3427205	74.69865	-14.393145	-553.4119	4.3307147	4.334385	4.4839997	9276.491353988647
193	7338.3022	206.49245	7639.894	7011.7563	7740.164	175.07643	8048.688	7467.3267	1000.0	1000.0	965000	553.8794	57.56594	647.2138	-96.02976	553.8793	57.56774	649.04315	-108.9681	553.37634	57.117195	645.465	-77.36126	4.028023	4.3370337	58.194973	-14.715205	-554.1761	4.240898	4.2661076	4.477704	9331.503631353378
194	6378.048	1571.9691	7355.438	3241.349	7640.051	113.44335	7913.3735	7484.8916	1000.0	1000.0	970000	554.43854	58.88846	646.3514	-206.6789	554.4385	58.889507	648.80347	-164.83345	553.92456	58.468082	648.4609	-137.70335	4.0361776	4.3469357	63.10066	-14.35746	-554.7338	4.626548	4.6330166	4.76186	9386.250171899796
195	7377.829	128.50328	7549.2383	7216.544	7781.6406	134.9111	7961.795	7512.7725	1000.0	1000.0	975000	555.1463	60.19305	648.84924	-241.88368	555.14606	60.195328	650.1987	-225.32916	554.6491	59.77944	648.40125	-223.06041	4.0983114	4.4136486	72.427124	-13.678061	-555.4574	4.683249	4.732868	4.829217	9441.912719249725
196	7454.125	232.49307	7804.393	7190.3535	7903.5244	99.59882	8126.871	7754.0737	1000.0	1000.0	980000	555.7694	60.56996	650.36017	-249.22308	555.7697	60.567978	649.9305	-225.06592	555.265	60.143112	646.4253	-250.74606	4.0892673	4.397244	60.006878	-13.349374	-556.08057	4.6140103	4.7032213	4.7655244	9497.379018306732
197	7371.2373	164.18929	7547.6455	7168.9033	7810.849	154.90027	8025.1646	7478.812	1000.0	1000.0	985000	556.77966	60.604527	654.8686	-202.04062	556.7795	60.60446	655.392	-177.0017	556.2706	60.20633	653.8891	-255.4886	4.104685	4.364225	56.754204	-14.36091	-557.0773	4.369797	4.401106	4.5827003	9553.13084077835
198	7319.3506	140.62427	7491.7803	7125.906	7957.083	141.36887	8132.022	7713.726	1000.0	1000.0	990000	557.959	60.060757	654.0076	-253.46143	557.9588	60.060646	655.4858	-231.1939	557.47266	59.653004	654.8905	-249.71452	4.195587	4.362854	65.60316	-16.730505	-558.2837	4.5020843	4.5258036	4.6526084	9608.377667665482
199	6341.0093	1698.7645	7291.7847	2946.4998	7231.444	1645.5793	7998.401	2305.084	1000.0	1000.0	995000	558.6899	61.67588	655.2326	-221.34798	558.69	61.67331	658.0939	-200.27072	558.1802	61.27356	655.8632	-215.21118	4.117759	4.374613	62.155716	-14.382107	-558.9849	4.5259533	4.4861846	4.6841006	9663.954255580902
