Epoch	AverageEpRet	StdEpRet	MaxEpRet	MinEpRet	AverageTestEpRet	StdTestEpRet	MaxTestEpRet	MinTestEpRet	EpLen	TestEpLen	TotalEnvInteracts	AverageQ1Vals	StdQ1Vals	MaxQ1Vals	MinQ1Vals	AverageQ2Vals	StdQ2Vals	MaxQ2Vals	MinQ2Vals	LossPi	LossQ	Time
1	-62.543224	106.09629	9.687668	-371.29428	-183.26317	317.35855	-16.660398	-1115.2009	177.4	159.8	5000	-0.107149474	1.9927238	16.766666	-11.2383995	-0.10718658	1.9937936	17.161499	-11.537592	-0.8484267	0.22791378	34.57159113883972
2	-70.47494	123.83798	40.14214	-407.09183	-57.28947	32.0482	-19.899847	-126.8628	212.45833	26.7	10000	4.1577854	4.0181885	44.07514	-12.743614	4.1577244	4.0182605	44.24866	-12.842401	-6.2548003	0.8389693	71.27454614639282
3	-70.4634	347.38525	450.51434	-1059.1898	71.00608	71.07678	215.38069	-16.40374	331.0	223.5	15000	8.275992	4.966617	51.95361	-21.70047	8.276345	4.970257	51.90477	-13.747761	-10.078619	1.6493894	112.93226552009583
4	115.79722	123.51564	371.77414	-4.3420887	102.05571	127.37513	423.80984	-6.5986924	391.7143	322.5	20000	9.719693	5.897562	55.95707	-16.304457	9.720117	5.898318	54.866055	-15.009191	-11.449361	1.6631483	159.29902911186218
5	136.76787	132.7558	401.21838	-0.76997983	96.67107	185.92982	639.27734	-22.838022	362.84616	166.1	25000	11.456066	6.9008703	59.217678	-15.453465	11.456499	6.9022226	60.070446	-13.383161	-13.194473	2.1694462	199.22956705093384
6	196.38882	225.47919	580.6251	-4.6337833	269.08917	218.59932	660.8675	-11.289632	403.72726	560.2	30000	13.087325	7.3519535	62.66263	-13.671202	13.087642	7.353114	59.7763	-14.978091	-14.814359	2.0673628	243.02339386940002
7	284.54926	294.25037	681.60205	-5.55667	187.28806	286.44818	827.904	10.962301	488.63635	288.8	35000	15.14416	7.4130697	56.271046	-16.080269	15.144587	7.4147453	57.695972	-15.001914	-16.801949	2.1104233	288.8754086494446
8	261.37692	298.45102	736.6612	-6.309517	203.30347	231.63672	630.02014	2.6874661	457.9	368.3	40000	17.427418	7.196841	58.355114	-13.5119505	17.427763	7.197223	59.603928	-11.213055	-19.022915	2.137817	331.1879596710205
9	169.05856	204.9644	724.7836	7.112497	326.99664	249.0392	754.74744	8.66495	299.0	459.3	45000	19.53077	7.166591	58.332493	-10.764591	19.531275	7.1664634	57.929756	-11.632263	-21.002216	2.3543434	377.476145029068
10	375.15393	267.50012	686.72754	-3.274296	385.98007	336.0038	776.6563	1.2427939	635.8889	514.8	50000	21.761543	7.2204328	59.902546	-11.076337	21.762007	7.2203603	63.69293	-19.711407	-23.164848	2.5079057	428.9247579574585
11	443.54953	311.3331	760.7638	64.03569	502.0559	250.05057	776.8781	160.93387	640.4286	616.8	55000	23.597265	7.0143523	60.17162	-12.615376	23.597551	7.0141177	62.11871	-11.803264	-24.962208	2.3573694	474.6132879257202
12	316.66434	315.15887	742.6817	-6.792471	383.9005	287.4999	804.3079	33.905487	433.63635	487.5	60000	25.357655	7.0365148	63.787224	-12.847939	25.357939	7.0364485	63.386806	-17.928974	-26.682898	2.3978782	520.3713636398315
13	382.211	266.3779	745.3243	36.23743	407.101	252.26433	766.2095	24.445118	502.8	472.4	65000	27.275291	7.1939583	63.68301	-16.457273	27.275684	7.193139	63.469982	-13.880199	-28.548765	2.5717509	567.361762046814
14	370.86334	312.3815	875.4798	12.264017	523.66565	354.44824	905.3933	19.140564	446.23077	644.8	70000	29.497217	7.4948883	67.08258	-12.974009	29.497335	7.4959455	65.20359	-19.006603	-30.726131	2.781995	622.0388717651367
15	370.7969	307.98535	930.626	10.780244	459.98038	284.06036	858.23956	57.820595	398.58334	536.3	75000	31.789072	7.9613295	67.42593	-14.526593	31.789257	7.9623275	66.15624	-14.491824	-33.033092	3.130908	668.3203613758087
16	383.5991	329.46722	973.6107	11.070714	625.7311	270.5342	879.82214	114.905075	450.27274	705.6	80000	33.74833	8.375492	70.82332	-20.70516	33.74852	8.375021	70.22503	-34.405834	-35.00568	3.2051637	718.8365726470947
17	614.2811	386.8767	1226.3319	104.41678	394.2958	275.1212	930.6632	39.54765	652.875	442.7	85000	35.752552	8.899978	72.125984	-17.818792	35.753002	8.90054	71.56045	-17.671803	-37.000694	3.4443686	767.127240896225
18	377.17624	279.81534	818.8388	23.665424	370.3954	336.23907	1066.2721	28.038017	405.83334	283.5	90000	37.70816	9.468976	73.92049	-23.099747	37.70814	9.470374	72.84942	-37.957394	-38.96374	3.7377079	811.1054627895355
19	448.16376	327.38614	898.0816	76.80611	668.8557	317.99005	1096.286	24.36327	444.9	602.4	95000	39.46029	10.117667	76.904305	-22.480196	39.460148	10.120513	77.88909	-22.34423	-40.735756	4.323043	856.7918491363525
20	569.3047	461.83304	1489.4972	-1.588016	766.0321	347.99747	1143.9032	236.09308	478.9	625.9	100000	40.975643	10.662371	82.06987	-30.375517	40.975494	10.665676	80.40877	-43.910423	-42.300064	4.651917	904.1588246822357
21	681.8277	485.0163	1581.0594	68.923256	726.0808	431.52603	1517.8628	107.43901	578.0	661.3	105000	42.69212	11.407273	83.256256	-22.072151	42.692158	11.408658	83.78454	-36.04399	-44.006466	4.9591846	955.6385407447815
22	614.7932	541.599	1557.7961	9.823531	470.23944	301.41983	1053.3578	80.56036	486.9091	379.1	110000	44.341904	12.053913	84.1247	-24.567183	44.341858	12.055942	85.63732	-28.976154	-45.66513	5.352357	1003.9284827709198
23	495.01407	411.89145	1333.5209	-55.065594	768.6279	639.9912	1851.016	12.09313	404.36365	462.7	115000	45.933903	12.752757	85.800705	-22.031122	45.93375	12.7533045	87.7716	-35.509655	-47.280575	6.0684233	1048.7505476474762
24	584.4821	369.49908	1129.1736	62.33356	276.74182	291.6236	1085.2882	46.72195	466.91666	195.0	120000	47.434605	13.614998	92.09541	-29.45437	47.434933	13.615511	93.288506	-37.26373	-48.82554	6.661778	1096.6515760421753
25	821.6323	256.69202	1269.2354	574.98517	1457.9802	441.03305	2044.6057	683.3122	654.25	878.6	125000	48.81188	14.782806	96.41546	-53.62957	48.811794	14.787457	96.318726	-145.27728	-50.244747	7.3387065	1151.2978773117065
26	584.6497	381.99588	1245.5908	130.93547	960.4714	384.6441	1631.6486	313.76703	549.3333	707.0	130000	50.049957	15.709107	97.34323	-46.03842	50.049934	15.711643	96.95549	-60.878277	-51.48446	7.598823	1202.192331790924
27	552.4211	648.20355	1934.3615	32.63097	678.29553	340.5164	1045.2302	115.6394	358.42856	611.6	135000	51.57222	16.799	100.87459	-30.831493	51.57246	16.800629	102.8587	-62.518734	-53.02488	8.460134	1252.223869562149
28	879.80646	694.76135	2032.3741	56.50352	1033.1885	509.06628	2099.0286	98.41836	495.22223	803.0	140000	53.183285	17.960394	103.02643	-49.695915	53.183414	17.962063	103.55466	-94.57239	-54.69414	9.266866	1300.8119268417358
29	991.7597	469.3245	1410.9978	194.44263	402.7809	357.74078	1250.5441	68.129456	711.0	238.1	145000	54.30683	18.96552	108.137405	-34.248306	54.306767	18.965487	109.17717	-30.022997	-55.855522	9.547481	1344.718938589096
30	882.10895	600.91016	1799.1313	62.952984	1236.1125	711.877	2331.5593	289.22427	669.0	675.2	150000	55.537945	20.22246	111.700264	-39.4234	55.537773	20.22363	113.178986	-52.285736	-57.102158	9.673366	1398.208128452301
31	1241.8964	559.5553	1919.1442	237.438	1077.983	588.2147	2116.9585	41.749023	751.8333	713.2	155000	57.173176	21.695864	115.866615	-43.688015	57.173138	21.697699	116.1299	-56.252842	-58.778133	10.136958	1446.5207579135895
32	1186.9558	696.5951	2334.3916	269.1227	2106.0833	252.08086	2284.2917	1372.4375	610.625	952.9	160000	58.847706	23.126522	116.33583	-57.36624	58.847424	23.129057	116.415016	-47.049957	-60.50895	10.8636675	1500.7622640132904
33	1505.3385	674.03503	2275.9338	534.3406	1604.633	831.6187	2451.2334	106.22486	870.6667	704.5	165000	60.622536	24.469545	121.99617	-40.931046	60.622612	24.470673	124.73092	-60.60397	-62.384163	10.878963	1553.044786453247
34	1727.5957	847.9692	2456.4553	12.87412	1590.9061	954.39636	2694.3052	115.50959	835.8333	721.6	170000	62.543606	26.211227	124.733955	-53.546425	62.543255	26.213549	127.59674	-58.058704	-64.27682	11.740964	1604.4998562335968
35	951.4135	717.15875	2394.0876	53.66218	949.9385	725.06055	2265.1023	7.079683	533.2222	597.0	175000	64.40726	28.06906	128.98656	-38.669373	64.40743	28.068192	131.42416	-49.69129	-66.16829	12.723793	1652.8786430358887
36	1329.6105	794.1617	2659.106	117.93334	2127.421	949.10583	2847.6328	229.97029	757.1429	853.0	180000	66.26218	29.829603	135.8144	-41.77868	66.26266	29.831743	136.59665	-43.104626	-68.08549	13.761433	1708.169093132019
37	1103.5363	860.4114	2520.5183	60.14508	1387.4305	754.226	2850.1858	520.70306	570.8889	695.8	185000	68.19705	31.783218	141.27956	-33.316063	68.197075	31.782198	144.88576	-34.365414	-70.03774	14.6632395	1760.9346950054169
38	2011.2174	909.97766	2734.8743	364.61282	2154.9028	954.105	2928.7124	55.620804	784.0	903.9	190000	70.51632	33.69338	145.53894	-72.68707	70.51625	33.694412	148.00327	-46.52467	-72.383766	15.57484	1819.535681962967
39	1806.2214	847.97687	2717.694	452.2809	2703.5923	331.64572	2913.424	1722.4795	830.8	961.3	195000	72.73478	35.684155	148.22525	-36.135757	72.73507	35.68615	146.56844	-33.038376	-74.64269	16.111732	1869.1766755580902
40	2460.0327	348.10776	2801.371	1886.4095	2342.2866	921.55286	3216.276	546.98096	956.1667	886.0	200000	74.66447	38.45885	156.28177	-30.198193	74.664345	38.46065	157.42236	-37.568142	-76.82081	17.235434	1928.6519198417664
41	2131.3667	1019.31165	3215.9463	157.69482	1186.2745	848.7934	3218.4272	277.07248	843.8333	535.4	205000	76.76847	41.63187	167.5483	-50.70565	76.76793	41.632282	165.54723	-44.988464	-78.94113	18.924232	1978.9533083438873
42	1987.1959	757.5712	3033.633	868.24084	2705.9297	861.2541	3549.128	607.71747	704.4286	881.7	210000	79.13764	43.994785	168.58034	-44.640285	79.13713	43.99649	165.6488	-61.45253	-81.36446	21.162848	2032.094560623169
43	2196.5034	679.0272	2917.7456	933.84454	1970.9613	990.1821	3511.4385	690.3589	845.5	803.8	215000	82.21926	46.100838	178.4336	-38.42567	82.21843	46.10287	173.84616	-50.94511	-84.38723	21.826433	2085.8525075912476
44	1920.5596	751.9316	2871.265	922.87115	2012.4319	1024.4111	3670.566	815.8134	696.8333	660.3	220000	85.112114	48.011604	186.9544	-43.830452	85.11149	48.014133	179.33885	-72.53352	-87.161255	23.477169	2130.9953920841217
45	1436.6714	1094.9342	3229.6401	46.314526	987.94464	831.9395	3011.666	186.02133	620.2222	485.4	225000	87.4416	49.976654	183.35397	-43.066494	87.44085	49.97837	182.5785	-53.620876	-89.640175	24.229856	2184.5776002407074
46	2707.1128	739.8396	3374.2922	1387.0112	2607.0767	1054.5647	3690.3066	867.18445	1000.0	815.1	230000	90.23016	51.825703	187.00694	-59.501766	90.229034	51.82786	187.43379	-121.00296	-92.61887	25.892065	2238.8725893497467
47	2145.9685	1197.1232	3241.0845	176.0619	2859.0522	1065.0399	3714.5415	418.85028	726.3333	796.8	235000	92.725426	53.560246	193.92519	-84.17551	92.72485	53.563698	194.86093	-50.231052	-94.981384	26.785192	2288.5053865909576
48	2848.418	772.9864	3389.1406	1217.767	1199.4636	763.1917	2359.584	116.25822	975.6667	461.3	240000	95.25335	55.45932	199.13884	-86.07987	95.2518	55.461266	198.7051	-76.729576	-97.57226	27.817425	2343.2747859954834
49	1341.0289	1042.999	3450.8552	373.9592	1918.8196	1466.0581	3716.3313	146.1286	424.63635	614.7	245000	97.76948	57.56075	203.3513	-86.22446	97.768295	57.564297	205.19203	-90.00061	-100.14304	29.830463	2392.312474012375
50	2572.4348	843.77435	3372.1836	971.79333	3611.1118	581.43146	3986.403	1890.1237	835.8333	948.7	250000	100.44515	59.413563	208.49614	-70.02177	100.44372	59.41604	206.29642	-107.8782	-103.02176	30.620398	2449.0139796733856
51	2448.3704	1266.9835	3680.6687	529.8463	3829.2708	153.2182	4131.3784	3638.3325	762.7143	1000.0	255000	103.2234	61.29164	208.79677	-57.215546	103.22226	61.29255	213.04205	-59.448322	-105.69685	31.85754	2508.579761505127
52	3124.7383	758.6355	3729.5134	1634.1158	3581.9329	87.936676	3710.097	3453.0176	1000.0	1000.0	260000	106.02705	63.169865	215.11954	-61.254425	106.02612	63.172512	218.98686	-90.56218	-108.37212	32.84789	2564.7297263145447
53	3160.1365	558.123	3611.8367	2092.7603	3143.934	834.971	4080.9753	1344.8008	924.4	860.6	265000	108.72653	65.04026	218.45964	-60.08946	108.72537	65.04122	217.41843	-93.92573	-111.387146	34.134857	2616.296395778656
54	2350.4424	1375.7058	3693.6982	342.56915	3291.0845	1221.2668	4051.7634	503.69943	652.875	848.9	270000	111.73058	66.76856	222.26387	-47.57947	111.72905	66.771164	222.6276	-65.2827	-114.25046	35.1589	2671.3359286785126
55	2370.5964	1113.4814	3625.3906	846.64667	3385.836	765.8544	3817.1135	1110.5232	675.1429	928.4	275000	114.673615	68.44477	229.5094	-66.03987	114.67281	68.44985	226.20425	-48.61758	-117.071205	36.161198	2725.3678748607635
56	2057.8691	1314.1545	3759.2446	147.49046	3725.5676	536.0923	4129.188	2537.8525	714.2857	970.8	280000	117.58244	69.8718	235.72336	-77.5806	117.57908	69.87986	235.57645	-85.00708	-120.058235	37.485485	2781.92862200737
57	3062.1094	814.17773	3833.8474	1626.4708	3817.9265	110.29582	4000.3826	3653.4282	952.8	1000.0	285000	120.205475	71.60661	236.99715	-71.480606	120.20144	71.61381	236.59586	-60.974014	-122.86352	38.163067	2835.881454706192
58	2288.9578	1260.6609	3974.497	495.31766	2238.7637	1414.4061	3979.7644	296.11972	687.625	655.1	290000	123.00866	73.6346	243.36928	-102.5182	123.00638	73.64061	242.53043	-80.300896	-125.85433	40.94719	2890.4814450740814
59	2623.9568	1028.0767	3916.911	918.7345	4113.648	167.29189	4333.7114	3869.1462	850.6667	1000.0	295000	125.19449	75.9148	248.70302	-107.059525	125.19298	75.917564	242.93434	-66.77972	-127.96425	42.173107	2948.3209371566772
60	2985.7	771.15063	3842.1736	1509.1663	3951.4597	699.4506	4346.6807	1880.8417	849.6667	946.9	300000	127.41836	78.477005	250.70317	-70.67629	127.41574	78.48321	250.27507	-88.94558	-130.09378	42.892254	3004.533786535263
61	3607.729	659.2812	4295.6816	2433.6484	3654.5728	1164.9556	4283.006	177.68907	893.6	906.9	305000	129.78328	80.74424	253.27386	-79.39097	129.78198	80.74752	254.47757	-109.16137	-132.58186	46.146164	3056.8743844032288
62	2467.8994	1302.4567	3886.3838	77.562004	3781.7722	936.7076	4434.0312	1006.8999	670.5	931.4	310000	132.37164	82.879814	259.6801	-129.72351	132.37242	82.880066	256.35742	-86.82628	-135.19258	47.160336	3115.507793903351
63	2727.9941	1212.9678	3810.8503	357.44678	3689.2317	1020.19946	4211.0195	721.3576	720.5	905.7	315000	134.42302	84.24121	261.49585	-174.36282	134.42279	84.24031	259.96265	-93.99979	-137.38962	50.681347	3166.7507956027985
64	3234.8728	1014.99054	4099.3457	1298.0022	2934.1335	1269.0974	4358.145	298.3262	837.1667	867.5	320000	137.40611	84.70314	266.48804	-124.93278	137.40602	84.70341	266.8491	-119.66973	-140.17969	51.05977	3222.9756326675415
65	2839.2651	1219.8091	3992.549	1391.5151	3850.3938	120.399666	4035.7617	3653.5066	729.7143	1000.0	325000	140.66791	85.11457	266.0439	-74.79116	140.66832	85.11411	269.57626	-102.605354	-143.56151	51.849476	3281.9587531089783
66	3091.763	898.76965	4384.1797	1750.3427	3490.6687	1370.4291	4297.453	153.6214	779.7143	842.4	330000	144.26204	85.55523	270.68588	-93.365524	144.25728	85.56655	269.47272	-109.84076	-147.02289	52.51973	3343.1227049827576
67	3145.2395	1378.9061	3990.8193	71.97165	4020.4644	360.71204	4395.359	2996.4888	839.1667	1000.0	335000	146.81184	86.86864	271.89545	-136.24532	146.79759	86.893265	272.38	-152.58963	-149.76326	55.01574	3404.8801367282867
68	3526.1367	1216.7621	4206.171	814.2149	4304.7725	150.16673	4510.848	4076.1174	856.5	998.6	340000	148.8719	87.89318	272.1309	-88.87764	148.8685	87.90163	277.36862	-124.23705	-151.88885	54.799717	3466.7740705013275
69	2201.5867	1172.7592	3769.031	500.62827	2489.5183	1423.733	4332.3047	715.19293	682.8333	862.3	345000	150.41487	88.74535	275.28314	-77.14506	150.41344	88.74916	277.9864	-98.4794	-153.52837	55.053036	3520.7873752117157
70	2948.978	1417.9711	4255.8584	145.17845	1572.0691	1143.2477	4293.7363	80.07064	745.875	460.1	350000	152.9009	89.79922	282.75586	-163.18814	152.89911	89.801834	282.75455	-119.15663	-155.96237	57.35591	3580.180730342865
71	3711.6301	837.0334	4294.9106	2050.4324	4270.5957	376.47324	4604.8403	3202.683	909.6	975.1	355000	155.77492	90.541145	282.29718	-136.12375	155.77458	90.54357	284.59406	-133.0511	-158.60617	57.4426	3637.1943781375885
72	3655.3718	719.0711	4316.991	2432.7559	3604.2563	1514.3535	4681.5264	431.18558	894.8333	810.2	360000	158.45256	91.10114	286.0455	-126.4494	158.45166	91.1026	289.52325	-134.88226	-161.20409	58.94651	3698.0474784374237
73	2892.4739	1516.671	4275.4717	963.0386	3135.1885	1694.0692	4553.131	81.78636	857.0	769.1	365000	160.18018	92.2234	287.96405	-93.079315	160.17967	92.22741	288.8141	-99.86885	-162.9793	57.979053	3749.4623095989227
74	3727.6863	961.63403	4352.3057	1624.6025	3764.069	1483.8352	4770.2373	125.94304	902.8333	846.1	370000	162.29387	93.720085	291.643	-108.65207	162.29308	93.72271	292.5614	-110.44959	-165.04962	59.841656	3810.7150292396545
75	3626.176	786.82465	4366.7056	2075.7612	2374.9353	1368.3792	3962.8235	376.69614	884.0	619.2	375000	164.2031	95.76604	293.59222	-140.84581	164.20316	95.76498	293.98047	-92.98959	-167.18373	59.568817	3867.248652935028
76	3463.9282	999.3835	4449.3887	1676.4688	2917.2173	1524.7363	4579.3486	76.827415	847.2	685.9	380000	166.00891	97.27935	298.15182	-85.80513	166.0082	97.277855	297.71713	-99.64187	-168.90433	62.74249	3917.946125984192
77	4132.8545	30.473969	4177.3076	4102.87	4204.669	246.93256	4412.44	3550.2773	1000.0	980.1	385000	167.84364	98.649284	298.24106	-125.15056	167.84395	98.64979	297.09824	-96.78922	-170.61342	62.48975	3976.236293554306
78	4082.5925	175.6509	4391.335	3947.5151	3628.144	1304.8241	4634.5137	426.23764	1000.0	823.7	390000	169.85426	100.01156	300.0856	-110.33893	169.85442	100.01051	299.71613	-99.38277	-172.7376	59.721024	4032.3366589546204
79	3042.4905	1215.6704	4344.929	1238.6396	4071.3047	813.9423	4571.3525	1676.8306	725.625	942.0	395000	171.66985	101.34502	299.87762	-117.452835	171.66977	101.34792	299.85156	-134.75145	-174.84285	64.2926	4095.832843065262
80	3435.6804	1187.9866	4293.317	1018.9337	4484.8115	148.34	4718.663	4215.2446	823.3333	1000.0	400000	173.97218	102.300514	306.34055	-120.65456	173.97061	102.301765	305.43228	-117.61414	-177.06218	62.895966	4154.048469305038
81	3787.2898	347.72803	4127.3726	3192.9395	4265.4126	1361.5566	4929.915	196.33035	935.8	1000.0	405000	176.18434	103.081245	312.07852	-129.30507	176.18333	103.0872	307.08124	-104.52919	-179.01195	66.36308	4211.329401731491
82	4001.1238	696.25867	4637.4634	2635.0898	4227.3057	200.3182	4535.607	3802.202	904.8333	974.0	410000	178.29428	103.65347	307.93015	-134.29224	178.29265	103.65745	305.43286	-127.96546	-181.32428	65.715096	4273.376717329025
83	3531.0488	1008.5995	4306.1084	1363.4078	3707.9	1456.1012	4946.583	139.2388	834.8333	807.0	415000	181.10982	103.970795	308.74594	-149.75723	181.10872	103.97248	309.1085	-159.14389	-183.90997	65.613556	4329.467967748642
84	3157.177	1225.0698	4414.259	1307.012	3345.2297	1578.9854	4790.5366	672.947	745.6667	803.8	420000	182.87222	104.520065	310.202	-108.42976	182.87138	104.524666	310.1161	-120.95782	-185.82195	68.35827	4382.631038188934
85	3214.8547	1591.3965	4401.409	679.36676	4771.8086	114.91824	4929.636	4563.5796	770.5714	1000.0	425000	184.77768	104.700356	315.77658	-130.01854	184.77719	104.699394	313.7368	-107.8494	-187.91261	68.40178	4444.421667337418
86	2153.1655	1782.698	4455.495	5.391897	3684.3804	1252.9902	4712.421	1142.2896	634.75	818.6	430000	186.40831	105.296844	317.92288	-130.42644	186.40686	105.300026	315.81433	-133.6708	-189.24069	69.63208	4502.048289299011
87	3375.619	1171.3259	4303.928	1003.1048	4519.676	144.75298	4794.9014	4284.564	792.1667	1000.0	435000	188.25261	106.10179	317.44998	-202.69571	188.25214	106.10244	319.63684	-212.43283	-191.30965	73.41652	4559.606127023697
88	3523.8635	1182.5837	4605.2104	1513.4442	4626.076	99.12719	4782.17	4473.6743	820.6667	1000.0	440000	190.2829	106.04919	320.1165	-165.33266	190.28072	106.05321	316.44876	-174.72797	-193.13069	72.94589	4618.490410089493
89	3303.4558	1492.169	4445.3975	1161.1737	4128.0728	1328.1797	4848.88	188.42722	759.8333	906.3	445000	192.13602	105.99162	320.43997	-168.4366	192.13744	105.991066	317.12286	-186.47736	-194.95952	74.68672	4674.129487037659
90	3367.6514	1582.6836	4596.806	169.38506	4585.882	142.1553	4808.9077	4288.419	842.6667	1000.0	450000	193.85579	105.706924	318.13086	-118.777245	193.85445	105.70913	319.9653	-125.816284	-196.99655	75.735245	4733.759253025055
91	4442.7686	94.05141	4585.824	4316.0596	4519.783	265.55984	4753.824	3789.6836	1000.0	982.0	455000	195.68172	105.76705	323.84186	-141.18996	195.6816	105.77041	321.54996	-190.51376	-198.84937	74.80334	4792.935326576233
92	3733.8325	1418.8611	4693.024	916.40985	4510.4014	89.35082	4661.326	4373.075	1000.0	1000.0	460000	197.45413	105.74519	325.96475	-152.68433	197.45543	105.74465	324.7337	-170.91035	-200.1728	73.17361	4851.663551092148
93	3918.3132	984.0591	4480.015	1725.4268	4530.997	584.54266	4882.4937	2800.9043	910.0	967.6	465000	199.41881	105.55218	324.1384	-116.49327	199.41682	105.55574	321.62924	-127.0626	-202.67786	76.988	4912.422981977463
94	4161.865	749.2359	4847.773	2720.4426	4355.1685	1004.5952	4865.219	1360.9021	919.4	1000.0	470000	201.31204	105.84745	324.94235	-111.06886	201.31088	105.85153	329.7624	-113.83176	-204.12065	73.60918	4967.670451402664
95	4340.7812	258.52026	4621.108	3869.857	4666.0356	358.53903	5050.63	3821.0232	980.4	976.2	475000	202.79828	106.35072	330.8829	-157.80489	202.79631	106.35912	327.22906	-194.18185	-205.81339	76.96992	5026.17204785347
96	4473.5415	174.27394	4673.829	4150.11	4546.879	95.97545	4744.2124	4384.5923	1000.0	1000.0	480000	204.21054	107.18955	331.5733	-137.78268	204.20894	107.1972	328.53705	-148.52415	-207.46794	74.246315	5086.472556591034
97	4312.4985	548.06274	4706.471	3105.6787	4205.0415	1120.7075	4818.543	863.65265	945.0	923.0	485000	206.08582	108.13228	333.23206	-162.65622	206.084	108.13293	334.57748	-169.7523	-209.0325	75.33012	5150.411055803299
98	4181.2764	193.6694	4347.866	3834.6863	4783.3633	138.65488	5126.698	4652.72	978.8	1000.0	490000	208.01154	108.60037	335.92	-164.6311	208.01018	108.603546	333.06482	-159.74092	-211.05368	77.64354	5208.831209659576
99	4438.484	470.67075	4944.0547	3553.4434	4360.8833	1181.3442	4902.996	829.3888	957.2	921.6	495000	209.9949	108.81981	336.0473	-153.47556	209.99457	108.82254	339.5298	-254.79044	-212.7869	75.752106	5266.188774108887
100	3670.5293	1544.8556	4682.2593	239.43703	4143.3564	1378.0997	4986.1885	942.6061	845.5	853.3	500000	211.93137	109.20714	335.57962	-208.24425	211.93018	109.21231	335.1939	-206.95935	-214.74997	77.41323	5324.887975215912
101	4546.145	250.78891	4951.391	4168.96	4202.198	1053.8566	4861.4487	1107.3491	1000.0	906.0	505000	213.58171	110.15144	337.67618	-208.12567	213.58018	110.15527	337.4152	-171.37773	-216.5695	77.024704	5382.730433702469
102	3357.6797	1502.2946	4447.82	204.3107	4449.4087	924.94653	5044.869	1705.093	773.1667	938.1	510000	215.1197	110.80175	342.52194	-173.09235	215.11668	110.80905	340.74146	-172.2964	-218.01727	78.2497	5438.556136369705
103	3353.2812	1645.7012	4704.9707	715.3444	4803.0703	119.184074	5007.8047	4581.709	867.5	997.5	515000	217.0935	111.13642	342.76077	-197.88115	217.0928	111.13884	342.76443	-233.23671	-220.32518	79.8352	5500.804812192917
104	4001.261	962.3537	4556.735	1871.8615	4540.114	881.4663	5108.5884	1934.339	901.1667	938.4	520000	217.90112	111.680954	343.74622	-155.45496	217.90062	111.684395	344.3089	-166.87389	-220.85008	80.3757	5562.846503734589
105	3211.5144	1778.6718	4920.8315	702.74976	4765.8193	146.1514	5035.1196	4478.3076	724.1667	1000.0	525000	219.32599	111.69017	344.1415	-160.93712	219.32497	111.69335	344.7287	-143.654	-222.38481	80.93535	5618.517665147781
106	3439.0728	1476.7214	4522.225	759.0783	3790.816	1427.637	4768.7646	737.22736	774.2857	844.2	530000	220.97675	111.41032	342.78107	-239.33786	220.97537	111.41234	344.47076	-163.34187	-224.105	81.33823	5679.110769510269
107	3561.6204	1540.9958	4723.8135	503.2259	4196.023	940.28436	4875.4194	2272.2346	788.0	890.3	535000	222.10388	111.6987	345.245	-173.75287	222.10352	111.70113	348.23773	-164.71979	-224.90794	79.71117	5737.078109502792
108	4578.0107	107.90079	4735.218	4397.7344	4172.4536	2089.0754	5057.439	-2083.9785	1000.0	1000.0	540000	223.96085	111.48993	346.2666	-149.27658	223.96094	111.49169	348.24927	-139.4128	-227.11156	82.403625	5797.786777019501
109	4640.9893	142.59555	4867.933	4452.951	4041.7078	1319.3263	4737.791	125.09994	1000.0	878.3	545000	225.64346	111.22985	349.28842	-170.32466	225.64255	111.23329	349.541	-173.19754	-228.80788	82.19504	5856.343557834625
110	4456.224	226.03731	4650.377	4035.8462	4151.9185	1498.8378	5003.538	-84.143684	1000.0	871.7	550000	227.50468	110.43244	347.69446	-174.37839	227.50371	110.43676	349.73303	-201.23155	-230.86765	79.28345	5915.229080915451
111	4605.982	194.38864	4943.499	4382.537	4707.2085	530.2311	5134.421	3185.38	1000.0	966.1	555000	229.59232	109.1634	349.0856	-201.74289	229.59209	109.16759	350.32996	-272.4169	-233.09372	81.120926	5974.983885765076
112	4693.598	61.824463	4815.3145	4650.2563	3521.198	1880.8523	5033.934	135.81032	1000.0	824.1	560000	230.72206	109.85639	352.1043	-199.99089	230.72319	109.854706	352.96643	-183.01834	-233.80016	83.5938	6034.380004405975
113	3948.698	1129.7142	4766.787	1739.513	4315.3594	1615.3999	5019.5244	-520.41327	1000.0	1000.0	565000	231.62366	110.951775	352.14023	-209.52237	231.62195	110.95781	349.65253	-212.95506	-234.56876	79.8202	6096.210855722427
114	4484.8857	270.71252	4786.49	4046.0593	3957.314	1502.8574	5126.567	182.6151	1000.0	826.7	570000	231.94128	112.95579	352.1419	-187.08208	231.93907	112.964424	350.84268	-172.8044	-235.34035	80.31618	6155.780378818512
115	3510.1362	1509.8484	4913.722	879.9316	4645.612	704.74774	5051.4253	2555.091	754.0	952.4	575000	232.7832	114.03419	353.0474	-199.30983	232.7823	114.03733	355.7807	-172.00243	-235.63809	80.71837	6217.90095615387
116	3913.763	1493.2842	4780.622	584.99554	5017.4556	157.27356	5322.8613	4806.279	856.3333	1000.0	580000	234.36748	114.40366	356.77155	-228.1708	234.36569	114.40762	354.5103	-211.34306	-237.09024	76.70923	6280.117999315262
117	4815.955	146.03627	5036.186	4642.9272	3660.8413	1597.9781	5116.5913	292.50305	1000.0	748.6	585000	236.15495	114.595795	355.17984	-223.14792	236.15433	114.5996	356.011	-196.52309	-238.88185	80.44449	6337.855731010437
118	3942.9358	1740.3641	5024.53	64.24929	4781.926	416.84616	5097.782	3593.2563	838.0	1000.0	590000	237.54279	114.92093	359.60565	-190.46376	237.54044	114.929115	355.82358	-368.67584	-240.51971	82.19256	6397.964693307877
119	4750.804	122.50108	4921.675	4545.9277	4695.619	166.25458	4901.168	4332.3926	1000.0	1000.0	595000	238.43822	115.33969	357.18076	-227.24947	238.43594	115.34705	357.23212	-204.76482	-241.5027	79.821236	6459.045110940933
120	4581.8193	200.16652	4815.075	4271.6587	3806.2195	1525.1659	5043.7295	1082.0535	1000.0	767.4	600000	239.32455	116.176315	359.7823	-236.11415	239.32253	116.18238	356.376	-255.83786	-242.36192	80.93492	6517.105976104736
121	4667.68	105.0631	4801.158	4578.391	4308.198	1286.8684	5185.774	1178.2762	1000.0	874.6	605000	240.26126	117.51836	359.46362	-233.41977	240.26035	117.521706	359.0345	-269.82953	-243.0338	78.82656	6576.089112043381
122	4363.758	635.498	4920.215	3120.1846	4762.251	73.69713	4879.3765	4667.036	924.2	1000.0	610000	240.80386	118.656746	361.15527	-229.92426	240.80136	118.6654	358.71658	-228.34615	-243.62724	81.54829	6634.582737207413
123	4405.7983	401.7265	4803.979	3664.2441	4691.2866	877.37146	5189.9824	2078.936	924.2	946.8	615000	242.38377	118.49878	365.34793	-224.4785	242.38194	118.50536	362.51108	-193.4998	-245.0278	83.9239	6691.784002542496
124	4825.601	209.18509	5102.01	4485.7104	4765.77	397.43213	5198.661	3655.5874	1000.0	971.0	620000	243.54492	118.73163	368.55228	-253.21652	243.54434	118.73384	362.74213	-265.8949	-246.40852	82.24834	6753.125246763229
125	4301.9634	946.26196	4817.506	2192.266	4795.069	1050.7507	5353.194	1675.7241	909.3333	937.1	625000	244.67125	119.01301	365.05646	-172.7805	244.66862	119.01946	364.67325	-151.1411	-247.58621	81.67184	6816.3456082344055
126	4885.0264	100.24756	5057.949	4769.1	5033.833	179.32947	5298.832	4711.6367	1000.0	1000.0	630000	245.98677	119.47529	367.22995	-198.24811	245.98564	119.47593	366.0227	-147.65341	-249.1185	83.53755	6877.615911960602
127	4945.364	74.62255	5078.1357	4853.405	4549.6904	1245.6455	5380.2573	1301.6694	1000.0	963.0	635000	246.64934	120.73224	364.74533	-156.33289	246.64896	120.73436	366.9118	-156.69547	-249.51888	81.95617	6938.827146530151
128	3355.4607	1985.3445	4962.607	448.41608	3999.0208	1670.683	5013.9233	285.27365	832.1667	834.5	640000	247.43466	121.791534	366.05005	-252.08647	247.43274	121.79993	365.8735	-241.4255	-250.46037	84.6779	6998.962273597717
129	3897.6145	1648.7644	4898.5376	223.82935	5105.9453	83.29379	5253.0337	4988.2993	845.3333	1000.0	645000	247.92009	123.72756	368.16507	-140.27332	247.91867	123.730965	366.69678	-178.47166	-251.0832	82.416145	7060.884239912033
130	4956.3174	144.69203	5196.9336	4787.996	4917.383	106.936356	5027.942	4672.1235	1000.0	1000.0	650000	248.26016	126.13533	366.99664	-202.34506	248.25758	126.140785	368.0825	-167.36871	-251.3465	85.03836	7122.685780286789
131	3977.0994	1232.1266	4781.8633	1277.458	4715.4536	927.5213	5338.2593	2085.5872	877.0	925.0	655000	248.9479	127.25056	369.4265	-163.84819	248.94577	127.254456	369.00012	-159.31442	-252.21439	84.43566	7185.646049976349
132	3587.6633	1507.3357	4895.397	956.91754	5095.7217	116.86408	5303.027	4841.236	922.8	1000.0	660000	248.67175	129.23897	369.15237	-161.80464	248.67137	129.24454	368.95273	-135.85052	-251.61162	86.713455	7244.989779472351
133	3881.2612	1932.4791	4933.13	19.434536	4866.572	991.30414	5388.2407	1927.4281	1000.0	1000.0	665000	248.76758	130.544	370.10715	-184.66415	248.76787	130.5452	371.60757	-163.83916	-251.63737	87.05305	7305.8340718746185
134	4424.466	894.2273	5037.1216	2655.4229	4441.6187	1293.009	5035.767	574.63916	912.6	913.9	670000	250.59103	129.72446	370.96375	-178.5821	250.58952	129.72876	374.8084	-179.37538	-253.35478	84.54967	7363.353945016861
135	4394.799	1251.809	5097.945	1604.3683	5174.624	134.46542	5351.359	4969.857	901.1667	1000.0	675000	252.5539	128.40663	375.01648	-172.54324	252.55501	128.40434	375.32822	-127.97714	-255.55348	85.098206	7428.321666479111
136	4521.676	761.7308	4974.155	2826.8464	4861.2236	1226.0736	5419.0947	1193.1069	929.1667	924.6	680000	254.64265	127.13626	375.1231	-187.20438	254.64268	127.14066	378.95023	-168.27887	-257.69962	88.28037	7493.089378833771
137	4725.2617	277.81488	5209.846	4466.5605	4801.5674	588.8307	5116.249	3050.718	1000.0	957.6	685000	256.18405	126.16913	374.97122	-221.63539	256.18356	126.171074	375.34958	-186.2368	-259.4254	83.757324	7554.149553775787
138	3890.8364	1121.1108	5048.9556	2176.2688	5036.811	123.81571	5245.897	4820.0913	819.2	1000.0	690000	257.1432	125.49841	376.49158	-147.20226	257.141	125.50477	376.54575	-197.96642	-260.02628	86.14	7610.679393768311
139	4291.578	901.42535	5205.4463	3011.8271	5042.4434	108.08638	5265.74	4870.5757	877.1667	1000.0	695000	258.59387	124.83619	377.48264	-138.77415	258.5945	124.83866	376.04578	-234.69443	-261.37372	84.24592	7674.547335147858
140	4877.368	111.0222	4994.7026	4684.5	4566.629	981.0494	5182.4326	2270.0544	1000.0	944.3	700000	259.9181	123.98607	377.71664	-220.82632	259.9194	123.980804	377.59363	-185.69154	-262.7528	88.47184	7736.433699607849
141	4930.1157	115.83756	5082.353	4796.712	5083.661	272.38977	5359.757	4405.2783	1000.0	982.3	705000	260.94736	123.9059	380.45798	-179.93121	260.9467	123.9101	384.98004	-192.3872	-263.64206	86.8553	7799.148029565811
142	4848.995	106.23553	5002.585	4681.5522	4722.503	1577.5658	5623.4346	19.83495	1000.0	903.3	710000	261.86023	123.74689	383.83133	-259.842	261.8614	123.743965	382.29266	-238.20053	-264.5083	88.8001	7860.023583173752
143	4786.7993	158.47545	4987.0913	4572.678	5250.716	218.23416	5578.3003	4944.261	1000.0	1000.0	715000	262.77728	123.400795	378.68646	-235.85371	262.77628	123.40926	379.6086	-252.47191	-265.5027	89.655235	7922.286532640457
144	4775.1865	420.3211	5156.927	3963.104	4574.254	1502.8212	5330.909	88.82477	964.6	897.9	720000	263.43463	122.927055	384.2835	-266.82828	263.43414	122.928635	385.43726	-259.58118	-266.30856	87.39645	7981.300364732742
145	4904.6055	232.15077	5041.734	4440.9263	4356.0854	1714.5208	5408.6987	232.63535	1000.0	941.4	725000	264.7344	122.33056	381.0767	-257.32843	264.7332	122.33058	381.3956	-270.69177	-267.6451	85.78879	8042.518830537796
146	3938.5483	1741.8405	5244.191	808.5905	4418.464	1219.047	5116.859	1886.955	788.1429	885.7	730000	266.06555	121.80255	379.5935	-274.01016	266.06406	121.80884	380.9662	-256.97586	-268.9125	87.02527	8106.739916563034
147	4362.5957	1292.1599	5091.3906	1784.9497	4848.646	1153.5771	5588.9683	2329.447	1000.0	898.8	735000	267.1147	121.838524	380.45456	-243.5959	267.114	121.83838	383.9067	-237.62704	-269.82474	82.37043	8167.8205580711365
148	3389.0452	1967.9036	5233.0493	565.5305	4777.4546	1510.5193	5521.455	262.68286	676.7143	906.4	740000	268.0486	122.67195	383.46863	-315.75317	268.04688	122.67434	387.5934	-202.3826	-270.82565	85.97629	8226.709441900253
149	5112.9883	33.653442	5150.71	5054.1343	5349.373	113.58198	5527.765	5143.8735	1000.0	1000.0	745000	269.14423	123.14706	382.4573	-215.86737	269.144	123.147865	382.8942	-198.56396	-271.82126	88.39313	8289.349205493927
150	4267.855	1197.5885	4963.3086	1602.6934	4928.634	595.296	5369.1626	3171.252	886.6667	964.7	750000	270.18466	123.20972	389.1367	-218.11288	270.18448	123.21199	387.91788	-179.71025	-272.8154	92.55484	8353.930666923523
151	4147.0356	1524.7463	5025.254	746.44696	4785.2314	1376.0466	5424.6978	672.54816	863.8333	914.1	755000	271.05432	123.19607	388.51984	-299.25577	271.05325	123.19643	388.81418	-249.83926	-273.8132	91.78727	8416.45330452919
152	4052.277	1822.6256	5230.84	12.306683	4481.9346	1481.742	5345.2915	1260.2759	828.1667	861.0	760000	271.7229	123.09906	387.21606	-248.84743	271.7215	123.10116	385.66534	-231.56053	-274.64923	91.25151	8476.874614953995
153	3301.1543	1550.8478	4930.3276	749.88025	4811.3955	1175.5692	5441.97	1329.6372	698.8333	926.9	765000	272.44907	122.8058	385.0567	-189.01932	272.449	122.81047	384.32935	-200.60292	-275.19528	92.51741	8532.973479032516
154	4820.1045	152.20062	5111.6855	4678.3115	5189.7607	160.53122	5431.993	4884.6416	1000.0	1000.0	770000	272.90674	122.71923	387.15555	-197.7921	272.90494	122.72145	388.0481	-211.91626	-275.42767	91.17174	8596.926076412201
155	4662.3735	777.655	5168.0073	2941.0596	4571.3433	1114.6909	5298.7236	1440.7574	935.1667	898.7	775000	273.8623	122.724396	388.82718	-282.85373	273.86325	122.722435	390.597	-300.61884	-276.76886	88.88125	8662.758692979813
156	4769.578	187.10199	5065.759	4518.1704	5243.1846	122.9553	5568.838	5112.979	966.8	1000.0	780000	275.1186	122.17461	387.91797	-170.07365	275.11978	122.17669	387.9615	-194.0268	-277.90726	90.931046	8725.163871765137
157	4955.657	122.44378	5160.4316	4794.416	4489.643	1509.0631	5203.9004	15.577205	1000.0	886.5	785000	276.15128	121.70977	390.5704	-251.31825	276.15048	121.713295	390.051	-242.90886	-278.7059	93.24046	8785.726282835007
158	4452.025	946.54596	4918.6465	2336.208	5101.692	166.57272	5345.527	4830.764	910.1667	1000.0	790000	276.49017	121.287186	391.48465	-254.78363	276.4895	121.28711	390.21265	-234.77745	-279.18912	92.96695	8852.590290307999
159	3971.7583	1964.8854	5020.9434	44.197506	5295.3086	174.47734	5637.38	4998.039	805.6	997.9	795000	276.56677	121.07845	387.20203	-241.99715	276.5651	121.0856	388.47513	-246.02322	-279.42847	96.0438	8908.958508729935
160	4052.299	1668.39	5099.9634	342.05322	4608.8896	1262.7986	5569.45	2089.2349	814.8571	882.6	800000	276.95453	121.30435	389.62097	-245.60709	276.95074	121.31496	388.97467	-225.8258	-279.7507	90.43097	8976.70199728012
161	5031.29	162.23543	5215.7554	4846.105	5277.7056	108.6787	5473.5156	5132.737	1000.0	1000.0	805000	277.11823	122.41803	391.26773	-269.87378	277.1116	122.43286	389.71936	-249.77019	-280.11865	91.18914	9039.912130594254
162	4886.158	147.77888	5098.263	4708.369	4704.97	1504.7382	5395.746	226.71515	1000.0	905.9	810000	276.432	125.053505	390.3561	-301.78235	276.42465	125.07384	389.58762	-259.90292	-279.37823	94.58713	9102.652599096298
163	4217.1704	1793.8813	5175.1396	209.84651	5209.4126	84.794876	5356.9644	5069.43	845.5	1000.0	815000	276.60126	126.54432	395.15283	-271.74268	276.59842	126.55322	392.11133	-268.38214	-279.73172	95.608955	9166.536360740662
164	4930.3506	181.72049	5164.6016	4639.8623	5083.8535	96.37445	5257.0195	4905.6113	993.2	1000.0	820000	276.49673	127.23108	395.80505	-201.73347	276.4949	127.232315	395.21564	-152.99634	-280.0234	98.57108	9229.683143377304
165	4969.9077	190.36494	5277.987	4758.763	4674.451	1446.1267	5336.4404	344.9265	1000.0	908.8	825000	277.61325	126.70448	387.32568	-291.88202	277.6149	126.70169	389.36182	-280.4137	-280.81744	95.08791	9292.719240903854
166	4363.573	1161.8463	4986.219	2040.2959	4380.2197	1717.3501	5528.3213	564.5879	885.8	841.3	830000	278.56973	126.543396	389.94608	-216.60085	278.56903	126.546524	390.96082	-193.71611	-281.8441	95.078026	9350.534940719604
167	4665.612	939.5356	5286.7744	2594.9321	4769.3994	1484.8339	5635.0723	504.03836	930.1667	885.0	835000	279.745	126.02393	391.09525	-245.95287	279.74622	126.021194	391.12997	-224.07712	-282.71118	96.42152	9416.057405948639
168	4520.513	1220.7947	5218.614	2085.6558	5191.938	412.63815	5500.223	4010.3184	882.0	971.0	840000	280.41718	124.89338	391.16055	-173.49478	280.41656	124.8938	391.8628	-183.31702	-283.42618	97.15014	9474.952889204025
169	4936.048	63.672707	4997.944	4821.785	5189.8857	121.718666	5416.665	5013.1875	1000.0	1000.0	845000	281.18848	124.64021	396.58774	-230.11034	281.1892	124.63818	393.0453	-242.09395	-283.58984	96.91979	9537.634361028671
170	5050.133	152.37549	5312.061	4922.7007	5127.777	630.6373	5598.178	3326.2134	1000.0	963.6	850000	281.45874	124.671844	401.6209	-181.03656	281.4586	124.66903	395.41052	-316.14426	-284.2765	96.50127	9601.25621342659
171	4325.0024	1541.1184	5269.04	900.6208	4549.5684	1199.5297	5327.0913	1476.7056	869.3333	962.3	855000	282.09802	124.40902	394.37924	-192.37936	282.09735	124.41245	393.74332	-171.21886	-285.12015	96.86176	9666.55258488655
172	3778.24	1943.7437	5137.221	589.2086	4594.2944	1250.6631	5312.0195	878.57526	760.0	917.5	860000	282.19376	125.150475	399.12515	-235.72034	282.19363	125.15099	397.2895	-187.61209	-285.18954	95.509636	9732.086960077286
173	5004.322	187.33798	5273.601	4748.724	4615.2925	752.3065	5060.8623	2398.7886	1000.0	953.0	865000	282.76428	125.427246	391.77414	-266.08954	282.7628	125.42989	393.87827	-274.333	-285.8906	97.12156	9795.110936880112
174	4865.6514	214.03871	5107.5425	4479.04	5312.766	348.4745	5599.0093	4322.059	1000.0	979.6	870000	283.6158	125.58088	390.92923	-243.30077	283.61523	125.58549	397.48196	-201.68643	-286.51617	96.69091	9858.53247308731
175	4975.6504	237.7988	5342.6206	4620.134	4606.0713	1303.6093	5627.921	2208.9578	1000.0	853.3	875000	284.4631	125.90617	394.44022	-273.44296	284.46326	125.90713	395.8044	-265.51624	-287.007	100.070335	9920.066353082657
176	5011.694	132.43297	5266.544	4912.522	5331.7046	226.58458	5634.619	4963.6484	1000.0	1000.0	880000	285.04065	126.44738	394.68292	-202.2635	285.04156	126.44703	393.42776	-221.29881	-287.82486	96.90995	9982.31400847435
177	3618.3142	2212.0654	5279.8545	32.419754	4894.878	1144.8677	5497.1655	1495.3179	726.4286	929.7	885000	285.74692	126.2992	395.45273	-221.44861	285.7462	126.301315	395.54373	-283.41022	-288.58652	93.6461	10046.703184366226
178	4409.5923	646.9539	4977.649	3366.3232	5287.4717	139.68945	5496.4653	5048.2837	934.8	1000.0	890000	287.00623	126.41668	394.28207	-231.12506	287.007	126.41531	396.29095	-228.40103	-289.837	96.09342	10107.328036546707
179	3790.374	1937.9548	5270.5337	160.66862	4306.857	1590.0791	5210.5874	668.7844	833.8333	848.1	895000	287.15714	126.748856	395.79846	-319.9824	287.15662	126.75181	394.91333	-297.39023	-289.76578	95.77424	10168.503649234772
180	5035.2944	106.30087	5214.801	4908.0073	5194.1807	248.58347	5387.831	4501.9917	1000.0	984.7	900000	287.59344	127.256096	395.19995	-313.1412	287.593	127.26109	395.18295	-295.52313	-290.2557	97.901276	10231.170348644257
181	5100.614	144.71846	5241.8076	4900.8384	4087.2356	1725.2258	5496.562	736.7238	1000.0	802.1	905000	288.32333	127.370094	396.2368	-288.65512	288.32233	127.374405	398.00168	-316.6372	-291.2297	97.59686	10292.452617406845
182	3819.1257	1920.8223	5255.448	317.7811	5163.6475	950.7214	5723.271	2353.018	846.8333	935.0	910000	288.65155	127.51895	401.0621	-281.29996	288.651	127.52157	400.9696	-269.22626	-291.68777	103.49872	10355.869342327118
183	5185.3076	22.20819	5213.069	5148.1533	5101.324	624.9945	5640.52	3363.9446	1000.0	953.5	915000	289.5786	126.96101	399.04364	-321.9045	289.5787	126.96025	400.7741	-307.14786	-292.63544	96.506874	10419.924377202988
184	4931.616	119.160065	5021.2754	4697.5806	5244.008	88.637535	5477.1357	5126.866	1000.0	1000.0	920000	290.34818	126.360916	402.95166	-267.9928	290.34915	126.36626	399.07596	-245.45087	-293.06995	97.974174	10483.971315145493
185	4468.319	1043.2664	5118.4307	2386.692	5102.41	1251.0858	5720.678	1369.6229	892.0	923.2	925000	291.63498	125.1785	398.8491	-308.25012	291.63477	125.18056	399.7018	-267.88672	-294.5707	100.98729	10543.149026632309
186	5177.1416	76.05997	5302.2144	5098.623	5203.8877	234.41661	5487.9937	4823.2847	1000.0	1000.0	930000	291.85593	125.025635	398.3908	-295.83658	291.85556	125.02503	400.68466	-329.3125	-294.74124	98.44304	10607.688863992691
187	5126.5166	92.72823	5300.82	5025.692	4931.385	671.11694	5500.7896	3466.4368	1000.0	944.9	935000	293.00455	124.1071	397.50717	-378.83017	293.0051	124.10933	398.16013	-363.11353	-295.78665	96.42524	10671.662139415741
188	5005.864	248.36502	5424.8154	4612.212	5363.0933	129.65947	5687.062	5224.3364	987.8333	1000.0	940000	293.4519	123.97768	398.68524	-269.10828	293.45157	123.97836	401.55215	-299.40042	-296.04492	99.59404	10743.896471261978
189	3350.5696	1686.8843	5185.386	1114.8749	5373.584	125.96122	5535.9097	5126.4756	657.4286	1000.0	945000	293.84396	124.465805	401.43304	-299.537	293.84567	124.4636	401.561	-260.8275	-296.67984	93.71781	10805.589956521988
190	5105.5205	94.63685	5246.3516	4974.256	5298.0737	149.29955	5515.2437	5045.0776	1000.0	1000.0	950000	294.95108	123.57836	399.64874	-328.98877	294.95126	123.57689	400.37662	-311.393	-297.98718	93.483864	10871.012538433075
191	4878.8496	569.5423	5324.903	3814.7786	4966.5083	1656.6204	5699.504	3.1760995	946.6	901.1	955000	295.92615	122.601585	405.57776	-220.76807	295.928	122.59886	399.89313	-225.57666	-298.7087	92.37458	10933.188637018204
192	5157.7446	172.1715	5449.86	4930.2065	5385.4775	123.4212	5556.5195	5153.533	1000.0	1000.0	960000	296.8721	122.28679	402.5563	-251.01373	296.87244	122.287094	402.8483	-255.19292	-299.53738	95.01512	10999.693853855133
193	5035.1396	86.66436	5116.5806	4876.3413	5334.9463	146.86935	5604.504	5117.13	1000.0	1000.0	965000	297.62082	121.436584	400.5104	-294.11752	297.6209	121.433624	400.83997	-260.1556	-300.3132	94.265274	11065.431002140045
194	5184.143	113.65311	5321.4155	4989.297	4792.8833	1357.3367	5512.925	917.1726	1000.0	894.4	970000	299.0046	120.76943	402.45764	-315.07745	299.00406	120.768295	400.80765	-287.01675	-302.0013	91.188126	11129.347514152527
195	4501.9253	1559.4692	5312.5703	1021.06146	5445.824	117.59653	5645.3364	5300.6377	870.1667	1000.0	975000	299.2868	121.76235	408.43036	-276.83005	299.28754	121.75936	406.43378	-268.8253	-301.7434	97.75156	11194.159997701645
196	5215.9595	163.88985	5331.3643	4893.145	5548.4033	101.28786	5712.6626	5388.913	1000.0	1000.0	980000	300.4832	121.094406	405.98233	-231.07724	300.4833	121.09148	404.6916	-249.97006	-303.0657	98.17919	11259.086546421051
197	5210.782	112.299385	5342.198	5012.539	5544.517	123.7639	5833.221	5361.6465	1000.0	1000.0	985000	301.1704	120.88644	405.58466	-245.82016	301.17145	120.88471	408.92902	-257.2422	-303.7962	94.85484	11324.932287693024
198	5209.55	99.62879	5343.643	5084.6104	5351.537	140.05505	5601.8887	5155.8057	1000.0	1000.0	990000	301.34537	121.32864	407.86404	-282.95987	301.34464	121.333916	407.25955	-231.48845	-303.9325	94.04696	11390.820832252502
199	4999.2686	128.09515	5197.7	4817.3223	5384.982	105.96551	5617.6245	5210.101	1000.0	1000.0	995000	301.7899	121.72751	407.35983	-277.6046	301.79163	121.72153	404.44714	-250.03563	-304.41122	97.524895	11455.204867839813
