Epoch	AverageEpRet	StdEpRet	MaxEpRet	MinEpRet	AverageTestEpRet	StdTestEpRet	MaxTestEpRet	MinTestEpRet	EpLen	TestEpLen	TotalEnvInteracts	AverageQ1Vals	StdQ1Vals	MaxQ1Vals	MinQ1Vals	AverageQ2Vals	StdQ2Vals	MaxQ2Vals	MinQ2Vals	LossPi	LossQ	Time
1	-242.67078	68.09082	-174.10732	-360.15045	-859.5397	6.548269	-847.6813	-868.4807	1000.0	1000.0	5000	0.75045705	3.019343	17.608822	-12.107503	0.750903	3.0175362	17.577276	-13.189121	-1.5454712	0.46441168	38.79176568984985
2	-293.99347	86.77163	-195.42836	-406.78247	-601.0288	52.38448	-537.0293	-714.75525	1000.0	1000.0	10000	7.9452467	6.971615	37.215855	-12.314493	7.9451375	6.970691	37.222473	-12.465991	-10.020948	1.3405998	79.01631474494934
3	67.49326	639.24725	1004.04346	-577.4551	1337.1062	191.36324	1499.6467	799.05255	1000.0	1000.0	15000	17.975956	9.304199	56.6259	-9.220985	17.975569	9.303488	57.0441	-9.260815	-19.623123	2.676883	120.86937880516052
4	1639.0537	350.78122	2070.5256	1209.5455	2351.8286	123.39456	2530.7412	2096.6704	1000.0	1000.0	20000	29.302523	14.016104	78.64488	-5.4884872	29.301937	14.015822	79.3894	-5.6038218	-31.0276	3.2172184	163.74981594085693
5	2556.7432	348.71793	3067.1658	2169.1418	3241.6194	146.23352	3507.6292	2970.7263	1000.0	1000.0	25000	47.090115	20.770458	111.34505	-2.2630653	47.089657	20.769693	111.07808	-2.4060082	-49.167118	4.647468	207.15117073059082
6	2952.275	814.6221	3694.8906	1386.2201	2827.3643	1618.675	4075.2852	-230.88385	1000.0	1000.0	30000	69.38021	28.66673	155.94373	0.9059204	69.379715	28.665558	156.83362	0.16043591	-71.753716	7.3079414	249.5510139465332
7	2772.9482	1503.2941	4066.3457	600.62463	4064.8457	1129.942	4589.639	686.54987	1000.0	1000.0	35000	89.400604	40.12203	187.47461	-3.3558292	89.40006	40.121387	187.56613	-6.9675007	-91.945335	10.244762	291.4840133190155
8	4334.957	21.497766	4372.9814	4314.17	4055.1265	861.5572	4592.2495	1516.5564	1000.0	1000.0	40000	115.81679	50.509003	221.29778	-10.072647	115.816376	50.509136	220.86133	-9.445953	-118.56455	12.094206	334.69403195381165
9	4395.6953	137.8499	4595.2505	4163.4717	3919.3647	1013.5492	4747.6836	1663.1444	1000.0	1000.0	45000	142.84763	58.312424	248.18321	-10.7838125	142.84703	58.312847	248.53355	-12.178107	-145.71913	14.1998625	376.82934856414795
10	4398.1475	163.56653	4526.9546	4083.9817	4890.7217	103.97286	5041.238	4670.979	1000.0	1000.0	50000	168.16504	63.880917	279.3683	-11.121218	168.16429	63.880768	277.8716	-8.675514	-170.81725	17.015207	418.7905447483063
11	4702.1807	82.78418	4787.5996	4549.732	4898.9204	130.4593	5096.946	4614.779	1000.0	1000.0	55000	191.78807	68.22317	295.10397	-10.480059	191.78752	68.2229	295.09598	-8.132648	-194.64813	18.861273	461.1690351963043
12	4741.6436	148.8585	4907.826	4468.6323	4688.932	643.18634	5080.9937	2781.6934	1000.0	1000.0	60000	214.15115	71.262184	318.8307	-7.104328	214.15067	71.26103	319.027	-7.549289	-217.02213	19.599634	503.00346994400024
13	3928.2402	2081.7202	5024.2446	-234.30067	5197.904	102.6355	5342.1694	5038.8096	1000.0	1000.0	65000	232.33813	75.759445	340.59854	-1.574726	232.33789	75.75948	342.32315	0.5516614	-235.09845	20.744766	545.9348998069763
14	4971.447	139.32022	5122.179	4726.3364	5083.2646	44.60617	5134.074	4994.7026	1000.0	1000.0	70000	250.07373	79.31772	356.06104	0.14858747	250.07306	79.31728	355.42886	0.5434456	-252.82622	21.021235	588.6858785152435
15	5113.0347	192.20483	5366.9604	4845.426	5192.694	108.035736	5375.8325	5075.5557	1000.0	1000.0	75000	267.82654	81.44156	369.5223	-0.8923514	267.82654	81.44047	370.81708	0.9528723	-270.4105	20.450195	629.8090817928314
16	5123.782	88.427826	5264.01	5021.5903	5161.648	94.61603	5308.9375	5007.1733	1000.0	1000.0	80000	283.9864	83.21669	386.41995	-3.4504738	283.98596	83.2161	387.00177	-3.0687077	-286.6986	21.272076	673.5686557292938
17	5068.7085	175.78061	5284.737	4877.027	5476.0786	67.73501	5579.982	5391.5854	1000.0	1000.0	85000	298.97873	84.41982	398.00687	-6.4276104	298.97836	84.418816	398.3844	-2.8208988	-301.78314	22.310968	717.0108788013458
18	5251.3335	184.35703	5430.737	4955.1626	5608.4805	102.84374	5714.175	5377.6636	1000.0	1000.0	90000	312.77127	85.596214	414.1009	-8.683197	312.7713	85.594765	415.8791	-5.876228	-315.41498	22.619007	759.8229250907898
19	5284.3164	183.15697	5470.2676	5030.492	5526.775	86.409355	5639.821	5389.359	1000.0	1000.0	95000	325.99463	86.54112	424.9428	-50.737885	325.99445	86.54054	423.97733	-41.990906	-328.6018	24.33859	803.4323270320892
20	5301.138	60.562355	5358.241	5183.7993	5581.961	76.793655	5674.526	5438.23	1000.0	1000.0	100000	338.22678	86.91909	435.19748	-84.17378	338.2267	86.91854	433.3194	-55.67664	-340.56403	24.754774	847.2116224765778
21	5409.9873	111.4339	5487.7583	5199.6494	5667.5605	79.32303	5776.9473	5459.0596	1000.0	1000.0	105000	349.2646	87.438835	441.85583	-24.214832	349.26486	87.4377	440.59064	-19.017378	-351.74194	24.217197	890.3802587985992
22	5412.4946	224.48404	5678.814	5065.867	5795.463	92.09116	5916.45	5599.0713	1000.0	1000.0	110000	359.79803	87.16051	451.34924	-0.6361575	359.79764	87.16	450.22168	-10.758598	-362.1096	23.656124	934.0184333324432
23	5538.8096	131.2879	5682.3037	5291.1323	5747.4346	59.14928	5825.358	5594.843	1000.0	1000.0	115000	369.57047	87.641335	460.34604	-2.742239	369.5702	87.64143	459.4482	2.881537	-371.95496	23.499638	976.9305973052979
24	5603.0444	135.06366	5768.474	5392.715	5798.1904	131.3894	5924.599	5474.9624	1000.0	1000.0	120000	378.92587	87.33598	467.0686	-2.2522008	378.92566	87.335335	466.96344	2.4634922	-381.09354	22.74182	1019.7980933189392
25	5672.647	105.06309	5868.3584	5581.764	5900.22	80.125946	6026.381	5764.985	1000.0	1000.0	125000	387.8121	86.88459	473.5272	3.4976292	387.81168	86.88398	474.6359	7.521923	-390.16284	22.169262	1062.6378660202026
26	5667.7686	142.08434	5942.0303	5529.7046	5642.8955	860.2787	6072.009	3079.8296	1000.0	1000.0	130000	395.7152	87.28507	485.101	-2.810197	395.71518	87.28382	486.26996	1.7959809	-398.1579	22.31383	1104.8016195297241
27	5832.53	87.318275	5904.351	5661.9404	5637.6616	1446.5986	6255.4683	1304.9408	1000.0	1000.0	135000	403.6433	86.78232	494.63724	6.4669514	403.64316	86.78155	494.08075	7.5527716	-405.81635	21.698984	1147.1745958328247
28	5828.0	167.03995	6071.673	5583.4023	5879.062	88.9029	6071.571	5757.5947	1000.0	1000.0	140000	411.12918	86.39188	498.1951	-1.8214631	411.12872	86.39209	500.61755	-14.645344	-413.55304	22.043257	1191.1998386383057
29	5818.544	144.76854	5952.714	5550.7324	6076.0024	87.380585	6211.0703	5929.7646	1000.0	1000.0	145000	418.14822	86.40854	506.3704	12.237045	418.148	86.4086	505.4452	12.603082	-420.3762	22.661556	1234.3104722499847
30	5333.2295	918.26	6013.483	3515.1428	5815.854	697.66364	6266.212	3746.216	1000.0	1000.0	150000	424.41772	87.29686	513.99164	8.309918	424.4177	87.29618	512.3589	-1.2690284	-426.4115	23.271694	1278.3762226104736
31	5873.5894	102.71301	6073.116	5790.683	6328.788	124.34101	6445.618	6072.824	1000.0	1000.0	155000	429.91974	89.39555	518.90784	-39.973976	429.91943	89.39524	517.4507	-36.60271	-432.2164	25.069855	1322.4234845638275
32	5957.7266	112.44752	6061.9253	5761.376	6363.558	105.56821	6515.429	6121.395	1000.0	1000.0	160000	435.71506	90.11473	536.26935	-57.416145	435.7149	90.1127	530.9085	-62.537323	-437.5863	26.58067	1364.0637755393982
33	6075.0693	119.015175	6243.283	5932.507	5038.9653	1845.6779	6317.9575	1160.0354	1000.0	1000.0	165000	441.20044	90.774185	540.4054	-53.19763	441.20032	90.773895	531.92645	-87.03352	-443.3388	26.535631	1408.2648787498474
34	6125.611	78.813354	6247.491	6027.88	6312.8726	95.66807	6433.17	6100.219	1000.0	1000.0	170000	446.87726	90.990974	539.953	-62.906677	446.8768	90.991005	536.5336	-52.96391	-449.1061	27.803581	1450.6551313400269
35	6053.223	198.9862	6234.27	5697.084	6227.845	716.47565	6710.6304	4122.578	1000.0	1000.0	175000	452.29193	91.47795	547.03455	-97.37008	452.29156	91.4775	543.49945	-109.79201	-454.31256	28.212437	1493.7283787727356
36	5667.947	904.01764	6193.2383	3862.754	6355.0044	138.21967	6540.6987	6087.4736	1000.0	1000.0	180000	456.48163	93.75005	547.9648	-129.6054	456.48135	93.748436	548.137	-119.8165	-458.43524	28.954235	1536.7047023773193
37	5245.064	1837.2577	6274.6763	1574.9274	6629.1367	81.808556	6795.04	6487.5923	1000.0	1000.0	185000	459.9572	96.688255	551.5655	-104.62236	459.95718	96.6877	549.2695	-117.6424	-462.3585	31.268106	1579.9012067317963
38	5199.9966	2059.7676	6308.1025	1082.251	6515.917	129.12346	6656.4995	6268.764	1000.0	1000.0	190000	462.56946	100.40007	553.59357	-152.63199	462.5696	100.39868	553.8403	-152.43533	-464.9554	34.17197	1623.9140222072601
39	6093.7334	130.00087	6297.8594	5949.878	6546.546	91.35344	6689.9634	6373.5713	1000.0	1000.0	195000	466.14612	101.66994	564.0231	-149.43217	466.1456	101.67	561.36523	-194.28719	-468.4669	36.871914	1667.7045831680298
40	6246.8506	69.32741	6307.5693	6115.6123	6001.837	805.0602	6588.392	4158.371	1000.0	1000.0	200000	469.72577	102.341415	563.37384	-142.3669	469.72595	102.34012	561.2148	-132.1691	-471.9105	35.328007	1711.161746263504
41	6189.588	110.58618	6407.256	6106.168	6558.357	108.55672	6704.978	6345.93	1000.0	1000.0	205000	473.14398	103.02169	566.98395	-158.58487	473.144	103.019745	562.1143	-150.42125	-475.2652	35.46044	1755.7800467014313
42	5109.439	2284.9866	6350.16	540.67444	5670.5107	1771.0426	6763.305	1222.4482	1000.0	1000.0	210000	476.6102	103.47049	565.0447	-163.39423	476.61026	103.46931	565.68115	-144.40863	-478.7436	36.222164	1799.2045950889587
43	6375.01	89.85832	6489.0215	6261.757	6555.457	101.50585	6769.2114	6398.648	1000.0	1000.0	215000	478.26944	107.86274	567.0884	-176.58295	478.2694	107.862434	566.2618	-185.57982	-480.37955	36.88113	1843.0399889945984
44	6340.29	211.6893	6707.4614	6103.168	6435.458	1071.6727	6843.004	3221.5046	1000.0	1000.0	220000	481.6216	108.10163	574.62555	-170.44508	481.62137	108.10157	572.97705	-216.15276	-483.38596	36.117332	1886.5003445148468
45	6455.4365	86.18536	6563.9546	6345.813	6318.616	1098.8003	6858.3228	3039.0054	1000.0	1000.0	225000	485.5349	107.166756	579.5801	-130.00139	485.53464	107.16701	578.53357	-145.4198	-487.3824	33.927727	1930.922113418579
46	6520.2437	130.24695	6716.6616	6340.3564	6689.915	107.65925	6851.672	6524.575	1000.0	1000.0	230000	488.69452	107.96436	583.23004	-115.16845	488.69476	107.9617	577.37085	-129.16655	-490.5054	33.664654	1974.5611011981964
47	6443.591	41.732235	6507.0366	6385.4814	6809.4023	96.26115	7007.2983	6614.193	1000.0	1000.0	235000	492.4388	107.71267	582.24915	-178.52443	492.43933	107.70974	580.5585	-159.94365	-494.3893	35.30445	2018.9553406238556
48	5535.2217	1928.0806	6655.956	1692.6786	6811.651	69.898994	6902.078	6697.658	1000.0	1000.0	240000	495.2229	109.08911	584.6605	-123.423965	495.22244	109.088135	585.18365	-113.17526	-496.9595	35.85249	2063.239147901535
49	6467.749	185.87029	6809.1973	6302.408	6712.6123	98.50524	6859.488	6558.594	1000.0	1000.0	245000	497.46637	111.27662	586.7547	-164.70216	497.46725	111.27315	586.9455	-172.03882	-499.27814	35.013195	2106.9615235328674
50	6462.287	93.74362	6631.1973	6359.432	5221.5317	2214.962	6700.105	345.8867	1000.0	1000.0	250000	500.3592	110.843414	589.93536	-150.69937	500.35895	110.84303	593.7513	-149.72252	-502.0652	34.519806	2151.3397257328033
51	5538.2	2085.1929	6766.3228	1378.5256	7032.6523	79.535324	7187.5156	6890.9194	1000.0	1000.0	255000	501.29263	116.28052	592.78156	-142.5711	501.29367	116.27553	596.01184	-175.11343	-503.0622	36.903114	2195.2034747600555
52	6434.276	232.70453	6758.495	6035.894	6923.279	105.9595	7029.14	6701.5044	1000.0	1000.0	260000	503.9799	116.321266	604.7492	-205.25534	503.9803	116.31796	598.24274	-151.78732	-506.00424	35.63797	2239.3814611434937
53	6504.454	150.99048	6662.2803	6217.965	7006.968	101.55719	7142.5845	6850.553	1000.0	1000.0	265000	506.38495	117.074486	603.0255	-155.2085	506.38522	117.07087	600.68915	-153.46683	-508.435	37.810318	2283.924104452133
54	6641.378	43.700134	6696.6846	6567.4434	6814.591	58.054447	6901.578	6704.536	1000.0	1000.0	270000	509.37445	116.44773	602.5811	-191.09706	509.37454	116.444565	603.81433	-183.85768	-510.9492	37.015873	2328.9198520183563
55	6538.796	255.6709	6757.0664	6047.2896	6974.716	70.107994	7098.5586	6819.4434	1000.0	1000.0	275000	511.97144	116.589096	607.00134	-288.15186	511.97208	116.58304	604.4168	-196.83803	-513.96246	39.002674	2374.005569458008
56	5406.6377	2466.1658	6717.337	474.99344	7011.839	133.54501	7194.749	6765.1504	1000.0	1000.0	280000	513.66754	118.032585	608.9943	-177.0668	513.66736	118.030014	613.8459	-174.29948	-515.5753	42.80499	2417.812819957733
57	6818.7	72.8796	6903.4395	6730.6294	7028.025	130.26004	7227.151	6774.0713	1000.0	1000.0	285000	514.7317	120.20907	614.72003	-171.23381	514.7318	120.20714	610.01697	-163.70935	-516.65955	40.995182	2462.2043800354004
58	6703.714	137.65291	6878.0034	6471.131	6645.2227	113.52223	6764.2812	6420.6904	1000.0	1000.0	290000	517.0602	119.28761	618.4358	-229.57025	517.0608	119.28309	619.7408	-205.05618	-518.88715	41.825836	2507.1287908554077
59	6673.513	198.18489	6836.2	6294.7188	7058.9033	124.31164	7255.1655	6799.3516	1000.0	1000.0	295000	519.45404	118.47121	619.0565	-214.20197	519.45447	118.468895	621.2377	-208.44	-521.3873	45.10219	2551.9056487083435
60	6611.6016	183.4967	6816.841	6272.5454	6675.272	1101.7903	7245.507	3378.7307	1000.0	1000.0	300000	520.8966	118.79549	620.0711	-194.53635	520.8972	118.79387	617.9907	-221.48927	-522.8491	43.506058	2597.213247537613
61	5425.134	1574.4954	6840.1426	3319.6746	6930.3423	37.945568	6974.609	6835.879	1000.0	1000.0	305000	521.89935	120.75291	626.3914	-161.16864	521.89954	120.74846	628.84705	-160.0768	-524.07214	42.235382	2643.432105064392
62	5051.7197	2066.349	6837.1216	2032.7051	7218.986	78.03124	7323.9404	7082.486	1000.0	1000.0	310000	521.8838	124.11887	621.18567	-196.0223	521.88446	124.11494	624.154	-193.1173	-523.8801	47.32507	2689.2652628421783
63	6599.642	207.08177	6876.7124	6238.265	7177.374	103.64645	7346.03	7022.916	1000.0	1000.0	315000	522.2577	126.14122	622.40845	-249.72949	522.258	126.139626	624.8429	-213.52933	-524.0674	46.49722	2735.89852643013
64	6671.423	178.3084	6878.3394	6368.1216	7020.725	57.05792	7087.8696	6923.1714	1000.0	1000.0	320000	523.7893	126.232254	630.1524	-216.87845	523.79	126.22895	629.46594	-229.2274	-525.5679	48.30112	2782.768270254135
65	6704.3633	131.47705	6875.933	6538.419	6948.075	59.53088	7044.1904	6870.9526	1000.0	1000.0	325000	525.6052	125.437386	627.98627	-214.96625	525.6061	125.43356	624.25464	-206.66199	-527.4939	47.15877	2829.1060059070587
66	6761.2295	76.57495	6863.835	6659.8457	6845.322	70.839134	6931.466	6679.4663	1000.0	1000.0	330000	527.2982	124.46125	632.50195	-223.07127	527.2987	124.45876	636.41724	-182.93411	-529.2339	45.187115	2875.4422528743744
67	6669.21	225.47769	6917.8174	6246.1606	6893.4204	141.6447	7135.5024	6714.129	1000.0	1000.0	335000	528.34015	124.54923	627.4798	-167.27922	528.34064	124.54512	626.4262	-219.22745	-529.8544	47.878593	2922.3338968753815
68	6726.8125	138.81061	6915.076	6491.5693	7061.233	94.503624	7269.4497	6930.1226	1000.0	1000.0	340000	529.64655	124.5547	628.8983	-208.16788	529.6474	124.54804	627.2679	-234.85013	-531.6516	48.226227	2967.9681692123413
69	6732.319	146.55614	6934.1387	6476.526	7016.1704	116.23909	7171.0063	6767.29	1000.0	1000.0	345000	530.8573	123.97582	629.71423	-227.43857	530.8582	123.96911	630.1947	-253.65193	-532.8184	48.53408	3014.501037836075
70	6699.1553	133.97836	6921.3096	6503.77	7155.074	119.93997	7314.898	6974.264	1000.0	1000.0	350000	532.26965	122.69867	629.46967	-273.28952	532.27	122.695	635.00354	-272.72656	-534.50745	48.398853	3060.756157398224
71	6834.4463	98.516136	6965.961	6713.2773	7073.0635	137.04639	7246.2456	6880.432	1000.0	1000.0	355000	533.5413	123.59286	627.5761	-248.31583	533.54175	123.58866	627.90405	-214.0621	-535.41	44.82639	3108.0118465423584
72	6787.168	153.63696	6937.7275	6545.8794	7207.206	77.19651	7311.7017	7074.215	1000.0	1000.0	360000	534.54333	124.23156	629.8254	-287.028	534.544	124.22844	636.085	-282.5764	-536.37585	50.769226	3156.3803100585938
73	6781.675	127.9092	6915.3906	6548.7456	7292.694	66.342316	7406.49	7232.32	1000.0	1000.0	365000	535.59875	124.121994	634.5468	-283.07242	535.59955	124.11845	631.5188	-302.21283	-537.5083	53.139606	3204.0497720241547
74	6727.991	130.87546	6886.062	6547.793	7187.535	139.13043	7355.9927	6846.65	1000.0	1000.0	370000	536.3678	124.51374	632.96594	-351.09293	536.3685	124.51069	634.4272	-368.1808	-538.3174	52.414288	3250.347828388214
75	6859.053	94.03954	6985.0522	6760.8926	7326.694	154.1832	7561.6523	7055.458	1000.0	1000.0	375000	537.5608	123.96948	631.0799	-299.21716	537.5608	123.96599	632.78314	-244.55832	-539.5661	50.019814	3295.7657647132874
76	6984.154	131.62997	7168.206	6789.1943	7308.1006	137.49588	7507.454	7037.9644	1000.0	1000.0	380000	539.0457	122.18533	629.5822	-260.06332	539.0458	122.181526	630.5657	-253.79063	-540.8364	46.14087	3342.4744021892548
77	6903.7373	200.17393	7162.972	6557.7954	7133.858	185.9788	7336.952	6649.4243	1000.0	1000.0	385000	539.91266	122.595146	629.185	-278.71722	539.9136	122.59262	633.13306	-245.4737	-541.908	49.690308	3389.6804814338684
78	6836.9165	70.45939	6912.371	6727.4893	7133.9155	52.024994	7219.6084	7046.0854	1000.0	1000.0	390000	541.17316	122.41925	633.9936	-212.09402	541.1736	122.417206	635.9644	-227.76869	-543.1162	44.27978	3436.066245317459
79	6890.72	137.58667	7065.2104	6734.5137	7087.749	118.64938	7198.847	6827.896	1000.0	1000.0	395000	542.5991	121.89742	636.091	-184.82123	542.59973	121.89464	636.7072	-185.07314	-544.4954	46.546246	3482.509714603424
80	6884.8955	25.755621	6921.9995	6861.639	6890.8975	128.12828	7114.307	6616.168	1000.0	1000.0	400000	543.9334	120.81943	633.239	-247.8544	543.934	120.813736	635.9526	-265.76007	-545.7692	48.10693	3530.009779691696
81	6830.448	148.72424	7030.803	6594.1426	7238.828	37.944553	7297.116	7188.871	1000.0	1000.0	405000	544.79425	120.5039	639.3548	-311.31577	544.7949	120.500755	639.1477	-302.8956	-546.57104	46.959717	3577.228479862213
82	6926.707	141.93448	7146.069	6753.2676	7226.772	166.07726	7452.577	6882.378	1000.0	1000.0	410000	546.069	120.5032	635.09973	-309.3502	546.0699	120.49828	637.67206	-272.1874	-547.7605	48.773727	3624.570496082306
83	6933.7783	54.04025	7026.1143	6879.673	7399.3037	92.9672	7601.655	7257.9067	1000.0	1000.0	415000	547.2494	119.85354	640.9734	-337.1163	547.24945	119.85119	637.19104	-321.77798	-549.1983	46.159775	3671.911913394928
84	6997.138	114.00671	7132.1562	6824.192	7364.7007	59.183628	7513.2017	7301.9033	1000.0	1000.0	420000	548.68274	119.0474	638.90735	-308.80164	548.6834	119.04227	637.93024	-288.61185	-550.21216	45.6984	3717.3077936172485
85	6901.796	92.37274	7022.436	6779.274	7054.5225	107.66756	7195.973	6891.602	1000.0	1000.0	425000	550.07886	118.118126	638.5346	-322.4006	550.07904	118.117805	638.04913	-266.85892	-551.663	44.524483	3762.25888133049
86	7056.0654	117.39256	7200.0254	6848.8687	7333.75	59.511333	7403.6426	7234.3135	1000.0	1000.0	430000	551.158	117.84361	637.8424	-390.099	551.1587	117.8393	639.4341	-422.24503	-553.2558	46.31771	3807.128245830536
87	6960.4375	50.625233	7031.7173	6894.182	7154.725	117.92022	7364.886	6945.904	1000.0	1000.0	435000	552.2829	117.60815	638.4801	-316.63147	552.2829	117.60782	644.80273	-343.35147	-553.8602	41.69717	3852.6162810325623
88	6998.486	59.944973	7061.3857	6900.812	7364.9873	96.88365	7502.038	7227.376	1000.0	1000.0	440000	553.24817	117.92305	645.161	-304.4858	553.2484	117.91866	648.08307	-269.63483	-554.8717	44.434467	3897.663999557495
89	6985.8545	37.39025	7025.6157	6933.8506	7447.982	46.37199	7546.9194	7368.4253	1000.0	1000.0	445000	553.9768	118.66691	645.2675	-304.81088	553.9777	118.66326	644.39685	-294.89908	-555.5084	43.131508	3942.389354944229
90	7029.31	118.44829	7238.0557	6889.2734	7462.2437	99.16243	7638.2085	7313.9966	1000.0	1000.0	450000	555.6284	117.44646	647.5078	-262.09387	555.6288	117.44334	646.6571	-271.282	-557.4216	45.558105	3987.421798467636
91	7099.6484	150.89018	7365.147	6927.0337	7419.6523	81.11992	7601.1133	7318.694	1000.0	1000.0	455000	557.04706	116.51005	649.45984	-249.8016	557.0472	116.50604	651.0777	-212.61253	-559.1952	43.47217	4033.4603617191315
92	7133.392	163.58545	7327.156	6909.241	7345.6	105.984146	7492.067	7089.1694	1000.0	1000.0	460000	558.43304	115.72732	651.4779	-204.09608	558.4339	115.72487	656.94135	-185.61385	-560.5355	42.036556	4079.018039703369
93	7079.858	102.279884	7240.6387	6969.3403	6953.4937	1330.494	7566.5454	2983.2393	1000.0	1000.0	465000	559.8799	114.7044	655.41473	-254.94777	559.88	114.70096	652.0749	-278.63208	-561.6337	41.879715	4124.26758646965
94	7066.3477	107.30127	7180.2236	6868.689	7285.936	90.52774	7422.067	7077.6543	1000.0	1000.0	470000	561.3602	113.433304	655.07983	-266.2246	561.3607	113.432526	656.4552	-293.65387	-563.048	43.21071	4169.800132513046
95	5608.6455	2853.364	7158.4233	-87.79593	7376.2017	135.03264	7577.434	7192.1035	1000.0	1000.0	475000	561.5176	115.48487	656.7276	-258.8514	561.51776	115.481	656.5249	-245.06683	-563.4303	42.692387	4215.856904029846
96	6942.372	108.29139	7112.6133	6819.872	7625.461	101.40503	7834.5747	7457.7637	1000.0	1000.0	480000	561.60046	117.78442	657.9913	-317.0749	561.6009	117.78251	661.29517	-319.6651	-563.5375	46.80602	4261.822002887726
97	7221.3687	121.49863	7410.174	7075.8076	7332.8037	100.617065	7515.8623	7167.539	1000.0	1000.0	485000	561.99347	117.798836	662.76886	-263.6074	561.9935	117.7938	659.55084	-276.7067	-563.9785	50.042023	4307.920725107193
98	6993.133	264.08234	7351.2305	6573.7656	7576.6562	117.90488	7766.383	7413.1562	1000.0	1000.0	490000	562.69183	116.689514	661.32544	-248.74228	562.69214	116.68718	666.4282	-248.53719	-564.5652	47.981476	4354.417725086212
99	7207.0015	64.24379	7290.0195	7120.18	7646.314	140.34645	7934.144	7513.1875	1000.0	1000.0	495000	563.8041	114.66426	664.97125	-227.44148	563.80426	114.660934	663.02606	-274.5974	-565.4831	44.397293	4400.176894664764
100	7131.6304	157.35455	7407.1333	6918.2925	7121.0547	986.83594	8176.0747	5112.4883	1000.0	1000.0	500000	564.43365	115.67818	663.32886	-298.9623	564.4338	115.678085	662.3523	-295.6273	-566.4349	46.3239	4448.3831532001495
101	5922.407	2376.3826	7365.747	1177.5068	7438.4727	89.14592	7615.8857	7335.896	1000.0	1000.0	505000	564.2688	118.47879	663.3904	-252.46922	564.2695	118.47624	665.673	-229.47247	-566.2399	46.752068	4495.351943731308
102	7249.9385	180.25513	7503.3643	6971.304	7531.5483	151.668	7783.827	7295.2207	1000.0	1000.0	510000	565.5011	117.090454	666.69885	-278.3637	565.5012	117.0915	664.6861	-216.50533	-567.3538	49.480907	4542.291525363922
103	7194.1523	173.09264	7499.5615	6992.708	7582.657	117.62997	7818.2544	7441.885	1000.0	1000.0	515000	566.46063	115.88775	667.285	-220.3393	566.4602	115.887505	664.1565	-234.74428	-567.9872	46.14736	4591.0600843429565
104	7170.7476	140.51492	7331.1255	6973.9893	7655.6885	88.526306	7801.6562	7523.223	1000.0	1000.0	520000	567.3309	116.10802	669.4745	-209.22556	567.33124	116.10725	663.69446	-209.09807	-569.1175	51.48931	4639.363597154617
105	7202.225	158.7292	7347.6865	6905.359	7443.608	141.90794	7746.7773	7224.9043	1000.0	1000.0	525000	568.55145	114.543236	665.2506	-223.05759	568.55164	114.54274	665.775	-163.70723	-570.5405	46.561188	4687.864067554474
106	7223.255	96.73628	7388.8706	7129.5137	6680.0537	764.41327	7194.9736	4442.1855	1000.0	1000.0	530000	569.9834	114.27439	669.1376	-231.7061	569.98364	114.27092	669.8606	-249.99774	-571.6009	43.317554	4735.4295818805695
107	7167.749	430.11386	7654.906	6364.493	7749.544	123.113815	7907.9634	7473.404	1000.0	1000.0	535000	570.9871	114.345345	673.5013	-226.17143	570.9876	114.34075	670.9392	-207.11462	-572.7571	45.74097	4782.01670217514
108	6322.867	1669.7872	7376.611	2994.2659	7472.2383	115.42614	7641.317	7255.044	1000.0	1000.0	540000	571.6149	113.740555	675.0117	-183.08304	571.61487	113.7392	672.5388	-239.66377	-573.4153	49.17635	4829.522631406784
109	7191.59	166.56096	7495.9487	7005.71	7865.732	163.24144	8102.6284	7614.2744	1000.0	1000.0	545000	572.06604	114.12854	675.3427	-199.70134	572.0654	114.130745	675.81476	-169.34369	-573.7996	48.811436	4877.411920309067
110	7432.546	156.4712	7631.1724	7212.3887	7728.301	116.42765	7920.8716	7479.374	1000.0	1000.0	550000	572.6604	114.08521	671.78815	-267.86594	572.6606	114.08364	672.252	-212.64977	-574.4191	47.448006	4926.437808275223
111	7486.354	67.60984	7554.5737	7377.1387	7482.857	98.66365	7662.137	7365.318	1000.0	1000.0	555000	573.69434	113.4885	670.02106	-195.8608	573.6946	113.48748	671.01385	-246.13483	-575.5691	46.072113	4974.284931898117
112	7329.621	125.64011	7456.7095	7154.1475	5773.981	2370.6233	7613.2734	668.25476	1000.0	1000.0	560000	574.37036	113.7665	676.3053	-221.15335	574.3708	113.764725	672.39685	-232.01436	-576.1503	48.84552	5022.109528541565
113	7427.306	187.28398	7768.4604	7224.465	7242.5835	265.23773	7514.359	6551.758	1000.0	1000.0	565000	575.31445	112.8075	679.64453	-251.74634	575.31415	112.804955	681.72156	-216.04446	-577.22363	46.636345	5069.370220422745
114	7245.832	103.31706	7425.1973	7110.448	7455.471	145.73169	7656.1694	7157.269	1000.0	1000.0	570000	576.7278	112.141884	679.2197	-250.98993	576.7281	112.13946	677.5613	-233.76405	-578.47577	46.230865	5116.428087234497
115	7157.3477	66.077255	7224.8374	7035.0483	7790.514	206.5004	8106.742	7472.2695	1000.0	1000.0	575000	577.2952	113.512764	683.10986	-194.61905	577.29535	113.5116	685.7426	-294.39606	-579.13745	47.83764	5162.238013744354
116	7412.884	100.73154	7592.1177	7284.4194	7827.029	119.99558	7993.6313	7606.084	1000.0	1000.0	580000	577.8159	114.1191	685.30194	-298.93393	577.8163	114.11648	687.2865	-280.61093	-579.48065	46.873238	5206.940727710724
117	7342.2744	102.12338	7482.5415	7214.9727	7257.757	2235.3499	8172.631	555.5352	1000.0	1000.0	585000	578.422	114.09875	684.0227	-254.59312	578.42175	114.09721	685.4761	-244.08675	-579.99414	47.22544	5251.875463485718
118	7334.7524	109.74576	7473.445	7196.3823	8059.35	182.49683	8392.0625	7793.267	1000.0	1000.0	590000	579.3014	113.27201	688.4776	-228.35767	579.30176	113.27144	687.97095	-223.0173	-580.7311	47.187756	5296.549369812012
119	7377.435	94.622635	7501.704	7244.2437	7635.331	102.923	7772.9077	7407.566	1000.0	1000.0	595000	580.33655	112.68602	688.12115	-146.59477	580.33624	112.68755	685.00024	-160.95808	-582.23285	45.29537	5341.384392023087
120	7383.096	244.82045	7729.971	7081.9385	7746.9624	98.08674	7887.1147	7582.8237	1000.0	1000.0	600000	581.423	111.42484	692.4369	-205.09502	581.4235	111.418365	688.1666	-237.81305	-583.15497	49.220917	5386.2864763736725
121	7505.232	212.90271	7886.4014	7295.2354	7936.1396	187.89311	8257.677	7557.883	1000.0	1000.0	605000	582.2014	111.43022	691.8677	-189.2398	582.2017	111.42773	689.6579	-183.97246	-583.9208	47.87841	5430.434149503708
122	7430.793	121.74829	7643.676	7297.256	7718.133	106.155876	7915.1875	7551.6226	1000.0	1000.0	610000	582.57574	111.40229	687.26874	-210.5683	582.57495	111.4025	689.3619	-213.02188	-584.4663	50.09485	5475.252905368805
123	7422.911	306.06055	7887.6895	6999.1855	8218.955	187.94064	8580.709	7969.811	1000.0	1000.0	615000	583.2288	110.46712	688.0889	-265.7366	583.22845	110.46808	691.97235	-265.28622	-584.6254	47.944405	5520.576198577881
124	7509.6577	216.15677	7902.578	7250.791	7752.668	55.764496	7815.8003	7631.568	1000.0	1000.0	620000	583.9384	110.77643	688.89685	-222.62746	583.93896	110.771065	688.5476	-280.0159	-585.81744	51.179413	5566.013593912125
125	7363.8657	132.12746	7504.9756	7121.492	7617.2305	308.60162	7831.271	6727.3203	1000.0	1000.0	625000	584.69165	111.03112	690.6487	-517.2928	584.6923	111.030754	693.9204	-404.7075	-586.6049	49.370827	5610.941309452057
126	7472.358	71.09036	7562.2617	7395.744	8030.218	67.232864	8131.208	7901.1924	1000.0	1000.0	630000	585.72797	110.78157	689.1106	-302.90863	585.72833	110.77758	696.13745	-334.1862	-587.45703	50.261578	5655.983693361282
127	7407.4873	73.3885	7536.0522	7323.3774	7884.1826	193.68825	8079.795	7470.3276	1000.0	1000.0	635000	586.7112	110.33029	692.06836	-248.66031	586.71106	110.33327	693.8259	-248.11159	-588.0866	51.939793	5701.273004293442
128	7569.294	130.68486	7700.2134	7333.102	8058.292	136.53773	8311.0625	7759.2163	1000.0	1000.0	640000	586.87115	111.37607	690.2376	-218.92967	586.8719	111.37284	692.7055	-222.27182	-588.6446	49.1798	5746.055491685867
129	7497.608	101.90553	7640.6357	7341.6997	8080.596	187.34239	8427.337	7791.046	1000.0	1000.0	645000	587.8053	111.5965	692.0215	-374.79153	587.80505	111.595375	694.9794	-414.6339	-589.31805	53.118492	5791.106272697449
130	7597.944	162.0321	7831.885	7352.572	7398.5015	1760.581	8379.893	3052.3953	1000.0	1000.0	650000	588.21716	111.25362	698.40454	-292.2889	588.2174	111.2554	695.8238	-275.65952	-589.6763	54.8726	5836.587270021439
131	6854.9453	1331.1844	7719.22	4213.9385	8556.283	171.18819	8875.775	8287.494	1000.0	1000.0	655000	588.76666	111.52097	694.8097	-375.0517	588.7658	111.52163	704.1984	-300.65497	-590.414	48.575386	5881.084105730057
132	6750.9155	1552.5249	7697.5386	3664.3667	7996.093	82.81974	8158.768	7873.9873	1000.0	1000.0	660000	589.5914	111.57274	706.31396	-244.17851	589.5908	111.575836	699.4634	-243.9479	-591.1275	50.014492	5925.893772602081
133	7545.025	129.07376	7673.026	7349.3975	7879.2734	147.11835	8215.196	7685.6655	1000.0	1000.0	665000	590.46387	111.99383	701.0148	-201.60527	590.46454	111.98977	700.8928	-195.62889	-592.421	50.04712	5970.703584432602
134	6014.986	2039.6964	7803.2725	2429.7375	8401.963	237.20944	8814.062	7894.4995	1000.0	1000.0	670000	590.3875	114.116035	699.26013	-361.23123	590.38824	114.11159	698.3837	-298.08276	-592.2805	52.2627	6016.470284461975
135	7033.3296	1374.3738	7912.633	4300.0464	8157.2085	117.5047	8311.875	7977.607	1000.0	1000.0	675000	590.4782	115.55217	701.71216	-446.20273	590.4775	115.553955	704.1716	-475.58817	-592.2324	58.181736	6062.295191049576
136	7556.5806	188.25734	7861.7017	7290.2095	7971.565	127.64923	8196.838	7806.3994	1000.0	1000.0	680000	590.52313	116.669205	698.71924	-414.3315	590.5228	116.67372	703.296	-388.45114	-592.4004	63.56425	6108.042556524277
137	7497.8057	210.50316	7735.665	7176.36	8045.6006	187.41693	8416.7295	7805.234	1000.0	1000.0	685000	590.71277	116.28897	699.8089	-454.8037	590.7132	116.28412	703.4243	-483.30548	-592.2192	56.99301	6153.703669548035
138	6368.6006	2358.6523	7709.948	1660.894	8220.28	170.02718	8491.417	7830.6772	1000.0	1000.0	690000	591.1296	117.38209	699.5897	-462.22147	591.1287	117.379906	704.4871	-443.63342	-592.7646	59.68806	6198.786620378494
139	7611.8857	146.67589	7858.1626	7401.1	7902.139	751.06	8384.17	5703.308	1000.0	1000.0	695000	591.4734	118.05176	698.9698	-456.92697	591.4732	118.05151	704.3219	-472.66205	-593.41345	55.455338	6243.772891521454
140	7879.169	188.36043	8150.741	7572.373	7926.268	166.18561	8284.153	7683.1885	1000.0	1000.0	700000	592.37286	117.381195	700.41833	-424.77267	592.3724	117.385315	701.35046	-444.99176	-594.01965	58.433083	6289.4599640369415
141	7814.345	204.0526	8136.2075	7555.424	7851.0117	1381.1748	8521.238	3733.6965	1000.0	1000.0	705000	592.81665	117.42072	711.11755	-297.43057	592.81647	117.41962	708.8007	-330.04224	-594.4058	57.478577	6335.353466510773
142	7723.714	331.73663	8102.12	7187.8813	8222.1045	126.96217	8311.9375	7869.5522	1000.0	1000.0	710000	593.5081	116.870155	713.99054	-366.66217	593.50824	116.8703	716.33844	-373.21198	-595.4928	57.22716	6380.443733930588
143	7784.251	277.77576	8100.9814	7455.2183	8338.768	242.80063	8627.697	7757.9966	1000.0	1000.0	715000	594.3157	116.18706	710.43274	-292.58493	594.3158	116.18511	710.4402	-243.76727	-596.278	57.6183	6426.138433456421
144	7766.2695	167.29524	7937.9595	7472.8384	8356.588	187.62498	8685.076	8080.1655	1000.0	1000.0	720000	594.8339	115.73112	719.12476	-298.99673	594.8348	115.729614	715.9175	-256.54718	-596.5314	54.74436	6471.105363607407
145	7706.1484	148.82623	7890.8745	7452.1094	8309.525	90.466125	8475.974	8156.439	1000.0	1000.0	725000	595.25726	115.46022	708.67554	-278.34387	595.2579	115.45877	710.08813	-230.76793	-597.08203	57.440193	6516.713943243027
146	7770.228	242.51266	8116.3887	7443.419	8033.9795	1056.2833	8599.701	4909.46	1000.0	1000.0	730000	595.7979	115.84686	714.83246	-333.06876	595.79767	115.85017	715.97723	-312.26297	-597.4603	60.02616	6561.94184422493
147	7638.905	141.0995	7888.9023	7499.496	8090.6064	202.14381	8495.445	7732.712	1000.0	1000.0	735000	596.2646	115.682304	717.1408	-363.85217	596.26526	115.67832	712.0269	-329.48502	-598.2955	61.61797	6607.681953191757
148	7722.4673	286.30972	8130.557	7236.565	8392.383	132.41383	8673.188	8208.794	1000.0	1000.0	740000	597.0118	115.06229	713.6109	-325.8667	597.0114	115.06446	713.2712	-411.30197	-599.02325	58.020943	6653.216732740402
149	7859.1978	149.57559	8136.745	7706.257	8354.292	135.91623	8591.755	8101.2266	1000.0	1000.0	745000	597.8026	114.19148	715.99426	-231.13484	597.8029	114.18898	715.1948	-202.9981	-599.7653	54.20839	6698.136636257172
150	7694.6377	126.23681	7871.8384	7552.9287	8470.897	181.58257	8794.131	8174.651	1000.0	1000.0	750000	598.7662	113.89757	721.77686	-234.86372	598.7663	113.89379	718.2981	-245.67705	-600.58276	55.358562	6743.150002002716
151	6798.133	2433.2705	8195.529	1940.9177	8828.799	328.6073	9411.752	8247.6045	1000.0	1000.0	755000	598.8655	115.48149	718.8932	-277.61407	598.8657	115.4809	716.42413	-279.65625	-600.7913	55.17501	6788.346864938736
152	7890.625	113.364136	8001.302	7747.357	8261.42	123.22369	8464.405	8029.017	1000.0	1000.0	760000	599.5021	115.45786	724.2489	-362.17194	599.50195	115.45896	723.4178	-259.26993	-601.129	56.732918	6833.767616510391
153	6400.9185	2748.2192	8157.818	923.3852	8937.044	191.78192	9224.953	8608.925	1000.0	1000.0	765000	599.7849	115.900024	721.1902	-269.03668	599.78455	115.899895	724.722	-304.97433	-601.293	56.793655	6878.842506170273
154	7812.042	275.5886	8120.348	7443.9526	8673.879	212.29242	8973.272	8322.218	1000.0	1000.0	770000	599.91455	117.34831	726.2351	-263.4038	599.91473	117.34658	722.2295	-230.31796	-601.4205	57.57848	6925.041987657547
155	7918.383	238.13075	8162.484	7467.8804	8648.229	198.76561	8984.661	8223.295	1000.0	1000.0	775000	600.4961	117.0437	724.692	-337.13995	600.4962	117.04044	723.1998	-265.92365	-602.2368	63.227867	6970.739509344101
156	7926.9897	181.12903	8137.9966	7642.794	8483.492	185.07285	8790.979	8125.441	1000.0	1000.0	780000	601.1019	116.70507	726.2587	-211.43523	601.10223	116.7039	723.9589	-229.10184	-602.9479	59.209488	7017.210746049881
157	7719.964	471.05197	8523.826	7076.248	8638.665	88.79734	8752.731	8483.874	1000.0	1000.0	785000	601.6078	116.96345	726.9401	-274.37744	601.6068	116.96421	724.30743	-234.42717	-603.43176	58.7571	7063.833407640457
158	7907.7876	288.12637	8241.698	7456.4395	8584.908	158.46971	8857.707	8265.886	1000.0	1000.0	790000	602.03705	116.9334	725.05975	-220.09018	602.03766	116.93025	728.3096	-201.52583	-603.577	60.08116	7110.479136705399
159	7923.6577	226.38002	8190.163	7539.873	8619.963	160.90683	8994.586	8337.38	1000.0	1000.0	795000	602.4579	116.966125	726.8745	-295.40878	602.45746	116.96574	724.5524	-237.07538	-604.28455	62.381874	7156.4704258441925
160	8148.4033	162.15927	8382.254	7954.9	8044.9346	1620.5043	8789.01	3202.6128	1000.0	1000.0	800000	603.00555	115.73045	723.9868	-275.83145	603.0049	115.73181	725.84204	-244.52136	-604.7507	70.30418	7203.259179353714
161	7795.4595	267.22162	8065.1206	7314.165	8516.171	139.65913	8718.273	8261.3955	1000.0	1000.0	805000	603.2041	114.94168	723.032	-222.81906	603.2043	114.94395	723.9875	-274.06638	-605.2684	69.536156	7249.333021402359
162	7928.336	116.715324	8074.5703	7773.6973	8023.5576	120.74967	8189.24	7820.6973	1000.0	1000.0	810000	603.5744	114.656	723.87506	-241.1458	603.5746	114.65223	726.2546	-284.67868	-605.46375	63.52595	7295.535307407379
163	7966.7446	163.53503	8235.529	7738.6626	8914.074	163.48706	9249.848	8643.787	1000.0	1000.0	815000	604.043	114.08858	726.0489	-243.95955	604.04224	114.08872	725.10297	-234.14243	-605.6935	63.797863	7342.161869287491
164	8297.794	79.06847	8392.532	8183.954	8319.002	186.0349	8601.058	8001.915	1000.0	1000.0	820000	604.5368	114.10746	724.83325	-184.8652	604.53595	114.10863	726.63995	-167.59116	-606.4669	64.12671	7388.736301422119
165	7550.3916	1214.1632	8284.387	5129.518	8650.238	125.498184	8821.168	8462.713	1000.0	1000.0	825000	605.2702	114.39396	729.24255	-235.1833	605.2712	114.38986	731.9141	-260.87244	-606.9993	62.024487	7435.216192722321
166	7978.578	299.54044	8375.36	7528.548	8717.934	195.33182	9033.143	8337.322	1000.0	1000.0	830000	605.7001	114.96638	727.7647	-342.6322	605.70044	114.963326	730.2593	-326.7989	-607.4058	68.8103	7482.380815982819
167	7962.4272	153.39171	8171.7285	7708.0234	8719.633	132.5481	8969.16	8448.817	1000.0	1000.0	835000	606.0086	115.813515	733.51166	-361.49432	606.0085	115.81566	729.9399	-410.61404	-607.7037	75.926994	7528.837051868439
168	6858.275	2226.987	8303.334	2440.341	8802.018	194.25826	9105.615	8458.678	1000.0	1000.0	840000	606.24005	116.4447	731.1634	-269.68643	606.23956	116.446236	732.2022	-252.28767	-608.0679	68.27468	7575.937435865402
169	7559.775	1164.6724	8591.663	5396.649	8874.322	105.30317	9075.987	8684.199	1000.0	1000.0	845000	606.3094	117.29394	736.87573	-264.87656	606.3096	117.290855	736.4477	-297.69583	-607.7263	75.53689	7623.141356229782
170	8056.7563	140.58582	8230.83	7895.167	8860.485	202.01186	9131.81	8542.382	1000.0	1000.0	850000	606.2281	117.99377	729.4591	-292.1546	606.2276	117.99208	732.2029	-267.8668	-607.9626	77.25873	7670.036267995834
171	7895.288	224.31322	8301.87	7623.2554	8802.66	229.86438	9245.753	8402.66	1000.0	1000.0	855000	606.47955	117.87867	728.1054	-254.52298	606.4794	117.883514	730.5032	-277.61276	-608.1445	74.46912	7717.096267700195
172	8136.7314	188.36386	8357.727	7886.263	8720.983	171.0086	9104.795	8459.946	1000.0	1000.0	860000	606.37335	118.19483	734.92725	-168.94527	606.37384	118.19254	736.0074	-296.85104	-608.1719	71.66854	7763.907820940018
173	7903.9688	352.82324	8233.484	7286.225	8761.7295	189.85777	9195.385	8541.512	1000.0	1000.0	865000	606.7044	117.774155	734.521	-195.93124	606.70416	117.77195	733.0589	-254.81895	-608.44977	71.88	7811.469695329666
174	7913.815	170.44221	8134.358	7689.668	8821.281	162.22278	9089.349	8510.986	1000.0	1000.0	870000	607.1373	118.28141	732.72437	-204.53687	607.1374	118.28108	733.03156	-170.42395	-608.9428	82.931076	7859.273352861404
175	8119.5703	297.91205	8621.991	7704.4224	8149.401	2575.387	9370.13	462.93643	1000.0	1000.0	875000	607.0082	118.20051	732.0226	-333.37042	607.0091	118.19801	732.06635	-263.1768	-608.7527	80.25933	7906.385355472565
176	8247.997	84.90911	8347.406	8123.227	8984.67	205.54015	9361.195	8553.052	1000.0	1000.0	880000	607.3943	117.25102	733.5404	-189.45857	607.394	117.24926	734.1844	-187.806	-608.9957	71.719536	7953.7162120342255
177	8300.495	120.96095	8502.845	8175.5977	8708.055	247.24945	9268.623	8278.42	1000.0	1000.0	885000	607.9457	117.18838	735.06055	-211.9251	607.94635	117.18901	736.10547	-261.3624	-609.679	66.74781	8001.056188583374
178	8068.1055	169.65541	8342.022	7898.298	8925.315	246.9613	9488.234	8643.076	1000.0	1000.0	890000	608.6084	117.51539	735.98444	-204.30649	608.60785	117.5181	737.0963	-186.43146	-610.4229	71.622826	8049.083147764206
179	8005.6416	132.31706	8171.296	7875.3267	8791.045	164.64182	9201.5	8611.546	1000.0	1000.0	895000	609.0961	116.85423	735.8905	-203.08838	609.09595	116.85129	737.88	-274.01578	-610.9105	73.352585	8097.1412851810455
180	8111.8335	216.74606	8385.633	7928.612	9037.845	177.05571	9290.396	8788.435	1000.0	1000.0	900000	609.5654	117.3342	739.7767	-215.40904	609.5644	117.336395	737.1007	-200.0803	-611.3389	75.28479	8145.499758243561
181	8406.57	174.29146	8600.808	8080.159	8467.648	70.24003	8583.196	8326.82	1000.0	1000.0	905000	610.85767	116.46078	738.8772	-272.726	610.8581	116.45716	738.63367	-279.98056	-612.8775	78.05048	8193.687767505646
182	8044.1094	289.52356	8440.802	7557.921	9084.938	112.91194	9350.356	8901.165	1000.0	1000.0	910000	611.9977	115.919365	739.0747	-230.41412	611.9975	115.91777	740.2569	-293.83466	-613.76276	73.394966	8242.607313156128
183	8323.556	204.15274	8627.4795	8044.074	9313.38	376.82785	9832.006	8517.516	1000.0	1000.0	915000	612.9682	115.69291	739.98926	-176.2883	612.9682	115.68981	739.6243	-199.24028	-614.9169	63.2117	8291.619897603989
184	8167.97	399.37823	8637.135	7596.985	9074.078	196.60512	9313.001	8798.061	1000.0	1000.0	920000	613.825	115.80357	743.8681	-196.0674	613.8257	115.80374	741.4949	-201.50105	-615.66907	67.24459	8340.575588226318
185	7166.753	2330.781	8573.013	2513.8547	8940.822	111.73231	9088.808	8737.676	1000.0	1000.0	925000	614.5508	116.73197	745.9778	-260.25275	614.55066	116.73538	745.0863	-264.79184	-616.2361	71.89346	8388.782470226288
186	8184.708	236.02321	8555.398	7920.207	9032.407	175.54512	9293.78	8635.559	1000.0	1000.0	930000	615.1549	116.67082	743.7042	-169.42203	615.15424	116.67015	745.23663	-150.46155	-617.0998	71.91352	8437.436618804932
187	8203.503	103.28225	8296.773	8022.293	8999.529	269.71817	9297.573	8297.793	1000.0	1000.0	935000	615.80133	117.45685	744.0369	-219.47038	615.8011	117.46177	744.42145	-211.95183	-617.8634	69.91782	8487.618152856827
188	8506.668	238.51987	8767.539	8068.1685	9194.932	187.21693	9542.568	8868.546	1000.0	1000.0	940000	616.7968	116.4005	741.5892	-239.46683	616.79626	116.39746	745.3853	-177.4178	-618.6771	71.918434	8536.385688304901
189	7815.753	643.90784	8313.548	6600.442	8654.521	171.31656	8881.568	8391.094	1000.0	1000.0	945000	617.672	116.23291	747.1392	-226.44931	617.6719	116.23553	745.64996	-294.6458	-619.52576	79.19751	8586.209220409393
190	8121.4062	224.072	8333.624	7835.962	8640.621	200.86977	8888.547	8351.57	1000.0	1000.0	950000	618.06274	116.6843	748.25336	-238.43396	618.06323	116.68072	748.19635	-214.16653	-620.02435	81.94855	8636.43137383461
191	8164.2607	255.20251	8476.637	7794.436	8260.213	73.034065	8380.369	8165.088	1000.0	1000.0	955000	618.2673	117.20305	743.9117	-251.07767	618.26666	117.20158	749.0116	-226.3102	-620.2427	73.79796	8686.416820526123
192	8243.955	200.12225	8495.135	8039.698	9074.8	144.59235	9344.441	8843.406	1000.0	1000.0	960000	618.9877	117.281334	746.7643	-366.11752	618.98737	117.27793	745.1756	-273.84558	-621.15356	77.92056	8735.71500468254
193	7430.6743	2053.2883	8997.235	3374.311	9055.139	260.48978	9464.769	8405.569	1000.0	1000.0	965000	618.9636	118.527374	757.11456	-450.6034	618.96423	118.526306	759.13934	-283.67517	-621.1205	76.4596	8785.275003910065
194	7185.9307	2494.1377	8531.8	2199.7478	8606.763	153.03859	8950.555	8405.774	1000.0	1000.0	970000	619.3245	118.016045	748.37067	-245.35114	619.3235	118.01799	752.44916	-232.18906	-621.064	73.28927	8834.39789223671
195	8456.7	222.73137	8674.529	8162.939	9298.621	118.0487	9528.669	9147.881	1000.0	1000.0	975000	619.1206	119.8696	751.32306	-236.08275	619.1205	119.8714	755.1835	-236.16057	-621.1361	78.42659	8884.079791545868
196	8289.451	496.14294	9010.492	7640.469	8970.814	266.91318	9351.67	8305.814	1000.0	1000.0	980000	619.45435	119.75102	752.31134	-254.30891	619.45465	119.74952	754.3139	-236.96802	-621.3724	81.668434	8933.114442110062
197	8516.496	270.17743	8904.769	8135.47	9092.545	151.32893	9386.191	8883.569	1000.0	1000.0	985000	620.4045	119.18317	754.3481	-210.75415	620.4042	119.183174	753.0472	-202.87888	-622.3183	80.3523	8982.278940916061
198	8163.029	284.12057	8506.668	7836.5254	9184.061	132.07104	9390.489	8982.839	1000.0	1000.0	990000	620.88385	119.02413	751.20886	-211.19539	620.8836	119.02535	754.9662	-177.61499	-622.7376	75.54424	9032.327594280243
199	8689.903	280.01917	9100.62	8351.319	9396.798	171.6914	9766.792	9155.013	1000.0	1000.0	995000	621.7041	119.296326	753.70215	-218.04895	621.7041	119.29729	755.7979	-188.05971	-623.7507	70.52672	9082.05622458458
