Epoch	AverageEpRet	StdEpRet	MaxEpRet	MinEpRet	EpLen	AverageVVals	StdVVals	MaxVVals	MinVVals	TotalEnvInteracts	LossPi	LossV	DeltaLossPi	DeltaLossV	KL	BacktrackIters	Time
0	-714.67566	166.70877	-529.7488	-919.09076	1000.0	0.058127455	1.0598302	2.9125464	-2.7471828	4000	1.6856194e-07	5049.141	-0.05661147	-1110.3093	0.008776475	0.0	4.944094657897949
1	-793.44995	242.88637	-620.7805	-1212.3506	1000.0	-5.5825057	8.993381	15.305054	-16.290379	8000	3.233552e-08	5643.9946	-0.055841148	-1808.9766	0.0088133365	0.0	9.683794021606445
2	-686.49225	196.33456	-563.25653	-1026.3326	1000.0	-18.07771	8.666488	22.2325	-24.088083	12000	4.7683715e-09	2690.824	-0.054275814	-891.145	0.00878389	0.0	14.446787357330322
3	-722.3782	110.70016	-561.0661	-861.53796	1000.0	-29.658232	2.312731	19.072025	-30.570545	16000	1.6212464e-08	1867.1487	-0.05502162	-354.4054	0.008707937	0.0	19.24469566345215
4	-714.65576	134.29614	-560.1411	-909.38275	1000.0	-35.704548	1.0008976	6.548856	-35.96318	20000	-3.1471252e-08	1423.254	-0.053572953	-242.83374	0.008925371	0.0	23.863722801208496
5	-626.4909	80.98222	-555.0522	-762.4472	1000.0	-40.4465	0.5543606	-21.796633	-40.583748	24000	1.2874604e-08	609.3035	-0.0557986	-64.4798	0.008784242	0.0	28.48715043067932
6	-725.47424	110.201225	-614.5945	-864.50916	1000.0	-42.984867	0.42094052	-34.776512	-43.161297	28000	2.9325486e-08	1485.4253	-0.05676079	-157.8064	0.008829189	0.0	32.913225412368774
7	-674.45874	40.657867	-618.12714	-732.1024	1000.0	-46.906143	0.35234272	-37.036247	-47.044735	32000	-3.5762787e-10	745.1665	-0.05795398	-53.526917	0.008868399	0.0	37.34876561164856
8	-659.34766	95.298256	-537.9202	-781.0927	1000.0	-49.210163	0.94895643	-20.024645	-49.47215	36000	-2.1457671e-09	909.90173	-0.06269995	-49.312195	0.00895537	0.0	41.884390354156494
9	-625.4334	111.23388	-492.8895	-787.0551	1000.0	-51.546673	0.6919081	-36.040436	-51.770344	40000	2.157688e-08	850.3946	-0.0589439	-21.140808	0.00886389	0.0	46.433311223983765
10	-600.31177	107.276596	-523.2618	-784.91656	1000.0	-52.368366	2.2858644	-8.655805	-52.899174	44000	-3.8146974e-09	476.6791	-0.06168946	-8.211853	0.008915825	0.0	51.31152057647705
11	-651.79675	158.11339	-484.27545	-897.2479	1000.0	-52.516407	2.7184565	-1.1330504	-53.166447	48000	-2.360344e-08	766.8955	-0.057225738	-27.345276	0.008739348	0.0	55.72184920310974
12	-517.25714	69.13268	-415.94293	-606.6765	1000.0	-53.464172	3.9987495	3.506814	-54.67969	52000	6.9141386e-09	630.56885	-0.058185037	-93.32257	0.0087315915	0.0	60.179083824157715
13	-633.68036	89.130516	-530.094	-758.72076	1000.0	-47.633083	8.326541	27.652317	-54.09687	56000	-1.45435335e-08	728.12866	-0.057856653	-92.89844	0.008798094	0.0	64.67883467674255
14	-594.47003	74.15272	-501.3642	-689.9592	1000.0	-50.95179	7.4792423	14.123817	-55.24818	60000	-7.629395e-09	562.608	-0.05895289	-58.047333	0.008908037	0.0	69.20418882369995
15	-604.5364	87.2061	-518.6153	-749.5658	1000.0	-51.968067	5.250548	8.8164625	-55.56893	64000	1.8239021e-08	619.6356	-0.05617083	-42.124146	0.008790093	0.0	73.70546555519104
16	-642.6745	168.08759	-453.59863	-900.28406	1000.0	-50.436287	6.8543267	3.3743625	-56.383423	68000	-3.8146974e-09	564.7087	-0.06223068	-58.213318	0.008662288	0.0	78.21787118911743
17	-615.1396	117.30101	-531.33405	-815.06647	1000.0	-55.024544	4.9027853	-11.863397	-58.373337	72000	-1.9073486e-08	481.49646	-0.06291573	-64.00305	0.008909526	0.0	83.0139422416687
18	-539.30945	95.28182	-403.84753	-630.21765	1000.0	-53.151554	5.518797	-24.456007	-59.57244	76000	6.9141386e-09	530.5696	-0.056465674	-89.75882	0.008872909	0.0	87.81060099601746
19	-609.33563	15.098232	-584.93713	-623.4871	1000.0	-50.747375	7.5171494	15.662805	-59.356976	80000	1.4305114e-08	398.45483	-0.06286738	-44.83615	0.008826218	0.0	92.3620810508728
20	-583.85535	62.139126	-514.31354	-683.85724	1000.0	-51.40853	7.3873277	-3.748376	-59.653893	84000	6.198883e-09	489.08493	-0.058637686	-46.51523	0.00885256	0.0	97.33675241470337
21	-620.871	73.15995	-512.0356	-718.3042	1000.0	-49.162216	8.01646	12.716526	-60.09366	88000	-4.7683715e-09	458.2023	-0.0573123	-71.44098	0.008780905	0.0	101.79700589179993
22	-471.3114	54.870216	-393.69217	-546.0738	1000.0	-49.91967	7.6945324	-12.728355	-61.64653	92000	1.5199184e-08	517.1392	-0.057169206	-128.16367	0.008798059	0.0	106.33752942085266
23	-644.69104	67.25794	-577.52637	-719.40955	1000.0	-39.212097	13.739006	12.136002	-61.52068	96000	1.66893e-08	752.86475	-0.05432749	-350.78027	0.008737202	0.0	111.00904488563538
24	-624.0211	60.133022	-549.7991	-692.4546	1000.0	-55.56616	8.1340275	-7.3606377	-64.05843	100000	-7.1525574e-10	451.38586	-0.060259715	-40.01129	0.008773413	0.0	115.72118949890137
25	-603.36523	78.098656	-519.0073	-683.4659	1000.0	-56.484436	8.660819	24.01601	-64.35843	104000	1.3113022e-08	632.5282	-0.05716121	-95.910095	0.008938478	0.0	120.18020415306091
26	-556.78455	92.452515	-467.75916	-711.7457	1000.0	-49.511143	10.128689	13.382412	-64.56362	108000	2.9087067e-08	468.90573	-0.057402164	-61.92206	0.008816	0.0	124.90466833114624
27	-572.46924	124.60174	-455.08435	-780.07275	1000.0	-51.563095	11.880648	18.775412	-64.94049	112000	-2.7894973e-08	616.2376	-0.058431923	-135.56866	0.008915368	0.0	129.48179697990417
28	-546.6567	63.372482	-489.53027	-654.04755	1000.0	-47.731827	13.905913	22.029385	-64.92118	116000	3.33786e-08	461.24982	-0.05993318	-92.81381	0.008815117	0.0	134.00809025764465
29	-578.76086	76.63126	-489.50482	-697.3485	1000.0	-54.282093	10.301073	16.327961	-65.22443	120000	1.502037e-08	913.2421	-0.05618437	-113.66809	0.008864461	0.0	138.41545033454895
30	-439.9314	46.92983	-384.87848	-508.1676	1000.0	-43.46921	13.541996	19.617422	-66.467705	124000	1.4305115e-09	562.70715	-0.057797503	-174.99118	0.008808316	0.0	143.3236906528473
31	-529.7654	57.009888	-442.38132	-586.809	1000.0	-42.299118	7.437196	15.4442835	-65.55706	128000	2.7418137e-08	375.3975	-0.05706009	-104.86499	0.008865532	0.0	147.74806833267212
32	-515.2904	39.38615	-467.37967	-556.3586	1000.0	-47.173706	8.908563	16.39849	-66.51944	132000	1.5497207e-08	281.89337	-0.05938636	-36.755722	0.0089467205	0.0	152.24059200286865
33	-536.2093	178.65257	-305.63193	-804.42053	1000.0	-36.92893	16.610617	24.028103	-66.15581	136000	-3.242493e-08	671.2834	-0.05826049	-275.90237	0.008924942	0.0	156.6114935874939
34	-526.1983	76.07152	-401.83954	-607.8196	1000.0	-47.05381	11.867133	22.582804	-67.61685	140000	-2.861023e-09	397.86093	-0.056845732	-67.830536	0.008837686	0.0	161.01796960830688
35	-456.62207	96.105606	-304.92905	-565.8503	1000.0	-45.60365	8.573451	-7.0214367	-67.88022	144000	1.6570091e-08	337.17188	-0.05831453	-93.66638	0.008810653	0.0	165.59806156158447
36	-544.9587	63.662464	-464.65134	-639.83295	1000.0	-41.46236	10.161621	3.4275222	-67.096725	148000	-2.2172928e-08	494.1049	-0.05481749	-137.37619	0.008695952	0.0	170.04153776168823
37	-475.75214	27.284397	-452.7288	-522.27594	1000.0	-44.320896	8.448038	-13.804323	-67.604996	152000	-1.1920929e-09	234.07706	-0.061813246	-46.058563	0.008721233	0.0	174.70456862449646
38	-460.5854	82.76888	-369.12137	-575.585	1000.0	-44.004353	10.148461	5.8548117	-67.28915	156000	2.1457671e-09	627.654	-0.05679366	-101.74304	0.0087955585	0.0	179.3254063129425
39	-449.53494	110.92476	-297.4961	-569.0018	1000.0	-40.98	11.228801	9.686123	-66.93998	160000	-1.1444092e-08	468.35538	-0.05709217	-78.57001	0.008873519	0.0	183.91450357437134
40	-421.50638	69.804596	-306.09915	-493.8626	1000.0	-38.22097	6.02926	2.9484448	-64.61386	164000	1.9073487e-09	274.09805	-0.05744335	-95.07266	0.008672793	0.0	188.54442048072815
41	-534.15625	140.96167	-377.81766	-763.0197	1000.0	-27.802874	15.334082	22.841616	-66.23956	168000	-1.1920929e-08	1027.9309	-0.058239754	-643.54254	0.0089092925	0.0	192.9229290485382
42	-474.65146	43.801495	-402.8342	-520.9892	1000.0	-46.801937	8.523917	4.579878	-68.5309	172000	-1.1920929e-09	335.05243	-0.0580137	-84.89174	0.00872073	0.0	197.6066415309906
43	-469.46408	44.902996	-412.7597	-515.9245	1000.0	-42.938507	7.023384	4.9204164	-67.12815	176000	-1.34706495e-08	263.64493	-0.059410524	-44.80493	0.00868561	0.0	202.1288080215454
44	-503.6475	50.01037	-421.37128	-554.5413	1000.0	-44.056732	5.429198	-2.1399837	-64.876	180000	1.5497207e-08	257.44778	-0.058339518	-45.773254	0.008784372	0.0	207.05401420593262
45	-414.12894	43.500076	-345.45792	-465.3846	1000.0	-45.020065	7.4555697	-0.49441957	-67.43838	184000	2.026558e-08	421.84332	-0.057219982	-102.58322	0.008746807	0.0	211.6432282924652
46	-340.35208	88.410645	-194.9805	-412.6824	1000.0	-38.016914	9.241121	24.298662	-65.57261	188000	-1.001358e-08	382.51492	-0.057124436	-112.17944	0.008752139	0.0	216.05149841308594
47	-431.73682	37.134857	-371.91986	-473.96313	1000.0	-31.053825	8.832014	8.662736	-55.24938	192000	-5.197525e-08	403.38	-0.06055769	-145.25717	0.008774487	0.0	220.64315533638
48	-447.38373	114.7543	-254.98582	-557.80853	1000.0	-40.8164	6.143447	-4.372027	-61.163486	196000	-1.7166137e-08	529.10126	-0.0579872	-98.17706	0.0087845	0.0	225.27613854408264
49	-464.68558	49.627495	-400.88535	-527.953	1000.0	-40.34158	12.837851	30.902365	-67.57697	200000	-7.867813e-09	517.3452	-0.057212982	-78.83365	0.008853671	0.0	230.01630187034607
50	-440.9303	116.32586	-309.70825	-591.72363	1000.0	-40.99914	9.334409	-8.600715	-65.91846	204000	-4.4703485e-09	776.52875	-0.055221096	-153.97607	0.008867029	0.0	235.00780844688416
51	-391.0321	46.602253	-330.43994	-461.10663	1000.0	-38.67746	11.789279	41.084198	-67.33026	208000	1.4305115e-09	272.816	-0.058135077	-84.255936	0.008973604	0.0	239.65704107284546
52	-380.10092	69.029236	-268.39874	-439.86642	1000.0	-36.93736	8.791588	10.992967	-64.19907	212000	-3.051758e-08	450.455	-0.05451407	-69.620026	0.0089050215	0.0	243.8647837638855
53	-333.69592	100.69634	-195.7774	-442.7402	1000.0	-33.561752	6.819489	-1.493127	-61.966305	216000	-2.0563602e-08	305.1149	-0.058433905	-88.179794	0.008870465	0.0	248.51314687728882
54	-347.47543	87.62851	-209.91743	-446.7123	1000.0	-29.622145	8.6996565	11.811885	-57.07306	220000	8.106232e-09	231.39008	-0.060270615	-32.919876	0.0088159	0.0	253.26458048820496
55	-383.62518	114.90963	-184.8601	-459.37857	1000.0	-29.560528	9.173508	4.241358	-50.264557	224000	-4.130602e-08	442.4381	-0.061436236	-164.10736	0.008937887	0.0	257.9624972343445
56	-415.8963	125.0528	-200.63751	-508.61676	1000.0	-33.293114	11.367558	15.23923	-56.795574	228000	1.6212464e-08	434.84488	-0.05495536	-104.231964	0.00873251	0.0	262.4976532459259
57	-346.60938	149.26805	-150.14131	-566.111	1000.0	-35.468304	8.714378	9.591549	-62.06359	232000	-2.5272369e-08	454.29095	-0.058421787	-130.40414	0.008789505	0.0	267.193589925766
58	-369.38547	108.73671	-261.46857	-550.77454	1000.0	-25.482035	14.296891	21.420576	-65.02305	236000	-1.525879e-08	641.4183	-0.056449182	-149.66827	0.008857199	0.0	272.0555143356323
59	-370.10104	33.714367	-329.0335	-413.47107	1000.0	-33.89354	10.838008	10.011697	-64.14553	240000	-2.002716e-08	321.5818	-0.053589627	-65.727844	0.008834137	0.0	276.90313625335693
60	-370.6819	28.623144	-329.00745	-406.38034	1000.0	-30.264994	10.859538	13.598186	-59.551376	244000	5.9604646e-09	454.63358	-0.055342473	-127.59512	0.008821989	0.0	281.66224908828735
61	-344.9848	50.907455	-262.25577	-397.24356	1000.0	-32.52155	8.703126	4.6152124	-61.122803	248000	-1.1920929e-08	346.42737	-0.05661683	-46.0625	0.008904117	0.0	286.3194568157196
62	-417.85983	226.83173	-29.941	-593.1953	1000.0	-34.61381	8.050857	-4.8010125	-61.99567	252000	-2.2649765e-08	529.14557	-0.058333352	-147.59225	0.008782678	0.0	291.2223274707794
63	-379.81357	101.49424	-256.29004	-536.5627	1000.0	-28.416521	16.208149	26.047785	-69.13746	256000	5.4836273e-09	410.0448	-0.058212735	-159.64146	0.008951756	0.0	295.7426302433014
64	-262.83875	25.195631	-224.2411	-294.62726	1000.0	-28.098703	8.395374	6.046273	-60.28436	260000	1.4781952e-08	347.69095	-0.052309465	-83.89624	0.00885256	0.0	300.19091415405273
65	-339.23886	131.51985	-127.07283	-486.36227	1000.0	-29.241962	8.667857	-0.43627697	-53.304897	264000	-3.027916e-08	243.86084	-0.06045057	-56.618835	0.008826025	0.0	304.94653964042664
66	-284.10812	66.77079	-223.1495	-394.12762	1000.0	-24.30725	10.579813	10.347803	-58.62994	268000	1.9073487e-09	357.29425	-0.055979725	-65.978424	0.009055163	0.0	309.5883331298828
67	-398.1306	116.568596	-283.47397	-589.95526	1000.0	-29.472918	10.306182	3.424903	-57.215572	272000	-9.775162e-09	602.9669	-0.06132973	-140.36383	0.00900151	0.0	314.19405460357666
68	-225.80832	100.73386	-118.9331	-353.35333	1000.0	-26.262821	16.840282	37.029488	-69.73208	276000	-6.6757204e-09	731.34973	-0.054799512	-219.0824	0.008937565	0.0	318.8237054347992
69	-338.52185	81.014206	-234.68466	-420.66797	1000.0	-23.860851	13.491827	18.497406	-66.53876	280000	-4.768372e-10	550.43164	-0.05625991	-178.01834	0.008823362	0.0	323.82189989089966
70	-369.99933	58.42404	-299.81363	-429.9092	1000.0	-31.923721	7.4141884	5.4542565	-63.04413	284000	-5.9604646e-09	267.87918	-0.05792081	-61.546097	0.008827843	0.0	329.34056663513184
71	-317.5254	59.92446	-223.13673	-370.24225	1000.0	-32.019173	9.871144	1.0794402	-64.39618	288000	-4.529953e-09	279.83612	-0.05869654	-60.812576	0.0089346	0.0	334.4134247303009
72	-306.5136	60.459785	-237.97275	-391.6511	1000.0	-29.169363	8.381471	0.10051614	-58.228176	292000	2.360344e-08	337.05963	-0.05786618	-56.535706	0.008894759	0.0	338.76799035072327
73	-309.79462	75.777115	-243.52077	-434.78183	1000.0	-27.526016	11.227037	16.659876	-60.062748	296000	-1.2516975e-08	334.30634	-0.055446576	-71.6142	0.008867413	0.0	343.38770818710327
74	-250.5982	84.0963	-110.41459	-331.96494	1000.0	-25.67879	10.5516615	19.5289	-59.651646	300000	2.4199485e-08	329.72437	-0.057374388	-82.61186	0.008901094	0.0	347.60954427719116
75	-395.5813	95.589645	-319.62643	-559.53674	1000.0	-30.522926	10.156586	9.674756	-57.200623	304000	2.5272369e-08	320.80035	-0.053209286	-79.14935	0.00886439	0.0	352.2329652309418
76	-176.56693	174.79636	17.950806	-401.805	1000.0	-28.51044	10.826952	17.323923	-62.710598	308000	3.242493e-08	512.0937	-0.055801634	-257.51523	0.009065068	0.0	356.9950895309448
77	-241.15454	126.810905	-91.90371	-440.55783	1000.0	-16.064056	16.211826	34.048813	-51.40499	312000	-4.529953e-09	331.81754	-0.052748896	-85.284515	0.008984085	0.0	361.68832421302795
78	-338.67517	168.59068	-107.40972	-515.3756	1000.0	-20.894264	14.708403	23.174513	-56.065975	316000	-5.8174134e-08	586.89215	-0.05734103	-344.7563	0.008894978	0.0	366.29995584487915
79	-242.64304	159.89769	-98.20801	-511.52325	1000.0	-21.20405	14.371807	20.675745	-53.486538	320000	2.3841857e-09	225.56174	-0.055537242	-47.232727	0.0089918235	0.0	371.3015489578247
80	-301.21918	167.27174	-157.89252	-575.02905	1000.0	-23.736578	15.915596	11.481319	-50.221794	324000	1.001358e-08	547.9656	-0.05865133	-133.72574	0.008847509	0.0	376.62538480758667
81	-288.00742	70.82664	-193.84947	-390.51807	1000.0	-28.768879	14.034282	17.080006	-73.17461	328000	1.7642975e-08	480.038	-0.05404595	-87.00842	0.008760161	0.0	381.5732126235962
82	-198.47989	112.81921	-40.480347	-358.12225	1000.0	-23.15249	12.570971	18.84525	-64.403534	332000	-1.8268823e-08	266.07977	-0.058656033	-70.97389	0.008915566	0.0	386.162410736084
83	-87.02735	49.623085	-7.176693	-143.10568	1000.0	-10.999325	7.345874	20.816614	-52.66898	336000	-1.1444092e-08	214.88165	-0.0543694	-56.075653	0.009063056	0.0	391.035311460495
84	-182.68271	154.42857	72.11569	-323.75214	1000.0	-13.297134	12.031406	18.743687	-47.570103	340000	2.336502e-08	266.62503	-0.054900974	-61.203568	0.008870911	0.0	395.67197489738464
85	-317.6128	84.92378	-245.4608	-460.9113	1000.0	-19.82363	14.739456	15.741351	-57.439957	344000	1.2874604e-08	460.07996	-0.057986688	-163.13513	0.0090168705	0.0	399.6793694496155
86	-289.7606	30.191895	-260.62186	-340.40234	1000.0	-32.810307	9.624714	8.179468	-50.289272	348000	1.4305114e-08	222.23494	-0.05789611	-76.5285	0.008916345	0.0	404.31611490249634
87	-297.40033	100.14654	-177.50862	-434.08807	1000.0	-24.983116	14.869761	18.030968	-62.5783	352000	1.1920929e-08	392.10214	-0.058699656	-104.06088	0.008980959	0.0	409.1238360404968
88	-269.0935	159.74884	-55.372166	-503.69086	1000.0	-21.6723	14.122816	23.148876	-68.58499	356000	4.7683715e-09	452.1477	-0.054854993	-103.71359	0.008950312	0.0	413.8121156692505
89	-189.64194	94.92474	-106.08	-350.97757	1000.0	-21.228739	12.16646	14.611872	-60.09594	360000	9.536743e-09	439.32144	-0.056127537	-109.32947	0.008919813	0.0	418.69159507751465
90	-63.044014	94.78383	62.086365	-195.66226	1000.0	-11.8215	11.899629	24.46535	-56.920773	364000	-6.437302e-09	386.24838	-0.05420427	-100.80438	0.009119399	0.0	423.8010160923004
91	-204.04343	105.57543	-92.704254	-375.5947	1000.0	-6.7161407	11.303898	35.019733	-49.463287	368000	-2.8133393e-08	495.38452	-0.05728479	-206.03616	0.008977766	0.0	428.7593150138855
92	-47.49888	75.37917	32.797165	-133.19637	1000.0	-14.93732	7.5147376	17.86364	-50.405003	372000	-1.4781952e-08	345.5211	-0.05219372	-150.3178	0.008919905	0.0	433.65611028671265
93	-218.62053	141.95312	-109.03722	-460.2545	1000.0	-9.523943	9.552364	15.230696	-37.606506	376000	-1.4781952e-08	328.7485	-0.05725498	-178.16809	0.009011873	0.0	438.03723430633545
94	-121.09564	150.03654	64.876785	-347.8087	1000.0	-13.961107	7.633039	19.750675	-45.27128	380000	-1.886487e-08	432.41623	-0.056422405	-127.63406	0.009047397	0.0	442.51946473121643
95	-176.39622	67.2891	-81.157005	-247.20537	1000.0	-14.158403	15.410297	27.398382	-58.095173	384000	-4.7683715e-09	256.52316	-0.06435279	-58.42801	0.008991806	0.0	447.18739771842957
96	-188.24042	119.02487	-63.768936	-314.48297	1000.0	-16.63809	12.21159	9.881901	-48.630085	388000	-4.7683715e-09	315.70575	-0.05419138	-48.316742	0.008991433	0.0	451.7864966392517
97	-151.95724	140.31882	4.8586974	-299.7267	1000.0	-18.491863	11.867592	10.887684	-43.11279	392000	8.34465e-09	264.09027	-0.05858786	-92.91826	0.009201094	0.0	456.32398557662964
98	-46.21008	61.83864	41.048176	-128.129	1000.0	-2.7411194	8.1019125	23.358273	-46.53953	396000	-7.867813e-09	306.27942	-0.054838136	-61.266617	0.009089862	0.0	460.7683069705963
99	-120.78508	110.78547	46.436596	-263.42603	1000.0	-8.409377	12.051692	33.3118	-44.91455	400000	-5.3644182e-09	422.10593	-0.05562887	-80.15323	0.009067599	0.0	465.4635548591614
100	-160.92809	109.685455	-35.46758	-307.9308	1000.0	-14.701071	12.448278	23.218992	-46.663567	404000	1.001358e-08	261.22272	-0.055009946	-78.28087	0.009072022	0.0	470.4440767765045
101	31.616478	12.754127	44.75041	12.655044	1000.0	-5.1793213	11.027136	21.251598	-42.70358	408000	3.3378602e-09	228.33006	-0.056750983	-93.42561	0.009149379	0.0	475.0492842197418
102	-178.16183	206.30833	130.16914	-442.26147	1000.0	-9.575401	14.877201	25.667679	-37.90267	412000	1.6689301e-09	345.2828	-0.05775383	-124.11722	0.009121502	0.0	479.76452922821045
103	17.57579	81.52586	137.52368	-67.19831	1000.0	0.24458191	7.802817	27.648304	-36.328846	416000	-1.1920929e-08	276.2653	-0.053911824	-61.56259	0.009102356	0.0	484.458877325058
104	-53.497334	57.781513	15.512308	-140.73853	1000.0	0.18504432	9.135337	36.888645	-48.87315	420000	-3.8146974e-09	493.72476	-0.05431627	-126.092224	0.008996597	0.0	489.0217206478119
105	-44.120148	161.69444	146.4848	-266.8069	1000.0	-8.245716	14.651192	43.316788	-48.199226	424000	4.768372e-10	375.04773	-0.05651474	-87.26279	0.009092274	0.0	493.286199092865
106	-16.98113	44.489204	45.32054	-77.669395	1000.0	-0.47709754	9.412023	33.895824	-42.591698	428000	2.3841857e-09	217.18034	-0.056613177	-49.997406	0.009160892	0.0	497.91185903549194
107	29.673046	75.060745	137.37361	-68.86517	1000.0	-2.6257722	11.641918	36.37428	-41.8051	432000	2.18153e-08	315.86008	-0.05490146	-71.35629	0.009083982	0.0	502.4660782814026
108	-36.42483	108.82977	119.92724	-187.01132	1000.0	4.077907	8.499016	32.84814	-32.351463	436000	-3.4570693e-08	503.7494	-0.053851813	-137.04114	0.009138231	0.0	507.05299377441406
109	-83.306946	123.517044	14.209288	-291.28632	1000.0	-6.7943254	13.068539	21.69907	-47.489693	440000	-2.0384789e-08	326.8598	-0.053057607	-89.24304	0.008976295	0.0	511.5922751426697
110	81.606255	47.419918	140.20526	11.592134	1000.0	-0.9463652	8.172854	21.205153	-43.372932	444000	-1.7166137e-08	265.5071	-0.056585625	-123.11542	0.009117714	0.0	517.1685907840729
111	31.036083	97.27404	142.6586	-122.63716	1000.0	4.722488	11.074689	28.649616	-39.55387	448000	5.722046e-09	330.61664	-0.05532882	-65.917755	0.009257125	0.0	521.8046255111694
112	75.828384	104.6182	230.40298	-44.841328	1000.0	5.061638	12.203481	43.757988	-39.48704	452000	-1.3113022e-08	263.91794	-0.05741124	-51.158356	0.009097134	0.0	526.212408542633
113	77.911476	104.79169	197.36156	-89.20585	1000.0	8.897877	7.7244215	34.37877	-28.174461	456000	1.7166137e-08	327.0993	-0.05486545	-51.05011	0.009181458	0.0	530.9248669147491
114	109.392334	98.016304	241.35786	-9.996674	1000.0	7.9446435	9.853192	42.396103	-37.802177	460000	3.3378602e-09	228.96329	-0.056640156	-51.3815	0.009115702	0.0	535.676792383194
115	-116.93958	186.83275	188.268	-295.38675	1000.0	6.4367437	12.350269	31.662546	-29.678215	464000	1.0728836e-09	820.7773	-0.055820327	-385.706	0.0091503775	0.0	540.4396243095398
116	44.750954	93.738396	185.53433	-58.54632	1000.0	-2.4662075	10.113339	20.760061	-42.713596	468000	-2.4795533e-08	371.0637	-0.053986967	-122.23175	0.009107265	0.0	544.8712937831879
117	96.030846	50.893436	158.52083	30.908918	1000.0	6.393545	8.29826	33.26572	-39.13453	472000	1.4305115e-09	265.10867	-0.054419648	-47.028458	0.009127848	0.0	549.3684711456299
118	44.849293	255.43832	227.11176	-394.91144	1000.0	4.0596323	13.423061	30.35214	-35.294773	476000	-2.3841857e-09	453.3716	-0.05705832	-210.2036	0.009118547	0.0	553.9889702796936
119	69.78585	113.76027	154.48677	-122.872444	1000.0	12.254938	11.368955	46.713062	-34.85522	480000	4.2915342e-09	411.1706	-0.053123977	-107.63684	0.009115324	0.0	558.6896908283234
120	89.68771	37.818325	148.87743	43.661823	1000.0	7.671324	9.410333	32.815063	-39.753414	484000	-9.536744e-10	315.97226	-0.055237725	-57.928253	0.009182465	0.0	564.1186308860779
121	-74.74775	231.8138	183.43259	-351.37726	1000.0	-2.1949403	19.017204	40.914265	-46.316963	488000	7.629395e-09	373.3915	-0.05646382	-141.17401	0.00918735	0.0	568.7092046737671
122	37.772404	91.93113	156.23306	-98.481346	1000.0	5.9874325	12.897325	35.463627	-45.561806	492000	-7.092953e-09	442.2825	-0.05515494	-98.64725	0.009171834	0.0	573.5382611751556
123	89.83323	77.06862	221.59174	28.674599	1000.0	4.5661817	8.994059	35.934593	-42.21467	496000	1.7166137e-08	353.16864	-0.053720906	-76.18988	0.009143321	0.0	577.9062392711639
124	-51.015453	155.54446	78.70978	-316.79782	1000.0	2.6518035	15.885524	37.74474	-44.100174	500000	-1.809001e-08	564.04376	-0.055769615	-156.29248	0.009140743	0.0	582.5440735816956
125	87.42971	69.85742	191.17165	2.3453708	1000.0	1.8508773	13.373074	32.587048	-53.354115	504000	1.0251999e-08	536.7197	-0.05428099	-136.3046	0.009232897	0.0	587.2668402194977
126	-20.44659	227.67738	260.8891	-244.80531	1000.0	-1.9593345	20.432518	34.02862	-49.518112	508000	2.360344e-08	451.25067	-0.05620119	-83.71948	0.009215225	0.0	592.2618961334229
127	-69.79532	149.34427	101.802284	-290.7654	1000.0	-0.63802004	17.923914	36.460144	-47.56241	512000	-5.2452087e-09	439.85956	-0.057115566	-125.67563	0.009138794	0.0	596.9828517436981
128	-73.26226	54.815018	3.1980686	-150.82324	1000.0	-7.31059	15.521806	25.515465	-47.92402	516000	-4.7683715e-09	411.56766	-0.054696906	-76.33548	0.009350214	0.0	601.611081123352
129	97.41113	127.19042	188.22118	-119.92766	1000.0	-2.6589525	14.3334875	25.95168	-50.80088	520000	4.768372e-10	452.71295	-0.05546206	-226.52832	0.009223429	0.0	606.3514702320099
130	-9.486233	148.06917	186.57487	-214.17119	1000.0	8.391624	14.750454	37.668495	-37.529667	524000	-4.6253206e-08	533.5756	-0.05650461	-196.12924	0.009179611	0.0	611.4861409664154
131	133.29633	268.45062	392.3649	-305.2433	1000.0	-0.9815491	18.854858	34.65575	-43.118385	528000	1.0967255e-08	506.40927	-0.058316067	-283.50742	0.0091601005	0.0	616.2519524097443
132	39.98639	235.29753	275.15378	-344.9593	1000.0	8.98319	25.924358	51.62553	-45.26598	532000	1.9073487e-09	334.85507	-0.057949465	-83.556274	0.0092903925	0.0	620.9481019973755
133	-9.373978	229.4233	170.35498	-393.3825	1000.0	2.6042354	24.259605	44.39884	-44.94819	536000	-1.8715859e-08	247.1112	-0.053651363	-46.03508	0.009132484	0.0	625.3319919109344
134	136.22127	69.205765	221.99667	59.79607	1000.0	12.950572	9.575883	42.740948	-37.710533	540000	-2.026558e-08	330.45355	-0.05134377	-43.232788	0.0092628235	0.0	629.9281587600708
135	175.16026	98.19354	235.58661	5.1398425	1000.0	13.808524	8.093675	41.89848	-25.96445	544000	-2.3841858e-08	291.41544	-0.053468045	-73.14697	0.009052559	0.0	634.5358605384827
136	22.750778	168.67442	191.61972	-239.80002	1000.0	11.194334	15.600272	42.55974	-39.114586	548000	-1.5974045e-08	512.03094	-0.053253967	-152.7428	0.009191909	0.0	638.9521386623383
137	-62.57331	193.59265	172.72842	-363.15097	1000.0	-5.132542	21.073845	29.34441	-45.478092	552000	2.336502e-08	304.36234	-0.055540953	-79.52124	0.009210311	0.0	643.658566236496
138	181.75304	82.624695	259.8692	45.820522	1000.0	5.758247	8.355462	39.91737	-30.713291	556000	1.192093e-10	455.74722	-0.052803285	-186.23996	0.009139833	0.0	648.3378486633301
139	22.670364	189.08043	270.2248	-255.42249	1000.0	5.665393	21.79392	43.724964	-44.127136	560000	9.775162e-09	408.2032	-0.05335083	-94.881805	0.009265714	0.0	653.1979830265045
140	-59.79209	171.24489	107.06202	-336.78723	1000.0	-4.432752	22.846561	35.710045	-47.267353	564000	2.7894973e-08	578.95496	-0.054957416	-111.07382	0.009171346	0.0	658.2274615764618
141	146.17032	89.61845	271.173	18.296906	1000.0	6.31109	13.061784	44.752182	-55.12377	568000	9.417534e-09	481.66782	-0.056518916	-137.19064	0.009279923	0.0	662.8519706726074
142	189.39438	77.92792	250.87486	55.689777	1000.0	10.74598	15.80327	46.979378	-38.089264	572000	2.157688e-08	438.293	-0.054770887	-118.33197	0.009264944	0.0	667.5113527774811
143	105.52272	247.02571	323.39447	-309.8282	1000.0	11.695145	22.78484	44.871845	-41.622963	576000	-1.1205673e-08	305.93002	-0.05561722	-55.36943	0.009284045	0.0	672.2914669513702
144	16.72963	237.34161	345.023	-209.75099	1000.0	6.4604425	21.524069	37.484253	-42.33258	580000	-6.556511e-09	537.56335	-0.055845957	-155.54834	0.009294707	0.0	676.6200687885284
145	218.40799	59.14237	306.1906	140.2296	1000.0	15.420208	12.00381	43.453327	-36.59218	584000	2.3126603e-08	381.93167	-0.05811136	-97.6373	0.009272709	0.0	681.4617128372192
146	203.37106	89.378494	305.23883	59.803043	1000.0	15.88343	18.855698	48.871387	-45.399803	588000	1.8835069e-08	321.59027	-0.05606113	-54.358643	0.0092021255	0.0	686.0911905765533
147	108.25703	129.05028	256.4884	-98.56425	1000.0	12.976984	19.244253	45.92667	-39.031395	592000	7.1525574e-10	408.1474	-0.053782977	-68.62503	0.009315263	0.0	690.7895119190216
148	227.32239	64.28311	329.3675	153.77081	1000.0	16.765299	14.617414	46.494354	-39.642708	596000	1.525879e-08	441.0318	-0.052128814	-85.09894	0.009330376	0.0	695.7592737674713
149	138.2019	189.26965	355.4771	-164.2924	1000.0	17.384933	17.448666	50.975124	-33.818363	600000	-1.2397766e-08	361.75745	-0.05573705	-116.339035	0.009218369	0.0	700.5762832164764
150	298.35052	43.42852	370.1146	253.22188	1000.0	22.007368	8.339188	52.974007	-16.654144	604000	-1.0251999e-08	292.42575	-0.052409373	-72.22531	0.009288819	0.0	705.5404896736145
151	270.00058	89.90466	345.6796	118.152275	1000.0	26.684235	7.7745376	50.74307	-31.443636	608000	1.859665e-08	349.11414	-0.053402346	-61.59796	0.009292433	0.0	710.1613228321075
152	338.24622	91.65995	493.36368	268.54428	1000.0	27.493715	8.395398	54.1037	-9.93504	612000	-2.5331975e-08	414.96768	-0.050679006	-65.80719	0.009295311	0.0	714.3165266513824
153	333.27792	50.83191	406.83115	264.65692	1000.0	29.852488	9.642542	59.772346	-18.382612	616000	-1.4781952e-08	275.61557	-0.05398521	-63.003036	0.009227201	0.0	719.0500621795654
154	269.6506	143.53288	397.60397	26.763302	1000.0	30.115713	8.188804	54.96715	-15.786644	620000	-1.3828277e-08	462.77945	-0.052987617	-107.031586	0.009263969	0.0	723.3332738876343
155	357.60468	22.676003	384.6287	333.70245	1000.0	26.506163	9.950424	58.27822	-34.38493	624000	-5.4836273e-09	389.99808	-0.05465018	-95.794525	0.009220512	0.0	727.9481017589569
156	288.75293	114.63838	400.95764	113.86911	1000.0	31.32753	9.79842	59.383	-13.040228	628000	-9.775162e-09	539.4005	-0.05397395	-115.67557	0.009316519	0.0	732.5743536949158
157	437.7105	88.90215	565.87006	333.16956	1000.0	28.293983	10.443314	57.16158	-30.287838	632000	3.4213066e-08	569.2795	-0.04962747	-229.31656	0.009430403	0.0	737.0462436676025
158	165.3742	239.2756	412.25266	-207.2415	1000.0	31.193855	19.6848	63.762478	-31.372784	636000	2.169609e-08	865.2093	-0.05228441	-416.57297	0.009284937	0.0	741.6114001274109
159	337.98938	80.82105	416.50803	221.39235	1000.0	21.987722	11.848681	47.143307	-22.88644	640000	2.861023e-09	444.4232	-0.052282147	-168.92926	0.009223509	0.0	746.6432192325592
160	263.98328	73.45599	339.03564	164.80249	1000.0	30.450989	8.545512	54.55545	-16.651321	644000	-2.4795533e-08	392.2644	-0.053680494	-76.240906	0.009369428	0.0	751.9361262321472
161	347.86356	147.48212	521.89935	129.81389	1000.0	27.071323	8.481463	65.06798	-16.593607	648000	-1.001358e-08	507.6306	-0.051889714	-96.04993	0.009368949	0.0	756.5990853309631
162	297.88422	57.551052	351.8305	201.1775	1000.0	29.188986	14.457121	60.433147	-37.93866	652000	1.0251999e-08	488.33337	-0.05421452	-94.26114	0.009384412	0.0	761.1154725551605
163	263.86447	121.99615	435.65546	104.284256	1000.0	24.649797	18.98341	63.64481	-39.85751	656000	-1.0848045e-08	592.00555	-0.053327806	-114.345856	0.009394671	0.0	765.7467038631439
164	255.57611	289.14343	512.1761	-235.42247	1000.0	19.070938	29.267584	66.43428	-48.66726	660000	2.861023e-09	357.14493	-0.055913106	-80.59985	0.009315289	0.0	769.9386193752289
165	392.32922	97.54276	535.3846	299.78638	1000.0	36.632988	9.378621	69.078606	-8.558776	664000	-2.861023e-09	353.332	-0.05257812	-56.23532	0.009335489	0.0	774.5992388725281
166	172.28548	236.41808	463.40082	-117.38163	1000.0	18.628235	27.019827	62.77076	-40.271023	668000	4.75049e-08	391.4678	-0.054863118	-143.4511	0.009389073	0.0	779.236508846283
167	129.87236	288.5276	409.84103	-353.138	1000.0	18.881187	28.452524	60.112415	-42.694557	672000	6.3180923e-09	470.0653	-0.052820906	-122.94873	0.009398706	0.0	784.0296614170074
168	235.66719	266.06998	489.46738	-208.42065	1000.0	18.645102	22.333048	56.49365	-40.02665	676000	-1.9073487e-09	511.5763	-0.05211723	-123.03732	0.009325929	0.0	788.6481957435608
169	409.8253	81.874985	531.49115	322.53583	1000.0	32.81724	9.230031	57.468403	-24.453089	680000	-1.6689301e-09	400.78384	-0.051463854	-90.12109	0.009366361	0.0	793.0585553646088
170	41.298058	329.30972	396.87317	-319.7585	1000.0	13.755379	29.310947	67.27099	-40.39434	684000	2.2172928e-08	607.75836	-0.052568603	-267.18423	0.0093804775	0.0	798.1371541023254
171	511.80072	100.503586	645.3552	406.448	1000.0	30.027355	9.547126	60.455685	-21.96217	688000	-5.722046e-09	865.6258	-0.0495979	-425.10324	0.009322285	0.0	802.7457597255707
172	341.21564	325.22275	604.71387	-210.45703	1000.0	33.245304	33.777683	71.45063	-51.140125	692000	4.7683715e-09	524.61084	-0.056888323	-92.22443	0.009348595	0.0	807.500515460968
173	177.14392	332.51282	463.46085	-388.66745	1000.0	28.11182	28.888945	68.08684	-40.664013	696000	-1.0490417e-08	554.2084	-0.05470451	-258.0328	0.00936619	0.0	812.040337562561
174	221.76028	301.09354	421.7791	-298.9238	1000.0	18.264868	26.966017	65.91055	-49.293972	700000	-2.7418137e-09	369.88644	-0.054159272	-86.53638	0.009365538	0.0	816.948312997818
175	154.79526	231.26022	402.77737	-224.33759	1000.0	19.268864	29.639446	60.203133	-43.147263	704000	-1.0967255e-08	582.11835	-0.0533045	-116.64343	0.009333212	0.0	821.766857624054
176	463.73376	81.553535	550.54956	333.3807	1000.0	28.389	14.919748	56.565926	-40.77192	708000	1.001358e-08	638.02026	-0.055997618	-272.3107	0.0093768295	0.0	826.1316752433777
177	269.87332	222.68578	492.2027	10.202983	1000.0	29.14886	29.146366	71.943726	-41.847767	712000	5.722046e-09	363.8103	-0.054030884	-85.43979	0.00937905	0.0	830.87322306633
178	404.1859	151.04074	543.28265	169.85371	1000.0	33.172863	22.401184	60.31749	-42.11883	716000	-2.503395e-08	411.56793	-0.05540207	-77.80307	0.009332451	0.0	835.567321062088
179	374.52222	244.93439	598.8461	-20.009958	1000.0	43.581142	9.989819	65.66068	-26.561077	720000	1.4305114e-08	903.74634	-0.050132032	-213.84796	0.009452004	0.0	840.1249957084656
180	173.98537	356.23773	478.2013	-428.19476	1000.0	18.060574	33.61042	67.07761	-48.46046	724000	2.6464463e-08	457.04324	-0.05458553	-91.07892	0.009326269	0.0	845.334588766098
181	349.21832	261.66248	591.4582	-85.594955	1000.0	25.543974	27.808933	65.139565	-49.539402	728000	-8.5830685e-09	508.1035	-0.053612176	-114.51181	0.009293181	0.0	849.9052073955536
182	157.15736	375.2858	572.5304	-373.58203	1000.0	19.964535	31.926039	64.860916	-44.862816	732000	1.692772e-08	501.8822	-0.053054854	-169.62643	0.009317352	0.0	854.7353386878967
183	560.3181	72.72801	681.6796	493.57596	1000.0	44.27756	11.9121065	68.1154	-5.6131434	736000	1.0728836e-09	624.1137	-0.05113543	-133.35934	0.009370754	0.0	859.5460820198059
184	306.98227	331.54138	565.72003	-262.14453	1000.0	36.651115	31.338394	73.34143	-43.33361	740000	1.4305114e-08	640.2142	-0.05297036	-165.09543	0.009279631	0.0	863.7114763259888
185	371.27936	151.14644	577.7679	176.90062	1000.0	36.114258	19.596584	66.332985	-37.026844	744000	-1.7166137e-08	536.18884	-0.052182086	-84.32959	0.009399019	0.0	868.5333156585693
186	553.94226	46.4555	617.5635	489.20206	1000.0	42.078	11.471807	72.75049	-15.645711	748000	3.71933e-08	510.61218	-0.05161227	-140.65768	0.009423647	0.0	873.3006687164307
187	406.06223	233.73495	616.73914	11.969249	1000.0	44.425175	21.13194	74.78003	-47.04551	752000	-3.528595e-08	685.9637	-0.0542279	-143.31067	0.009415379	0.0	877.9747083187103
188	466.8963	117.33833	593.139	280.9991	1000.0	42.673462	13.972061	66.942245	-25.665113	756000	-4.2915342e-09	522.0613	-0.055661425	-95.2764	0.009360755	0.0	882.7621123790741
189	530.93085	133.75943	748.11194	408.85547	1000.0	42.259766	13.619815	76.98361	-34.22563	760000	2.503395e-08	511.55707	-0.051364	-100.27832	0.009417813	0.0	887.4101037979126
190	386.02374	107.87624	517.11633	265.11157	1000.0	39.290234	25.542126	77.99139	-35.979675	764000	2.3305416e-08	710.0819	-0.05474885	-137.14209	0.009428745	0.0	892.8518669605255
191	629.5434	99.98815	749.9721	527.0117	1000.0	47.251865	11.430082	70.47945	-4.955401	768000	1.4305114e-08	514.77264	-0.052529655	-173.65128	0.00946064	0.0	897.7048773765564
192	404.75012	321.94122	652.31055	-147.2841	1000.0	43.692707	28.45771	73.21667	-37.205055	772000	-3.4332274e-08	630.4091	-0.05350885	-152.96442	0.009427467	0.0	902.4510140419006
193	160.90166	384.59473	585.58325	-293.5697	1000.0	15.912172	38.455597	71.35494	-41.820435	776000	1.7166137e-08	667.1113	-0.053673558	-140.66736	0.00944357	0.0	907.2899467945099
194	560.9412	41.835064	625.45514	518.17847	1000.0	45.672832	14.594262	72.4054	-20.075953	780000	-1.3351441e-08	583.7934	-0.053137712	-153.88657	0.009519647	0.0	911.9961607456207
195	214.02484	367.62878	663.10876	-245.47234	1000.0	25.589317	37.977253	71.561386	-40.63955	784000	-2.4557114e-08	458.08456	-0.05259688	-104.37488	0.00949272	0.0	916.580995798111
196	588.37354	58.610004	644.69275	498.71478	1000.0	46.86064	11.459444	71.11485	-26.419518	788000	1.9729137e-08	599.7556	-0.04913948	-167.03168	0.009454205	0.0	920.9483067989349
197	384.10663	217.0908	567.1682	13.980939	1000.0	45.77839	26.949577	79.489	-39.747055	792000	-3.242493e-08	611.10815	-0.05096182	-267.30478	0.009513696	0.0	925.7692093849182
198	465.71152	391.8921	821.5827	-181.85631	1000.0	33.923107	27.26213	73.32201	-39.02783	796000	-5.3644182e-09	753.848	-0.054462187	-275.78088	0.0094632935	0.0	930.2751038074493
199	169.32016	421.27734	624.93256	-360.02267	1000.0	21.392004	43.13247	83.58252	-45.3591	800000	1.0251999e-08	515.1231	-0.05800359	-161.25641	0.009370478	0.0	934.5908241271973
200	492.0404	165.16588	737.8397	282.21555	1000.0	47.110485	14.471704	79.46865	-42.93277	804000	2.5272369e-08	514.6615	-0.051464967	-77.03601	0.0094673885	0.0	939.9701211452484
201	514.0584	73.04767	587.17975	401.83893	1000.0	44.266315	15.0491705	73.91619	-39.315083	808000	5.9604646e-09	563.393	-0.054291897	-82.14493	0.009487181	0.0	944.3337104320526
202	302.5874	203.05865	519.2171	-24.141203	1000.0	29.53685	35.50425	71.11983	-46.855648	812000	-3.9339065e-09	448.4997	-0.05337406	-93.697266	0.009494872	0.0	948.8713834285736
203	313.8303	245.63904	561.8491	40.650745	1000.0	25.275875	35.187122	73.6847	-43.132103	816000	3.3378602e-09	699.7761	-0.056082986	-114.77435	0.009366132	0.0	953.5837597846985
204	653.27295	72.318375	726.3237	535.0508	1000.0	48.614204	14.516561	80.61926	-29.817755	820000	-2.002716e-08	692.57404	-0.053343847	-233.8765	0.009493624	0.0	958.0602216720581
205	303.1087	456.64404	723.5445	-394.78915	1000.0	33.673946	40.456467	82.38834	-39.292297	824000	-7.152557e-09	546.3354	-0.05280162	-153.73495	0.009465922	0.0	962.4160437583923
206	403.3902	340.3717	676.8518	-180.08961	1000.0	40.305912	38.08029	80.77629	-43.437984	828000	-1.9311905e-08	673.1542	-0.05146262	-113.130554	0.00941191	0.0	966.8820748329163
207	489.74054	82.93123	594.07574	362.0007	1000.0	52.09175	13.708208	90.0693	-23.225317	832000	-8.8214875e-09	596.6375	-0.05448275	-117.83444	0.009345439	0.0	971.7260041236877
208	473.7846	352.8864	733.1204	-134.47878	1000.0	34.06765	34.22712	77.7224	-51.3675	836000	1.3828277e-08	590.5165	-0.05246707	-162.8822	0.009480833	0.0	976.0412018299103
209	438.05823	325.2913	691.0957	-120.73992	1000.0	44.266953	33.293884	90.05965	-45.719925	840000	-2.3841858e-08	471.7384	-0.051802695	-108.879456	0.009406034	0.0	980.4215204715729
210	455.00848	313.11237	725.025	-65.685555	1000.0	37.830498	38.367558	83.43628	-54.32334	844000	-9.536744e-10	579.782	-0.051841494	-127.73053	0.009478442	0.0	985.4452404975891
211	157.42355	311.54092	690.2132	-65.185745	1000.0	15.402563	45.296684	84.924866	-51.049603	848000	1.9073486e-08	542.6653	-0.052672762	-138.7981	0.009431604	0.0	989.9476215839386
212	555.42505	97.790375	659.6474	441.18997	1000.0	48.310852	11.726186	79.4364	-9.121446	852000	-1.8119811e-08	551.5806	-0.049944237	-105.76257	0.009500424	0.0	994.4017107486725
213	438.31958	355.55524	713.84796	-171.55493	1000.0	37.40254	34.977818	82.037415	-50.35817	856000	1.0251999e-08	537.1027	-0.052733723	-98.61273	0.009416944	0.0	999.2921752929688
214	252.05981	297.56744	718.9781	-68.440956	1000.0	19.185726	47.97043	79.58808	-52.536205	860000	-2.3841858e-08	495.142	-0.055172954	-108.374176	0.009436544	0.0	1003.9312691688538
215	668.9115	93.4211	789.6281	549.7728	1000.0	55.33004	10.213169	81.67184	-12.652563	864000	3.5762786e-09	587.1287	-0.0508597	-123.241425	0.009456367	0.0	1008.746185541153
216	734.88983	59.33087	810.63525	644.1827	1000.0	61.621353	9.051208	90.01517	-1.7002723	868000	-4.7683715e-09	546.57697	-0.049956217	-90.01196	0.009594229	0.0	1013.2030913829803
217	485.77463	350.6225	793.8762	-109.205246	1000.0	48.301823	37.521908	91.389145	-43.651028	872000	-2.4318695e-08	636.8455	-0.05239276	-133.87247	0.009577935	0.0	1017.7877976894379
218	533.551	204.83641	789.7453	226.81714	1000.0	52.203754	26.9613	88.84713	-45.186165	876000	4.768372e-10	595.0938	-0.052738156	-95.78656	0.009493288	0.0	1022.5611302852631
219	481.0509	401.26822	782.6823	-208.62999	1000.0	41.86701	35.8303	92.263145	-40.951	880000	-3.6597253e-08	550.29095	-0.050407726	-103.224884	0.009454892	0.0	1027.0592653751373
220	407.7533	408.88162	799.77313	-273.48764	1000.0	32.87067	45.366535	99.86393	-48.060482	884000	6.437302e-09	561.43634	-0.05022371	-93.58554	0.009441982	0.0	1032.1589570045471
221	716.95514	101.712494	843.833	612.6566	1000.0	64.93038	10.35789	100.062935	-0.26876625	888000	2.2768974e-08	679.44324	-0.05179644	-123.46228	0.009550957	0.0	1036.3118653297424
222	446.9461	419.83975	790.85254	-260.1567	1000.0	45.542454	41.052925	86.13741	-44.803165	892000	-1.2397766e-08	477.4313	-0.0538335	-118.035614	0.0095612295	0.0	1041.2116482257843
223	667.99744	118.18653	850.1436	554.92444	1000.0	61.282677	9.896061	83.74084	-32.779755	896000	-1.3351441e-08	552.8144	-0.050453432	-97.56201	0.009587022	0.0	1045.6443343162537
224	763.5084	97.28846	849.0511	598.30005	1000.0	63.72662	9.361242	85.6225	6.6390476	900000	2.6702882e-08	575.9497	-0.050035853	-147.08038	0.009624464	0.0	1050.2939229011536
225	666.8076	84.023285	788.15656	566.20886	1000.0	71.402756	9.707141	90.345406	15.868952	904000	4.172325e-09	636.3533	-0.053336095	-167.93707	0.009538168	0.0	1054.8227100372314
226	404.39606	137.99695	535.6594	182.53372	1000.0	41.057785	39.392143	88.089645	-45.22668	908000	3.8146974e-09	666.2542	-0.050541144	-127.201294	0.009510797	0.0	1059.3473827838898
227	757.9695	38.01471	789.6669	693.95447	1000.0	56.938	9.127563	84.59408	10.252341	912000	0.0	824.24	-0.04966908	-275.5581	0.009588883	0.0	1063.9838263988495
228	539.2632	250.80731	720.93665	109.075966	1000.0	58.98697	28.583307	92.13563	-40.370445	916000	-3.2782555e-08	811.27954	-0.051475666	-202.31293	0.009553782	0.0	1068.467024564743
229	571.8206	270.65372	822.82605	143.7313	1000.0	52.182938	29.665348	89.95721	-41.176586	920000	-4.7683715e-09	584.025	-0.05401115	-93.817535	0.009481077	0.0	1072.8070237636566
230	799.829	62.802402	889.0489	714.17346	1000.0	64.64936	12.33484	87.47965	-37.66076	924000	1.3351441e-08	718.8333	-0.051681723	-178.98212	0.00954203	0.0	1078.1735792160034
231	621.55347	104.45016	795.43884	523.76996	1000.0	68.840065	20.511234	98.06685	-38.426605	928000	-1.4781952e-08	856.323	-0.0513827	-327.99243	0.009504093	0.0	1082.6212527751923
232	413.99524	332.40784	756.57635	-16.80234	1000.0	37.585014	38.42478	84.543076	-44.7769	932000	-2.5510788e-08	520.33386	-0.051638536	-125.71823	0.009513931	0.0	1087.2869880199432
233	698.0527	287.6332	932.98267	205.60208	1000.0	52.26301	32.845814	83.88693	-42.48049	936000	8.34465e-09	682.2727	-0.05060362	-230.1582	0.009593879	0.0	1091.9277193546295
234	656.78314	107.21125	747.2083	475.61243	1000.0	72.91949	14.610845	95.44251	-36.282787	940000	1.1563301e-08	681.1175	-0.048076734	-203.33542	0.009618284	0.0	1096.0787744522095
235	727.0801	173.65013	880.8486	433.08524	1000.0	59.40938	23.06204	85.4298	-42.69878	944000	-7.867813e-09	598.83234	-0.04973182	-122.15576	0.009617773	0.0	1100.8147072792053
236	577.4013	255.68617	862.1024	178.26181	1000.0	55.556625	36.303627	88.4271	-40.783493	948000	3.004074e-08	690.791	-0.050779074	-119.19183	0.009479544	0.0	1105.2307410240173
237	752.5121	111.45034	855.3113	567.4191	1000.0	62.915775	27.150848	96.88099	-47.42374	952000	1.6689301e-09	662.99695	-0.050822046	-96.31134	0.009558472	0.0	1109.676253080368
238	429.32904	417.272	823.72797	-207.82317	1000.0	44.501392	47.651237	95.35648	-42.94984	956000	-2.3841858e-08	585.7006	-0.051981747	-115.062836	0.00959682	0.0	1114.3225820064545
239	765.067	122.82969	892.4664	561.9801	1000.0	66.82583	13.799653	95.47431	-21.67541	960000	-1.1920929e-08	874.43427	-0.050469022	-161.09528	0.009589239	0.0	1118.6942036151886
240	757.30994	134.12617	934.5694	565.2962	1000.0	71.817764	13.98269	93.63249	18.38209	964000	7.7486035e-09	737.2997	-0.050221022	-115.912476	0.00964951	0.0	1123.9736359119415
241	793.5329	140.02156	980.7082	651.2499	1000.0	70.250916	11.884661	96.00965	12.599463	968000	-4.899502e-08	632.0223	-0.051882986	-92.73456	0.00954469	0.0	1128.6096863746643
242	522.77795	523.47394	937.6111	-375.29596	1000.0	51.77777	39.648586	98.93469	-37.710033	972000	1.26361845e-08	662.773	-0.05216998	-173.21762	0.009564527	0.0	1133.0659868717194
243	463.59586	460.90158	801.4963	-329.82266	1000.0	46.225	46.59306	98.82354	-48.309177	976000	-2.5749207e-08	668.63837	-0.053495117	-120.159485	0.009559422	0.0	1137.4997787475586
244	788.5694	65.49885	877.17596	715.1514	1000.0	68.045616	13.903199	93.60831	-21.162361	980000	6.6757204e-09	769.696	-0.051716976	-144.1175	0.009624346	0.0	1142.0023665428162
245	380.58167	449.17902	755.88354	-386.64056	1000.0	42.98669	48.199295	94.88558	-44.152985	984000	-2.2172928e-08	839.66956	-0.051223192	-199.97284	0.009577197	0.0	1146.4430952072144
246	690.55426	147.66333	872.3579	460.3904	1000.0	58.69369	24.767408	93.52043	-37.570816	988000	-2.5272369e-08	713.05756	-0.05006338	-214.17743	0.009630617	0.0	1151.0437922477722
247	245.38963	446.66284	783.7551	-412.6559	1000.0	27.384052	48.44309	97.785095	-43.970764	992000	-4.196167e-08	1137.724	-0.052306853	-310.05322	0.009458682	0.0	1155.4765765666962
248	158.6059	475.78915	854.3908	-351.65842	1000.0	12.628446	53.10741	102.596725	-53.66065	996000	-1.4305114e-08	721.12665	-0.053177316	-161.88226	0.009549888	0.0	1160.165584564209
249	675.2091	185.16992	822.3641	361.4468	1000.0	51.439915	31.11649	99.34171	-39.326237	1000000	-4.720688e-08	893.76294	-0.050579082	-317.39203	0.00962569	0.0	1165.5138716697693
