Epoch	AverageEpRet	StdEpRet	MaxEpRet	MinEpRet	AverageTestEpRet	StdTestEpRet	MaxTestEpRet	MinTestEpRet	EpLen	TestEpLen	TotalEnvInteracts	AverageQVals	StdQVals	MaxQVals	MinQVals	LossPi	LossQ	Time
1	-281.6281	56.75597	-211.20638	-369.32404	-298.5075	115.45888	-116.02129	-524.3904	1000.0	1000.0	5000	12.067326	11.60646	55.552998	-4.9257736	-14.049614	0.5494163	46.27586364746094
2	-347.66318	60.63256	-234.00313	-409.88608	-670.93134	292.39398	-520.10095	-1527.518	1000.0	1000.0	10000	114.1955	61.62499	293.16415	20.572287	-124.48128	8.408171	92.72855591773987
3	-647.871	325.04962	-408.95392	-1285.6831	-808.0973	83.86496	-603.6638	-899.2094	1000.0	1000.0	15000	312.13193	25.513584	384.26105	201.45158	-319.36176	13.608772	140.9043951034546
4	-652.801	255.46335	-379.7146	-1084.0431	-566.41846	38.67171	-474.45096	-599.53894	1000.0	1000.0	20000	372.85992	40.598965	742.39667	295.2335	-378.5713	12.46374	188.44310665130615
5	-532.9018	249.77655	-161.38083	-814.704	-158.24113	114.55372	-73.4628	-471.83008	1000.0	1000.0	25000	369.5127	67.09327	734.4076	270.91998	-372.14444	8.886855	235.8056824207306
6	-377.24475	200.99251	-116.97101	-682.5999	-305.83423	128.22969	-147.34055	-651.3244	1000.0	1000.0	30000	314.39536	61.892963	622.0825	221.63202	-315.799	7.610522	284.4049611091614
7	-351.535	85.20494	-191.74425	-445.60114	-197.38925	94.08062	-54.377537	-354.26117	1000.0	1000.0	35000	255.34497	53.057014	541.82916	179.59741	-256.20294	5.6315365	332.9579019546509
8	274.16324	426.77332	949.65686	-189.14862	825.416	237.45795	1019.3579	140.36919	1000.0	1000.0	40000	210.90605	46.574627	506.5745	146.61595	-211.92497	4.409827	381.72309827804565
9	1100.2136	180.5764	1384.1422	826.9266	1768.542	83.262634	1907.7421	1665.8479	1000.0	1000.0	45000	185.66568	46.237053	502.25012	120.48339	-186.86874	5.0538425	429.45800018310547
10	1411.5533	327.8952	1899.4841	1070.1964	741.4294	316.89233	1073.2874	-98.95869	1000.0	1000.0	50000	172.67226	48.270306	487.3443	100.534775	-173.97334	6.431914	477.31102228164673
11	1399.5293	318.10074	1827.2926	985.0432	1629.6779	99.36771	1762.4523	1419.2902	1000.0	1000.0	55000	167.95912	52.714687	494.31586	88.024315	-169.29965	6.730252	524.8020417690277
12	1516.6166	268.5406	1862.598	1107.8488	1238.7291	60.94949	1356.9076	1126.8219	1000.0	1000.0	60000	166.83763	58.19878	581.1914	74.9387	-168.15942	7.1869483	573.1996142864227
13	1662.0808	289.24365	2080.2854	1343.9287	2012.8584	136.12471	2260.531	1836.1641	1000.0	1000.0	65000	168.77104	66.67115	726.893	67.89265	-170.20145	8.903835	620.5409021377563
14	2067.9126	228.08035	2335.7456	1696.6671	2491.085	105.94676	2656.8262	2289.3936	1000.0	1000.0	70000	181.40724	74.65082	914.9615	74.57782	-183.30208	11.611774	668.8684279918671
15	2394.732	157.54623	2657.1323	2187.5593	2530.6667	94.380394	2684.2292	2371.7014	1000.0	1000.0	75000	199.14485	88.73644	1160.0549	104.707886	-201.2695	13.074146	716.2221446037292
16	2240.2317	86.14673	2362.133	2091.9373	2144.6033	227.16295	2351.4998	1545.2085	1000.0	1000.0	80000	218.8363	112.71535	1548.1338	134.25452	-220.93214	16.899206	764.0220060348511
17	1930.8323	621.93787	2698.7427	794.8448	-278.34186	104.69426	-112.864365	-440.73694	1000.0	1000.0	85000	235.16884	139.16856	1853.6808	144.74304	-237.24805	24.086632	812.8776733875275
18	1297.0067	1128.9772	2434.0432	-310.1725	852.45966	835.41943	2160.5256	-309.9594	1000.0	1000.0	90000	248.44017	145.48956	1769.9108	143.25656	-250.01663	27.64832	860.5927886962891
19	1431.8368	616.6591	2302.2124	720.45435	203.85869	547.22144	1457.6969	-336.147	1000.0	1000.0	95000	258.8088	152.4245	2258.7031	149.92982	-260.36472	26.14099	908.5193173885345
20	376.7446	658.4032	1684.4255	-92.01296	725.99414	774.6202	2134.4026	-354.12314	1000.0	1000.0	100000	276.33356	175.91048	2146.4683	120.65221	-277.99023	32.490555	957.2203547954559
21	538.92737	684.11865	1571.477	-287.66098	-359.39252	134.55057	-170.0301	-571.8773	1000.0	1000.0	105000	293.48376	194.60036	1841.9182	144.07422	-295.29636	31.439726	1006.159658908844
22	-366.51965	109.59009	-203.79555	-546.3031	-831.79315	276.9887	-465.91855	-1332.1459	1000.0	1000.0	110000	331.7108	237.52109	1873.7566	147.16872	-334.77194	45.604496	1054.5104763507843
23	-432.7479	245.88063	26.085554	-645.68335	-530.9322	85.23758	-397.1036	-709.3412	1000.0	1000.0	115000	398.73294	226.0856	1853.2145	150.6123	-403.0744	50.000683	1103.2922868728638
24	-242.62918	193.64272	82.7597	-510.06183	-218.48807	265.29333	431.31473	-487.22598	1000.0	1000.0	120000	412.34357	193.64912	2050.8293	152.7984	-413.84323	32.16184	1151.5133154392242
25	68.97756	295.31284	484.25403	-342.68085	-36.672195	155.52681	272.20065	-286.1707	1000.0	1000.0	125000	390.97366	180.58055	1850.9386	154.5351	-393.046	27.388187	1200.037143945694
26	-63.787743	129.96278	92.12422	-223.94627	-122.510544	154.71875	110.68419	-397.79755	1000.0	1000.0	130000	386.5067	158.22336	1582.7904	173.84763	-388.04834	23.354969	1249.3684585094452
27	-50.602116	189.91032	264.0419	-252.46555	-163.7861	104.97956	61.38268	-308.16025	1000.0	1000.0	135000	357.28894	136.4451	1297.0851	218.92155	-358.6097	18.556719	1298.8210337162018
28	-0.25179443	219.94022	336.72235	-320.92862	140.72275	340.0606	713.3339	-548.9603	1000.0	1000.0	140000	327.2666	101.505165	1026.7222	192.60353	-328.4367	15.459354	1347.4117357730865
29	1637.1556	898.2864	2394.5017	-13.27659	1551.0771	443.64255	1989.9753	397.25424	1000.0	1000.0	145000	295.57678	73.79193	787.77435	181.69023	-296.5522	14.634325	1396.44198012352
30	1922.6116	352.47443	2545.2886	1553.1823	2428.2666	509.94662	2819.3838	949.15765	1000.0	1000.0	150000	266.125	54.97468	623.1018	145.63066	-267.043	13.276538	1445.601963043213
31	1788.1553	896.1231	2483.4856	67.64111	2088.3237	92.68705	2261.3909	1937.3938	1000.0	1000.0	155000	243.09232	49.10956	503.4482	103.32841	-243.96555	12.346582	1495.3490443229675
32	1962.7141	734.32324	2635.6292	543.5736	1711.2455	127.78164	1930.7249	1514.167	1000.0	1000.0	160000	225.38289	53.47118	379.77863	76.0576	-226.3029	11.864456	1544.0797402858734
33	2222.3452	425.84192	2671.0212	1476.724	2471.7527	632.8759	2906.0452	603.75653	1000.0	1000.0	165000	214.0649	62.608257	315.6479	74.848175	-214.9499	11.546021	1593.2389316558838
34	2411.7817	247.96442	2750.4143	2021.7603	1760.2448	570.7929	2529.0964	891.603	1000.0	1000.0	170000	206.21016	71.51377	315.8991	47.096233	-207.20207	11.265246	1642.4252171516418
35	2268.2478	713.1134	2839.385	926.6724	1560.4833	1055.1864	2648.0754	2.8155897	1000.0	1000.0	175000	201.64514	79.730225	320.28217	37.40163	-202.53474	11.528624	1691.4685757160187
36	2156.3958	761.6237	2691.904	668.32623	2791.9905	403.4567	3102.3096	1630.3607	1000.0	1000.0	180000	195.8907	87.01589	324.39575	34.86565	-196.7154	12.429822	1739.9726512432098
37	2572.3765	444.40604	3151.2385	1795.9448	2541.3594	171.8084	2691.7043	2150.563	1000.0	1000.0	185000	193.66234	94.33546	334.22195	19.355244	-194.5579	12.7957535	1789.2676753997803
38	2520.9062	146.21568	2676.865	2266.3833	673.6485	712.475	2155.6323	-255.85158	1000.0	1000.0	190000	193.41115	101.06227	335.22443	4.652666	-194.27199	14.526761	1838.3461410999298
39	1638.0312	934.841	2422.7544	1.1400023	2727.8013	365.04562	3023.1333	1670.6888	1000.0	1000.0	195000	192.58984	105.17099	336.1756	7.5006194	-193.51292	16.716003	1886.2882511615753
40	2794.3315	122.98447	2892.304	2552.861	3039.6619	116.38925	3182.781	2809.6602	1000.0	1000.0	200000	193.62851	109.69538	341.07962	-1.2103899	-194.51456	14.173782	1935.2676017284393
41	2192.05	1106.0718	2991.8186	93.99893	2873.93	133.79674	3037.9534	2636.1765	1000.0	1000.0	205000	195.70056	112.97547	343.70425	-7.0511394	-196.63307	16.873304	1983.8709144592285
42	2784.166	135.80919	2897.7305	2564.3464	2746.6326	180.12578	3074.5137	2473.5115	1000.0	1000.0	210000	198.42976	115.817825	346.015	-24.134253	-199.35358	14.923355	2032.645218372345
43	2589.1423	56.902332	2667.07	2513.2764	2649.3176	288.419	2981.8862	2084.8115	1000.0	1000.0	215000	202.37364	119.45902	352.26865	-29.045275	-203.37994	15.412322	2082.330129146576
44	2285.526	646.32416	2882.5898	1075.6962	2654.9353	395.33368	3129.9998	1844.7197	1000.0	1000.0	220000	205.23132	122.1951	355.26294	-34.523457	-206.14827	16.912457	2131.6997153759003
45	2764.3132	246.08035	2953.498	2306.5413	2703.4067	656.29333	3283.5652	832.5578	1000.0	1000.0	225000	208.59143	124.060715	358.1849	-51.77785	-209.58324	16.774015	2180.7282695770264
46	2731.3835	375.8452	3143.4185	2053.1006	2816.0278	152.6922	3073.1033	2590.929	1000.0	1000.0	230000	214.24442	124.664085	359.00815	-32.324284	-215.29718	17.477276	2230.3536891937256
47	2551.0413	368.0755	3026.6519	1985.3704	2906.3967	170.45607	3092.0806	2481.6824	1000.0	1000.0	235000	217.8343	125.406166	366.55875	-52.595463	-218.80064	18.451445	2280.191814184189
48	2757.3015	270.12546	3103.2476	2390.206	3033.3481	227.89186	3342.3418	2541.3496	1000.0	1000.0	240000	221.41605	125.562515	366.17917	-38.078274	-222.43555	16.674994	2329.676189661026
49	3000.003	124.01316	3202.4565	2900.671	2832.5845	161.69495	3157.976	2588.273	1000.0	1000.0	245000	226.39722	127.38328	375.04828	-59.8924	-227.4604	16.79707	2378.7376747131348
50	2318.0884	1210.6913	3027.3599	-90.15466	2413.778	833.4264	3199.3364	262.894	1000.0	1000.0	250000	230.82655	128.89108	378.23242	-37.92555	-231.93214	16.338947	2427.7864310741425
51	2315.4556	976.35535	2981.1804	383.7337	894.932	816.75946	2677.9753	66.19439	1000.0	1000.0	255000	232.86356	129.86955	380.39328	-31.666294	-233.77353	19.81699	2477.9930465221405
52	2042.5261	983.37756	2911.0234	233.12224	2671.8726	155.92567	2922.4402	2375.1038	1000.0	1000.0	260000	231.93683	129.30345	375.53278	-32.85962	-232.83424	17.620157	2528.69056892395
53	2620.8743	160.68236	2853.128	2430.017	2799.4731	264.12796	3177.455	2097.2656	1000.0	1000.0	265000	233.33592	130.06792	373.21277	-41.651306	-234.2615	16.381727	2577.617467880249
54	2673.1929	274.4202	3050.372	2248.3167	2205.1792	869.44525	3099.1243	743.855	1000.0	1000.0	270000	235.92865	130.60861	374.7195	-40.911537	-236.88142	19.11239	2627.8366055488586
55	2413.5876	749.68744	2935.7395	926.81506	2982.0945	164.43329	3313.626	2749.454	1000.0	1000.0	275000	237.7554	130.75955	378.47302	-36.646454	-238.68974	17.582026	2677.0448565483093
56	2795.7515	259.0329	3245.679	2507.5642	2939.821	346.48703	3200.9812	1961.9297	1000.0	1000.0	280000	239.84471	131.33711	379.43692	-36.203106	-240.79745	15.937591	2726.9568660259247
57	2690.0796	349.31662	3041.703	2040.725	2953.6113	169.1737	3237.9675	2684.084	1000.0	1000.0	285000	241.4727	132.16048	384.74594	-42.020065	-242.39578	16.697899	2776.868317604065
58	3075.6326	102.47482	3253.414	2958.9915	2560.241	317.99948	2876.3103	1705.5874	1000.0	1000.0	290000	243.38141	133.00719	382.36734	-54.829334	-244.27235	17.105827	2826.63329911232
59	2213.9941	1093.3722	3146.9404	99.71643	1964.8203	1323.8462	3015.201	-444.08246	1000.0	1000.0	295000	244.17317	133.47488	382.94348	-63.663574	-245.03723	15.890891	2876.402854204178
60	2343.8599	761.1943	2859.6357	843.1037	2709.9744	844.0411	3192.0198	223.79099	1000.0	1000.0	300000	242.25772	135.06305	379.9153	-75.61744	-243.0176	17.469429	2926.304224729538
61	2659.9421	529.1655	3059.8755	1626.775	3255.0261	143.45277	3494.5176	3058.4304	1000.0	1000.0	305000	241.63501	135.92075	379.6646	-79.850716	-242.47874	15.426144	2976.6765501499176
62	3096.3608	89.63349	3229.3606	2950.8394	2957.6545	121.00071	3073.7976	2686.7168	1000.0	1000.0	310000	243.24623	138.65077	385.6932	-87.06709	-244.05424	15.461251	3027.2379298210144
63	2968.2417	100.8161	3099.0608	2798.2324	3060.0442	139.9157	3311.5972	2857.951	1000.0	1000.0	315000	243.13235	140.15398	384.69745	-94.669044	-243.93056	15.744381	3077.6727390289307
64	3023.7722	156.00299	3234.4177	2781.482	3159.4465	106.82189	3285.6016	2988.237	1000.0	1000.0	320000	241.60823	140.51866	381.34537	-104.497375	-242.25432	16.76301	3128.0309920310974
65	2937.1309	147.09889	3195.2356	2793.6028	3154.3088	86.2364	3287.2244	2974.7498	1000.0	1000.0	325000	243.37807	139.02449	379.48517	-102.42378	-244.24718	15.032428	3177.908729314804
66	2427.9712	828.18243	2981.545	799.91034	2996.9187	161.8912	3182.4966	2707.617	1000.0	1000.0	330000	247.5318	136.44829	386.18448	-82.93275	-248.44832	16.596514	3228.1849093437195
67	2826.4316	144.77391	2991.8337	2572.4238	3016.6487	117.212616	3142.8984	2816.529	1000.0	1000.0	335000	249.70677	133.59413	381.2429	-54.865852	-250.5083	17.560526	3278.6384105682373
68	2930.9324	192.17264	3194.9053	2653.7559	2975.239	115.11862	3168.8389	2800.3645	1000.0	1000.0	340000	251.76843	131.67337	383.54733	-50.72197	-252.628	16.304155	3329.1155614852905
69	2945.967	62.513622	3051.292	2884.0627	2937.5671	114.36586	3143.0847	2781.6355	1000.0	1000.0	345000	253.96297	131.39561	382.1722	-44.47685	-254.7942	15.537516	3379.6559839248657
70	2912.4922	186.72742	3140.1887	2617.7607	2348.1074	1063.3636	3069.9749	99.77435	1000.0	1000.0	350000	254.66003	130.56319	381.3584	-31.185345	-255.44322	14.3978	3430.360236644745
71	2953.0752	141.05174	3132.3213	2706.243	2881.8833	285.46265	3280.2986	2153.8672	1000.0	1000.0	355000	256.6345	130.15172	383.91446	-27.820936	-257.48172	14.2397175	3480.722403049469
72	2892.4536	96.74631	3043.5122	2773.5886	3084.9084	98.6677	3233.8987	2915.1978	1000.0	1000.0	360000	257.6151	129.5144	385.98074	-29.06333	-258.3622	15.262906	3531.12779378891
73	3114.1458	76.107834	3229.2144	3024.3757	3031.3882	141.46326	3279.8208	2790.5366	1000.0	1000.0	365000	258.9475	128.74446	385.5529	-37.213573	-259.7733	15.098064	3581.635496854782
74	3046.2278	98.394424	3191.038	2883.6223	3060.1677	125.37822	3261.9978	2815.144	1000.0	1000.0	370000	260.54483	128.22665	386.02396	-20.802853	-261.349	14.46619	3633.3539521694183
75	3011.155	125.049194	3128.9924	2787.1174	2933.6711	116.11095	3116.094	2701.5342	1000.0	1000.0	375000	262.2601	126.61524	384.44434	-21.394705	-263.07156	14.15604	3684.471681833267
76	2876.9983	92.55975	3000.099	2747.8386	3207.7847	141.101	3325.65	2892.7654	1000.0	1000.0	380000	262.71024	124.33423	384.9942	-14.391972	-263.45743	14.740678	3735.2554607391357
77	3031.2324	117.57522	3186.1658	2878.1206	3270.304	81.47945	3414.041	3166.4019	1000.0	1000.0	385000	264.16547	123.9355	385.2739	-19.37706	-264.9737	14.021002	3786.1729011535645
78	2819.4187	337.72067	3192.4683	2323.5864	2927.705	135.33723	3100.6497	2663.322	1000.0	1000.0	390000	264.16754	123.92995	386.26907	-21.076464	-264.73422	17.320694	3837.241257429123
79	2934.391	80.88792	3066.719	2813.102	3008.2454	141.66412	3149.601	2656.6787	1000.0	1000.0	395000	262.2584	121.94434	380.87827	-28.626556	-262.98364	15.179245	3887.654148578644
80	2991.5764	48.94612	3082.064	2943.7527	3149.1636	292.27026	3466.2463	2327.7742	1000.0	1000.0	400000	264.00168	122.32413	380.8067	-33.502068	-264.77094	14.469663	3938.964597225189
81	2866.227	264.841	3166.332	2429.3208	2882.7974	372.6535	3194.8982	1873.0012	1000.0	1000.0	405000	266.04388	123.15434	383.55667	-46.6789	-266.8333	15.593906	3989.8481125831604
82	2850.3406	188.06786	3021.6804	2528.219	3211.687	99.56737	3374.3916	3096.7637	1000.0	1000.0	410000	268.0147	122.741394	385.48453	-33.6444	-268.75208	15.899767	4040.953338623047
83	3022.0312	171.33961	3206.255	2815.2847	3050.0579	119.359985	3248.5688	2876.7593	1000.0	1000.0	415000	268.69165	121.830025	384.3297	-36.9776	-269.3781	15.753591	4092.3094503879547
84	3170.6653	54.790943	3217.8062	3074.618	3234.08	69.06531	3362.7986	3143.6587	1000.0	1000.0	420000	270.26953	120.98255	383.9666	-31.678358	-271.08954	14.530109	4143.839613437653
85	3139.3281	134.56203	3308.062	2926.078	3345.5034	87.872665	3460.2344	3176.9163	1000.0	1000.0	425000	272.3323	122.11367	394.43066	-34.165268	-273.1414	14.726169	4195.3201785087585
86	3111.3735	156.42572	3231.209	2801.812	3234.7888	119.42222	3434.8125	3083.848	1000.0	1000.0	430000	276.014	123.4839	395.1311	-35.497696	-276.85178	15.004998	4246.364838600159
87	3054.1274	108.17997	3148.9368	2867.4558	3137.872	90.53501	3278.726	2997.3616	1000.0	1000.0	435000	277.25595	124.41406	395.17462	-43.600735	-277.98865	15.384722	4297.285613536835
88	2937.3904	157.06053	3116.098	2692.2236	3256.5261	131.10062	3418.9307	3051.7957	1000.0	1000.0	440000	276.97998	124.917114	397.52457	-40.676548	-277.6987	13.699287	4348.285276174545
89	3144.1274	120.73232	3318.8752	2978.7048	3032.1997	75.19041	3138.6106	2903.5054	1000.0	1000.0	445000	278.04993	125.00584	395.63657	-31.241283	-278.7951	13.429729	4400.090406417847
90	2951.1438	62.475487	3022.7854	2841.702	2481.4983	195.10454	2723.511	2133.2664	1000.0	1000.0	450000	277.6325	123.693405	389.7339	-34.358986	-278.30725	12.759384	4451.755617380142
91	2880.9915	243.09798	3129.0078	2422.1394	3354.0715	79.01321	3509.2954	3228.852	1000.0	1000.0	455000	278.24844	123.162476	390.9105	-41.48699	-279.02164	13.193538	4503.815664768219
92	2827.2407	315.75488	3267.4197	2281.4946	3101.2666	138.70767	3333.094	2889.0283	1000.0	1000.0	460000	279.52518	121.79707	391.0718	-18.944546	-280.22116	14.6461735	4555.091238021851
93	2838.8313	234.61346	3064.9854	2397.6736	3257.1382	144.86916	3457.3074	3038.652	1000.0	1000.0	465000	279.23434	120.890625	391.87704	-38.831238	-279.95474	14.159559	4605.615327835083
94	2968.4827	93.1343	3052.3806	2797.0684	2864.7915	338.03983	3066.9194	1861.7355	1000.0	1000.0	470000	280.91495	120.42276	391.6565	-30.042881	-281.65613	14.2109785	4656.880689620972
95	3040.9653	190.16455	3370.5771	2824.4758	3223.078	159.49432	3465.477	3006.0168	1000.0	1000.0	475000	280.98877	118.75608	391.98965	-27.997992	-281.67316	13.240332	4708.6566116809845
96	2765.8613	607.9161	3185.5388	1558.1096	2143.436	1291.6631	3338.8738	-255.68335	1000.0	1000.0	480000	281.67014	118.21347	390.25543	-13.071201	-282.42157	14.1576185	4759.988634586334
97	2959.3518	68.3999	3070.041	2875.3691	3107.8547	129.27246	3275.668	2814.833	1000.0	1000.0	485000	282.8836	119.244705	391.97235	-33.163933	-283.5788	15.366062	4810.32536649704
98	2811.1675	153.26659	3037.2551	2566.957	2384.596	998.9692	3060.164	-341.20782	1000.0	1000.0	490000	281.59982	119.36049	389.40146	-28.562248	-282.14246	13.881778	4861.878776788712
99	2333.952	789.3321	2963.3208	823.8086	3226.6497	90.19628	3419.567	3086.41	1000.0	1000.0	495000	278.62665	117.154076	385.3035	-27.331913	-279.13986	16.10816	4913.328967809677
100	3184.825	81.89293	3316.0864	3069.6177	3135.0193	137.48294	3271.7034	2910.139	1000.0	1000.0	500000	278.74774	116.60247	387.8767	-37.783257	-279.5229	13.456559	4966.82922077179
101	2922.4028	137.53386	3091.552	2690.356	2858.5093	285.25534	3118.5164	2042.2073	1000.0	1000.0	505000	281.55786	116.45218	386.7247	-31.930937	-282.20776	14.228597	5018.423567771912
102	2782.186	147.31665	3027.7307	2597.9092	2567.8901	793.6089	3066.4946	856.1714	1000.0	1000.0	510000	281.13614	115.73273	386.4548	-25.021513	-281.74655	13.38319	5071.72416472435
103	2896.5833	65.30172	2988.7673	2802.2625	2860.7148	350.32275	3188.514	1865.7732	1000.0	1000.0	515000	279.99323	115.46273	380.0344	-27.231195	-280.5636	11.889409	5124.413665056229
104	2871.7239	157.53766	3150.7563	2666.5815	3185.0576	183.60252	3558.8875	3013.4983	1000.0	1000.0	520000	278.7514	113.553276	378.57068	-30.506977	-279.28735	12.12114	5176.16047668457
105	3024.3008	141.72913	3201.5112	2829.6309	2746.1152	702.79694	3434.5903	1171.6863	1000.0	1000.0	525000	278.28738	113.82167	379.92688	-56.873737	-278.91953	13.425439	5227.463516235352
106	3025.9783	132.70705	3247.745	2904.9954	2881.0093	202.51808	3155.9167	2563.7112	1000.0	1000.0	530000	280.18414	113.78422	378.84732	-38.407524	-280.83954	13.959611	5279.173090219498
107	3064.155	103.97638	3217.4878	2934.1646	3155.776	132.74434	3310.397	2911.163	1000.0	1000.0	535000	281.74994	114.34914	383.60687	-47.680202	-282.426	14.6244	5331.206723690033
108	3018.6665	98.06253	3190.9119	2897.998	2962.779	64.57712	3076.3438	2835.8813	1000.0	1000.0	540000	282.71478	113.40932	381.12866	-37.325184	-283.3614	13.349528	5383.988441705704
109	2937.934	215.22798	3198.4436	2676.449	3017.0107	127.204414	3192.739	2814.0881	1000.0	1000.0	545000	283.16412	112.424545	382.97696	-37.16718	-283.81143	12.945473	5435.996027231216
110	2489.451	596.01697	2978.9585	1351.6384	2937.4092	102.30949	3072.1555	2766.3362	1000.0	1000.0	550000	281.90552	111.030396	381.12128	-30.934778	-282.16885	18.19126	5488.027011394501
111	2966.6938	119.72062	3178.665	2822.1853	3120.269	146.21938	3332.6067	2856.2593	1000.0	1000.0	555000	278.0017	109.29853	373.05997	-33.604057	-278.60654	14.609772	5540.444650888443
112	2522.6704	352.944	3066.3757	1987.3691	2521.6184	133.38953	2789.6145	2278.7454	1000.0	1000.0	560000	276.20605	108.229774	377.1533	-31.71489	-276.48248	18.555859	5592.887395620346
113	2836.365	368.64017	3216.1511	2186.857	3197.3638	110.27358	3420.7168	3027.8933	1000.0	1000.0	565000	272.56995	106.61413	369.62402	-33.732697	-273.02667	15.343613	5645.0150945186615
114	3112.7983	126.61512	3321.454	2924.2961	2743.6929	607.29083	3251.051	1483.9404	1000.0	1000.0	570000	275.43857	107.43021	371.354	-39.285805	-276.09937	14.6667795	5697.748571157455
115	3041.183	72.16823	3175.536	2967.486	3122.16	143.56104	3315.9321	2869.1414	1000.0	1000.0	575000	278.7095	108.06457	374.42813	-52.350883	-279.2951	14.975322	5749.603344917297
116	2954.585	195.67665	3171.4895	2599.984	3067.9546	156.77486	3403.5771	2804.145	1000.0	1000.0	580000	279.5922	107.39062	376.76297	-47.72039	-280.11386	14.1989155	5802.337053537369
117	2935.976	215.66347	3135.6604	2531.0342	3212.3423	151.28975	3545.1304	3037.5808	1000.0	1000.0	585000	279.63788	107.44328	375.26422	-39.682945	-280.16806	15.369069	5856.015269041061
118	2805.6438	595.4083	3187.6172	1629.9402	3168.7568	137.17677	3368.2942	2967.9314	1000.0	1000.0	590000	281.33725	108.49271	381.88452	-56.7417	-281.9281	14.630316	5909.215332508087
119	3066.727	154.82224	3204.7288	2786.293	3008.3171	606.4813	3350.5742	1274.6074	1000.0	1000.0	595000	282.40176	109.12346	380.44983	-72.82104	-283.0066	14.668805	5962.416453361511
120	3129.2905	107.93153	3240.9175	2942.0542	2993.7004	149.7587	3229.3452	2696.0112	1000.0	1000.0	600000	285.18973	109.49431	386.7712	-56.920776	-285.82516	15.230863	6013.844808578491
121	3124.7378	68.47096	3177.9016	2990.876	3204.6372	131.36728	3367.9805	2934.1355	1000.0	1000.0	605000	287.6209	110.35121	384.62607	-51.53007	-288.2955	15.398356	6067.0171637535095
122	3144.2825	132.02692	3277.8994	2905.3967	3216.325	77.71675	3312.035	3073.5146	1000.0	1000.0	610000	289.4085	110.84978	392.25476	-49.75985	-290.04846	14.312075	6120.100230455399
123	3020.519	72.023254	3131.1143	2944.6904	3311.1206	119.63041	3462.717	3065.8962	1000.0	1000.0	615000	290.87442	111.22443	387.07718	-61.71867	-291.51254	14.784109	6173.39657998085
124	3171.4106	74.220764	3269.8135	3078.6338	3082.7612	511.0901	3399.3552	1572.2518	1000.0	1000.0	620000	293.23206	111.69509	390.9117	-44.751053	-293.90756	16.05923	6225.926348209381
125	2985.146	237.92438	3187.1223	2523.2656	2992.7073	846.07294	3473.7007	481.20898	1000.0	1000.0	625000	295.69986	112.281296	393.25565	-48.262287	-296.4102	15.284087	6279.388636827469
126	3110.5115	59.3169	3223.8008	3053.2205	3299.651	166.5123	3470.3298	2849.3347	1000.0	1000.0	630000	298.24945	112.39609	395.59436	-65.732056	-298.97507	15.369823	6332.412832736969
127	3225.514	129.0062	3441.1902	3090.0303	3029.749	144.02902	3177.618	2649.3745	1000.0	1000.0	635000	300.97144	110.984474	400.67935	-45.641224	-301.7248	15.376325	6385.056449890137
128	3078.0132	298.42947	3365.4373	2524.191	3046.55	204.73262	3278.058	2547.1204	1000.0	1000.0	640000	302.43875	109.81989	397.95853	-28.979168	-303.07144	14.82171	6437.5993039608
129	3047.066	82.79288	3118.8477	2891.0852	2882.256	221.83537	3170.7034	2387.1414	1000.0	1000.0	645000	300.37	108.81821	395.36932	-35.307526	-300.9371	13.954726	6490.435577392578
130	2865.625	164.9327	3140.137	2634.4893	3004.4766	133.82143	3242.5596	2741.922	1000.0	1000.0	650000	296.30408	106.47582	391.3892	-49.184013	-296.66653	15.86299	6543.67431974411
131	2934.4731	78.79814	3040.5852	2828.9211	3193.9172	96.53156	3351.686	3030.649	1000.0	1000.0	655000	292.54977	105.093994	392.316	-58.446186	-293.047	15.085965	6596.965824127197
132	3016.3882	42.933136	3071.3801	2940.92	3095.6018	146.86873	3386.564	2785.755	1000.0	1000.0	660000	292.0873	104.837814	391.5503	-30.432877	-292.5759	15.73125	6651.070724964142
133	2930.4265	144.41283	3172.624	2729.2234	3074.1738	114.00846	3214.3875	2885.6755	1000.0	1000.0	665000	292.03818	104.492615	393.87366	-63.3435	-292.55334	16.822838	6704.1412534713745
134	3020.015	43.23477	3070.7249	2948.2644	3232.752	130.2978	3474.2017	3065.2192	1000.0	1000.0	670000	291.3368	103.929115	389.98254	-22.44825	-291.81982	15.739152	6756.567972898483
135	3120.6206	123.14152	3322.405	2976.203	3137.5164	143.70686	3370.665	2817.2727	1000.0	1000.0	675000	291.30453	103.957535	392.86172	-17.18192	-291.7708	17.197777	6808.468697547913
136	2988.3228	139.46523	3160.376	2774.3113	3068.729	162.19006	3345.9602	2785.2146	1000.0	1000.0	680000	291.01413	103.61064	395.0464	-38.16833	-291.55875	17.12939	6862.122410058975
137	2996.854	119.78609	3212.2622	2866.3057	3075.2039	85.26361	3233.0034	2972.6472	1000.0	1000.0	685000	291.96484	102.87141	385.75635	-45.028534	-292.48706	15.81205	6914.495309591293
138	2560.1133	305.48694	2974.1401	2212.3005	2423.2378	580.60425	2710.4883	694.05096	1000.0	1000.0	690000	290.714	100.61678	384.9731	-55.7177	-291.079	15.847157	6967.423566818237
139	2828.0337	124.21516	3060.9988	2692.8198	3074.5818	149.77187	3388.5032	2858.7983	1000.0	1000.0	695000	288.45187	99.30954	378.4409	-34.048004	-288.89764	16.036886	7020.7030029296875
140	3029.144	112.74312	3222.889	2903.5396	3152.7742	80.91546	3288.9336	3026.797	1000.0	1000.0	700000	288.43073	98.73778	378.76294	-8.733045	-288.9223	14.311709	7073.62414264679
141	2909.5264	210.52449	3213.3086	2625.2644	3101.2578	128.46901	3326.4956	2916.9739	1000.0	1000.0	705000	287.89474	98.623116	383.3281	-26.624378	-288.3256	14.045575	7126.930475950241
142	2979.337	176.86926	3157.9058	2664.2554	3181.1348	121.584984	3380.3767	2932.9707	1000.0	1000.0	710000	287.00568	99.088135	381.51184	-40.7704	-287.46335	15.225481	7179.540972232819
143	3076.9702	64.15919	3163.3408	2992.6843	3093.2434	139.95999	3292.869	2829.4407	1000.0	1000.0	715000	288.33807	99.30044	388.27786	-56.079544	-288.8241	15.995587	7233.17763209343
144	3102.241	128.04822	3240.4602	2866.802	3138.6838	97.51713	3283.3303	2996.8372	1000.0	1000.0	720000	289.2732	99.448326	387.2172	-26.233244	-289.7679	17.017843	7286.192380905151
145	2955.427	63.891994	3067.9404	2891.9985	2886.5298	95.354675	3063.2659	2676.9436	1000.0	1000.0	725000	289.45978	98.970055	389.69034	-49.374924	-289.89725	18.53816	7341.063579082489
146	2830.6533	155.47691	3015.8452	2641.9133	3024.1858	105.8039	3173.008	2864.0188	1000.0	1000.0	730000	289.48593	98.99104	383.14578	-66.443535	-289.95627	16.397072	7394.3956933021545
147	2944.5654	275.75897	3312.1907	2529.7004	2345.091	1247.2002	3272.7683	-588.0681	1000.0	1000.0	735000	290.93704	99.28979	382.59485	-74.000824	-291.5225	16.52708	7448.635185241699
148	3000.9097	111.86508	3129.4414	2802.7463	3102.3523	211.42517	3394.7283	2709.5056	1000.0	1000.0	740000	293.61414	99.017006	382.5569	-24.174088	-294.1909	16.566072	7503.325928926468
149	2972.6626	184.93903	3236.0623	2738.0886	2967.827	144.54704	3212.2905	2790.8586	1000.0	1000.0	745000	295.4558	98.679	383.94547	-54.97165	-295.9051	16.944584	7557.984133005142
150	2563.7903	246.0318	2885.0137	2254.7656	1872.9625	143.43091	2094.2952	1639.2246	1000.0	1000.0	750000	291.5237	96.99268	383.88556	-90.3188	-291.64313	20.398193	7613.092727899551
151	2771.881	512.8764	3125.831	1752.4752	2895.8596	333.3944	3323.5183	2070.5964	1000.0	1000.0	755000	285.71945	94.178566	372.84357	-60.734917	-286.1406	16.191795	7667.541772842407
152	2724.1536	151.79153	2926.9077	2469.2522	3066.2395	186.95235	3306.568	2711.2622	1000.0	1000.0	760000	287.27032	95.473	377.90985	-39.535374	-287.7373	14.197353	7722.714411973953
153	2908.9556	220.73795	3245.099	2584.0684	2970.2417	268.4369	3442.3389	2527.978	1000.0	1000.0	765000	289.21173	95.96931	377.70618	-69.92593	-289.7463	14.685075	7777.092065811157
154	3088.558	150.0486	3251.116	2882.773	3148.244	125.42986	3322.821	2928.192	1000.0	1000.0	770000	291.885	96.20487	380.41544	-60.84152	-292.4331	14.496287	7830.29155921936
155	3088.3977	121.959915	3212.7576	2875.949	3154.0203	81.943665	3332.7844	3048.164	1000.0	1000.0	775000	293.7298	95.695984	385.3794	-36.33167	-294.21808	14.378238	7883.877250671387
156	2724.5737	572.83154	3214.027	1646.5906	3088.8865	130.95238	3254.8147	2854.8787	1000.0	1000.0	780000	293.41577	94.290924	383.79886	-16.545416	-293.8206	16.117456	7938.40355014801
157	3055.81	128.71832	3282.5527	2911.7402	3140.673	194.1826	3370.6516	2694.905	1000.0	1000.0	785000	295.1773	93.63256	385.0434	-37.974487	-295.7473	15.841366	7991.861776590347
158	2924.099	93.921265	3087.5503	2803.631	3133.4346	151.72795	3371.2263	2877.993	1000.0	1000.0	790000	297.45245	94.42173	384.90607	-74.79189	-298.06104	16.173065	8046.55039024353
159	2741.3472	274.5093	2940.5098	2204.545	3173.8398	121.58801	3408.4648	2940.9883	1000.0	1000.0	795000	300.181	95.66409	387.89474	-65.057625	-300.80936	16.165148	8100.898354768753
160	2538.8691	947.0072	3147.502	670.86566	2930.026	192.54457	3096.5964	2488.4214	1000.0	1000.0	800000	301.4286	96.740456	389.4702	-55.63687	-301.9243	15.943578	8155.15989613533
161	2900.1892	59.30177	3004.3518	2846.4558	3073.9578	220.79991	3443.3655	2517.701	1000.0	1000.0	805000	299.48264	96.38761	387.02258	-29.551872	-299.9066	15.306868	8208.757494688034
162	3026.8755	60.020496	3137.4602	2962.211	3065.1577	113.44053	3255.9128	2903.7202	1000.0	1000.0	810000	298.89145	96.38444	389.56485	-30.924831	-299.40085	14.091166	8263.251100063324
163	3033.4485	139.70255	3224.951	2863.5493	3121.0574	60.43549	3231.5051	3029.3318	1000.0	1000.0	815000	298.99207	97.280174	388.00455	-36.997623	-299.5171	14.140463	8317.04144692421
164	2887.182	384.3934	3264.513	2145.3054	3231.8472	184.82468	3509.8208	2966.2954	1000.0	1000.0	820000	299.94305	98.44731	386.83884	-46.741486	-300.48676	14.659028	8370.401735067368
165	2961.1133	184.17767	3254.3904	2688.447	3011.5767	121.06889	3265.2102	2813.2588	1000.0	1000.0	825000	300.91245	98.87684	389.18613	-60.1876	-301.39734	17.545877	8425.225507974625
166	2840.823	129.23273	3058.0537	2665.541	3113.3867	169.38649	3365.6707	2801.6467	1000.0	1000.0	830000	300.2929	98.449554	385.4154	-52.464394	-300.78754	16.986458	8479.660975694656
167	3040.46	137.95584	3184.5144	2790.6187	3173.6743	101.128044	3372.2253	3018.246	1000.0	1000.0	835000	300.27188	98.12558	388.21808	-41.58963	-300.78592	14.387079	8533.383471250534
168	3094.5938	58.044136	3139.0212	2982.0193	3201.8635	107.4539	3365.4307	2962.2668	1000.0	1000.0	840000	300.51324	96.60457	392.63367	-43.47595	-301.01413	14.304903	8586.60065817833
169	3054.2402	160.9147	3305.7097	2816.97	3101.5427	113.143486	3257.9292	2959.1812	1000.0	1000.0	845000	300.22348	95.29577	392.61407	-38.131187	-300.7224	15.081632	8641.993478775024
170	3144.3425	110.7795	3332.6467	3028.1707	3228.5825	138.65364	3481.88	3049.296	1000.0	1000.0	850000	300.78192	93.988976	393.02585	-25.822521	-301.3025	16.037334	8695.42294383049
171	3170.7075	159.09789	3306.4233	2859.9045	2839.5354	93.77804	3028.2224	2647.7168	1000.0	1000.0	855000	301.11734	94.181595	392.05728	-13.256779	-301.61166	15.20254	8750.076510190964
172	2937.591	81.91786	3036.226	2834.8733	2982.595	153.55864	3150.003	2675.7288	1000.0	1000.0	860000	300.3624	92.49539	387.8989	-12.238793	-300.8018	15.526431	8804.643032550812
173	2816.4832	241.99779	3079.6533	2419.7002	1957.8428	252.68607	2345.8738	1540.8088	1000.0	1000.0	865000	299.56943	90.94098	384.1704	-21.317822	-299.92078	18.416307	8858.672716617584
174	2515.4478	446.19763	3051.3582	1935.9882	3176.19	108.19744	3338.164	2925.5132	1000.0	1000.0	870000	290.90112	86.872314	375.5621	-6.532786	-291.0198	22.679836	8913.060069322586
175	3110.9917	160.57141	3316.022	2876.9697	3227.0413	155.42159	3602.551	3047.8315	1000.0	1000.0	875000	292.5672	87.80746	376.53094	-21.132278	-293.10632	13.83486	8966.113357067108
176	3057.8306	101.40757	3216.7537	2935.064	3160.3384	103.48142	3319.965	2992.1753	1000.0	1000.0	880000	295.91748	89.34961	378.9447	-1.6988859	-296.40494	14.216366	9020.83031797409
177	2973.7866	73.003296	3112.3916	2897.514	3134.4285	248.28719	3363.4858	2544.3984	1000.0	1000.0	885000	297.83273	89.26184	380.99582	-2.8972821	-298.34183	14.495621	9075.865813970566
178	3162.8335	197.93636	3320.2412	2776.8052	3233.3572	101.29941	3387.99	2984.0032	1000.0	1000.0	890000	300.36884	89.13458	381.3201	-44.143013	-300.9287	14.439093	9131.893856048584
179	3028.1255	110.457596	3229.113	2906.8416	3179.0732	111.479454	3390.4856	2960.9158	1000.0	1000.0	895000	302.50598	89.86708	383.94244	-41.58557	-303.0499	13.650716	9186.982326984406
180	3027.564	117.95877	3186.1687	2855.3533	3197.9402	115.56726	3388.031	3007.715	1000.0	1000.0	900000	302.71024	89.75451	387.10852	-37.453854	-303.1421	13.564422	9242.522707223892
181	2964.1929	100.21319	3078.4592	2829.687	2959.776	126.63447	3134.3115	2757.0251	1000.0	1000.0	905000	301.2479	89.59459	385.17883	-37.977386	-301.65176	14.4335785	9298.274498224258
182	2694.2188	225.6035	2939.3684	2381.3567	2655.1406	121.49822	2802.0452	2338.774	1000.0	1000.0	910000	295.85944	88.15889	383.1303	-36.82335	-295.91986	19.85079	9353.025525331497
183	2799.308	163.2056	2951.9805	2498.3977	3121.019	104.3048	3263.654	2943.5896	1000.0	1000.0	915000	292.3858	87.04984	379.47232	-65.911545	-292.82196	16.599634	9408.787784814835
184	2739.4253	466.04346	3118.4597	1824.5745	3185.1753	96.09648	3320.747	3055.2285	1000.0	1000.0	920000	290.42865	86.560684	378.36246	-68.89642	-290.61893	15.6159315	9464.651557922363
185	3060.3508	157.70033	3260.309	2825.8977	3121.7153	88.675224	3252.3425	2998.882	1000.0	1000.0	925000	290.83185	86.76013	374.43253	-47.027836	-291.2819	14.199767	9519.723498344421
186	3032.4998	81.635155	3128.1707	2903.641	3203.8833	144.78777	3426.6501	3018.8604	1000.0	1000.0	930000	293.72592	86.98905	377.66064	-32.19784	-294.26398	14.16874	9574.936408996582
187	3109.4204	103.83493	3220.3413	2914.1125	3132.7134	92.17235	3271.8093	2987.9016	1000.0	1000.0	935000	297.5433	86.853195	380.17148	-30.304981	-298.07828	13.76421	9629.645190238953
188	2999.899	116.2994	3197.9253	2851.3438	3199.1636	61.33266	3309.9905	3126.2012	1000.0	1000.0	940000	299.4905	86.016594	381.78683	-20.696844	-299.97455	13.460526	9685.813323020935
189	3013.6094	151.70515	3194.974	2792.1223	3048.5193	190.67244	3293.539	2602.1687	1000.0	1000.0	945000	301.64902	85.84584	383.52692	-54.400146	-302.22955	13.822623	9740.434141159058
190	2893.814	251.55353	3136.2195	2413.7537	3224.1538	143.49503	3448.6326	3024.2585	1000.0	1000.0	950000	304.14517	85.78542	385.58585	-9.470803	-304.68976	13.847409	9795.316320419312
191	2878.272	244.95125	3081.3208	2451.6802	3223.898	118.69297	3406.1262	2989.365	1000.0	1000.0	955000	306.39694	86.162346	389.80103	-38.67656	-306.96024	14.78321	9851.549838542938
192	3030.4805	158.91985	3186.815	2766.6948	3134.626	158.16412	3366.274	2857.8223	1000.0	1000.0	960000	307.98163	87.35243	388.2745	-35.378807	-308.5276	13.755808	9907.071803092957
193	2937.5195	123.817024	3164.5898	2823.7761	3177.5923	135.69318	3382.8657	2894.213	1000.0	1000.0	965000	308.02014	88.07918	392.64243	-46.221107	-308.5402	13.943131	9961.763481855392
194	3059.8967	105.59633	3248.0361	2957.9583	3202.4563	145.31572	3398.2346	3002.518	1000.0	1000.0	970000	308.7148	88.27638	392.65176	-23.583162	-309.2796	14.754728	10017.721202373505
195	2944.482	136.31592	3104.7234	2733.2173	2740.264	277.73868	3224.982	2369.2578	1000.0	1000.0	975000	309.884	89.07974	393.4785	-53.8555	-310.4453	15.695641	10072.653376579285
196	2998.3547	218.91573	3121.964	2561.0679	3056.878	554.9765	3562.9895	1501.5859	1000.0	1000.0	980000	311.3422	89.03336	392.6146	-63.434162	-311.92245	14.8275175	10127.828039646149
197	3033.6245	188.21536	3237.3657	2731.7698	2883.9065	715.54065	3540.0125	834.2991	1000.0	1000.0	985000	312.49402	88.33819	393.16037	-72.67808	-313.06036	14.739097	10183.61544251442
198	3149.7273	46.685314	3215.631	3092.708	3181.023	62.42899	3284.2295	3087.1904	1000.0	1000.0	990000	312.8179	87.52229	395.39392	-56.980286	-313.38266	14.2134	10238.594680547714
199	3140.2476	163.5549	3347.3591	2920.2966	3014.4165	603.1611	3406.3008	1247.6509	1000.0	1000.0	995000	313.05258	85.74433	393.58978	-17.31541	-313.58246	14.615016	10295.007320404053
