Epoch	AverageEpRet	StdEpRet	MaxEpRet	MinEpRet	AverageTestEpRet	StdTestEpRet	MaxTestEpRet	MinTestEpRet	EpLen	TestEpLen	TotalEnvInteracts	AverageQ1Vals	StdQ1Vals	MaxQ1Vals	MinQ1Vals	AverageQ2Vals	StdQ2Vals	MaxQ2Vals	MinQ2Vals	AverageVVals	StdVVals	MaxVVals	MinVVals	AverageLogPi	StdLogPi	MaxLogPi	MinLogPi	LossPi	LossQ1	LossQ2	LossV	Time
1	-211.65242	98.806206	-59.30121	-324.4974	-178.95407	25.897215	-138.73442	-218.6096	1000.0	1000.0	5000	7.200769	5.5033407	30.083303	-4.497969	7.200759	5.503859	30.475737	-5.2246647	8.153665	5.6261315	31.770638	-12.3941145	-1.8490583	2.76601	75.386024	-13.197927	-8.475186	0.13460821	0.13194574	0.28913796	40.67756772041321
2	-253.63277	57.68601	-178.05353	-350.48407	-379.38916	161.0139	-217.3513	-690.6502	1000.0	1000.0	10000	29.328363	9.33277	68.39951	3.5912092	29.328503	9.331781	67.87632	3.400118	30.986713	9.573392	70.76724	3.8616629	0.9252918	3.5624774	27.221216	-16.380556	-31.735054	0.34868696	0.35100523	0.73889863	81.06493425369263
3	-162.92953	231.74612	206.93446	-505.3716	189.68364	180.88065	700.6924	-11.144006	1000.0	1000.0	15000	49.78414	9.5760565	108.26358	25.020935	49.784203	9.57536	109.49578	24.477861	50.618263	9.552612	101.849594	25.084234	-0.30336633	3.3935554	27.018719	-13.487391	-51.48084	0.43205497	0.43686974	0.90731525	124.93033790588379
4	213.46005	146.96495	506.50516	125.87838	1420.972	124.85609	1523.0242	1075.2551	1000.0	1000.0	20000	46.286293	11.804801	79.942474	22.877108	46.286514	11.804068	82.338425	23.624268	46.884705	11.860895	79.88323	24.313957	-1.6141402	2.6768603	19.50085	-14.53564	-47.544445	0.29926977	0.30339456	0.6116872	168.51563930511475
5	821.57385	402.5523	1337.1287	185.77693	1930.9045	96.78196	2127.9167	1809.2216	1000.0	1000.0	25000	48.458755	14.848404	97.14432	23.103813	48.45882	14.848183	97.763176	23.307907	49.032257	14.76123	96.045654	24.363743	-1.5842586	2.6721878	18.469952	-13.0530815	-49.655693	0.423108	0.4233576	0.73806083	212.38928747177124
6	1947.1533	352.85425	2605.2266	1536.8256	2760.9758	62.61513	2878.0674	2650.255	1000.0	1000.0	30000	57.09344	21.39426	129.67613	20.686098	57.093494	21.394394	131.69324	20.44441	57.669666	21.212305	127.980156	19.424915	-0.90693295	3.0430098	23.224482	-14.281591	-58.476845	0.65088415	0.64536965	1.0402554	255.5485873222351
7	2203.2437	874.8443	2879.0576	479.05933	3131.7495	131.8557	3357.9077	2964.484	1000.0	1000.0	35000	72.48058	31.045126	158.49652	18.07212	72.48045	31.045372	159.60088	17.589354	73.08121	30.704704	157.42365	17.384178	-0.07201782	3.46176	28.146887	-14.7647915	-73.93838	0.96435684	0.9707785	1.4534453	299.02855253219604
8	2870.9236	327.32138	3200.267	2297.2383	3814.877	196.75764	4189.602	3518.9375	1000.0	1000.0	40000	90.88148	39.862503	193.8864	25.579184	90.881676	39.86252	195.02974	24.655375	91.447	39.415092	192.74821	26.447567	0.42484564	3.6655037	31.28578	-15.157809	-92.31499	1.3128049	1.3123983	1.8737117	342.0852825641632
9	3067.5613	157.86479	3379.3118	2953.4841	3963.507	113.156815	4106.059	3780.0166	1000.0	1000.0	45000	110.979904	48.101723	220.05879	24.97375	110.98016	48.10157	218.37003	24.68792	111.477264	47.6107	219.58762	26.297756	0.8504629	3.8289657	29.44078	-13.538492	-112.408516	1.6766859	1.6341486	2.2811399	385.82614398002625
10	3505.6953	175.3968	3841.0032	3381.1975	4132.285	150.04884	4327.6504	3926.514	1000.0	1000.0	50000	130.6313	55.935577	239.99612	26.088747	130.63165	55.935658	239.8802	26.15849	131.07968	55.428005	238.01935	27.875498	1.193971	3.9420395	42.618195	-13.408097	-132.06767	1.9935398	1.958802	2.6665668	429.62111496925354
11	3619.6313	168.6713	3812.0461	3393.518	4456.78	111.73482	4643.076	4248.716	1000.0	1000.0	55000	149.86006	63.387966	268.77588	10.105806	149.86008	63.387863	268.89777	9.871994	150.26569	62.887295	268.55548	5.5979376	1.564507	4.066161	43.601578	-13.1928835	-151.33267	2.3862507	2.3413832	3.1620452	473.8353190422058
12	4015.8452	145.07141	4168.885	3799.2026	4664.9067	137.03712	4813.015	4373.694	1000.0	1000.0	60000	168.69753	70.74197	291.66974	-17.244806	168.69766	70.742195	290.08395	-17.474098	169.0781	70.19837	288.86377	-21.347374	1.8848593	4.2268434	37.46937	-13.518153	-170.21118	2.8016348	2.7499857	3.6748266	517.9277803897858
13	4095.358	261.87112	4374.393	3632.81	4998.7227	82.19894	5150.0737	4880.477	1000.0	1000.0	65000	187.19162	74.99677	306.69293	9.096991	187.19164	74.99722	308.42676	11.129276	187.53815	74.38272	306.9854	8.388128	1.9692128	4.1460977	41.765564	-13.441749	-188.71619	3.066675	2.9857101	3.893529	561.5879483222961
14	4687.1104	123.23181	4874.791	4540.218	5234.8438	78.07649	5330.669	5038.945	1000.0	1000.0	70000	204.53003	81.31008	334.5208	-27.38134	204.53024	81.31041	334.26935	-30.782318	204.82407	80.76205	333.4108	-35.74559	2.215102	4.2295413	41.678486	-14.036213	-206.11977	3.2073987	3.112541	4.1988854	605.8478345870972
15	4811.495	238.56013	5100.593	4506.381	5453.2393	50.84684	5581.2954	5369.2305	1000.0	1000.0	75000	221.7636	87.67825	362.26904	-79.60206	221.76385	87.67857	360.686	-75.026375	222.10736	87.03059	357.72256	-80.93665	2.4157536	4.298735	38.392	-13.999683	-223.4754	3.4503078	3.348743	4.4491315	650.0030918121338
16	4955.8057	130.62978	5113.3438	4778.9736	5977.869	101.22547	6120.5293	5768.0347	1000.0	1000.0	80000	240.41849	89.84375	384.58163	10.250708	240.41856	89.84407	383.75494	8.292293	240.7483	89.14581	380.54562	14.178336	2.653125	4.3121543	47.257748	-13.965375	-241.99585	3.642718	3.5851548	4.722133	694.3516891002655
17	5438.999	133.17628	5610.1987	5268.876	6212.1694	127.217896	6413.7314	6043.3945	1000.0	1000.0	85000	258.09354	93.87405	402.6009	3.7548425	258.0936	93.87401	404.51703	5.255512	258.38416	93.2452	399.64572	-6.0906367	2.863901	4.331563	49.656578	-15.458231	-259.68408	3.8807676	3.8105671	4.9676805	738.7060396671295
18	5636.699	148.44264	5882.703	5457.1006	6273.413	155.53078	6427.037	5897.8013	1000.0	1000.0	90000	274.04178	100.645836	425.84164	-40.368713	274.04202	100.646385	425.10544	-41.806442	274.3269	99.96565	425.53177	-39.18904	3.0971253	4.420872	38.902256	-14.520195	-275.7986	4.3019156	4.218149	5.4603863	782.7304580211639
19	5870.979	136.31201	6067.641	5662.6416	6443.997	87.97773	6577.002	6324.1724	1000.0	1000.0	95000	292.10913	102.77161	453.9317	4.380499	292.10886	102.77222	452.49603	5.3381767	292.4414	101.985275	455.09708	9.395451	3.3123703	4.4256186	42.079567	-14.614199	-293.85794	4.5330033	4.4980826	5.815934	827.1918859481812
20	5793.4824	199.92445	6164.021	5566.991	6636.214	120.86758	6832.3496	6395.7373	1000.0	1000.0	100000	308.48007	106.443665	468.46478	20.50605	308.4803	106.444275	469.78845	19.575855	308.78058	105.67066	466.70444	25.00213	3.4856343	4.4533978	48.286247	-12.561184	-310.25797	4.858485	4.7242904	6.022035	871.875212430954
21	6217.9854	91.291176	6325.8213	6107.8496	7137.449	126.24513	7388.735	6988.2676	1000.0	1000.0	105000	324.59247	109.162506	494.602	20.774893	324.5924	109.16367	492.93958	18.404907	324.86972	108.38835	490.1571	20.417297	3.654047	4.469485	55.077793	-15.082245	-326.34076	5.0368123	4.935095	6.3763685	915.6337599754333
22	6071.3936	864.87695	6713.2812	4398.6353	6809.7134	64.09407	6891.0693	6685.9453	1000.0	1000.0	110000	339.43103	112.60383	505.7261	18.99348	339.43094	112.604614	506.7992	18.473385	339.6761	111.8232	502.21268	21.164679	3.8319366	4.5093117	48.259167	-12.732908	-341.1901	5.625054	5.401674	6.9415655	959.6841025352478
23	6267.979	474.2216	6752.6797	5407.351	6803.7944	94.843185	6973.9507	6573.627	1000.0	1000.0	115000	352.82397	115.02932	523.79816	-105.56608	352.8237	115.03057	524.3697	-100.373085	353.03406	114.196175	524.5007	-90.731255	3.884661	4.503477	53.936707	-12.28583	-354.58813	6.080872	5.945379	7.2637734	1004.2321219444275
24	6541.0796	305.8367	6966.2314	6083.2236	7146.4546	452.39685	7570.411	5882.7583	1000.0	1000.0	120000	365.10092	117.72419	534.5742	-146.32178	365.10086	117.725075	535.2007	-157.19681	365.27908	116.896576	534.43494	-123.815895	3.9879448	4.523784	47.11489	-12.453345	-366.8254	6.480086	6.3059454	7.7558517	1049.2302086353302
25	6792.833	269.21646	7204.441	6499.0776	6946.996	47.70479	7045.7656	6871.023	1000.0	1000.0	125000	376.95483	120.011894	549.16516	-125.18537	376.9549	120.013176	549.9416	-125.02944	377.12054	119.17431	547.0753	-125.663666	4.0386925	4.470182	51.874336	-13.491912	-378.68234	6.561096	6.388492	7.725653	1093.2096967697144
26	6850.9663	304.9408	7159.5225	6464.2476	7528.3896	160.4482	7863.7275	7286.9106	1000.0	1000.0	130000	389.31882	121.71168	574.6652	-120.17412	389.31897	121.711624	569.72534	-129.45491	389.4913	120.82428	568.57684	-108.40494	4.1611724	4.5069013	46.208477	-11.534771	-391.01196	6.4664183	6.334759	7.829941	1138.112803220749
27	7297.4414	376.427	7867.526	6798.8286	8294.765	139.01611	8421.366	7936.1113	1000.0	1000.0	135000	402.21964	122.560356	577.1714	-109.62496	402.22	122.56094	577.45135	-111.38607	402.424	121.59389	576.6097	-127.25114	4.2951436	4.520229	42.016277	-15.165575	-403.9102	6.5807185	6.4068384	8.03125	1182.3416171073914
28	7304.372	490.64392	7731.708	6371.0405	7937.203	108.07581	8123.763	7738.6846	1000.0	1000.0	140000	414.5106	124.54376	590.4788	-155.84157	414.5105	124.54547	590.31165	-161.69272	414.6323	123.66977	587.0756	-116.53067	4.3426304	4.4968104	47.94207	-13.617762	-416.13736	6.8536344	6.696503	8.306483	1226.927374124527
29	7593.242	152.75432	7788.959	7400.7905	7157.491	38.70603	7203.871	7084.0083	1000.0	1000.0	145000	425.77383	128.24213	608.16406	-152.86113	425.77365	128.24196	610.4268	-155.78523	425.91043	127.34759	607.00714	-133.21193	4.5354757	4.604584	52.302753	-14.407914	-427.5331	6.872551	6.7942953	8.375528	1271.9330780506134
30	6319.8467	2188.2073	7913.4287	1987.4945	8053.9443	127.29047	8256.842	7752.105	1000.0	1000.0	150000	436.70682	130.20778	623.7581	-140.92778	436.70724	130.20905	622.29486	-138.90126	436.86563	129.20184	618.4064	-138.87395	4.670695	4.6008697	45.258625	-12.753569	-438.4615	6.9374657	6.8027782	8.400065	1316.8399422168732
31	7805.0967	470.67044	8198.746	6967.547	7953.9663	201.58986	8267.784	7629.1255	1000.0	1000.0	155000	446.5005	132.90605	640.55975	-155.67912	446.50052	132.90675	639.0535	-169.88884	446.65048	131.90826	636.59546	-167.73785	4.7469573	4.5834503	60.577644	-13.321686	-448.1915	7.4093704	7.203933	9.00994	1361.8146800994873
32	7655.4165	297.29208	8044.48	7287.2715	8356.74	340.66962	8702.749	7627.312	1000.0	1000.0	160000	457.06882	134.46814	650.22015	-178.88252	457.06882	134.46883	650.2215	-187.88606	457.1622	133.51064	644.9979	-157.83684	4.8339434	4.5525403	46.90814	-13.574316	-458.674	7.2450795	7.0883937	8.918472	1406.8740134239197
33	7975.72	448.02344	8610.391	7539.272	8125.447	2197.975	8997.524	1538.292	1000.0	1000.0	165000	466.75565	136.66156	674.2866	-196.60408	466.75555	136.66335	675.157	-186.15	466.77716	135.77023	672.262	-187.27516	4.8585806	4.54878	53.458572	-12.770013	-468.3032	7.3936563	7.231066	9.077119	1451.7778034210205
34	8136.522	210.26884	8362.095	7768.9595	8561.34	1063.3893	9183.417	5390.687	1000.0	1000.0	170000	476.16638	140.57114	682.83545	-139.6739	476.16647	140.57187	685.4746	-151.17221	476.23004	139.61154	683.0517	-141.67111	5.046854	4.613463	47.383995	-11.944285	-477.8355	7.557092	7.3582163	9.305158	1497.201663017273
35	8123.5596	349.5211	8643.094	7613.312	9001.834	113.42011	9282.042	8879.281	1000.0	1000.0	175000	486.13742	142.01756	692.9546	-203.23488	486.1371	142.01918	695.99445	-185.5028	486.17746	141.01192	689.1564	-177.25435	5.072164	4.6006026	46.034206	-13.961225	-487.8213	7.926878	7.851735	9.615474	1542.0067472457886
36	7262.44	2109.687	8660.219	3075.245	9009.293	60.007454	9155.628	8933.086	1000.0	1000.0	180000	493.3021	146.51476	697.40454	-165.5678	493.30237	146.51544	698.36414	-176.23079	493.3504	145.45201	695.9139	-170.73387	5.197225	4.5728436	50.373924	-13.680279	-494.98776	8.473177	8.236101	10.090427	1586.73739695549
37	8373.884	348.34686	8696.993	7827.824	9534.638	61.775517	9626.523	9434.439	1000.0	1000.0	185000	503.21646	145.13492	711.01624	-173.5006	503.21667	145.13622	711.6111	-141.84045	503.28217	144.02287	707.82135	-138.67337	5.3188615	4.638966	53.66136	-11.758839	-504.8556	8.455604	8.16373	9.947486	1632.5335643291473
38	8447.842	287.5689	8965.513	8149.0815	9468.821	150.16667	9687.8955	9192.339	1000.0	1000.0	190000	511.37918	147.25293	722.9699	-107.33161	511.37924	147.25334	719.8139	-112.19341	511.33643	146.25781	719.74225	-131.81508	5.3477397	4.647853	57.661304	-13.103497	-512.954	8.986486	8.741507	10.625046	1678.03706741333
39	8512.838	355.5194	8802.304	7817.0664	9441.303	166.17163	9601.542	9088.067	1000.0	1000.0	195000	520.5155	148.09634	728.3954	-184.28023	520.51514	148.09775	726.6041	-228.6554	520.48724	147.03064	724.75574	-155.97685	5.416068	4.6282434	50.62575	-13.333895	-522.1301	9.046211	8.944919	10.642891	1723.6189217567444
40	8430.037	808.0981	9165.087	6926.518	8455.713	115.638336	8692.394	8291.709	1000.0	1000.0	200000	528.8514	149.50626	735.0189	-115.261566	528.8512	149.50706	734.2354	-160.10306	528.8146	148.4199	732.8667	-124.29197	5.552891	4.632839	47.475025	-14.54805	-530.47327	9.780704	9.641176	11.38033	1769.102353811264
41	8577.613	313.34024	9054.883	8211.517	8374.569	105.60092	8585.733	8155.3945	1000.0	1000.0	205000	536.0151	149.78534	738.9893	-158.69804	536.0151	149.78522	739.40424	-147.45404	535.94965	148.67786	738.0897	-161.34274	5.549508	4.6200027	49.502144	-14.679527	-537.5993	10.1520605	9.973278	11.410448	1813.8935506343842
42	8511.708	279.80466	8880.005	8116.5728	8160.0986	256.50034	8538.249	7762.833	1000.0	1000.0	210000	543.2981	149.4489	748.88336	-164.8796	543.2991	149.44893	748.3955	-163.36012	543.1815	148.33513	745.5672	-151.24637	5.6512327	4.6020613	59.919212	-13.967776	-544.8097	10.627344	10.397807	12.013216	1860.20898103714
43	8558.133	526.59186	9105.825	7920.878	9649.6	171.50673	9867.96	9361.71	1000.0	1000.0	215000	549.015	150.92366	753.55634	-115.15515	549.0149	150.92494	750.63586	-195.849	548.8929	149.8578	748.6775	-120.74622	5.688626	4.584089	62.708183	-11.904397	-550.51715	10.172169	10.1094	11.406607	1905.9783823490143
44	8766.959	340.60486	9149.69	8176.163	8821.994	204.62563	9044.288	8291.463	1000.0	1000.0	220000	555.3741	152.58536	762.06177	-129.89235	555.374	152.58618	763.92755	-203.64188	555.19354	151.55164	760.59045	-123.77815	5.6957164	4.5805583	56.407463	-11.051596	-556.83	10.5323925	10.352356	11.97763	1952.364495754242
45	8929.052	448.30893	9233.449	8039.7817	9030.08	70.09127	9134.402	8919.897	1000.0	1000.0	225000	561.02356	154.76012	766.6383	-137.9214	561.0239	154.76126	767.5767	-123.615234	560.82056	153.70753	766.10693	-115.27898	5.7353826	4.6172276	50.061226	-13.666571	-562.45685	10.473561	10.321711	11.940638	1997.7748217582703
46	8924.021	237.93082	9172.87	8539.121	8728.588	145.22997	8962.859	8531.198	1000.0	1000.0	230000	566.5016	154.40717	771.74414	-178.78845	566.5013	154.40808	769.20355	-126.663025	566.3034	153.23352	773.3091	-116.86148	5.8262463	4.6577525	61.37923	-15.521449	-567.9345	9.998563	9.857772	11.497588	2044.3078029155731
47	8711.5	415.38095	9166.885	8113.591	6698.142	2098.2183	8492.696	990.1576	1000.0	1000.0	235000	572.574	154.35115	770.23737	-142.05904	572.57404	154.35144	772.938	-112.68406	572.3966	153.18307	775.78015	-111.648285	5.9204555	4.6979394	52.25379	-11.967417	-574.0242	10.046281	9.9105015	11.486789	2090.4285893440247
48	8753.974	680.9115	9266.54	7426.996	9600.494	85.52441	9727.114	9472.912	1000.0	1000.0	240000	578.88556	153.73077	784.9028	-173.05908	578.8851	153.73157	782.01263	-156.79807	578.66595	152.56718	781.6283	-95.3629	5.897215	4.6730676	63.386467	-11.877146	-580.2962	10.4371605	10.277693	11.569536	2137.0154769420624
49	9165.943	142.42313	9330.333	8962.5625	9312.889	71.37811	9436.473	9188.635	1000.0	1000.0	245000	584.0258	154.6303	786.64075	-168.20203	584.02606	154.6318	784.66095	-165.02522	583.76025	153.53925	786.672	-142.49178	5.862082	4.611809	60.543133	-13.094352	-585.3782	10.355954	10.047037	11.485894	2183.423467874527
50	9201.394	190.93472	9448.178	8946.451	9489.633	104.673065	9689.872	9350.564	1000.0	1000.0	250000	589.82623	156.39351	791.92065	-106.34798	589.8262	156.39488	791.2743	-219.71059	589.5844	155.31662	791.21436	-115.24443	5.973273	4.615367	51.67787	-11.857897	-591.20593	10.247431	10.068595	11.863779	2229.838028907776
51	8227.59	1490.9854	9425.8545	5294.4604	10011.946	153.14644	10243.886	9767.961	1000.0	1000.0	255000	594.3595	159.06496	794.0515	-105.51321	594.35913	159.06635	794.3846	-111.016205	594.0721	157.94014	791.4095	-169.45673	5.9681716	4.638472	56.28472	-13.481683	-595.7161	10.874697	10.666432	12.006061	2276.225576877594
52	9163.847	232.77	9491.469	8774.343	9659.839	153.9047	9988.21	9385.388	1000.0	1000.0	260000	599.3707	159.392	796.2199	-167.0269	599.37054	159.39238	794.5282	-167.93277	599.0971	158.28468	796.94366	-155.0113	6.0578103	4.6643395	57.287125	-13.881161	-600.75214	11.134887	10.947227	12.380636	2322.5487287044525
53	8331.282	1174.7239	9248.272	6192.131	9846.729	78.07222	9977.377	9709.719	1000.0	1000.0	265000	603.4923	161.45735	801.0565	-189.38087	603.4928	161.45914	798.3754	-219.33858	603.1724	160.35329	798.21735	-190.23256	6.087906	4.632083	54.924004	-12.70119	-604.8223	11.575621	11.197849	12.872941	2368.6759176254272
54	9356.731	210.40599	9600.602	9006.465	10144.202	109.19628	10282.055	9960.021	1000.0	1000.0	270000	608.035	161.57825	806.18445	-347.973	608.0348	161.58177	803.2277	-361.9414	607.6919	160.49194	802.42017	-319.17496	6.1408005	4.6299667	59.130714	-14.625507	-609.3644	12.809541	12.460715	13.465554	2415.3273174762726
55	9209.83	304.93396	9487.558	8712.492	8424.632	221.94096	8748.287	8038.505	1000.0	1000.0	275000	612.0189	162.13435	806.6519	-312.542	612.0187	162.13696	807.8151	-318.55002	611.65515	161.02863	809.1319	-353.61774	6.1509295	4.5892873	54.280697	-12.207676	-613.3181	12.053669	11.87702	13.11916	2461.563308954239
56	8941.537	532.01276	9504.744	7938.624	10008.721	94.337555	10125.988	9827.107	1000.0	1000.0	280000	615.403	162.49915	810.5496	-352.78973	615.40356	162.49948	812.748	-371.19778	615.02203	161.36188	806.6927	-391.8621	6.197274	4.6308384	62.17893	-11.853296	-616.68054	12.151848	11.674616	13.035957	2508.2559683322906
57	9522.734	211.90038	9745.608	9118.298	9746.731	66.31615	9875.598	9661.315	1000.0	1000.0	285000	620.01013	161.86378	813.7334	-267.47366	620.0095	161.86592	811.99005	-293.13892	619.61194	160.7497	812.06714	-297.27026	6.139334	4.612219	64.6976	-12.115942	-621.2632	11.9422455	11.566377	12.845265	2554.607227563858
58	8256.564	2514.42	9776.568	3245.8774	9414.986	82.06835	9541.655	9297.579	1000.0	1000.0	290000	623.72217	163.16342	820.894	-245.2481	623.7225	163.16464	818.6951	-271.3936	623.30963	162.05415	817.19324	-320.46167	6.206299	4.619978	57.54144	-13.4091	-624.9459	12.007537	11.794721	13.603219	2600.8782861232758
59	9310.847	447.6268	9840.613	8653.663	9840.648	156.38571	10041.962	9434.398	1000.0	1000.0	295000	625.8279	166.2361	830.23883	-249.41925	625.82794	166.23741	830.6275	-247.07271	625.3806	165.11736	830.93805	-263.62402	6.2065616	4.604687	64.5382	-11.638305	-627.0365	12.32307	11.949124	13.353722	2647.4555785655975
60	9362.318	273.42477	9802.551	9068.945	9678.979	101.63785	9771.54	9446.367	1000.0	1000.0	300000	629.8262	166.15298	834.97974	-146.37708	629.8261	166.15352	833.30273	-162.11922	629.41327	165.03464	832.5392	-151.14102	6.207837	4.625082	63.47112	-11.708616	-631.0178	11.75259	11.573651	13.208206	2694.197976589203
61	9053.588	896.4152	9772.493	7284.535	10061.279	133.19366	10188.904	9699.991	1000.0	1000.0	305000	634.4069	166.71425	838.3684	-261.0106	634.407	166.71695	837.59546	-352.96024	633.97125	165.60011	835.68604	-167.48648	6.3188376	4.6277547	76.28295	-13.894358	-635.57825	12.595982	12.317527	13.9447155	2741.4705855846405
62	8971.26	1038.236	9657.457	6918.7334	10053.337	97.0258	10217.685	9879.015	1000.0	1000.0	310000	637.396	168.76706	839.2362	-305.29492	637.39575	168.7674	839.66064	-277.2463	636.9425	167.62495	838.50024	-288.63727	6.261404	4.586297	63.680378	-14.108224	-638.5599	12.794077	12.744942	13.994574	2787.774889230728
63	9420.481	104.56616	9485.157	9212.123	9829.547	124.27046	10059.414	9549.77	1000.0	1000.0	315000	641.61835	167.63133	842.8259	-247.84831	641.61835	167.63377	843.60095	-250.75294	641.12836	166.55405	838.91376	-281.06732	6.3284364	4.618824	56.141426	-11.72429	-642.77277	13.244222	13.00433	14.343175	2834.4408688545227
64	9569.744	219.57722	9971.562	9346.949	10278.927	173.36575	10587.565	9922.617	1000.0	1000.0	320000	643.991	169.29253	845.9928	-263.48694	643.9914	169.29195	842.3503	-224.98456	643.5047	168.17789	842.2224	-238.31667	6.341162	4.6169877	65.91408	-12.478469	-645.16144	14.222612	13.925216	14.946062	2881.3899252414703
65	9392.456	284.84955	9668.683	8917.201	10123.256	96.65947	10357.863	9992.917	1000.0	1000.0	325000	647.74414	169.38246	848.15875	-237.26955	647.74347	169.38512	845.4558	-224.75842	647.23785	168.28812	845.78864	-274.56003	6.367107	4.599712	74.23558	-15.333261	-648.8769	13.607705	13.46143	14.376266	2927.6529564857483
66	9366.596	309.17606	9629.184	8786.901	10346.992	74.51471	10519.05	10242.906	1000.0	1000.0	330000	651.09485	167.3884	849.01636	-194.18549	651.0952	167.38988	847.42523	-184.06273	650.5799	166.20992	849.3017	-173.08226	6.3928633	4.6543508	67.02204	-13.796535	-652.2622	13.974134	13.618888	14.65051	2974.736153125763
67	9686.618	323.84055	10170.114	9273.008	10151.253	202.37254	10414.075	9650.334	1000.0	1000.0	335000	654.6211	167.23817	853.981	-190.05151	654.6205	167.24052	853.9994	-192.74268	654.096	166.08182	849.87366	-219.28821	6.41148	4.6191425	64.422646	-13.428991	-655.7587	12.858127	12.532477	13.998788	3021.152580499649
68	7819.1436	3410.8726	9940.844	1012.9227	10190.592	126.86929	10348.418	9922.036	1000.0	1000.0	340000	655.2719	170.63155	856.00446	-235.34555	655.2724	170.63301	856.96173	-211.00188	654.68896	169.54453	852.32874	-201.62701	6.3866763	4.642158	59.53914	-12.831749	-656.3376	14.198753	13.934884	15.195048	3068.9250495433807
69	9770.086	231.3472	10024.42	9344.422	10267.791	89.967735	10387.677	10122.186	1000.0	1000.0	345000	658.22394	170.06445	858.3694	-241.57799	658.22406	170.06448	856.75903	-226.11893	657.6637	168.94257	853.7344	-212.17732	6.487195	4.675713	55.991623	-11.660347	-659.317	14.578468	14.352345	14.813959	3115.7901699543
70	9661.339	252.63843	9873.912	9165.023	10049.813	89.33233	10173.741	9885.849	1000.0	1000.0	350000	661.94696	170.14178	856.7269	-219.74504	661.9475	170.14143	859.16486	-219.57666	661.39386	169.03012	857.9997	-193.47923	6.518549	4.641564	64.87393	-12.0718975	-663.0168	13.796381	13.518072	14.201939	3162.8959703445435
71	9807.225	198.3565	10051.535	9602.785	10409.976	89.755325	10578.579	10261.476	1000.0	1000.0	355000	665.024	170.27318	859.20233	-122.43189	665.0242	170.273	860.7707	-97.89174	664.4518	169.12894	857.40466	-156.07567	6.4724584	4.6441064	66.333145	-12.482906	-666.0802	13.6794	13.48204	14.06305	3210.0776212215424
72	9677.972	483.24356	10085.182	8753.194	8512.811	2842.252	10363.821	2921.6072	1000.0	1000.0	360000	668.44366	170.21053	865.1422	-233.15675	668.44354	170.21089	861.33545	-179.15353	667.8436	169.1207	860.6723	-181.59785	6.530887	4.6613016	58.96655	-12.693132	-669.4868	14.063107	13.898245	14.626662	3257.675776720047
73	9808.231	137.40305	9991.877	9609.077	10231.121	168.36546	10429.029	9901.581	1000.0	1000.0	365000	671.5953	169.77618	865.80505	-185.21925	671.59595	169.77649	865.28644	-181.14796	671.0155	168.61794	862.9757	-193.06033	6.570158	4.6260962	60.84738	-12.77791	-672.6051	14.046863	13.731666	14.106059	3305.34375166893
74	9171.721	800.7449	10040.426	7723.3735	10109.51	85.19645	10210.303	9987.35	1000.0	1000.0	370000	675.19104	169.43199	867.98755	-201.47054	675.19147	169.43195	867.1494	-223.80147	674.5845	168.31415	865.27466	-163.12202	6.5376525	4.580399	66.71931	-12.423014	-676.165	13.651103	13.408534	14.028274	3352.848997116089
75	9653.503	219.41972	9886.74	9338.968	10309.0	66.103485	10429.617	10198.052	1000.0	1000.0	375000	677.5833	169.68237	869.92804	-261.88342	677.58344	169.684	869.19434	-204.59415	676.96216	168.58127	869.06256	-212.93266	6.5230284	4.6057916	56.752457	-18.998837	-678.5547	13.290988	12.858487	13.32124	3400.547326564789
76	9487.413	477.69897	10002.069	8667.721	10821.611	73.588295	10920.317	10699.881	1000.0	1000.0	380000	680.55865	168.0863	874.98553	-201.9176	680.5586	168.08632	871.8386	-200.78758	679.9428	166.89368	869.84467	-199.23325	6.5021286	4.5369196	52.167866	-14.680705	-681.5183	13.229894	13.133806	13.921887	3447.3137834072113
77	10040.143	265.29645	10423.698	9684.572	10912.27	104.90539	11093.877	10724.089	1000.0	1000.0	385000	683.2208	169.0835	880.48553	-174.90898	683.2208	169.08612	878.65955	-179.1158	682.56995	168.00916	875.7776	-161.70547	6.567878	4.5661187	59.04581	-12.160942	-684.1672	13.794756	13.81638	14.356971	3495.2091732025146
78	10020.979	160.97165	10282.215	9781.358	10554.693	83.505165	10667.014	10399.523	1000.0	1000.0	390000	686.2985	168.87767	882.0136	-297.01318	686.29895	168.87576	881.2046	-273.1565	685.63086	167.78673	880.03467	-262.9191	6.6209536	4.6222744	68.30842	-12.508797	-687.2517	14.639435	14.513616	14.954742	3542.717803478241
79	9961.465	258.02386	10338.68	9654.581	9904.569	1511.994	10623.313	5396.512	1000.0	1000.0	395000	688.95135	168.19073	881.2191	-266.68103	688.95135	168.19203	883.8199	-271.1456	688.33215	166.94556	878.88104	-266.8129	6.646995	4.646769	65.85868	-11.565155	-689.94965	13.745478	13.604654	14.334812	3591.167281627655
80	8500.556	3105.743	10308.154	2296.3447	10016.234	1680.7083	10697.691	4977.638	1000.0	1000.0	400000	690.1643	169.16946	886.7405	-104.24283	690.16455	169.17026	883.8865	-124.573395	689.5052	168.0212	887.9338	-105.92523	6.6141343	4.589877	66.98453	-14.652283	-691.1469	14.428803	14.312941	14.236132	3639.1393387317657
81	10029.653	123.92547	10203.383	9845.706	10718.785	136.353	10883.566	10378.143	1000.0	1000.0	405000	693.26013	169.65173	886.96643	-71.41751	693.2603	169.65234	885.854	-64.79358	692.5812	168.52473	886.2358	-115.53529	6.6431117	4.60368	59.40414	-16.421133	-694.1631	13.460369	13.408511	14.042634	3686.567160129547
82	10228.58	158.45972	10489.743	10057.885	10522.058	73.3634	10624.45	10382.987	1000.0	1000.0	410000	695.6579	170.92058	890.6949	-150.51257	695.6578	170.9224	889.82996	-167.7663	694.9841	169.80806	889.0136	-154.0887	6.636073	4.552244	52.516502	-12.942875	-696.5666	13.699792	13.417661	14.004881	3734.2045497894287
83	10025.963	336.33643	10329.788	9452.279	10665.555	108.98555	10843.141	10524.812	1000.0	1000.0	415000	699.0496	169.6332	895.12854	-95.99075	699.04956	169.633	892.45905	-122.911705	698.40137	168.44536	890.5558	-92.033264	6.7691617	4.617084	63.256252	-11.3451	-699.9958	14.675444	14.5948925	15.283567	3781.9228749275208
84	10195.667	129.43245	10410.894	10029.604	10936.758	71.96736	11022.501	10836.482	1000.0	1000.0	420000	702.773	169.01114	899.04205	-72.33716	702.7735	169.01175	897.119	-138.09366	702.10645	167.83139	894.95294	-94.56332	6.7447095	4.5884423	61.20521	-12.243136	-703.6911	15.0069065	14.8016205	14.692111	3829.957676887512
85	8754.873	2714.965	10322.772	3334.5312	10220.857	112.90219	10395.876	9953.974	1000.0	1000.0	425000	705.3955	169.17178	899.4072	-106.16306	705.3958	169.17334	899.20734	-121.37476	704.7146	168.02087	906.802	-87.820625	6.7213264	4.565447	56.776474	-12.142867	-706.2899	15.057752	14.721203	14.742163	3878.0066437721252
86	10146.106	188.63829	10295.834	9798.289	10855.4	148.77063	10999.47	10469.686	1000.0	1000.0	430000	707.2769	170.79108	905.12537	-52.576	707.277	170.79297	906.45654	-60.669285	706.5792	169.65916	906.38336	-181.88362	6.7648153	4.584547	69.44235	-15.040393	-708.1868	14.796833	14.5892	14.886738	3926.410174846649
87	10074.063	316.1861	10329.92	9460.513	10977.081	127.80439	11171.659	10671.978	1000.0	1000.0	435000	709.2456	171.0706	907.8451	-95.64127	709.24524	171.0722	905.7706	-118.436676	708.54004	169.96788	901.40967	-103.33514	6.867912	4.6405563	66.85213	-11.554583	-710.1516	15.410197	15.263584	14.895064	3975.8018741607666
88	9337.6875	1647.5186	10232.455	6043.9424	10899.85	68.4974	11028.6455	10781.899	1000.0	1000.0	440000	711.1918	173.28105	913.2963	-109.068695	711.1916	173.28154	909.2507	-134.3248	710.4836	172.16553	906.5936	-106.6162	6.6814847	4.563747	59.067398	-13.897984	-712.1248	14.887208	14.5944605	14.734248	4024.9460241794586
89	10180.61	176.12076	10440.246	9913.894	10901.115	109.673996	11067.07	10723.546	1000.0	1000.0	445000	714.07245	173.7426	913.6767	-72.22888	714.07294	173.74478	913.1125	-115.17481	713.38434	172.60164	913.0489	-81.4922	6.8794355	4.6018405	66.189445	-11.317181	-715.0156	15.154806	15.134064	14.674185	4074.036895275116
90	10172.945	192.9185	10432.547	9833.571	10819.094	100.4082	10975.317	10656.696	1000.0	1000.0	450000	716.48596	174.45474	919.86676	-56.086838	716.486	174.4554	918.0396	-77.67892	715.773	173.35509	918.18835	-102.38917	6.833665	4.6025305	59.05013	-12.608238	-717.3924	14.747359	14.786647	15.06929	4122.215327978134
91	10177.354	191.54335	10439.821	9957.355	10361.4795	183.18404	10678.82	10066.393	1000.0	1000.0	455000	719.99725	173.98843	915.6172	-90.41873	719.9973	173.98901	916.83154	-98.04693	719.289	172.87698	912.3886	-141.68498	6.7901363	4.5948677	60.81815	-12.475121	-720.9194	15.336808	15.192434	15.228239	4170.25675034523
92	8677.758	2901.1604	10598.235	2900.9607	9858.236	86.06321	10010.206	9695.879	1000.0	1000.0	460000	722.5548	174.2455	914.6562	-102.7939	722.55457	174.24603	917.74646	-114.57319	721.835	173.10088	919.0096	-101.54294	6.836048	4.6058764	60.454014	-10.459724	-723.4472	15.508505	15.166772	15.325962	4219.349054098129
93	9942.99	362.26703	10451.526	9532.167	10794.783	122.23566	10960.073	10566.412	1000.0	1000.0	465000	724.72705	174.7866	921.1068	-14.1455	724.7272	174.78725	923.5578	-37.430035	724.01215	173.65482	919.4001	-40.184765	6.828601	4.556928	63.762657	-14.175318	-725.59503	14.578991	14.586936	14.625945	4268.396037578583
94	10136.666	196.14354	10412.487	9802.903	9893.311	131.3014	10074.132	9655.562	1000.0	1000.0	470000	726.2981	175.09952	923.71954	-22.33884	726.2982	175.09805	923.2619	-40.842613	725.5638	173.97661	920.2071	-57.774372	6.8501167	4.5381517	59.616722	-14.02626	-727.152	14.891447	14.777498	15.0310545	4318.157109498978
95	9940.728	147.6926	10125.975	9735.889	10894.3545	147.86638	11047.509	10503.93	1000.0	1000.0	475000	729.0582	174.62372	923.0066	-54.033646	729.0583	174.62444	924.2443	-49.11663	728.3248	173.52281	929.9303	-61.99778	6.8167086	4.558568	55.11736	-12.511973	-729.9284	14.983431	14.977507	14.863112	4367.458947658539
96	10303.572	268.88065	10711.119	10012.149	10859.178	263.28616	11153.542	10175.519	1000.0	1000.0	480000	732.0621	173.66502	925.96674	-52.417583	732.0617	173.66599	925.3581	-76.56678	731.3442	172.54689	924.76544	-97.41086	6.9123726	4.574412	64.31645	-12.04358	-732.9407	15.905006	16.066462	16.014578	4416.450158119202
97	9345.541	2228.7124	10537.199	4889.5195	10618.922	57.825394	10725.147	10539.566	1000.0	1000.0	485000	734.5785	173.8908	926.3682	-103.19642	734.5781	173.89214	925.54877	-82.83265	733.82587	172.79077	931.7887	-103.7133	6.9199743	4.5773406	62.64941	-11.986017	-735.4079	16.161572	15.885348	15.571369	4466.558203697205
98	10253.92	147.94707	10449.446	10043.348	9450.478	91.34881	9656.316	9285.554	1000.0	1000.0	490000	735.902	174.74692	927.8847	-43.21354	735.90234	174.74841	928.03735	-44.158012	735.16	173.6199	928.11346	-104.48461	6.8192577	4.565889	71.16103	-12.273368	-736.78467	15.38165	15.153102	15.268562	4516.21623301506
99	9895.624	667.0275	10680.554	8937.745	10783.725	252.45662	11109.321	10277.47	1000.0	1000.0	495000	737.99866	174.71594	935.5685	-119.63767	737.99835	174.71745	933.45514	-88.825554	737.2079	173.644	941.8807	-70.66726	6.9148793	4.6233034	67.374245	-11.167562	-738.8352	17.13152	16.666357	15.930633	4566.119960784912
100	10328.33	111.94652	10502.235	10187.192	10908.219	57.681057	10996.689	10817.516	1000.0	1000.0	500000	739.99316	175.5149	942.87775	-93.83861	739.99286	175.51656	938.4392	-56.019188	739.20764	174.45996	935.11975	-76.82269	6.9078765	4.6410723	60.10899	-15.042612	-740.8457	16.90705	16.673882	16.381584	4616.441811323166
101	10428.752	261.4382	10742.115	9996.695	10993.989	83.49346	11109.772	10832.931	1000.0	1000.0	505000	741.55597	176.12076	937.9747	-98.59969	741.55615	176.12263	938.06946	-105.44961	740.78394	175.01207	939.77	-84.77912	6.917767	4.63632	60.61255	-12.052388	-742.4072	16.16414	15.510453	15.202729	4665.802344322205
102	8919.255	2793.8545	10588.065	3340.2598	9095.592	2314.298	10360.671	2720.358	1000.0	1000.0	510000	742.4631	177.30544	937.6788	-59.743176	742.4635	177.30417	939.5156	-35.929237	741.70233	176.20073	935.5422	-36.694824	6.9536657	4.61137	62.58412	-11.499971	-743.3135	16.580153	16.46051	16.183544	4715.362285375595
103	9063.395	2430.1309	10503.154	4222.8467	10987.057	415.59396	11296.265	9795.74	1000.0	1000.0	515000	744.62036	177.6042	940.39545	-81.60027	744.62006	177.60506	939.814	-72.97039	743.82916	176.5229	941.7656	-68.43041	6.9844484	4.597714	65.850784	-12.259236	-745.4484	16.640408	16.821962	16.014254	4765.586858510971
104	10451.072	154.98601	10636.992	10197.973	10872.433	106.80953	11006.356	10653.408	1000.0	1000.0	520000	745.14966	179.67552	945.18787	-67.152695	745.1498	179.67587	939.9608	-206.32855	744.3548	178.59946	951.36664	-93.708664	6.9799056	4.6499186	73.169754	-12.421944	-746.0016	17.028109	17.034832	16.539106	4815.614051818848
105	10575.016	85.75271	10713.886	10449.631	11016.693	129.10016	11198.979	10749.569	1000.0	1000.0	525000	747.14606	180.30508	944.1706	-42.73757	747.1466	180.30505	944.1024	-47.287796	746.3695	179.26451	943.8562	-37.20536	6.9398036	4.6053715	60.438828	-12.657717	-748.0277	16.935434	16.865236	15.8409605	4866.094690561295
106	10201.162	253.14258	10502.19	9908.816	10829.408	92.75386	11007.345	10668.244	1000.0	1000.0	530000	749.62354	179.73398	944.11945	-48.698986	749.62317	179.73308	948.0856	-93.27984	748.8052	178.71405	943.7776	-76.55546	6.9312096	4.604002	70.53021	-11.481329	-750.4587	16.371826	16.475517	15.56053	4916.556770801544
107	10374.197	165.10907	10552.718	10087.046	10994.589	74.763565	11119.722	10866.341	1000.0	1000.0	535000	751.35297	179.68117	943.16223	-162.5982	751.3526	179.68303	944.75757	-276.07556	750.5502	178.65587	943.63354	-99.15717	6.8594956	4.5434613	62.85367	-13.006855	-752.1757	15.573303	15.722828	15.203798	4966.807485342026
108	10416.698	407.85135	10971.729	9786.905	10894.309	72.724434	11006.542	10793.819	1000.0	1000.0	540000	753.2995	180.45148	951.4308	-161.65547	753.2998	180.45236	952.2878	-168.271	752.46246	179.43596	951.64685	-100.10193	6.9628086	4.607082	61.912228	-13.674239	-754.1819	18.464128	18.19708	17.495731	5016.829223155975
109	8813.458	3171.162	10457.083	2471.4456	10944.787	128.35037	11096.709	10694.887	1000.0	1000.0	545000	755.2366	180.83331	952.1228	-79.26697	755.23694	180.83282	954.5131	-75.39936	754.4414	179.79443	950.57324	-75.995	7.04901	4.6332774	64.93442	-11.894299	-756.1467	18.215408	18.335325	16.037325	5066.843832015991
110	10481.91	85.28676	10622.195	10385.585	11055.667	156.63329	11338.643	10731.711	1000.0	1000.0	550000	756.64856	183.05026	957.28864	-71.12484	756.6478	183.05116	955.5207	-70.89299	755.87366	182.0245	954.444	-72.98947	6.965427	4.643155	72.33353	-14.203569	-757.4798	15.377007	15.616786	15.456603	5117.667726278305
111	7922.9155	3259.413	10409.162	1731.2568	11180.9375	112.863174	11311.882	10907.86	1000.0	1000.0	555000	757.7524	183.9488	956.4212	-91.45935	757.75275	183.94884	953.38763	-100.41042	756.93024	182.92911	956.9664	-88.85315	6.907294	4.6240396	57.687077	-11.888407	-758.5531	16.967794	17.127428	15.654823	5167.458763360977
112	10415.088	183.37273	10702.587	10214.171	10812.771	70.47579	10919.175	10697.671	1000.0	1000.0	560000	758.6806	185.54369	959.3393	-183.86009	758.6808	185.54593	960.90936	-163.53	757.8555	184.5311	955.9499	-120.20528	7.016153	4.624686	64.36505	-12.652093	-759.5113	18.881502	18.655828	16.889275	5217.227493286133
113	10283.76	545.736	10989.7295	9431.276	11212.757	71.19895	11363.883	11103.126	1000.0	1000.0	565000	760.4761	184.91899	959.15594	-106.92647	760.47565	184.92136	957.45447	-188.18703	759.6239	183.93207	955.0402	-127.153404	6.9860725	4.677773	69.05427	-13.225254	-761.27795	18.46802	18.538382	16.720102	5267.401495933533
114	10499.037	356.84296	10897.237	9853.192	9950.314	1897.9884	10795.933	4264.947	1000.0	1000.0	570000	760.7693	185.58649	958.9947	-103.691795	760.76996	185.58461	958.59216	-139.4346	759.9074	184.57849	954.4614	-100.239784	6.9351015	4.618526	68.60684	-14.930333	-761.5612	17.23211	17.282822	16.002869	5316.719520807266
115	10283.428	187.09784	10503.837	10055.955	10574.412	63.34707	10680.866	10472.668	1000.0	1000.0	575000	761.8419	185.26349	957.34973	-124.37607	761.84174	185.26418	957.3177	-127.67814	760.98004	184.2453	954.7832	-163.73795	6.9340944	4.5909534	67.099045	-11.971073	-762.6055	18.344624	18.353083	16.867321	5367.246302843094
116	10196.635	727.536	10839.012	8803.1875	10362.539	102.28475	10499.189	10187.579	1000.0	1000.0	580000	763.5864	184.32022	956.8358	-110.23557	763.5867	184.32169	956.8848	-160.05154	762.7682	183.29454	957.7618	-110.815636	7.0399175	4.5997577	65.746895	-11.788858	-764.40204	18.404938	18.410515	16.132273	5417.654619932175
117	9282.215	2097.5127	10543.235	5095.9995	11171.234	159.93823	11387.873	10843.555	1000.0	1000.0	585000	764.7581	184.4968	955.2213	-116.37827	764.7588	184.49861	955.7305	-107.84279	763.8811	183.49875	963.01953	-103.27691	6.936318	4.592847	72.25939	-12.898527	-765.5237	19.392632	18.918129	17.337917	5467.650820732117
118	9214.356	2459.6265	10852.317	4362.037	11025.276	139.13594	11243.477	10861.038	1000.0	1000.0	590000	765.1464	186.3643	959.11365	-143.11732	765.1464	186.36673	961.3557	-158.75768	764.28094	185.41104	960.41174	-150.48495	6.9350133	4.567906	64.89552	-11.335024	-765.91437	19.107985	18.824919	16.15886	5517.953508853912
119	10655.209	424.83597	11281.736	10169.8	10446.872	1155.8312	11165.406	7039.9087	1000.0	1000.0	595000	766.7713	187.82217	963.2135	-150.7847	766.771	187.82458	962.9715	-184.39238	765.90796	186.87943	965.6449	-277.53067	6.9386806	4.5980024	72.62319	-12.177374	-767.5367	18.09281	18.056414	16.125193	5568.377521038055
120	10248.961	367.7126	10744.56	9615.996	11174.24	154.10625	11450.163	10919.531	1000.0	1000.0	600000	768.4553	187.95378	972.9612	-205.24945	768.4556	187.95453	973.85175	-146.96552	767.57623	186.94858	969.7265	-125.1183	7.01426	4.605723	70.75766	-15.228785	-769.228	19.640831	19.652943	17.52155	5618.541793107986
121	10460.756	348.86044	10737.83	9794.812	11224.209	82.36864	11355.382	11061.451	1000.0	1000.0	605000	769.4198	187.42842	976.1178	-302.54462	769.41974	187.42766	973.5301	-284.16907	768.46783	186.4706	966.4451	-280.7381	7.0914145	4.624569	69.24402	-16.48602	-770.16815	21.152916	21.176935	18.32376	5669.95574760437
122	10618.606	211.82893	10765.454	10199.535	10854.279	98.43965	11033.734	10682.6045	1000.0	1000.0	610000	770.0881	187.19698	974.5824	-266.756	770.0885	187.19931	973.5664	-277.01315	769.1892	186.23233	972.35913	-232.10326	7.044928	4.633497	74.73551	-10.96355	-770.8618	20.484655	20.609802	17.627886	5720.9497265815735
123	10483.801	375.39383	10947.432	9960.863	11222.476	172.27457	11456.596	10850.153	1000.0	1000.0	615000	772.2436	187.36194	970.8425	-195.36722	772.244	187.36029	974.42163	-262.4883	771.36365	186.38011	971.7976	-221.92029	7.075346	4.6279626	64.90666	-12.873998	-773.05554	21.041754	21.080187	18.165688	5773.172076702118
124	10765.1045	255.44633	11093.341	10354.226	10503.615	110.6034	10725.5625	10371.677	1000.0	1000.0	620000	773.9841	187.76794	977.32367	-222.2629	773.9839	187.77037	978.3122	-268.40598	773.0847	186.8289	976.34235	-308.65637	7.053136	4.644577	87.926025	-12.735413	-774.754	21.368732	21.470322	17.503757	5824.432104110718
125	10265.802	314.67117	10779.432	9825.69	11414.758	176.47914	11591.148	10954.327	1000.0	1000.0	625000	775.6114	187.15128	977.63434	-241.13297	775.6115	187.15291	980.2986	-223.19707	774.67664	186.16187	973.3101	-225.86661	7.04504	4.5758505	76.630226	-12.824187	-776.3436	19.783213	19.92068	16.72802	5875.016822814941
126	8545.795	3811.9878	10606.585	928.2335	10093.523	2487.0557	11225.871	2656.5479	1000.0	1000.0	630000	776.3334	187.22166	976.63617	-295.27658	776.3335	187.22041	976.2429	-270.16846	775.41235	186.25854	976.6088	-215.38806	7.0981493	4.607066	76.01251	-12.449841	-777.0629	18.638912	18.727238	17.931997	5926.1728320121765
127	10520.258	380.4336	11152.536	10024.43	11193.056	130.47249	11474.897	11059.27	1000.0	1000.0	635000	777.68665	187.80925	981.40894	-268.51816	777.68604	187.8131	978.04956	-225.62035	776.7949	186.83017	974.46814	-171.82446	7.1112485	4.6077576	64.83733	-15.608133	-778.44434	21.22849	20.991837	16.970604	5976.710079193115
128	10665.263	284.04532	10936.788	10124.961	9005.4375	2866.6025	10907.687	1013.95355	1000.0	1000.0	640000	779.15704	188.55957	973.7898	-221.14471	779.1574	188.56166	973.38995	-239.53894	778.245	187.64296	974.2994	-256.3995	7.1860027	4.6584344	67.22217	-12.863082	-779.8805	20.421524	20.005896	16.760254	6028.78050160408
129	10569.622	338.7793	11005.829	10089.619	10575.987	1273.0764	11254.613	6774.4434	1000.0	1000.0	645000	780.79535	189.08423	982.8636	-285.25934	780.7953	189.08519	983.0128	-341.42767	779.8816	188.16887	976.6083	-315.73718	7.0438347	4.60589	82.68832	-12.21014	-781.50555	17.998102	18.4197	16.221813	6080.614063739777
130	10674.808	54.793144	10770.641	10613.256	10352.323	2813.5327	11514.48	1921.8269	1000.0	1000.0	650000	782.1131	189.32747	981.2999	-377.76514	782.1134	189.32755	981.92267	-339.47983	781.20386	188.36952	982.50165	-338.62918	7.014011	4.583603	76.56164	-11.693279	-782.8479	21.036173	20.48078	17.10143	6132.349812269211
131	9186.857	3557.814	11048.292	2072.8289	11206.057	106.52665	11400.312	10999.75	1000.0	1000.0	655000	784.5216	187.87625	988.0107	-293.12363	784.5214	187.87662	989.5971	-319.67917	783.61774	186.90068	980.54297	-276.6055	7.2017436	4.6724377	74.90843	-12.1607685	-785.2631	19.4328	19.438679	16.784824	6183.440045833588
132	10519.959	487.60132	11031.56	9797.577	11491.305	93.35451	11630.538	11312.337	1000.0	1000.0	660000	785.0935	189.16357	985.42523	-131.49065	785.0923	189.16713	983.506	-129.16444	784.1782	188.18198	989.0835	-127.20514	7.14395	4.648912	74.23813	-13.157762	-785.7806	19.532122	19.291729	16.27517	6234.300688028336
133	10653.906	57.799328	10751.746	10585.352	11108.303	101.71887	11259.029	10883.123	1000.0	1000.0	665000	786.5372	187.90488	982.2252	-170.36607	786.5372	187.90736	985.50635	-159.25569	785.6106	186.96307	980.6088	-151.7405	7.1226115	4.588432	65.60087	-13.299596	-787.2162	20.207977	19.90768	16.406143	6285.957928657532
134	9057.683	3373.574	10928.785	2316.2349	11280.842	56.861637	11361.357	11203.43	1000.0	1000.0	670000	787.9384	188.84863	986.86633	-120.60952	787.9386	188.85127	987.42975	-126.80086	787.0466	187.8753	982.60345	-119.86594	7.08184	4.634952	80.787605	-11.265755	-788.6146	18.781635	18.732971	16.035002	6337.272747516632
135	10525.613	215.16177	10825.101	10235.923	11160.943	110.62909	11388.947	11011.049	1000.0	1000.0	675000	788.3242	189.70634	985.7333	-135.50139	788.32434	189.70505	984.741	-155.77902	787.3868	188.80025	993.75836	-170.20839	7.0367007	4.6012406	76.99502	-11.296053	-788.9743	20.7519	20.485823	17.01302	6388.931009531021
136	10654.425	92.10604	10764.107	10529.297	11486.682	124.11182	11640.427	11270.655	1000.0	1000.0	680000	790.1816	189.63335	987.1998	-140.9331	790.18176	189.63603	986.7723	-131.44562	789.2801	188.68037	987.7976	-125.0314	7.1518083	4.6595387	71.25954	-13.2187805	-790.8828	18.654448	18.509325	16.013433	6440.15424323082
137	10744.841	247.7382	11169.879	10423.906	8707.36	2831.0996	11099.977	3093.7617	1000.0	1000.0	685000	792.2573	187.9657	988.3114	-132.33427	792.25696	187.96626	989.82367	-132.00569	791.3175	187.02487	984.5097	-118.69946	7.188508	4.6332474	82.26744	-13.666135	-792.9481	20.397215	20.533623	17.029541	6492.272469520569
138	10236.693	662.3497	11232.887	9162.236	8297.107	2049.009	9428.614	2218.3098	1000.0	1000.0	690000	792.69855	189.56154	988.24854	-139.93335	792.6983	189.5653	991.4485	-160.94943	791.78864	188.62604	986.74146	-145.92776	7.1196914	4.620247	71.31371	-11.237152	-793.398	21.416142	20.989098	17.323826	6544.147534608841
139	10065.567	1200.5964	10780.736	7673.6577	11384.354	114.10306	11537.563	11166.547	1000.0	1000.0	695000	794.33124	188.4747	986.2385	-160.80202	794.33057	188.48018	991.0401	-206.97855	793.36975	187.55196	988.38385	-173.45956	7.213432	4.610054	66.676445	-12.006779	-794.9921	22.305927	21.952627	18.060076	6596.339230775833
140	10819.847	238.07982	11146.359	10481.098	11470.002	203.25497	11701.146	10993.944	1000.0	1000.0	700000	794.5997	189.64856	987.99554	-216.40865	794.5998	189.64935	987.83624	-193.3475	793.64655	188.7123	987.58203	-188.18573	7.1061673	4.618028	69.90436	-12.388014	-795.2392	18.30013	18.12249	15.770778	6648.176954507828
141	11030.85	117.02531	11203.763	10883.572	10903.307	791.338	11433.008	8565.964	1000.0	1000.0	705000	796.2368	188.9804	990.09	-121.491585	796.2367	188.9818	991.9609	-128.97833	795.30444	188.05038	991.7337	-116.48795	7.095094	4.5904107	67.74807	-12.993481	-796.8595	18.495028	18.4362	15.518029	6700.677672624588
142	10111.403	1519.0774	11230.437	7098.9487	11447.851	129.78448	11696.303	11227.062	1000.0	1000.0	710000	797.96875	189.20728	998.6884	-123.5123	797.9688	189.2102	996.76996	-123.413284	797.04944	188.27907	995.21704	-151.71553	7.1057024	4.6322193	69.26983	-15.699339	-798.6123	18.272137	17.851635	16.279806	6752.989770412445
143	11070.159	31.35124	11111.428	11023.776	11479.234	189.95253	11757.452	11114.154	1000.0	1000.0	715000	800.07764	188.95395	1002.4401	-129.18147	800.0779	188.95279	998.60077	-145.69965	799.1393	188.01843	999.7772	-122.3647	7.124658	4.5344453	74.31266	-12.444738	-800.7369	19.51035	19.443016	16.41915	6804.656715631485
144	10939.364	261.03244	11217.548	10581.864	11596.867	117.74259	11755.593	11377.352	1000.0	1000.0	720000	801.1725	188.76427	1000.28406	-129.27193	801.172	188.76726	1000.75903	-163.34692	800.2126	187.81845	998.01416	-217.71516	7.2140713	4.606509	77.624374	-13.145985	-801.8132	22.60753	22.665207	17.65975	6857.309075832367
145	10495.275	869.1202	11162.469	8802.086	11644.9	88.38682	11777.613	11509.821	1000.0	1000.0	725000	802.5919	188.11694	1003.3129	-111.77147	802.5925	188.11815	1011.98535	-113.23986	801.6693	187.17336	1008.18536	-104.91273	7.222515	4.597133	75.646126	-12.300272	-803.26965	21.864656	21.794865	16.98585	6909.043731927872
146	10757.236	222.50003	11101.119	10408.637	10881.054	130.4378	11075.503	10663.416	1000.0	1000.0	730000	804.1571	188.57246	1005.374	-112.636406	804.15704	188.57373	1008.0538	-114.336945	803.1896	187.64584	1006.8126	-111.49522	7.285706	4.6317663	64.28241	-12.359946	-804.7692	21.312168	21.244898	17.104246	6961.291739225388
147	10683.261	391.56497	11111.702	10066.266	11445.865	107.370346	11627.789	11272.604	1000.0	1000.0	735000	804.3597	188.95197	1001.7728	-333.5539	804.35944	188.95306	1003.9135	-264.8169	803.3355	188.0803	1000.1864	-259.3903	7.1818666	4.6722693	67.783195	-13.150446	-804.984	21.948385	21.888857	18.01015	7013.131421327591
148	11044.265	55.518837	11139.63	10995.317	11094.633	173.76344	11436.516	10809.256	1000.0	1000.0	740000	804.81134	189.24692	1002.0668	-175.06937	804.81165	189.24866	1005.4331	-208.22302	803.8284	188.33803	1000.2031	-183.0161	7.205814	4.609302	65.054886	-16.665073	-805.4254	20.224693	19.673922	16.200405	7066.1536693573
149	10774.654	459.64047	11217.427	9960.779	8416.622	1670.7535	9544.628	3501.712	1000.0	1000.0	745000	805.98773	189.43282	1007.5386	-209.58475	805.98706	189.43654	1007.51196	-215.47046	804.9728	188.52406	1006.8993	-197.23056	7.2274346	4.591262	71.05783	-13.193954	-806.5997	24.259281	24.20501	18.627394	7118.320964336395
150	10294.854	989.0417	11340.476	8416.078	11276.119	153.91785	11594.145	11002.247	1000.0	1000.0	750000	806.50507	188.88098	1007.95825	-257.89932	806.5052	188.88297	1002.25903	-223.74113	805.4606	187.95453	1005.0331	-210.50531	7.230544	4.5805683	60.246693	-12.018993	-807.1113	22.574396	22.45054	17.052805	7170.33371424675
151	11078.619	250.15207	11367.495	10734.215	11620.165	78.60746	11783.815	11507.177	1000.0	1000.0	755000	806.6922	188.15733	1006.74664	-203.51654	806.692	188.15826	1009.0256	-247.27364	805.67596	187.25769	1001.04175	-206.34087	7.2122717	4.6169834	64.72544	-12.41153	-807.3001	23.870165	23.95051	18.730106	7222.480082035065
152	10827.752	817.23505	11360.105	9230.406	11340.041	84.31806	11462.635	11138.256	1000.0	1000.0	760000	807.7113	189.95682	1005.91864	-534.9881	807.7116	189.95744	1003.80914	-607.05084	806.6796	189.16989	1007.8978	-543.15967	7.14746	4.5415916	70.62853	-11.747435	-808.3163	20.98186	20.941378	17.091698	7274.845635175705
153	11188.451	348.37286	11457.072	10509.664	11458.593	122.73279	11654.553	11254.158	1000.0	1000.0	765000	808.73315	189.6772	1012.8581	-520.6664	808.7326	189.68083	1008.6032	-524.47424	807.72144	188.7438	1006.3131	-512.329	7.201958	4.627344	79.03267	-11.513334	-809.3679	20.389624	20.394562	16.380024	7326.961785316467
154	10168.433	1309.7968	11108.018	7589.9854	11373.034	105.94306	11521.263	11190.532	1000.0	1000.0	770000	810.40234	189.75117	1010.1751	-357.0047	810.40375	189.74861	1012.07874	-404.34357	809.3689	188.88515	1011.781	-441.40207	7.2493834	4.5513396	67.74152	-15.533661	-810.9869	19.950848	19.606047	16.7914	7378.7946128845215
155	10817.464	246.23032	11051.749	10372.109	11338.162	101.07168	11552.274	11209.877	1000.0	1000.0	775000	811.35986	190.3471	1008.0783	-526.23663	811.35925	190.3493	1010.7708	-543.55835	810.31104	189.49644	1016.36053	-517.0278	7.2133136	4.611066	69.15869	-10.929194	-811.9531	21.772404	22.168247	17.222784	7431.912431240082
156	10580.618	660.79645	11003.434	9269.27	11378.058	151.3561	11634.483	11025.653	1000.0	1000.0	780000	810.9979	191.89494	1008.4145	-501.69208	810.99835	191.89542	1008.66833	-495.65274	809.9433	191.02733	1011.0927	-483.3668	7.2409444	4.59932	64.45218	-15.540145	-811.6107	21.872845	21.343678	17.925215	7484.4850025177
157	10921.872	319.50375	11373.651	10378.723	11744.76	96.514015	11868.16	11554.335	1000.0	1000.0	785000	811.81647	191.45596	1010.66736	-634.02246	811.8161	191.45793	1009.76984	-621.9356	810.74054	190.68016	1014.3833	-656.56476	7.256648	4.66583	64.68189	-14.123735	-812.3893	26.47762	26.350657	18.724697	7537.504324436188
158	11043.033	222.84402	11307.762	10678.322	10984.316	111.406624	11188.768	10767.904	1000.0	1000.0	790000	812.59955	193.10966	1008.6572	-641.94714	812.5989	193.11029	1005.2318	-616.7215	811.55176	192.25148	1014.9313	-623.688	7.244488	4.6104064	69.99298	-13.207029	-813.2057	20.71904	20.960709	17.1501	7591.092868804932
159	10707.736	325.50266	11117.521	10161.526	10702.875	136.32477	10968.763	10509.75	1000.0	1000.0	795000	814.7204	191.9003	1014.2093	-603.73566	814.7206	191.90294	1013.1439	-571.7948	813.6857	190.9995	1011.8204	-582.37103	7.294036	4.5578356	75.442566	-12.4551	-815.31586	24.646484	24.073345	18.313469	7643.831858634949
160	10692.683	166.69243	10846.441	10424.449	11193.003	244.50816	11669.284	10915.918	1000.0	1000.0	800000	816.50653	190.50894	1013.59863	-559.7696	816.50696	190.50928	1011.69867	-581.0043	815.4636	189.5748	1017.9151	-527.7789	7.3010325	4.555602	63.3403	-11.791359	-817.0889	24.339441	24.105028	18.12011	7696.577183008194
161	9350.729	2071.8677	10877.585	5286.013	11383.972	131.37346	11619.362	11184.634	1000.0	1000.0	805000	815.6285	192.92256	1017.3344	-708.8188	815.6292	192.92114	1014.57965	-774.8855	814.5285	192.16492	1017.3893	-658.628	7.2380934	4.6085763	66.55985	-12.984261	-816.1837	23.898977	22.930815	18.6244	7749.5135378837585
162	9154.111	2191.5005	11104.385	5726.9053	11447.432	114.03629	11574.8	11257.109	1000.0	1000.0	810000	815.3381	195.08138	1014.27454	-735.54297	815.33826	195.07812	1015.6552	-769.4574	814.2845	194.22636	1015.13214	-628.91064	7.354163	4.6184783	83.68222	-13.098569	-815.9337	24.702362	24.763805	18.149418	7802.191173791885
163	11172.748	66.202194	11254.156	11068.5205	10170.162	109.41269	10325.565	9943.309	1000.0	1000.0	815000	816.2987	193.80302	1014.2059	-673.9954	816.2985	193.80513	1017.38074	-673.80975	815.21204	192.87212	1016.6148	-658.94196	7.3355184	4.6104	70.54359	-11.525015	-816.8668	26.001606	25.66073	18.594679	7854.653831243515
164	10765.006	384.38574	11170.577	10056.136	11088.507	119.593544	11349.837	10931.243	1000.0	1000.0	820000	815.9492	192.18793	1017.1161	-494.62695	815.9495	192.188	1024.8483	-436.7611	814.84344	191.29214	1012.6637	-524.6189	7.4924693	4.7009726	75.25879	-12.604599	-816.5225	28.817776	28.643837	19.738699	7907.097241401672
165	10447.133	199.00941	10638.199	10097.599	11284.775	106.28249	11443.842	11035.774	1000.0	1000.0	825000	817.1779	190.9277	1013.17145	-425.52747	817.1781	190.92497	1014.3082	-320.80115	816.0885	189.98814	1015.1259	-552.5892	7.577288	4.7178674	77.3395	-12.716602	-817.8063	26.516037	26.55382	19.04246	7960.230487823486
166	10780.924	423.6891	11293.731	10066.998	9695.318	3288.955	11773.095	3015.7854	1000.0	1000.0	830000	818.4382	188.49815	1016.35516	-225.99696	818.43756	188.50082	1015.52594	-327.60388	817.311	187.586	1010.1425	-264.23535	7.504245	4.682674	64.83861	-16.246662	-819.0366	30.064556	30.542128	20.102303	8013.803917646408
167	10893.489	154.27005	11056.494	10642.156	10932.735	196.58209	11255.841	10455.169	1000.0	1000.0	835000	819.67444	187.6724	1013.716	-181.78014	819.67426	187.6775	1019.18115	-202.1511	818.5968	186.80078	1014.38916	-258.4112	7.382253	4.6207333	68.81037	-17.084402	-820.2121	23.490055	23.523027	17.498116	8067.470892190933
168	10805.445	399.5823	11339.29	10157.7	11128.875	99.66127	11287.411	10933.947	1000.0	1000.0	840000	820.1507	188.33875	1016.33075	-157.97137	820.1507	188.33939	1015.12714	-146.79431	819.0868	187.4242	1013.3893	-159.22832	7.31398	4.606341	75.51105	-12.644087	-820.6681	21.76536	21.810963	17.227448	8120.696194410324
169	10881.322	287.98648	11233.217	10364.291	11420.878	59.129734	11549.67	11344.475	1000.0	1000.0	845000	821.16455	188.27486	1018.18964	-193.15535	821.16473	188.27406	1021.638	-265.78427	820.0974	187.3953	1014.6798	-187.16763	7.424264	4.6360445	78.431625	-10.677338	-821.71906	26.203934	26.346731	17.320187	8174.061376094818
170	10726.301	345.26007	11173.393	10143.71	10872.822	1981.9038	11738.014	4942.029	1000.0	1000.0	850000	823.3616	187.98935	1015.59644	-392.4671	823.3614	187.9883	1016.78107	-327.7297	822.29443	187.10332	1017.7142	-294.88498	7.3861194	4.6077266	74.43054	-10.907265	-823.8891	23.938105	24.105946	18.267666	8227.633084535599
171	9914.849	2609.2122	11452.269	4703.39	11217.814	75.862946	11321.613	11078.548	1000.0	1000.0	855000	824.1965	188.67615	1024.0087	-408.89767	824.196	188.68141	1020.94934	-379.5578	823.08026	187.80495	1022.8145	-385.06042	7.4855037	4.668752	74.705376	-16.392122	-824.6836	22.830374	22.422169	17.392626	8281.711455345154
172	10165.449	1684.5583	11137.757	6799.0396	11546.205	134.89047	11722.245	11290.7705	1000.0	1000.0	860000	825.49634	189.68147	1028.3026	-328.55603	825.49634	189.68623	1026.4858	-281.49783	824.4055	188.78346	1029.9244	-259.7569	7.446689	4.6565876	71.717834	-13.22734	-825.9939	24.00922	23.314384	17.584953	8336.12275838852
173	10940.474	232.73305	11220.252	10593.945	11138.359	128.08073	11320.6875	10894.147	1000.0	1000.0	865000	826.2841	188.9139	1023.41187	-139.49641	826.2839	188.91371	1023.4222	-119.36956	825.19183	188.00911	1024.5966	-114.25283	7.357244	4.591888	82.97183	-12.709527	-826.8115	24.491907	24.599876	17.884851	8390.098643302917
174	10040.944	2132.145	11215.28	5782.5645	11655.506	73.99193	11770.739	11541.094	1000.0	1000.0	870000	826.70905	188.36775	1018.52606	-271.1993	826.70886	188.36493	1027.2047	-324.15665	825.60046	187.4558	1021.85925	-225.06006	7.341629	4.564496	70.654106	-11.667854	-827.20703	22.282846	22.985754	17.162317	8444.095440387726
175	10941.209	229.76317	11182.129	10504.097	10924.983	1403.9216	11757.214	6987.5303	1000.0	1000.0	875000	827.4153	189.07428	1025.4861	-176.5105	827.4159	189.07663	1027.7006	-225.10577	826.341	188.18102	1018.66077	-268.4996	7.255966	4.567792	66.43115	-11.711243	-827.9064	20.741203	20.527538	17.067587	8498.43344783783
176	11004.627	156.31244	11182.242	10732.243	11673.777	145.89285	11865.856	11430.893	1000.0	1000.0	880000	827.63324	189.8295	1024.9059	-240.09657	827.6337	189.82886	1022.86707	-212.68492	826.5207	188.9529	1023.4397	-243.13599	7.3890505	4.5553927	70.30817	-14.410052	-828.1444	23.266521	23.183094	18.065485	8552.645740270615
177	11097.002	273.76572	11502.703	10646.786	11709.164	75.40608	11794.279	11546.143	1000.0	1000.0	885000	828.6052	190.1942	1026.3392	-291.23547	828.60535	190.19606	1025.111	-302.4334	827.4852	189.36266	1023.79095	-277.67346	7.3823586	4.627054	76.00841	-11.630596	-829.1301	24.654106	24.551369	18.94272	8606.955045223236
178	11023.42	339.00958	11547.819	10575.939	10938.891	94.322266	11132.873	10769.798	1000.0	1000.0	890000	829.4275	189.40448	1030.265	-437.008	829.4267	189.40477	1032.3696	-387.59985	828.28015	188.51614	1021.6735	-288.04782	7.4299583	4.6397285	69.71384	-13.299742	-829.9589	24.62409	26.292068	18.69522	8661.701723098755
179	10774.07	287.455	11272.186	10465.428	11839.939	141.05571	12079.045	11582.014	1000.0	1000.0	895000	828.6202	188.76207	1023.8446	-328.5055	828.6204	188.76056	1025.008	-269.2977	827.4232	187.89139	1023.15735	-341.44135	7.4861703	4.6479306	70.29238	-12.37138	-829.1497	29.52045	28.846378	19.364887	8715.592465877533
180	10394.891	1356.9541	11452.55	7768.043	11277.464	96.919395	11422.057	11102.65	1000.0	1000.0	900000	828.2472	189.15971	1023.76355	-195.64642	828.24744	189.15926	1026.5516	-250.89932	827.0695	188.30408	1024.4459	-351.30365	7.4480743	4.61704	68.2538	-17.908474	-828.7568	25.335257	25.879683	18.521212	8769.98175406456
181	10909.396	58.712784	10993.535	10830.194	11510.122	94.364975	11649.994	11404.397	1000.0	1000.0	905000	828.84814	188.45029	1022.6338	-253.9521	828.84766	188.45078	1021.63403	-259.40182	827.7132	187.56186	1022.6871	-186.90442	7.460539	4.580148	68.170395	-11.170981	-829.34814	25.110266	24.78358	17.805334	8825.328782558441
182	10716.696	178.60487	10950.827	10517.114	11417.923	193.2186	11724.578	11173.371	1000.0	1000.0	910000	829.2983	189.17656	1020.1806	-244.51274	829.29865	189.17632	1021.5409	-209.2532	828.1767	188.30159	1020.14136	-238.92064	7.4650345	4.5773582	69.99045	-14.410411	-829.8192	24.33778	24.745733	18.261848	8881.014597892761
183	10732.552	374.9814	11084.633	10067.683	11596.028	161.81036	11846.238	11249.414	1000.0	1000.0	915000	830.60333	189.26155	1026.9197	-293.6318	830.6033	189.26022	1026.0048	-331.735	829.43774	188.38834	1030.6083	-355.059	7.426218	4.558263	68.872986	-13.840989	-831.1168	25.903538	25.6795	18.93891	8935.580284118652
184	8664.656	3176.4321	11230.015	3541.9363	11457.933	88.624435	11585.303	11311.962	1000.0	1000.0	920000	830.6937	189.35857	1025.7013	-176.71204	830.69446	189.35722	1022.4502	-136.20833	829.54443	188.4614	1023.7069	-126.757614	7.3679295	4.5527806	66.58978	-12.102942	-831.2012	24.003166	24.22725	17.642387	8990.72282409668
185	11024.539	243.59012	11418.225	10678.78	11517.958	700.37573	11939.459	9454.644	1000.0	1000.0	925000	831.6361	189.79208	1024.8116	-122.25844	831.63605	189.79268	1029.064	-115.183235	830.4737	188.9504	1026.7222	-115.38182	7.4374723	4.550967	77.98282	-14.156807	-832.1208	24.42926	24.457865	18.387386	9045.452658891678
186	11010.963	417.89282	11526.122	10449.312	11565.49	147.28325	11727.242	11177.851	1000.0	1000.0	930000	832.94946	189.90564	1029.5878	-198.5051	832.9486	189.90828	1029.6461	-202.52892	831.857	189.06757	1028.6635	-241.3059	7.433468	4.5159416	68.006996	-11.744663	-833.5156	24.12885	24.605356	18.139397	9100.478408575058
187	11192.907	80.919075	11277.588	11060.542	11685.235	114.23717	11828.924	11434.265	1000.0	1000.0	935000	835.24066	190.09627	1033.8177	-154.72107	835.2414	190.09308	1029.77	-147.38702	834.10486	189.20554	1028.4059	-247.42609	7.361249	4.526013	67.11458	-11.734148	-835.7291	25.482353	25.79752	17.4956	9155.272173643112
188	9065.781	3406.3447	11328.6045	2340.0203	11310.026	203.97667	11680.057	10827.03	1000.0	1000.0	940000	834.8935	191.22577	1022.72626	-233.14886	834.8934	191.22707	1023.4982	-240.94719	833.7667	190.33592	1028.1503	-135.91512	7.3289814	4.58345	74.17439	-13.729296	-835.3682	23.156738	22.943153	17.03946	9210.211156129837
189	9913.431	1753.7373	11372.494	6570.4087	11448.155	99.300415	11591.703	11275.953	1000.0	1000.0	945000	835.6385	191.46063	1029.4703	-255.77637	835.6386	191.46284	1025.4645	-270.38126	834.4624	190.66667	1024.6682	-237.7783	7.4205723	4.574375	70.48059	-13.245093	-836.1306	27.828518	27.340694	19.444479	9266.57625579834
190	11088.523	118.78963	11286.228	10975.483	3673.646	2562.6836	9199.137	833.04395	1000.0	1000.0	950000	836.4541	192.65498	1026.9014	-252.68857	836.45294	192.65948	1025.664	-228.71263	835.2964	191.82928	1037.643	-301.15143	7.400201	4.598847	76.5148	-12.444058	-836.9296	27.01002	26.98037	19.044012	9322.560967445374
191	11079.859	298.64294	11362.682	10631.284	11581.978	90.30541	11724.5205	11390.803	1000.0	1000.0	955000	837.18396	192.54077	1028.0082	-243.4905	837.1852	192.54233	1030.0734	-288.47626	835.98663	191.71352	1034.8442	-329.82886	7.5348535	4.6091003	68.31092	-10.7171335	-837.661	26.592674	25.749006	18.595686	9378.170282840729
192	11287.862	134.91345	11421.902	11092.458	10722.92	110.28671	10938.421	10531.45	1000.0	1000.0	960000	837.50824	192.08919	1030.1316	-275.58063	837.50836	192.08878	1029.0283	-275.0074	836.29333	191.2602	1036.1737	-306.47336	7.577727	4.6246066	103.57523	-10.681836	-837.9931	29.236315	28.936962	19.958368	9434.553203344345
193	10876.328	524.8861	11496.513	10168.55	11688.561	81.27035	11794.249	11508.737	1000.0	1000.0	965000	837.00385	191.58675	1028.3939	-336.31354	837.0041	191.58519	1025.4592	-247.10881	835.8063	190.75966	1027.3608	-443.03116	7.5174375	4.627592	75.74145	-13.46056	-837.4688	24.31903	24.734758	17.807049	9489.603204965591
194	10745.186	373.42575	11337.325	10344.933	9896.837	2554.5017	10958.628	2239.8193	1000.0	1000.0	970000	837.0039	191.59526	1032.2368	-244.68088	837.0037	191.59747	1028.9446	-218.84416	835.772	190.78093	1030.2896	-324.9637	7.4311934	4.6186776	72.934326	-13.03247	-837.5108	29.420774	30.489618	20.663944	9546.057115077972
195	11042.279	467.52448	11488.372	10198.687	11454.202	650.2525	11817.874	9528.433	1000.0	1000.0	975000	837.7753	191.93652	1026.0394	-166.20462	837.77606	191.93301	1026.6909	-256.92053	836.6015	191.10265	1026.0831	-214.81783	7.5164676	4.602011	79.48652	-11.626515	-838.2568	24.074688	24.186481	18.068813	9601.761939525604
196	11119.674	116.79333	11259.871	10985.001	11459.909	264.7458	11769.76	10758.453	1000.0	1000.0	980000	838.24133	192.20354	1027.7369	-177.38358	838.2407	192.20627	1029.8695	-233.26605	837.02496	191.38522	1024.8234	-259.5758	7.5947647	4.6429825	72.15647	-13.554605	-838.7156	28.817213	29.344166	19.287233	9658.034031867981
197	11277.371	210.47174	11489.409	11018.121	11261.144	185.05225	11596.402	11007.144	1000.0	1000.0	985000	838.8613	192.59256	1029.2728	-223.30603	838.862	192.59006	1028.0654	-271.74844	837.6589	191.80225	1024.6622	-213.13853	7.549248	4.6078105	81.47009	-12.066805	-839.3417	29.827005	30.1605	18.782057	9714.111852884293
198	11121.197	227.53006	11416.929	10762.267	10262.93	2897.0264	11806.865	1754.8737	1000.0	1000.0	990000	839.68646	191.92145	1028.1836	-425.79797	839.6864	191.91785	1030.2694	-393.75568	838.47766	191.05771	1032.8367	-447.1617	7.4838777	4.55905	74.96515	-17.03757	-840.1747	25.758406	25.475416	18.808172	9769.382517814636
199	11082.921	119.187	11190.491	10876.961	10839.345	2120.7134	11705.057	4483.086	1000.0	1000.0	995000	841.22284	190.72943	1032.6317	-159.57977	841.2228	190.73163	1034.053	-174.66179	840.05237	189.90724	1028.7173	-361.65982	7.5336404	4.563521	89.77813	-13.088836	-841.7016	22.146938	22.144024	16.968122	9825.826725959778
