Epoch	AverageEpRet	StdEpRet	MaxEpRet	MinEpRet	AverageTestEpRet	StdTestEpRet	MaxTestEpRet	MinTestEpRet	EpLen	TestEpLen	TotalEnvInteracts	AverageQVals	StdQVals	MaxQVals	MinQVals	LossPi	LossQ	Time
1	-57.73237	97.626816	12.653685	-365.6933	-375.98654	838.88403	-37.829742	-2884.7876	166.43333	135.5	5000	26.486767	30.177086	154.0572	-34.628494	-31.80993	2.762958	47.27418851852417
2	-64.37717	102.40639	14.488337	-360.12195	-1252.3914	1412.8506	-30.434105	-2994.7175	200.24	420.3	10000	494.47375	315.93958	1374.1345	-238.2782	-547.6624	330.331	98.69863605499268
3	-769.5695	1110.9354	-22.01619	-2732.3748	-1058.6115	1264.2028	-114.921074	-2994.8787	289.625	359.2	15000	1454.2645	183.79645	2023.6925	-510.95914	-1491.1055	1327.1437	149.05686402320862
4	-1092.7753	1123.5764	-42.44108	-2701.9636	-2391.4192	931.29083	-599.9117	-3001.871	415.0	808.1	20000	1497.2609	168.2605	2024.8226	-955.4741	-1513.7699	1255.5695	209.59300875663757
5	-1571.4274	1148.2877	-74.45388	-2703.667	-1859.0613	1379.6274	-85.84874	-3042.9187	589.25	625.7	25000	1308.8893	138.93562	1789.1499	-1088.7628	-1318.049	784.22894	264.43325448036194
6	-933.42456	1176.8228	-29.482792	-2690.269	-402.11603	855.7538	-35.772346	-2954.7634	350.9375	136.0	30000	1206.9392	125.242836	1577.5499	-695.3614	-1224.2477	946.0142	320.46842980384827
7	-923.3062	1179.7366	-33.07195	-2713.8018	-3005.6287	3.5330544	-2999.3167	-3011.862	345.30768	1000.0	35000	1275.3623	172.17003	1817.6453	-1060.9562	-1308.6393	1275.5883	380.5400996208191
8	-1111.23	1241.7617	-32.575718	-2709.4385	-965.0916	1312.422	-36.45311	-3029.55	412.76923	323.7	40000	1889.7028	200.05324	2388.4944	-1057.93	-1930.3287	1815.7478	437.54466462135315
9	-524.2498	996.3867	-15.580156	-2720.0735	-83.96385	61.757782	-33.37375	-259.7416	195.78261	24.3	45000	1904.7587	147.89052	2308.7266	-1119.4791	-1925.6088	1748.032	482.95268869400024
10	-500.3898	928.86084	-26.559309	-2735.3997	-410.02725	897.4286	-41.789993	-3095.449	185.0	128.4	50000	1932.9567	142.11446	2301.9749	-1498.2646	-1960.1396	2782.9343	532.6381454467773
11	-305.88516	701.9149	-15.699645	-2717.22	-104.56411	98.2767	-28.331509	-350.31927	114.15686	31.2	55000	1773.7117	169.54839	2173.0708	-1572.0	-1790.2699	2699.923	590.2986512184143
12	-553.0599	946.3753	-36.776737	-2700.465	-1256.0175	1416.7384	-27.349243	-3016.9075	206.83333	422.1	60000	1498.8735	170.40382	1849.132	-1443.3126	-1510.4003	1762.3469	646.4055247306824
13	-1404.0226	1267.248	-55.001667	-2696.5022	-728.95654	1160.9255	-31.26879	-3049.8118	525.625	241.5	65000	1279.1464	139.48073	1563.8347	-801.0692	-1288.4672	991.3354	693.0441455841064
14	-316.5969	671.1169	-26.422821	-2762.9731	-1549.1095	1431.0413	-60.639473	-2992.8484	120.78049	519.2	70000	1046.3807	129.80553	1345.1453	-757.20807	-1052.5815	804.89374	750.3221378326416
15	-668.92706	1072.563	-35.02741	-2757.6711	-396.0148	846.94434	-45.59765	-2931.1836	249.21739	138.8	75000	811.2835	112.26926	1055.1486	-593.25653	-816.2868	490.83984	808.1769721508026
16	-1056.7825	1253.1349	-37.827713	-2733.02	-1056.5753	1281.0748	-69.013466	-3034.5356	391.0	353.2	80000	618.76685	88.20127	827.96405	-747.3269	-621.548	280.38297	857.3812456130981
17	-536.2199	945.1304	-27.403196	-2707.5403	-152.14648	108.76263	-28.218603	-311.88052	203.4	54.1	85000	457.70422	78.016266	644.6006	-335.7181	-459.5836	140.01627	908.9717772006989
18	-1369.1497	1321.9923	-26.129953	-2753.9753	-117.25266	94.89292	-31.83732	-287.13144	509.4	34.9	90000	313.8936	60.42393	462.19128	-277.22003	-315.18784	73.8124	959.9504911899567
19	-416.11853	881.48627	-18.875772	-2761.2676	-556.1735	820.2674	-98.92621	-2986.0222	154.09677	181.0	95000	200.95306	45.988335	332.53528	-260.84576	-201.73013	37.546005	1011.3741707801819
20	-784.9873	1030.5709	-39.429474	-2722.2556	-852.65686	1104.2107	-51.73617	-2991.0168	284.27777	287.2	100000	109.57932	36.58678	196.56021	-202.20695	-110.0827	15.151694	1067.1888184547424
21	-643.6553	1009.7183	-25.71505	-2792.8801	-3001.726	13.736185	-2962.6472	-3014.074	236.73914	1000.0	105000	36.663647	27.270386	111.1107	-115.15377	-37.08347	5.8966823	1135.7591321468353
22	-294.0215	696.8645	-15.324707	-2705.2524	-64.48616	51.656624	-27.281221	-214.37178	108.704544	21.1	110000	-16.53541	16.30643	33.445545	-63.260227	16.083023	4.89299	1185.3597602844238
23	-52.178043	194.86473	-10.54933	-2730.5356	-49.273003	55.189323	-21.791187	-213.6818	21.014982	17.7	115000	-51.924618	15.73202	31.742796	-93.306305	51.04343	8.460489	1243.793287038803
24	-27.396263	12.506551	4.2360682	-116.7778	-52.36969	55.89866	-22.710592	-217.22513	13.118111	17.4	120000	-65.54057	28.593004	34.456875	-110.54032	64.24061	8.145829	1299.515032529831
25	-26.94681	18.418238	-9.007054	-199.00687	-20.274553	3.572222	-15.560623	-29.721035	12.407692	9.4	125000	-69.662155	34.57749	16.014927	-119.310486	68.15698	8.647422	1353.323640346527
26	-26.758904	66.51055	20.51266	-1297.2577	-20.685284	3.2937675	-15.500498	-27.681782	13.098985	10.1	130000	-68.51079	36.547512	17.533962	-123.27138	67.018814	8.465109	1408.0055220127106
27	-22.582525	14.671323	-8.993547	-135.44727	-20.977707	6.2573805	-15.287656	-34.50196	11.084257	9.7	135000	-68.872185	39.976887	16.347155	-127.20649	67.46852	8.7421	1462.5375134944916
28	-21.932219	14.98393	12.858847	-166.9306	-25.30225	8.8589945	-17.4501	-48.14575	11.201794	9.6	140000	-68.69786	42.552303	19.894419	-132.62276	67.32269	9.215549	1517.021748304367
29	-19.848461	11.905956	-3.7761784	-148.72475	-18.645657	1.6496978	-14.958935	-20.598333	10.721627	8.3	145000	-65.671875	42.841652	19.492283	-137.24234	64.18011	9.235213	1571.8985104560852
30	-18.059309	5.5971994	-7.696958	-69.75107	-23.282755	10.441718	-17.334663	-53.962807	9.133455	9.6	150000	-62.50807	41.775196	23.41004	-132.19469	60.998135	8.873301	1627.1419286727905
31	-18.319767	7.85434	-6.639368	-128.58209	-24.658321	13.96583	-15.463725	-64.01355	9.01982	11.1	155000	-57.274475	39.720802	21.683678	-125.06705	55.779533	8.102964	1682.188618183136
32	-17.865812	13.876591	6.750055	-317.45816	-18.081596	1.3039368	-16.375334	-20.950434	9.109489	7.8	160000	-54.164574	38.649097	20.450974	-124.79566	52.785305	7.680613	1737.3053476810455
33	-18.091242	6.063006	-4.404928	-70.391304	-20.572836	2.5150619	-16.742355	-24.368597	9.288104	9.2	165000	-52.603363	39.201447	22.11201	-119.72525	51.27139	7.0285697	1791.9575707912445
34	-18.873766	8.481243	-4.687224	-81.94142	-18.421627	1.4499258	-15.711194	-21.863571	10.137651	9.2	170000	-51.141895	39.492855	26.850857	-122.307495	49.8669	7.232785	1846.643002986908
35	-16.757982	6.9822764	-0.91064906	-165.55846	-17.697275	1.2820066	-14.87151	-19.48441	8.379194	8.3	175000	-49.968582	39.895294	30.884806	-123.11313	48.691338	6.8647776	1901.6166710853577
36	-16.459955	4.2803636	-6.8538895	-79.62631	-24.011662	16.346075	-16.47532	-72.7872	8.34	10.5	180000	-47.515472	38.79556	31.821157	-123.646385	46.187813	6.6831675	1957.186649799347
37	-16.903753	6.33955	-6.401046	-98.64447	-18.36765	1.4782218	-15.587406	-21.385847	8.744755	8.9	185000	-44.627346	37.14192	21.617512	-119.79757	43.34121	6.1704664	2012.900749206543
38	-17.055534	5.49796	-7.730249	-113.36321	-19.325909	2.3851063	-15.90856	-23.854862	8.684028	8.6	190000	-42.292927	35.55847	27.832403	-117.66654	41.04828	5.862509	2069.026277780533
39	-16.507662	4.2854123	-5.6067677	-71.646614	-23.81882	8.658467	-16.87161	-44.312683	8.42833	10.4	195000	-40.30597	34.371777	25.789652	-114.04957	39.105503	5.6198316	2124.639662504196
40	-16.295996	3.052313	-7.098675	-40.942295	-18.805143	3.4509666	-14.495696	-25.30942	8.417508	7.9	200000	-39.44125	34.56284	19.643745	-111.116165	38.309166	5.298686	2180.449846982956
41	-16.391453	3.9458556	4.518665	-47.77882	-18.16927	1.7090489	-16.19821	-21.8371	8.324459	7.8	205000	-38.655266	34.761173	20.927319	-115.20222	37.52263	5.2914605	2236.637825489044
42	-16.43073	3.821809	-10.096684	-57.124443	-18.751333	3.1621642	-16.2308	-27.761175	8.348915	8.5	210000	-38.04087	34.735287	50.385452	-115.429985	36.976204	5.1317897	2293.342838525772
43	-17.202131	16.560106	-6.830647	-390.80417	-18.68196	1.6057196	-16.386724	-20.826048	8.770175	8.1	215000	-37.695724	34.981606	19.17464	-113.1703	36.673954	5.003114	2349.432420730591
44	-16.700525	5.738496	-8.671992	-105.370636	-19.606499	2.7132876	-15.562952	-25.88297	8.424958	7.9	220000	-38.50228	36.1448	23.094906	-120.55707	37.561092	5.0316677	2405.3973548412323
45	-16.51262	4.943537	17.212408	-71.012535	-23.187475	10.880364	-16.64067	-55.281902	8.648788	10.7	225000	-39.175285	37.74794	18.209286	-118.818146	38.219875	5.0046062	2462.245965719223
46	-17.148512	5.560498	-9.077498	-75.64834	-17.091253	3.2049265	-8.96836	-21.058006	8.732985	9.1	230000	-38.781414	38.042152	17.793446	-122.33694	37.852543	4.7924504	2518.745393514633
47	-16.290869	3.438831	-1.6010023	-62.8578	-17.7815	1.1159679	-16.245804	-19.966148	8.401681	7.4	235000	-38.493176	38.475155	20.601322	-118.19534	37.554325	4.873991	2575.223054409027
48	-17.020107	6.8841133	-2.8920276	-118.30509	-18.167603	1.8743373	-16.21331	-22.14635	8.559932	7.9	240000	-38.061165	38.486126	32.258385	-129.40907	37.161953	4.822695	2631.18061709404
49	-16.28401	4.4820786	-1.0755895	-60.770893	-21.7331	10.811587	-16.478535	-53.75189	8.394296	11.1	245000	-37.49959	38.462406	25.26763	-115.62324	36.61917	4.7962313	2687.9035727977753
50	-16.477541	5.817752	-3.9423826	-91.566956	-17.998734	2.3738742	-12.04938	-21.22198	8.4838705	7.4	250000	-37.546257	39.147697	35.396008	-121.38054	36.71291	4.8172164	2744.599843978882
51	-16.261381	4.720164	-5.101954	-95.28428	-18.46088	2.8831491	-12.312407	-23.06255	8.663778	7.7	255000	-37.96507	40.386963	30.37142	-120.46291	37.14878	4.888169	2800.6444647312164
52	-16.697424	6.2874174	4.48192	-116.74806	-18.41155	3.5979762	-13.231278	-25.954155	8.617241	7.4	260000	-38.069145	40.98131	22.39253	-122.44099	37.270344	4.906045	2857.1823534965515
53	-16.651907	6.1265783	-0.9496621	-130.1277	-16.665087	3.4603922	-7.2639794	-19.42928	8.748252	9.1	265000	-37.39049	40.62752	25.560907	-128.35417	36.58205	4.7245626	2913.9474539756775
54	-16.237005	5.3812866	0.620295	-87.6809	-17.774817	1.2638962	-15.162639	-19.384703	9.13894	8.4	270000	-36.12872	39.777237	29.129105	-120.70518	35.306072	4.4824643	2970.751893758774
55	-16.413164	5.650844	-2.8030243	-68.855316	-21.7921	3.6002958	-16.774397	-28.693682	9.332089	9.8	275000	-35.35025	39.24428	19.3834	-127.39092	34.58249	4.459894	3027.8484835624695
56	-16.515812	6.1239734	-0.18012747	-79.09846	-20.094917	2.4412215	-16.414425	-25.261185	8.804578	9.8	280000	-34.884262	38.866146	15.688564	-133.07906	34.083126	4.5247707	3084.947221517563
57	-16.15862	5.199557	8.162951	-75.73294	-17.9674	1.500754	-15.915448	-20.032059	9.034358	8.3	285000	-34.171345	38.438457	22.303663	-130.57869	33.439457	4.6022887	3142.1627159118652
58	-16.576221	6.42494	3.6868083	-113.93162	-19.584248	2.5699773	-14.049956	-22.917915	8.944544	7.8	290000	-33.978394	38.766598	16.78062	-130.5999	33.258038	4.479278	3199.6008520126343
59	-16.363466	5.704357	3.8824449	-88.40144	-18.607788	2.078529	-16.396986	-23.631678	9.285714	9.0	295000	-33.961533	39.36294	16.926083	-123.548965	33.23146	4.533103	3256.8199124336243
60	-18.472763	11.836598	-4.9180236	-127.185356	-20.154028	3.6136627	-15.846867	-27.372684	10.449791	10.8	300000	-33.483772	39.317562	28.700895	-128.90393	32.746197	4.5163584	3313.9224734306335
61	-17.546206	15.423041	-3.98884	-343.9028	-18.572163	2.245769	-15.843291	-24.392918	9.467803	8.7	305000	-32.990807	38.77546	19.993475	-138.46057	32.28934	4.5594134	3371.549473285675
62	-16.514399	6.20078	-2.2762475	-86.93415	-18.565075	1.5230691	-16.293592	-21.130098	8.982047	7.3	310000	-32.65729	38.637333	31.877548	-129.29521	31.968891	4.624657	3428.6973633766174
63	-15.980208	5.0977497	10.149988	-70.89516	-17.057163	1.1215706	-15.080827	-18.834227	8.87389	8.0	315000	-32.057613	38.008114	33.92808	-120.55607	31.359224	4.580132	3486.324746608734
64	-16.451927	8.356904	-10.003659	-189.2128	-18.214018	3.770066	-12.445023	-26.820847	8.483051	8.8	320000	-31.563969	37.673084	16.004917	-119.4603	30.906063	4.4990277	3543.334062099457
65	-16.010008	5.7826576	20.580002	-106.14125	-17.90453	1.5798348	-15.958958	-21.397537	8.858156	7.5	325000	-31.387768	37.76112	16.958353	-123.023865	30.74917	4.4927526	3600.4200048446655
66	-16.345394	6.6227474	-1.08493	-133.77568	-18.48827	1.9428071	-16.08682	-22.772715	9.063406	7.9	330000	-31.322588	38.146862	20.258448	-124.08339	30.68067	4.6071544	3657.6732306480408
67	-15.969581	4.1800714	0.52181023	-60.265587	-19.533726	4.9769335	-16.310387	-34.160057	9.109289	9.2	335000	-30.902897	38.054478	20.758053	-124.38355	30.267927	4.7604957	3715.0671668052673
68	-16.176651	4.462575	-1.2201225	-55.07767	-17.261333	2.5820792	-12.335769	-21.804735	9.003604	11.1	340000	-30.975573	38.50879	28.092896	-127.980644	30.339132	4.8698163	3773.0996000766754
69	-16.020332	4.8868947	22.7292	-67.11589	-18.081669	1.2522373	-16.292618	-20.280022	8.8881	8.2	345000	-30.513105	37.960087	15.302919	-127.55972	29.891869	4.6820335	3830.149134874344
70	-16.082834	4.133855	-2.708218	-67.44417	-16.853348	1.8063047	-13.814982	-19.365597	8.844248	8.6	350000	-29.923267	37.68645	79.54766	-135.61823	29.304691	4.665378	3887.6391203403473
71	-15.834834	4.5178866	22.196259	-74.948975	-16.845608	0.9908605	-15.229103	-18.78556	8.773287	7.3	355000	-29.592943	37.57839	28.521358	-128.6092	28.99106	4.558634	3945.012053012848
72	-16.315426	5.9695888	3.0270298	-106.79159	-20.025906	3.6675177	-17.223694	-30.261011	9.052442	9.5	360000	-29.61968	38.029224	16.170639	-127.32808	29.036057	4.6129346	4002.8533732891083
73	-15.936837	3.854577	-2.091203	-73.67791	-21.925468	9.671671	-17.279968	-50.76369	8.702609	11.6	365000	-29.473833	37.58591	16.689383	-128.64597	28.885792	4.868122	4061.3796532154083
74	-16.081501	3.549119	-3.62842	-68.79902	-20.850101	8.724041	-16.369457	-46.877163	8.512776	8.7	370000	-28.36929	36.2269	18.41656	-124.1954	27.754934	4.775897	4119.827807188034
75	-16.551958	5.4357133	-0.7833038	-74.9619	-18.42613	2.8142626	-15.577339	-26.345499	8.967742	8.8	375000	-27.600786	35.16931	14.7972355	-119.92929	27.015787	4.5220523	4178.266019582748
76	-16.023483	4.6644917	2.8378932	-83.27858	-18.774246	4.7708263	-15.791793	-32.72663	8.705779	8.7	380000	-26.963425	34.46879	42.227196	-118.477585	26.383072	4.301585	4236.0477294921875
77	-16.276825	5.0917845	2.672634	-66.45633	-18.613102	1.5294577	-16.97281	-22.105326	8.778359	8.1	385000	-26.476261	34.13591	22.87361	-117.768555	25.906301	4.1697226	4295.755515098572
78	-16.24995	4.03578	-7.7121363	-55.5897	-18.596231	1.773713	-16.522951	-22.746239	9.1875	7.7	390000	-25.992222	33.427155	24.942993	-115.007805	25.433426	4.1714997	4354.976631641388
79	-15.6185875	3.7028508	20.361258	-51.43589	-18.154821	0.7873198	-16.243908	-19.018986	8.660312	7.6	395000	-25.857336	33.172195	18.387321	-115.73908	25.307741	4.2364874	4414.250529289246
80	-16.210882	4.733104	-2.6700914	-69.34568	-18.134	1.2103438	-16.165686	-20.00506	8.790861	9.3	400000	-25.283009	32.794086	19.341991	-112.076584	24.738148	4.143913	4473.117876052856
81	-16.534216	15.400603	-2.4407427	-364.6953	-21.807817	11.945151	-15.878703	-57.298054	9.1966915	10.9	405000	-25.477112	33.142963	32.95294	-112.68917	24.950373	4.307013	4531.662148475647
82	-16.131275	4.6737685	0.037691586	-69.45189	-17.826305	6.2777767	-6.182345	-33.27986	8.859929	9.3	410000	-25.646229	33.75982	18.586975	-118.23967	25.15231	4.402273	4590.2357721328735
83	-16.140574	4.5155416	0.8046655	-61.256927	-19.25932	2.9814785	-14.764745	-25.343199	8.773287	8.2	415000	-25.535374	33.906597	28.944132	-123.91351	25.028475	4.3468237	4649.173110961914
84	-15.8148155	4.0952487	7.4337554	-64.20452	-17.86417	1.390192	-15.7051735	-21.274084	8.690972	8.5	420000	-25.498335	34.297153	17.746294	-131.32053	24.998812	4.1858115	4708.144706249237
85	-15.56387	2.991092	0.022932807	-39.76908	-16.561504	1.2936126	-13.751092	-18.43248	8.655709	7.3	425000	-26.020731	35.215824	28.004055	-122.42194	25.5562	4.2976017	4766.694375991821
86	-15.934937	3.820357	9.280378	-50.68789	-20.601662	3.3053305	-16.001684	-27.531397	8.700349	10.5	430000	-26.138876	36.000584	17.74044	-126.14193	25.677025	4.260793	4825.467918395996
87	-15.992768	3.7381644	5.5829725	-43.188488	-20.961134	10.741626	-14.263203	-52.91799	8.911032	10.0	435000	-26.398045	36.905224	29.470764	-125.50771	25.922987	4.2649064	4884.063979148865
88	-15.900008	3.6077995	-0.07918626	-40.659615	-18.11752	1.5072167	-16.252274	-20.201221	8.802469	8.0	440000	-26.011023	36.329407	23.911505	-125.649155	25.538181	4.21048	4942.6365559101105
89	-15.945218	3.9083998	16.129602	-55.234642	-18.370335	3.5367382	-15.105276	-27.87907	8.679376	7.9	445000	-25.860807	36.394585	19.635626	-124.329094	25.419922	4.178381	5001.346059560776
90	-18.409996	31.939764	4.627576	-654.9327	-17.25681	0.7366833	-15.868318	-18.64174	10.161224	7.9	450000	-26.216747	37.008755	42.23168	-127.43157	25.770796	4.558499	5059.339811325073
91	-16.046124	4.047759	-6.6780543	-73.62344	-25.768177	21.81255	-13.969066	-90.06514	8.3879595	11.8	455000	-26.180607	37.213463	19.225628	-131.21059	25.740425	4.6299977	5118.3349442481995
92	-15.882564	3.32779	1.0463225	-53.091156	-16.755255	2.1487906	-11.595136	-19.024727	8.837456	8.7	460000	-25.94267	37.076763	23.003178	-130.51215	25.524113	4.345354	5176.571809768677
93	-15.983953	4.912313	-1.820797	-99.14604	-17.977993	2.0550056	-15.66164	-23.545818	8.702609	8.9	465000	-25.763037	37.05488	37.277195	-124.38279	25.311758	4.2918487	5235.377422332764
94	-16.032022	4.834334	3.8151398	-79.901245	-18.057293	2.386855	-13.858634	-23.82663	8.925	8.1	470000	-25.476797	36.680275	19.013632	-126.08659	25.036192	4.138868	5294.207316637039
95	-15.786813	3.7575736	-1.340758	-50.812725	-19.102724	3.2404099	-16.386251	-28.035307	9.034358	9.4	475000	-25.1407	36.149544	28.394941	-128.86182	24.722794	4.3529763	5353.04704284668
96	-16.154278	4.6264796	-2.320555	-65.420204	-18.687336	2.865784	-13.944681	-24.475155	8.863475	8.6	480000	-25.080318	36.154762	32.916588	-128.56822	24.656862	4.3868117	5412.292805671692
97	-16.377407	6.4489737	-3.357641	-102.28069	-18.359253	4.4742255	-14.095766	-30.534004	8.964158	8.8	485000	-24.776873	36.024334	27.37412	-130.55586	24.356031	4.2879505	5471.415207386017
98	-16.360353	5.712291	-5.7516923	-98.07244	-19.004478	4.7803903	-15.013526	-31.675867	8.932143	9.4	490000	-24.42194	35.38516	18.375084	-126.906815	24.025562	4.1958556	5531.321517467499
99	-16.06035	3.392241	-3.9124725	-51.160378	-17.696537	1.3076546	-15.5294485	-19.967735	8.660312	8.5	495000	-24.72523	36.165054	25.671143	-165.91656	24.349771	4.433342	5590.901266336441
100	-15.793997	3.615435	-1.801796	-60.053425	-17.81049	2.5540104	-11.264489	-20.918676	8.5487175	7.6	500000	-24.78928	36.63121	16.442825	-133.601	24.40503	4.325948	5650.8858852386475
101	-15.65139	3.4706986	2.3711567	-40.927876	-19.25565	3.011718	-16.052925	-25.92458	8.918004	9.9	505000	-24.413218	36.313408	22.632034	-135.3471	24.029501	4.2190223	5711.057728767395
102	-16.876904	22.836641	5.0473976	-535.99365	-19.110863	2.5266378	-15.808151	-24.21209	9.373359	8.8	510000	-24.32225	36.18857	36.62975	-136.02272	23.935091	4.2814155	5771.394328832626
103	-16.089987	4.175482	-3.886553	-70.45878	-18.37364	2.9441001	-15.661149	-26.512266	8.778948	8.1	515000	-24.17903	36.147717	19.5388	-133.83372	23.809122	4.1693506	5831.350056409836
104	-16.052038	4.46494	2.3452117	-52.906082	-17.327232	1.5180475	-14.412347	-19.434025	8.948122	8.5	520000	-24.066816	36.18933	52.816345	-134.2703	23.690216	4.239781	5891.613060235977
105	-15.941704	4.8700447	3.0442762	-85.40267	-17.603287	3.5339017	-12.125086	-26.84793	8.749562	8.5	525000	-23.87663	36.014233	41.82998	-134.58102	23.513508	4.2506323	5951.616935968399
106	-15.434849	4.243433	4.760222	-67.44286	-16.558237	3.7106175	-6.8713684	-21.30312	8.675347	8.6	530000	-23.77702	35.797558	39.225983	-130.52951	23.413523	4.213991	6011.5786345005035
107	-15.88174	4.1310534	1.658445	-61.482513	-16.742474	1.3002719	-15.158651	-20.333878	8.839223	7.8	535000	-24.031055	36.630585	23.797043	-137.89613	23.69067	4.3043237	6071.767863273621
108	-15.764245	3.9462795	-2.3299625	-68.85548	-16.561138	3.652698	-6.1813664	-19.429438	8.471187	10.1	540000	-23.902327	36.831116	40.49957	-132.25082	23.529757	4.1966896	6131.8581619262695
109	-15.896289	4.1134443	11.968558	-55.219547	-18.2561	2.6296482	-15.86838	-24.12393	8.5487175	9.2	545000	-23.231653	35.83369	26.813309	-131.38637	22.850012	4.1639156	6191.879287958145
110	-15.692414	4.0763574	-0.89994633	-59.66799	-18.48938	1.5246958	-16.214066	-21.184996	9.012635	8.0	550000	-23.089005	35.527695	22.284615	-131.71269	22.72657	4.004734	6251.527574777603
111	-17.561947	10.396338	1.9909761	-180.94319	-17.477352	1.4173214	-15.29813	-20.273342	9.51711	8.7	555000	-22.774137	34.71678	26.318188	-131.22098	22.42632	4.1130185	6311.529137372971
112	-15.733015	3.9669576	7.728106	-40.180225	-19.679983	5.895901	-16.699093	-37.20579	9.090909	10.2	560000	-22.673706	34.808086	35.529144	-140.19197	22.341072	4.05129	6371.758482694626
113	-15.654034	3.789933	2.5460637	-45.504986	-19.105274	5.097813	-13.882582	-32.590816	8.9339285	8.4	565000	-22.990467	35.88817	30.30584	-135.78406	22.666128	4.082358	6431.686510801315
114	-15.767442	3.2320986	9.685056	-44.596855	-19.44765	5.6740036	-15.322217	-35.807655	8.76007	8.5	570000	-22.895336	35.767284	16.232664	-133.96451	22.543636	3.9437275	6491.8098068237305
115	-16.194239	6.2246947	-4.2733145	-103.504234	-17.338684	1.6317204	-13.867646	-19.601313	8.872113	7.6	575000	-22.776306	35.509354	19.571455	-135.47205	22.448124	4.0712547	6552.025549888611
116	-15.8709	3.8435109	7.6255546	-47.12961	-17.59093	1.3670835	-15.673172	-20.386854	8.847788	8.0	580000	-22.727604	35.48395	16.479687	-137.6276	22.423946	4.127031	6611.566284894943
117	-15.976535	4.040066	-0.6041294	-46.536896	-18.242281	1.337068	-14.7572975	-19.5982	8.907474	8.1	585000	-22.94013	36.12567	45.23679	-135.83932	22.628233	4.3539824	6671.678511857986
118	-15.852105	3.7620075	-1.6048803	-56.634315	-17.663921	1.5765435	-16.059795	-21.519588	8.768421	8.3	590000	-22.47859	35.606148	24.046358	-134.06802	22.134905	4.2951274	6731.059381723404
119	-15.682994	3.7845776	10.930547	-71.06117	-17.094358	2.094444	-12.436707	-20.207287	8.653979	9.2	595000	-22.18067	34.97128	21.219069	-130.71077	21.860104	4.1196566	6790.943141222
120	-17.575413	42.821323	0.13944641	-1013.23474	-32.902405	23.130272	-15.356557	-80.028885	9.168807	15.6	600000	-22.023884	34.991043	20.692673	-131.68457	21.703619	3.9917674	6849.650766849518
121	-15.850816	3.489879	-3.2766252	-45.713757	-17.925446	1.0450419	-16.70512	-20.529226	8.792619	8.5	605000	-22.147207	35.02198	25.740433	-131.18298	21.838953	4.0606146	6909.83295917511
122	-16.086655	5.541222	1.078809	-84.32124	-19.932474	8.072753	-11.219666	-42.820045	9.036166	10.4	610000	-21.982986	35.079678	32.570263	-135.80446	21.684261	4.0911555	6969.04770565033
123	-15.842409	5.174522	1.9535725	-97.173454	-17.201017	1.6650598	-13.908729	-20.38946	8.566781	8.6	615000	-22.052317	35.55138	23.28423	-135.831	21.764786	3.9747636	7029.001912593842
124	-15.958329	4.1514897	-4.51118	-57.658092	-17.602276	1.6836605	-15.718475	-21.764849	8.826855	9.2	620000	-22.39758	36.59023	17.87829	-140.44786	22.115303	4.087841	7088.115971565247
125	-15.733785	3.562291	-2.6577866	-41.688705	-18.875795	2.8621235	-12.815065	-24.152363	8.919786	9.6	625000	-22.539974	37.08014	18.717184	-142.94217	22.254436	4.1782613	7148.212778329849
126	-16.162548	5.7020845	-2.3102243	-78.26736	-16.481333	4.098606	-6.3785796	-20.64231	8.955197	9.2	630000	-22.551565	37.42278	16.110584	-145.31612	22.279642	4.113512	7208.4716057777405
127	-15.651773	3.0785182	2.392582	-35.649307	-22.609325	12.863219	-17.200315	-61.057392	8.485569	8.7	635000	-22.764824	37.889454	23.310246	-143.68872	22.480852	4.0594764	7268.847818851471
128	-15.4977045	3.3935277	4.0500646	-38.22711	-19.110176	3.5876496	-13.630405	-27.606867	8.758319	9.3	640000	-22.373205	37.419792	25.324991	-147.89143	22.086102	4.0452495	7329.581530094147
129	-16.258924	6.484725	-2.032251	-69.63525	-20.678284	3.7558994	-16.44781	-29.303663	9.461247	9.0	645000	-22.322145	37.718147	24.086985	-156.25044	22.020086	4.111243	7391.138746976852
130	-15.667434	3.6904628	4.822182	-42.4019	-19.172543	5.438866	-13.771594	-31.363121	8.685218	11.1	650000	-22.20968	37.431316	31.79257	-146.65392	21.91868	4.0788918	7452.702513933182
131	-15.687815	3.2104242	-4.8604326	-54.76483	-18.04166	3.2172303	-12.03307	-25.06652	8.467796	7.9	655000	-21.901619	36.80891	33.689484	-142.97694	21.608612	3.99934	7513.355674028397
132	-15.714114	3.1376464	-1.5395875	-36.623425	-17.71186	0.8769116	-15.927155	-19.032133	8.78421	8.6	660000	-21.70128	36.082016	20.023638	-139.21503	21.41882	3.9205449	7573.669855117798
133	-15.962628	3.9061573	-3.7481751	-59.837605	-17.50324	1.879882	-14.046675	-19.944147	8.919499	7.7	665000	-21.47682	36.06324	23.135489	-141.96042	21.201826	4.002143	7634.2809591293335
134	-15.847898	3.6808324	-1.6304085	-48.57346	-17.35671	1.2668812	-14.446825	-19.020296	8.73345	7.3	670000	-21.490969	36.312546	21.667547	-140.23882	21.222307	3.9303043	7694.565958738327
135	-15.765259	4.8906956	0.51009256	-92.15722	-18.135197	1.9261069	-15.562776	-22.1782	8.589347	7.8	675000	-21.374428	36.306164	27.575628	-149.28946	21.096855	3.9678302	7755.316314935684
136	-15.564939	3.2662218	4.28079	-37.015232	-17.035507	3.002843	-8.630399	-20.043806	8.633851	8.6	680000	-21.318853	36.158737	20.671713	-145.64964	21.035166	4.018434	7815.482978582382
137	-15.671006	3.673718	8.026367	-47.139126	-20.91978	7.1621804	-12.232691	-34.890377	8.726004	9.9	685000	-21.349005	36.498333	24.124756	-150.12575	21.075556	3.9897454	7875.632423400879
138	-15.937483	9.353386	5.214875	-223.29764	-18.203897	1.2576833	-16.64487	-20.75545	8.806338	7.8	690000	-21.199606	36.51393	20.221006	-145.56923	20.938328	4.0378537	7936.130459547043
139	-16.08223	6.16604	-4.3856173	-137.99545	-17.86285	1.6671815	-15.079393	-21.146124	8.597939	7.9	695000	-21.355349	36.716175	27.870552	-151.98589	21.084799	3.9802995	7996.342180252075
140	-15.517775	3.8817933	11.285717	-60.887222	-16.537043	2.2342956	-14.6375065	-22.52003	8.584192	9.3	700000	-20.872993	35.886883	15.66079	-142.49826	20.589302	4.014947	8057.1382620334625
141	-15.420278	3.9452367	-0.31281704	-65.93755	-19.221962	3.086115	-15.692088	-25.023386	8.840989	9.8	705000	-20.681927	35.254234	20.74709	-141.07867	20.411518	4.035937	8117.495487451553
142	-15.711966	4.6130495	-1.8849868	-68.09867	-17.391645	1.1877396	-14.807032	-19.265879	8.525598	8.2	710000	-20.71284	35.33946	20.467054	-142.04214	20.440561	4.169137	8178.216714143753
143	-15.6420555	3.1496549	2.1670337	-37.075813	-18.00861	1.4639271	-16.585161	-21.734262	8.458545	7.9	715000	-20.374872	34.80409	31.236338	-139.70103	20.103243	3.9836679	8239.668409824371
144	-15.773136	4.950994	-3.747151	-104.633545	-18.677761	2.9558942	-16.558495	-26.935452	8.624138	9.3	720000	-19.949266	33.631165	20.438164	-134.78394	19.689842	3.8967905	8301.536262750626
145	-15.858434	5.4469805	19.18681	-86.44793	-19.49679	3.6486893	-15.047948	-25.590889	8.5487175	9.2	725000	-19.87205	33.835327	20.251598	-141.54736	19.62146	3.816165	8362.863250732422
146	-15.712059	3.1776738	-3.0673432	-39.944252	-17.92442	1.1076745	-16.66331	-20.0873	8.726004	8.0	730000	-20.075294	34.23246	32.05255	-142.1587	19.853165	3.8496637	8424.148494958878
147	-15.641088	3.2691662	14.799244	-37.491558	-22.783266	11.892575	-17.339903	-58.359287	8.739511	10.0	735000	-20.133097	34.491524	19.890865	-147.86743	19.890438	3.8380308	8485.32192492485
148	-15.816314	6.3475437	13.756213	-114.933945	-18.303911	2.3731928	-15.095995	-23.622528	8.611015	7.8	740000	-20.290047	35.09749	33.918568	-150.59355	20.07914	3.930444	8546.695148468018
149	-16.100506	5.051082	12.415317	-76.15716	-17.770266	1.1233214	-16.429863	-19.608734	8.749562	8.9	745000	-20.546206	35.826656	29.73389	-149.12643	20.325193	4.1348915	8607.864603042603
150	-15.648384	5.457497	5.7414393	-93.23212	-17.581305	1.988412	-13.688811	-20.069262	8.879218	8.8	750000	-20.302437	35.623234	18.408669	-146.00684	20.044294	4.0262804	8669.287813663483
151	-15.3667145	4.725358	24.204596	-64.357	-15.433464	2.4122307	-9.42646	-17.108791	8.709059	8.3	755000	-20.043177	35.049088	21.36295	-145.3333	19.795115	3.997508	8730.558806657791
152	-15.645309	3.6032894	2.244942	-48.338047	-19.79449	3.4590168	-17.060722	-26.563976	8.606896	8.9	760000	-19.92583	34.9094	19.003979	-142.74838	19.691444	3.8633091	8791.947538137436
153	-15.637195	5.4912987	2.2098145	-102.6084	-18.82427	2.5189085	-15.833297	-23.576359	9.003597	9.1	765000	-19.927944	35.071396	22.663681	-145.25204	19.679419	3.883251	8853.86532664299
154	-16.792013	21.651556	20.295244	-514.4268	-19.133266	5.324106	-14.846707	-34.157433	9.116575	8.9	770000	-19.89353	35.157707	24.350979	-148.33574	19.657465	3.9026127	8914.54682970047
155	-15.785146	4.857013	6.688874	-93.13218	-18.385412	3.387927	-12.0167265	-26.307682	8.953405	8.1	775000	-19.901873	35.25563	20.324207	-144.80827	19.669666	3.9606533	8975.360468387604
156	-15.748045	4.2307763	2.7135615	-48.262863	-19.762852	4.3366075	-15.092485	-30.583912	9.7393	9.6	780000	-19.698092	34.868526	18.792376	-145.59479	19.49484	3.8822203	9036.331500053406
157	-16.523308	5.279871	-2.6147492	-75.24778	-17.53599	1.5000459	-15.562111	-20.49672	9.500953	10.1	785000	-19.660404	34.853218	17.82474	-143.6545	19.450659	3.7951646	9096.622143268585
158	-15.816654	3.4274888	2.1160233	-52.02721	-18.239063	3.405124	-12.936008	-25.854382	9.08167	10.0	790000	-19.746765	35.221115	26.2393	-143.45454	19.519344	3.8756394	9157.925808906555
159	-15.895356	5.1850133	7.8613505	-96.2454	-17.82545	1.6564108	-13.239801	-19.195318	8.849823	7.6	795000	-19.489382	34.466995	25.997759	-146.21329	19.27226	3.9341037	9219.36227965355
160	-15.501964	2.9768705	-2.3154078	-36.404682	-20.042664	6.966093	-12.534721	-38.444595	8.6986065	11.0	800000	-19.5311	35.013954	23.712189	-153.4376	19.339993	3.8572485	9280.472350597382
161	-16.155375	5.3739996	-0.27710846	-77.758736	-18.305973	1.6121207	-14.450351	-19.945604	9.070652	7.9	805000	-20.179857	36.70933	48.475758	-158.23912	19.992268	4.1624045	9341.528656721115
162	-15.963369	5.1809177	-1.6520439	-87.990456	-18.500965	2.5173514	-15.642271	-25.240654	9.140768	9.0	810000	-20.256748	37.359535	21.45175	-167.45595	20.0469	4.0443654	9402.584671497345
163	-15.919836	4.6272783	-5.5442076	-88.17252	-16.923977	1.4158996	-15.44411	-19.88279	8.787346	7.9	815000	-20.328423	37.306118	15.674801	-157.53088	20.119335	4.2031713	9464.159286737442
164	-15.697249	3.8900344	-4.6587343	-66.45507	-17.994549	1.5565723	-15.658074	-21.545906	8.4618	7.7	820000	-20.0468	36.4231	37.835705	-161.16632	19.819836	4.4002066	9525.592923641205
165	-15.731303	4.003781	-3.1921372	-60.209743	-16.993465	1.746853	-13.832061	-19.352215	8.66782	8.3	825000	-19.269955	34.82411	83.63046	-150.79211	19.054272	4.004737	9587.305758476257
166	-15.732365	3.2291498	-2.1474214	-46.799168	-17.136642	1.0823988	-15.482903	-19.322674	8.644215	7.4	830000	-18.886005	34.02694	37.975273	-146.00111	18.668596	3.736178	9648.950103521347
167	-15.653752	3.4935477	3.2850187	-49.834457	-18.026638	1.8019211	-15.1142235	-21.5235	8.675347	8.1	835000	-18.798044	33.759388	27.709993	-161.19852	18.582224	3.7699287	9710.461208581924
168	-15.643711	3.434154	-1.502374	-39.694283	-15.728627	2.8895557	-8.064495	-19.568537	8.782074	9.0	840000	-18.838726	34.224842	27.039665	-147.11778	18.631134	3.5406096	9771.637181282043
169	-15.790072	3.8618546	-2.9709392	-53.283756	-16.172405	3.1985972	-8.850091	-19.944891	8.657439	10.7	845000	-19.00535	34.53871	20.473152	-149.96404	18.808502	3.5553472	9832.835522174835
170	-15.950624	4.3476505	-3.4724498	-72.55219	-18.714975	2.5409102	-16.299398	-25.184654	8.7125435	7.9	850000	-19.040462	34.88025	20.236885	-154.84227	18.842148	3.5773876	9893.734543085098
171	-15.461703	3.9681578	7.740471	-49.927193	-18.96444	2.2051096	-14.906228	-22.674932	8.622414	8.2	855000	-18.98517	34.80572	28.25253	-149.89877	18.77566	3.70842	9955.851550340652
172	-15.630726	4.4651146	23.23305	-79.56148	-17.805206	0.7033121	-16.496502	-18.841938	8.540171	7.6	860000	-18.983978	34.867023	44.09976	-153.03613	18.790754	3.6394038	10018.136001825333
173	-15.897966	7.2503347	-0.7807262	-167.00679	-17.759243	0.88690317	-16.24001	-19.274883	8.576329	7.4	865000	-18.714226	34.12897	28.525017	-148.7377	18.517618	3.717566	10080.322879076004
174	-15.464323	3.9209414	20.607264	-52.787937	-16.276167	2.8062718	-11.213309	-20.010628	8.7736845	8.3	870000	-18.71157	34.196194	20.912363	-142.83052	18.509838	3.643337	10142.45348739624
175	-15.992805	6.65277	0.3445844	-112.51105	-18.62912	4.1223626	-13.851771	-29.483118	8.558219	8.4	875000	-19.08405	35.168533	25.244097	-157.1425	18.905275	3.8699737	10203.785150766373
176	-15.504939	4.554404	3.5524406	-63.80462	-18.84733	3.4761157	-16.24895	-28.603918	8.756567	8.8	880000	-18.98622	35.36378	20.34586	-157.65602	18.789328	3.8740914	10265.383682012558
177	-15.327015	3.1857736	-0.3655826	-40.246586	-18.139523	2.5688076	-11.814628	-21.108418	8.335	8.6	885000	-19.078955	35.78688	18.863346	-154.53282	18.901499	3.7343273	10327.576143980026
178	-15.480597	3.7088504	24.102386	-44.236404	-19.044466	4.6268644	-15.826082	-31.579433	8.597939	9.8	890000	-19.111507	36.09496	33.42099	-160.15764	18.937315	3.6169572	10390.518936157227
179	-15.79558	4.834963	6.0004916	-85.12037	-18.000162	1.8394924	-14.06378	-20.622509	8.677083	9.5	895000	-19.199919	36.38661	26.851717	-158.68463	19.017456	3.5816777	10454.461039066315
180	-16.182007	5.067717	17.63134	-68.737755	-18.30259	3.1833453	-11.283862	-23.484913	9.085455	9.0	900000	-19.119041	36.236244	22.868694	-164.49553	18.925596	3.7875874	10518.569772958755
181	-16.864939	6.9858093	-1.6316056	-133.59523	-18.81641	1.3668362	-16.832384	-21.429064	9.107468	8.2	905000	-19.007303	36.065197	17.738636	-159.4322	18.811354	3.9372919	10581.412698984146
182	-16.218845	3.6967266	2.283409	-51.4553	-18.045546	1.4433147	-14.72703	-20.074785	8.867022	9.3	910000	-19.084553	36.152943	22.134136	-161.45486	18.912409	3.8985426	10644.149360179901
183	-15.44663	3.8883622	19.449553	-48.480583	-18.0281	1.3587441	-15.79747	-20.748377	8.618965	8.5	915000	-18.905634	35.925285	19.056225	-166.13434	18.744682	3.827399	10707.080467224121
184	-15.526795	3.7166982	1.421402	-37.91737	-17.452196	2.6223269	-10.4102745	-20.954899	8.94991	8.7	920000	-18.903576	36.09363	19.409695	-155.80714	18.721428	3.6916072	10770.38757777214
185	-15.779428	4.0351334	-4.9000354	-88.01463	-18.459784	1.1963462	-16.726011	-20.649057	8.541881	8.7	925000	-18.76674	35.977215	26.526165	-161.00893	18.605698	3.7355304	10833.889465093613
186	-15.666458	3.668786	-0.7459879	-58.959427	-17.241556	0.7106679	-16.284578	-18.515762	8.521295	7.3	930000	-18.788595	36.068546	58.288452	-159.40717	18.610006	3.6538212	10897.124783277512
187	-15.466438	3.9318466	1.4348245	-45.172012	-16.667032	3.0781999	-11.766051	-22.82203	8.660312	8.1	935000	-18.491344	35.433376	16.255379	-158.48285	18.323769	3.638489	10959.952560424805
188	-15.804372	3.76822	-3.4935062	-51.161587	-16.772266	1.6943355	-13.843666	-18.649906	8.6075735	7.6	940000	-18.43023	35.2565	19.885353	-158.66386	18.259111	3.6248236	11023.429959774017
189	-16.745579	5.56318	0.9002056	-62.5569	-17.287828	2.115717	-15.160333	-22.76577	8.780702	7.6	945000	-18.469675	35.22292	28.09365	-158.58356	18.326395	3.6617796	11086.927540540695
190	-16.413927	5.3950486	0.2582389	-72.89628	-18.298023	2.2620454	-15.743309	-23.279415	8.487267	7.9	950000	-18.67756	35.573944	26.230524	-157.61314	18.57196	3.7481265	11149.342438459396
191	-15.824694	4.783883	3.0777876	-99.01451	-18.869194	4.611654	-13.480693	-31.334633	8.5	9.2	955000	-18.746134	36.264324	29.138288	-158.21658	18.576632	3.6548471	11212.677067041397
192	-15.271829	3.3871014	0.06208245	-43.794888	-18.123917	4.9351554	-10.305038	-30.855616	8.558219	9.2	960000	-18.43651	35.75817	34.783142	-161.95976	18.268438	3.6726687	11275.916029930115
193	-15.468216	3.5165904	-5.2732124	-49.95146	-17.078268	1.5717007	-14.447079	-19.32158	8.552136	7.9	965000	-18.409584	35.512535	21.302431	-162.05182	18.241589	3.606532	11339.731108665466
194	-15.393051	2.951484	-0.3395744	-39.653008	-19.847563	6.6631036	-15.206754	-39.482334	8.398319	9.0	970000	-18.115707	34.737186	19.63148	-159.45691	17.949041	3.5325375	11403.409147977829
195	-15.987751	6.822097	-1.3980961	-125.549614	-17.586735	2.3459957	-14.178398	-22.64202	8.732985	7.8	975000	-17.793179	34.098343	45.003094	-152.85637	17.647533	3.5986238	11467.02677154541
196	-15.303764	3.4451797	8.100747	-41.053223	-17.908754	1.3626456	-15.447487	-20.95574	8.563356	7.6	980000	-17.752449	34.06768	25.560684	-157.3367	17.58308	3.473998	11531.240686655045
197	-15.722492	4.0518703	-0.34724647	-51.83683	-17.021967	1.6347384	-13.900115	-20.2487	8.682292	8.0	985000	-17.591066	33.573593	16.83007	-149.08524	17.42379	3.3476746	11595.370183706284
198	-15.920108	9.707764	7.6152387	-227.96385	-18.541159	3.0678136	-16.161991	-27.364082	8.816579	8.0	990000	-17.420605	32.933983	26.855911	-152.05116	17.268303	3.4804773	11659.312111854553
199	-16.431711	26.452164	4.257253	-640.87384	-17.13915	1.9226291	-14.399189	-20.91306	8.818021	7.8	995000	-17.513643	33.278965	18.603054	-151.51215	17.360703	3.6003313	11722.926131725311
