Epoch	AverageEpRet	StdEpRet	MaxEpRet	MinEpRet	EpLen	AverageVVals	StdVVals	MaxVVals	MinVVals	TotalEnvInteracts	LossPi	LossV	DeltaLossPi	DeltaLossV	KL	BacktrackIters	Time
0	-1461.2798	62.591324	-1411.3303	-1568.3335	1000.0	0.018183572	0.58773154	1.6275328	-1.6386062	4000	-7.5817105e-08	19123.32	-0.050694063	-2052.1055	0.009229536	0.0	5.6995689868927
1	-1373.9999	151.86104	-1222.3477	-1537.7314	1000.0	-7.420101	3.825271	8.360281	-14.7251625	8000	-7.677078e-08	15192.089	-0.053077083	-3354.5586	0.00926048	0.0	10.407906293869019
2	-1334.8221	241.76564	-986.74445	-1566.7361	1000.0	-22.492361	4.5413346	20.390806	-24.05426	12000	1.2278557e-08	11129.656	-0.055668376	-1377.2803	0.009156645	0.0	15.091848611831665
3	-1295.9622	86.30277	-1171.42	-1415.219	1000.0	-26.226414	14.222477	30.201397	-30.632719	16000	-7.629395e-09	9372.185	-0.052721977	-1533.1396	0.009285495	0.0	19.780942916870117
4	-1133.8118	137.60304	-959.2802	-1288.5323	1000.0	-35.927795	0.5764172	-24.039421	-36.13507	20000	1.013279e-08	5633.433	-0.056366224	-610.0215	0.009078917	0.0	24.539722204208374
5	-1316.2032	121.13585	-1116.3405	-1417.9795	1000.0	-40.63785	0.37304088	-22.79102	-40.710133	24000	1.437664e-07	7410.092	-0.056672532	-814.0679	0.0090916585	0.0	28.994250774383545
6	-1162.6992	98.09211	-1091.3679	-1331.6519	1000.0	-45.892155	0.250137	-38.660736	-45.960976	28000	-2.8133393e-08	4699.9785	-0.052223198	-474.97266	0.009292917	0.0	34.06499361991882
7	-1117.7632	67.631226	-1029.4634	-1210.9926	1000.0	-50.08282	0.08916921	-48.140907	-50.121944	32000	-5.25713e-08	3993.3638	-0.054325357	-357.49707	0.009233964	0.0	38.682759046554565
8	-1160.955	104.145775	-1006.008	-1263.2137	1000.0	-53.689972	0.62387896	-35.341675	-53.775055	36000	9.298325e-09	3634.1714	-0.058176305	-376.11914	0.009228002	0.0	43.129677295684814
9	-1190.8496	110.20778	-1101.3074	-1379.6364	1000.0	-57.532986	0.05075052	-56.714405	-57.556038	40000	-2.992153e-08	3732.3955	-0.051313322	-387.76196	0.009286569	0.0	47.87433958053589
10	-1116.7043	220.83379	-832.803	-1382.937	1000.0	-61.450306	0.13242435	-57.714825	-61.48347	44000	-3.3736228e-08	3276.147	-0.05477437	-264.1714	0.009031338	0.0	53.307677030563354
11	-1077.9261	123.69884	-930.04126	-1256.4819	1000.0	-64.80406	0.110769235	-60.857613	-64.83039	48000	1.6212464e-08	2044.3826	-0.053432394	-149.72449	0.009205274	0.0	57.872379302978516
12	-1072.3274	60.212883	-990.1934	-1155.1964	1000.0	-67.39833	0.08827941	-64.88741	-67.424225	52000	-3.8146972e-08	1555.8977	-0.0498722	-152.40991	0.009240038	0.0	62.40572500228882
13	-1161.7427	102.69892	-1026.458	-1315.1522	1000.0	-70.03759	0.067137256	-67.069824	-70.0557	56000	4.4465065e-08	2200.7034	-0.05187693	-222.55762	0.009192204	0.0	66.88740158081055
14	-955.64844	48.307117	-876.9931	-1004.89655	1000.0	-73.24904	0.10737834	-70.25049	-73.27738	60000	7.033348e-09	1133.989	-0.056767106	-38.505493	0.009231559	0.0	71.53276681900024
15	-980.22754	137.98622	-808.4073	-1160.5233	1000.0	-74.6362	1.1079578	-32.52069	-74.75555	64000	7.629395e-09	1107.7087	-0.058839343	-35.955444	0.009236399	0.0	76.0311484336853
16	-851.48236	179.21014	-676.342	-1139.7024	1000.0	-75.724014	2.2464645	4.876178	-76.07385	68000	-1.3589859e-08	1347.0165	-0.052300055	-92.121704	0.009182033	0.0	80.57993531227112
17	-904.81213	194.47742	-706.4819	-1122.334	1000.0	-71.78435	8.239481	8.78485	-76.34255	72000	3.3974648e-09	1092.7615	-0.052591812	-97.90552	0.00919871	0.0	85.20211553573608
18	-871.5709	59.577385	-776.48816	-941.0636	1000.0	-73.08792	11.239413	48.78681	-77.3065	76000	-7.629395e-09	917.78766	-0.055223186	-113.01593	0.0092056785	0.0	89.84302401542664
19	-727.39624	110.34686	-589.4366	-895.7306	1000.0	-76.9	2.6401837	-12.00122	-77.82295	80000	-3.027916e-08	981.92267	-0.05887111	-141.85406	0.009103731	0.0	94.75741505622864
20	-689.2692	63.92918	-601.45703	-782.1029	1000.0	-69.07328	8.152375	-0.059951425	-77.419014	84000	1.0490417e-08	671.1273	-0.052725382	-122.51178	0.0091334665	0.0	99.37827253341675
21	-854.12976	169.0902	-693.038	-1101.7145	1000.0	-64.12324	10.024572	6.3732324	-77.22638	88000	-3.051758e-08	1234.6241	-0.0528701	-236.23248	0.009188377	0.0	103.85295391082764
22	-753.18506	86.316765	-647.7184	-865.1409	1000.0	-73.63608	7.449508	22.907099	-77.89507	92000	7.510185e-09	548.4261	-0.056921747	-69.80469	0.009091963	0.0	108.6849296092987
23	-821.86743	53.37573	-766.038	-883.62695	1000.0	-67.29701	7.6058855	-8.11207	-77.6536	96000	1.001358e-08	962.8495	-0.05471051	-70.17212	0.009086114	0.0	113.13595986366272
24	-815.55756	87.7427	-695.4224	-939.9112	1000.0	-71.105545	7.565044	0.38726592	-77.97669	100000	-4.768372e-10	641.12744	-0.05627211	-36.01886	0.009071876	0.0	117.90313792228699
25	-645.07947	54.77014	-571.65405	-723.9745	1000.0	-71.40179	5.9220667	-24.793621	-78.23818	104000	6.198883e-09	629.7065	-0.05735212	-236.29987	0.00926369	0.0	122.5100245475769
26	-767.5602	108.09838	-613.4339	-918.69635	1000.0	-59.74744	9.643651	9.5830765	-77.92771	108000	-3.8146974e-09	664.71625	-0.053893488	-169.30237	0.009056427	0.0	127.27153253555298
27	-704.3718	86.72009	-610.8195	-833.013	1000.0	-65.78025	10.18369	34.207615	-78.133064	112000	-8.5830685e-09	635.02344	-0.056424927	-72.67108	0.009037468	0.0	131.54696559906006
28	-672.1159	123.70509	-515.267	-834.00995	1000.0	-63.243874	7.4410195	-26.672356	-78.04844	116000	-7.033348e-09	771.408	-0.05666808	-63.08728	0.009085472	0.0	135.97792077064514
29	-596.4324	139.45293	-464.55905	-803.37006	1000.0	-61.26452	11.401286	9.077209	-78.11271	120000	-9.298325e-09	596.2057	-0.05697969	-195.59601	0.009192462	0.0	140.40975904464722
30	-541.0191	98.93623	-432.99832	-681.77673	1000.0	-49.625416	8.518434	-7.0360446	-76.92377	124000	-5.722046e-09	760.58435	-0.05531908	-110.25482	0.009070085	0.0	145.3593189716339
31	-711.7312	41.519558	-666.35565	-769.9015	1000.0	-52.732704	12.642055	-2.9322352	-77.64502	128000	1.0609627e-08	738.733	-0.055847317	-222.841	0.009157707	0.0	150.14108180999756
32	-637.661	90.14736	-560.4501	-783.3138	1000.0	-58.31432	10.882345	-9.316955	-76.919426	132000	1.4305115e-09	686.4322	-0.053584147	-185.74301	0.009207037	0.0	154.86179876327515
33	-546.16724	131.41948	-353.81335	-670.98615	1000.0	-54.28136	11.171513	-5.453993	-77.702194	136000	-4.172325e-09	808.1177	-0.054110013	-87.150085	0.009209383	0.0	159.24091982841492
34	-515.4324	105.904816	-435.7207	-694.56433	1000.0	-50.261845	12.550034	8.43521	-76.31671	140000	-1.6450882e-08	546.807	-0.05661157	-78.76318	0.009133581	0.0	163.75860619544983
35	-617.12427	57.345085	-530.07526	-691.2285	1000.0	-51.639416	10.359514	-15.007834	-72.86394	144000	-1.8239021e-08	430.49698	-0.06419892	-59.671722	0.009212801	0.0	168.29204893112183
36	-647.2663	74.87821	-528.94476	-736.7538	1000.0	-56.60597	8.209188	-9.897991	-74.513626	148000	-3.528595e-08	387.7853	-0.058213536	-36.624634	0.009073492	0.0	173.07473754882812
37	-529.1021	51.55903	-451.1085	-591.88184	1000.0	-54.751686	9.796333	-15.545019	-74.99816	152000	-1.1920929e-09	395.16324	-0.059742402	-66.228	0.009155768	0.0	177.6563057899475
38	-522.9702	94.80683	-366.18704	-617.7937	1000.0	-52.40467	10.15965	-16.23645	-70.788475	156000	-1.0728836e-09	416.6856	-0.0602227	-54.826904	0.009123491	0.0	182.3248245716095
39	-560.4608	77.778786	-446.0425	-646.57764	1000.0	-44.915077	11.547485	10.357712	-72.9997	160000	1.4305114e-08	581.7463	-0.06151682	-94.06418	0.009107714	0.0	186.8976287841797
40	-569.3176	146.7087	-409.23807	-721.0462	1000.0	-50.25397	11.0748415	-7.999944	-74.46475	164000	-2.002716e-08	546.4796	-0.05982216	-46.6438	0.009173197	0.0	192.22474575042725
41	-565.937	107.886536	-431.49368	-711.9411	1000.0	-51.347595	12.302409	-0.08861977	-77.173355	168000	3.4332274e-08	471.72614	-0.05780414	-43.066925	0.009188278	0.0	196.61397194862366
42	-414.31573	71.43039	-309.52094	-496.17813	1000.0	-47.21775	9.866657	-11.669829	-74.34159	172000	-2.4914742e-08	459.17258	-0.057381224	-141.414	0.0091737965	0.0	201.4423451423645
43	-425.70248	123.845276	-237.34436	-558.5604	1000.0	-37.646843	6.802941	3.365819	-69.82978	176000	-1.1920929e-08	395.3413	-0.055006284	-52.882874	0.009018273	0.0	206.11096787452698
44	-448.69745	122.44601	-300.1711	-591.6628	1000.0	-41.78889	8.509259	1.2338271	-69.018684	180000	-1.9073487e-09	404.71606	-0.058189064	-60.835632	0.009086221	0.0	210.60458755493164
45	-471.3405	62.55781	-379.8964	-547.2052	1000.0	-40.216633	11.873973	8.96186	-65.94654	184000	-7.629395e-09	413.64807	-0.058504608	-84.50781	0.0090842	0.0	215.02724027633667
46	-319.18207	20.656683	-296.56467	-351.8292	1000.0	-38.76343	7.9556694	-0.36470848	-63.81086	188000	-1.3351441e-08	364.76544	-0.05617253	-120.09306	0.009296055	0.0	219.5876543521881
47	-451.67383	64.978905	-346.00003	-512.6245	1000.0	-31.940136	6.1142373	-6.2379494	-62.567345	192000	-1.6331672e-08	336.27338	-0.055446845	-116.5356	0.009067646	0.0	224.10597324371338
48	-348.4267	106.35355	-222.52132	-501.36914	1000.0	-40.049744	7.474696	-6.5937266	-63.90227	196000	-3.576279e-08	310.48962	-0.05733854	-112.13118	0.009128954	0.0	228.4900665283203
49	-375.56946	60.050312	-317.17273	-474.39023	1000.0	-28.060993	7.664186	1.8221666	-70.11919	200000	-4.768372e-10	364.1173	-0.057043564	-53.249756	0.009144282	0.0	233.22629833221436
50	-421.8272	46.516754	-366.59464	-486.92993	1000.0	-35.075855	9.91367	-5.0894203	-66.52714	204000	7.987023e-09	503.67618	-0.05942874	-72.19162	0.00923612	0.0	238.11062717437744
51	-487.32007	146.6487	-234.69424	-596.1271	1000.0	-41.66147	11.347526	16.222519	-73.19148	208000	2.6226044e-09	424.3999	-0.05950557	-86.30838	0.009067204	0.0	242.4659264087677
52	-381.9712	118.46708	-251.44487	-574.58405	1000.0	-35.409	13.199691	15.786642	-72.93334	212000	-1.001358e-08	420.5172	-0.05814482	-62.767212	0.009203606	0.0	247.0220057964325
53	-310.7875	96.977646	-160.847	-414.31827	1000.0	-32.458862	9.92498	-0.17253935	-71.94895	216000	9.059906e-09	389.1086	-0.055589948	-65.09854	0.009137144	0.0	251.51740217208862
54	-466.3017	41.175343	-421.42368	-518.752	1000.0	-35.240402	9.623798	0.601509	-66.33804	220000	-2.5629998e-08	313.68268	-0.05932303	-84.78323	0.009218421	0.0	256.0409948825836
55	-466.7129	102.22741	-296.3722	-569.0516	1000.0	-40.72178	7.981215	1.6651269	-59.32552	224000	1.1324882e-08	381.47305	-0.05684403	-46.074554	0.0091984905	0.0	260.7095184326172
56	-345.234	149.53612	-189.19083	-589.1374	1000.0	-40.628727	9.98165	-10.326646	-63.608116	228000	-6.437302e-09	364.55237	-0.061817344	-144.59615	0.00916643	0.0	265.48803758621216
57	-367.93875	71.20243	-268.24646	-466.74368	1000.0	-32.167034	14.103116	20.826283	-62.46563	232000	3.1232833e-08	304.2833	-0.060717657	-66.90102	0.009120013	0.0	270.17485189437866
58	-338.93423	153.04286	-178.6889	-583.804	1000.0	-33.297565	10.059532	14.621782	-58.630928	236000	1.8119811e-08	280.96732	-0.057045978	-87.652756	0.009166983	0.0	275.0082790851593
59	-370.1161	37.30796	-317.36145	-421.28125	1000.0	-25.599907	12.436487	19.50007	-58.46656	240000	4.053116e-09	372.5724	-0.059258014	-126.45532	0.009127218	0.0	279.9659023284912
60	-365.96228	55.60771	-276.1326	-416.85315	1000.0	-32.868156	7.861967	-9.83525	-59.45104	244000	-9.536743e-09	303.0276	-0.06152328	-35.31671	0.009187141	0.0	285.35643696784973
61	-394.45453	137.5955	-184.53088	-568.0193	1000.0	-36.329426	9.239771	-2.241377	-55.017544	248000	-1.7881394e-10	376.48843	-0.0578658	-43.56848	0.009046392	0.0	289.96592020988464
62	-323.2192	132.89055	-109.65827	-443.86765	1000.0	-33.73736	10.697884	5.447098	-58.026997	252000	-1.9073487e-09	366.39343	-0.059212748	-56.27768	0.0090593165	0.0	294.75629448890686
63	-399.85672	138.69008	-278.37	-633.44916	1000.0	-32.245033	10.72719	9.296694	-56.91907	256000	-2.0802021e-08	282.4745	-0.05879558	-70.352585	0.009073288	0.0	299.4036109447479
64	-373.96332	92.4385	-253.21355	-499.75778	1000.0	-38.48268	16.017712	20.408028	-67.01233	260000	-2.9802322e-08	270.3958	-0.059284493	-35.72307	0.009025075	0.0	304.3647313117981
65	-343.315	55.127937	-272.8836	-426.5314	1000.0	-29.152275	7.290587	5.591386	-56.44509	264000	2.8133393e-08	315.28687	-0.05899611	-33.727173	0.009093645	0.0	309.1144211292267
66	-345.39758	187.00589	-224.17596	-668.8619	1000.0	-19.787916	20.722452	52.193512	-54.187557	268000	-9.536744e-10	1344.5983	-0.0587874	-1122.97	0.009087807	0.0	313.7040214538574
67	-393.3783	50.721004	-315.94296	-454.5408	1000.0	-25.833895	8.3858595	13.507601	-60.716743	272000	-1.6689301e-09	508.97153	-0.056790467	-172.22711	0.009109821	0.0	318.231333732605
68	-269.62076	57.69042	-215.7298	-366.72025	1000.0	-34.796486	7.181919	0.9477546	-67.909096	276000	-8.34465e-09	310.89313	-0.059696123	-125.09204	0.009090906	0.0	322.8846583366394
69	-365.0197	141.65356	-196.80783	-556.98065	1000.0	-26.66555	6.5003657	-3.973384	-56.929623	280000	1.01923945e-08	379.13568	-0.057250325	-105.75751	0.009109468	0.0	327.3333520889282
70	-276.767	73.99831	-211.1141	-400.8468	1000.0	-31.23241	9.5253	-6.9610653	-58.57591	284000	-1.4781952e-08	324.28262	-0.059564147	-64.755005	0.009126576	0.0	332.37729239463806
71	-288.53946	92.0312	-209.55641	-444.6048	1000.0	-22.801355	5.6841235	-0.12649083	-50.23965	288000	-2.8252602e-08	257.17883	-0.056236334	-33.495224	0.009118979	0.0	336.8061909675598
72	-382.98828	77.301445	-277.16666	-491.90375	1000.0	-30.973234	8.190382	-8.003344	-51.529877	292000	1.4185906e-08	263.48666	-0.058127332	-76.31142	0.009208463	0.0	341.6428017616272
73	-292.34476	91.42784	-159.36765	-379.6716	1000.0	-28.091387	6.489135	-10.428567	-55.482727	296000	-1.07288365e-08	254.94913	-0.054498196	-26.670029	0.009166668	0.0	346.3575744628906
74	-220.48656	63.627335	-149.68536	-316.93353	1000.0	-24.756485	7.402212	-1.3083706	-54.81366	300000	-2.6702882e-08	231.54065	-0.06052769	-43.375366	0.009201355	0.0	351.0771453380585
75	-280.80292	15.025984	-265.3874	-296.07382	1000.0	-22.664806	9.289781	-0.17438257	-53.90262	304000	-9.298325e-09	250.41943	-0.054468095	-33.852524	0.009102796	0.0	355.3781361579895
76	-324.87607	111.18981	-186.0399	-478.79996	1000.0	-30.347004	10.916851	1.0360379	-51.855225	308000	-2.384186e-10	343.49005	-0.05742393	-79.82971	0.009102089	0.0	359.7137916088104
77	-179.38162	56.614113	-113.40516	-250.10936	1000.0	-20.00634	8.926572	17.514046	-51.277	312000	2.4914742e-08	200.053	-0.05810962	-45.431747	0.009148592	0.0	364.2292935848236
78	-359.56784	178.70366	-169.66289	-546.6604	1000.0	-30.042925	17.99237	11.857419	-59.035923	316000	1.7881394e-08	211.10233	-0.057916593	-28.192795	0.009108824	0.0	368.7227511405945
79	-259.6709	76.839775	-171.10837	-362.93964	1000.0	-19.574558	7.1653757	7.778551	-49.628857	320000	2.193451e-08	376.9994	-0.056533266	-47.641754	0.009207581	0.0	373.40300393104553
80	-255.46852	77.86425	-136.80281	-350.445	1000.0	-24.30087	12.340673	13.778624	-61.093285	324000	-5.5789947e-08	243.9839	-0.05580719	-48.495407	0.009318056	0.0	378.56618070602417
81	-233.55722	97.265396	-164.13168	-400.84534	1000.0	-24.518953	9.412781	12.621968	-52.039837	328000	-2.5272369e-08	217.39195	-0.057702247	-49.99054	0.0092184385	0.0	383.3836307525635
82	-183.41489	48.533005	-133.5018	-238.17535	1000.0	-17.105488	6.9838376	13.750838	-47.356148	332000	2.193451e-08	178.07816	-0.05590612	-19.459412	0.009176437	0.0	387.9197955131531
83	-236.41837	67.96246	-169.23836	-340.22202	1000.0	-18.389347	7.220458	6.132453	-47.410645	336000	-1.1920929e-08	217.27475	-0.053497043	-29.251099	0.009134317	0.0	392.4393858909607
84	-350.5598	79.102875	-227.01195	-440.97876	1000.0	-29.613642	15.349148	3.4119368	-62.330128	340000	2.6464463e-08	284.5953	-0.055230517	-108.17406	0.009199213	0.0	397.12780141830444
85	-295.3247	54.288445	-228.3231	-364.98505	1000.0	-31.616152	7.0954795	7.516577	-57.29942	344000	-2.2172928e-08	239.48637	-0.058698144	-37.61197	0.009162479	0.0	401.96380519866943
86	-164.35925	12.209142	-150.90652	-179.19547	1000.0	-25.335945	7.54596	0.09164858	-47.55794	348000	-5.2809714e-08	427.9799	-0.055520553	-200.0076	0.009135103	0.0	406.4240641593933
87	-279.36942	60.69335	-177.73941	-326.4226	1000.0	-14.076067	9.184009	23.891516	-57.259895	352000	-6.6757204e-09	450.0975	-0.05708354	-178.63391	0.009217317	0.0	411.0508556365967
88	-182.5318	66.70803	-108.19971	-287.59064	1000.0	-24.65846	7.30655	4.365131	-48.95881	356000	1.3351441e-08	304.4529	-0.05615128	-91.14044	0.009250598	0.0	415.7655711174011
89	-237.23666	88.98632	-83.88693	-301.51627	1000.0	-20.890274	10.025754	7.3743954	-47.904045	360000	-2.3841857e-09	218.74022	-0.059422713	-25.15886	0.009150854	0.0	420.5570287704468
90	-167.83864	37.929653	-114.24619	-207.48523	1000.0	-19.521242	7.3180475	5.5838423	-47.89547	364000	-2.026558e-09	241.75906	-0.056644496	-47.260483	0.0092668	0.0	425.70351910591125
91	-211.91037	45.07968	-164.51477	-282.60843	1000.0	-16.19091	8.426227	22.091822	-45.545353	368000	1.0848045e-08	221.4779	-0.055508137	-41.049164	0.00922015	0.0	430.62103390693665
92	-108.49588	58.352554	-8.167766	-148.64037	1000.0	-18.312927	6.654795	6.867297	-44.589252	372000	2.5749207e-08	220.66707	-0.055417918	-101.795395	0.009218025	0.0	435.1671943664551
93	-92.2704	45.390606	-25.651325	-143.29648	1000.0	-9.13309	5.2663703	12.408317	-37.322983	376000	1.26361845e-08	211.9861	-0.05385448	-27.098068	0.009385512	0.0	440.0238707065582
94	-143.70984	97.44367	-53.35086	-303.274	1000.0	-6.8397913	7.5852485	30.418304	-38.593094	380000	-2.7656554e-08	330.79608	-0.056086447	-60.213074	0.009269699	0.0	444.9013829231262
95	-172.92017	161.83435	35.379177	-419.0987	1000.0	-15.687804	11.183827	19.162643	-44.807716	384000	-4.1007997e-08	234.27379	-0.057648465	-62.725754	0.009300922	0.0	449.56567645072937
96	-141.41953	52.454887	-76.45093	-220.54492	1000.0	-10.428804	7.408064	26.35809	-39.85778	388000	5.722046e-09	205.00024	-0.05276487	-24.64032	0.009181974	0.0	454.30487728118896
97	-179.09363	70.03829	-70.62411	-265.0967	1000.0	-12.580186	7.4809937	21.515137	-41.1317	392000	-1.6689301e-09	232.79684	-0.05426736	-34.376663	0.0092905555	0.0	458.8199944496155
98	-162.50443	70.49701	-85.55193	-273.21976	1000.0	-15.417348	7.4738784	17.118458	-44.93207	396000	2.2292138e-08	351.18918	-0.05779145	-37.440918	0.009131137	0.0	463.2724652290344
99	-174.22855	59.977264	-119.68843	-273.16092	1000.0	-18.26951	11.884194	22.654676	-54.500816	400000	2.503395e-09	224.87883	-0.058482654	-39.710083	0.009267086	0.0	467.5214509963989
100	-121.043564	64.9461	-66.40239	-227.4738	1000.0	-13.407332	7.2082562	29.635998	-35.664726	404000	-1.1920929e-09	282.62936	-0.05132929	-53.91896	0.009175311	0.0	472.9079804420471
101	-101.50726	57.64855	-31.464571	-184.37154	1000.0	-8.342463	9.443473	23.288568	-39.93385	408000	-3.5762786e-09	237.59128	-0.052726276	-29.965286	0.009288819	0.0	477.42514181137085
102	-116.739815	97.81443	-18.186626	-223.00485	1000.0	-9.996124	7.7053213	22.37423	-33.6266	412000	1.9550324e-08	224.80591	-0.05492743	-29.701752	0.009306135	0.0	482.2113399505615
103	-109.293495	76.26337	-7.5777087	-184.15376	1000.0	-11.957619	10.316265	17.495852	-49.550697	416000	1.001358e-08	206.05206	-0.056091253	-27.429245	0.009290306	0.0	486.62081813812256
104	-31.445744	51.132572	46.094414	-97.50092	1000.0	-6.21064	6.9396477	27.221525	-35.05094	420000	2.384186e-10	198.77837	-0.056177225	-32.95279	0.009308767	0.0	491.42109084129333
105	-102.66229	98.34829	35.761925	-241.35634	1000.0	-6.7725096	12.201632	17.691208	-45.37134	424000	1.3828277e-08	214.61128	-0.055506617	-32.93683	0.009365344	0.0	496.51650953292847
106	-55.277397	24.973158	-13.991188	-81.201225	1000.0	-6.9888687	6.9717607	23.02002	-39.616356	428000	-8.106232e-09	149.64748	-0.05254803	-23.50486	0.009331183	0.0	500.9821035861969
107	20.171146	27.674595	62.67957	-13.090077	1000.0	-4.3340516	6.6879306	29.937761	-30.557795	432000	7.390976e-09	239.50665	-0.053226806	-82.16954	0.009358511	0.0	505.4930696487427
108	-136.90663	150.90855	-16.131407	-387.10504	1000.0	-2.7111557	12.447494	23.990847	-41.619366	436000	-5.2452087e-09	322.11572	-0.054130405	-159.61069	0.009296095	0.0	510.30204010009766
109	-37.443367	41.442802	22.157408	-94.68276	1000.0	-4.71712	7.886631	19.990532	-33.649086	440000	1.3113022e-08	204.03894	-0.05196192	-34.710403	0.0093490025	0.0	515.255042552948
110	-15.517387	87.98044	100.38489	-146.23792	1000.0	-3.7107942	5.8483286	18.70065	-28.600492	444000	-4.9114227e-08	187.61737	-0.052026976	-28.028961	0.00937577	0.0	520.7803282737732
111	-54.750023	43.020466	0.97259754	-99.5238	1000.0	-1.2259831	7.253422	28.997742	-33.653664	448000	1.6689301e-09	328.62094	-0.05389831	-46.182007	0.0093599325	0.0	525.3797740936279
112	20.941942	71.29719	109.70407	-75.74662	1000.0	-3.7331684	8.150209	37.39942	-38.520653	452000	3.951788e-08	243.33675	-0.05674355	-68.42662	0.009312914	0.0	529.9366846084595
113	-128.65211	62.37824	-61.74443	-228.18161	1000.0	0.8958566	6.9705	36.926437	-22.819191	456000	-4.2915346e-08	364.53278	-0.05426206	-180.2949	0.009220878	0.0	534.5077290534973
114	-39.52227	73.418724	38.190647	-116.78913	1000.0	-10.551361	6.1529536	18.55566	-35.19861	460000	1.3351441e-08	295.30658	-0.056246575	-85.8799	0.009411237	0.0	539.3423609733582
115	-34.915455	27.360943	3.2629557	-72.54898	1000.0	-3.1383314	8.6762	33.067047	-31.858181	464000	-2.6226044e-09	214.279	-0.054676957	-33.28331	0.009317444	0.0	544.0599031448364
116	-25.47208	39.58223	20.701185	-88.46201	1000.0	-3.829999	5.8805475	27.527088	-27.558163	468000	-1.9073487e-09	212.40237	-0.05426457	-25.171463	0.009278962	0.0	548.3919031620026
117	-88.67763	82.48553	-2.480557	-178.85025	1000.0	-3.9184458	6.939005	24.840992	-35.872578	472000	8.940697e-09	258.08902	-0.051866807	-46.237	0.009230601	0.0	553.1719019412994
118	-10.004072	54.636993	42.91812	-96.57235	1000.0	-6.76942	6.0250635	18.295662	-25.482521	476000	-2.4437905e-09	237.3809	-0.054667898	-64.5	0.009316443	0.0	557.8316071033478
119	-117.15153	132.36446	23.324865	-298.63577	1000.0	-7.948981	14.656279	31.73873	-43.089767	480000	-4.768372e-10	189.9666	-0.05596329	-57.17668	0.009195253	0.0	562.7682464122772
120	18.268486	81.42908	155.54695	-49.094093	1000.0	-2.5227127	5.6369576	21.224329	-29.77617	484000	2.1457673e-08	169.09314	-0.05336265	-35.243195	0.009278112	0.0	567.9994177818298
121	-16.707012	106.43364	109.56001	-162.86844	1000.0	1.7560439	5.580903	23.510551	-23.508663	488000	1.4781952e-08	213.97421	-0.054627493	-33.4628	0.009378382	0.0	572.9741010665894
122	25.372993	129.35632	160.93759	-179.93555	1000.0	-0.46576563	8.151348	25.4621	-33.40474	492000	-2.8371812e-08	263.7094	-0.05393715	-52.565506	0.009356076	0.0	577.9776637554169
123	-22.116636	49.52667	16.537806	-107.062	1000.0	3.0258868	8.094124	33.751385	-31.37013	496000	1.2397766e-08	194.53824	-0.055020545	-57.941666	0.009349453	0.0	582.3110122680664
124	12.393862	59.80322	100.51763	-67.2525	1000.0	-1.4367161	6.3445473	31.955292	-24.775412	500000	-2.5272369e-08	153.27872	-0.0540029	-28.345383	0.009330871	0.0	586.7695534229279
125	32.168	49.758266	84.54074	-27.925673	1000.0	2.085171	6.108918	28.73703	-18.950224	504000	2.193451e-08	182.58781	-0.05310025	-26.287155	0.009378384	0.0	591.3125560283661
126	-6.368121	80.23602	130.8121	-68.83439	1000.0	1.9138035	7.240227	32.378117	-18.67117	508000	2.1457671e-09	213.20667	-0.052985296	-32.40741	0.009402049	0.0	596.0645983219147
127	32.633766	119.52881	130.46643	-171.31561	1000.0	1.3658857	8.885143	37.629158	-27.6001	512000	1.7166137e-08	318.1402	-0.053915493	-45.654205	0.009429873	0.0	600.7016689777374
128	5.8267174	88.90071	114.534355	-119.65663	1000.0	2.2679565	8.8531065	35.475723	-34.591022	516000	1.001358e-08	182.83679	-0.054917675	-39.23256	0.009469554	0.0	605.466123342514
129	46.432087	18.97821	64.6259	17.602156	1000.0	2.0194778	6.608541	30.507477	-26.27305	520000	7.629395e-09	191.55205	-0.054820813	-43.743073	0.009333015	0.0	609.9967565536499
130	14.1563	60.481354	96.75155	-65.089554	1000.0	5.0774164	6.722143	34.59793	-29.543087	524000	-3.2901763e-08	195.86427	-0.054199893	-42.849	0.009363816	0.0	615.0262155532837
131	75.69148	64.84742	182.93657	8.658262	1000.0	2.7077982	7.3701134	25.99401	-28.334183	528000	8.5830685e-09	254.54411	-0.05479412	-46.622803	0.009458873	0.0	619.6223249435425
132	101.43029	39.443977	137.7132	41.158882	1000.0	6.157107	7.091395	34.65719	-33.557564	532000	-5.2452087e-09	172.64561	-0.05353642	-34.11586	0.00929594	0.0	624.805773973465
133	-62.45839	182.519	109.85086	-350.15836	1000.0	-1.5015693	19.38905	35.01871	-43.80752	536000	1.525879e-08	202.80508	-0.055769578	-86.99783	0.009383311	0.0	629.6070511341095
134	61.059757	25.221745	100.76796	34.660652	1000.0	8.375984	6.2196245	30.32494	-31.52012	540000	-1.4305114e-08	145.5105	-0.054444168	-25.882217	0.009378064	0.0	634.2071590423584
135	17.248405	55.263474	108.695755	-33.198574	1000.0	5.340401	5.411962	23.851341	-28.176067	544000	-6.377697e-09	192.74612	-0.051412668	-34.681137	0.0094016	0.0	638.9190204143524
136	100.46652	34.815517	148.76273	53.856495	1000.0	3.5772607	6.000424	22.82857	-19.163666	548000	-1.2397766e-08	213.46143	-0.054167572	-56.81723	0.0093096895	0.0	643.6264610290527
137	34.988056	51.62796	110.760155	-15.105776	1000.0	7.8340945	6.9212937	28.907642	-30.323212	552000	-2.4795533e-08	196.3272	-0.051681597	-43.08136	0.0093190875	0.0	648.2434213161469
138	78.36174	87.50719	194.13249	-12.5036745	1000.0	3.4269447	6.494687	28.976788	-25.110603	556000	-2.4795533e-08	198.1049	-0.055415668	-41.678818	0.00940372	0.0	652.9063332080841
139	102.535645	33.29492	148.28993	59.3754	1000.0	8.12132	6.83253	34.202003	-30.784035	560000	8.5830685e-09	149.69925	-0.054182265	-22.143517	0.009427019	0.0	657.6940071582794
140	93.60498	49.482765	176.55914	45.86407	1000.0	9.567297	7.248157	39.686302	-21.363764	564000	7.152557e-09	140.8947	-0.054624062	-20.54258	0.009417006	0.0	662.8512563705444
141	168.79977	34.068493	219.40816	136.58281	1000.0	8.720865	7.0835543	42.942463	-17.49705	568000	-1.7166137e-08	210.0504	-0.055055927	-69.049835	0.009426035	0.0	667.5898058414459
142	97.10755	48.683815	132.3534	13.609395	1000.0	14.686804	5.6111965	35.828953	-8.287654	572000	-3.027916e-08	225.34633	-0.05524436	-42.642548	0.009347268	0.0	672.236983537674
143	132.97958	105.719795	312.91132	42.724697	1000.0	10.844287	5.961413	32.921295	-16.091583	576000	-2.157688e-08	214.92653	-0.054212585	-29.56543	0.00942221	0.0	676.8735814094543
144	133.47662	73.08224	220.62466	38.556404	1000.0	12.436926	7.099142	38.575245	-27.750603	580000	-1.4662743e-08	225.05807	-0.053847693	-28.235947	0.009441121	0.0	681.5835525989532
145	153.40375	47.981773	222.94174	95.481346	1000.0	12.496869	7.0649886	38.565712	-14.622049	584000	3.3378602e-09	190.68288	-0.05625533	-29.411469	0.009520039	0.0	686.179713010788
146	106.15466	81.80594	243.94183	37.686703	1000.0	13.099962	6.331616	39.56027	-17.750093	588000	2.7656554e-08	251.65492	-0.052329026	-40.66783	0.009440147	0.0	690.646420955658
147	125.89376	40.087948	191.63202	83.1806	1000.0	11.316143	8.705957	45.196415	-38.346714	592000	3.33786e-08	201.18456	-0.05613593	-34.801468	0.009414029	0.0	695.1138982772827
148	159.29507	97.899284	290.74887	42.89455	1000.0	12.836954	6.3380585	36.493073	-25.112732	596000	2.0980835e-08	218.48698	-0.053421997	-35.175232	0.009456538	0.0	699.5081579685211
149	200.94608	58.660194	301.52283	158.15453	1000.0	15.634147	7.140966	38.396175	-16.408344	600000	3.385544e-08	156.5579	-0.052199025	-26.545166	0.009504373	0.0	704.2791841030121
150	50.407448	154.18538	149.49396	-215.97183	1000.0	8.668136	17.79288	40.05568	-47.51553	604000	9.059906e-09	253.25229	-0.05754965	-71.3342	0.009435302	0.0	709.5154709815979
151	156.40385	32.55363	210.0846	123.480354	1000.0	10.468769	6.599524	34.910706	-11.851247	608000	5.1140784e-08	130.75734	-0.054269046	-32.052406	0.009380514	0.0	713.8651254177094
152	97.19353	67.32779	163.89368	-13.416014	1000.0	13.41284	5.9910245	37.276817	-6.947122	612000	-4.2319297e-08	317.13586	-0.053391233	-67.76485	0.0093794	0.0	718.7019641399384
153	134.53435	36.11489	186.6334	85.63404	1000.0	9.578826	7.3407617	38.351543	-29.721003	616000	3.194809e-08	194.57516	-0.052633684	-43.328735	0.009399464	0.0	723.2321259975433
154	200.12892	54.194138	254.35391	135.10106	1000.0	14.191015	6.6717467	36.048275	-13.229855	620000	9.775162e-09	181.77686	-0.054598078	-43.47502	0.009437527	0.0	728.2135784626007
155	164.99565	91.550186	247.3885	24.443308	1000.0	17.62071	6.9695897	43.91249	-17.875443	624000	-1.66893e-08	229.21947	-0.055519555	-40.779648	0.00942526	0.0	732.8295338153839
156	226.44852	45.503723	283.3144	164.36209	1000.0	17.203466	8.201447	43.03507	-24.644466	628000	-2.3841858e-08	318.46524	-0.055780184	-58.377655	0.009508508	0.0	737.5726568698883
157	200.3601	86.75048	282.68143	54.936256	1000.0	19.791468	7.6933055	44.715546	-13.257477	632000	-1.37090685e-08	233.64128	-0.052195575	-37.243057	0.0094386	0.0	742.3813769817352
158	188.4068	83.3585	289.54626	78.65668	1000.0	19.979143	8.251569	44.615597	-23.558084	636000	5.00679e-09	241.2468	-0.051653102	-50.0291	0.009528496	0.0	746.9741952419281
159	166.58485	52.56613	228.50075	113.5447	1000.0	16.55635	6.9607143	39.04009	-17.452648	640000	-6.437302e-09	188.09554	-0.05315303	-33.649582	0.009476065	0.0	751.6733541488647
160	279.04648	68.54477	362.4526	171.75073	1000.0	16.489094	7.929038	46.5568	-12.00136	644000	2.193451e-08	300.9286	-0.052680418	-119.76262	0.009450883	0.0	756.8403172492981
161	204.76114	51.387302	259.65036	121.60056	1000.0	24.312468	6.7788787	52.68499	1.6876955	648000	-2.384186e-10	239.06721	-0.05293673	-66.99347	0.0095635615	0.0	761.4802088737488
162	263.38605	85.70172	382.96036	143.24352	1000.0	21.254688	9.216029	50.333214	-15.325197	652000	1.1920929e-08	190.19666	-0.050794132	-56.506607	0.009492406	0.0	766.2577250003815
163	264.8017	38.42306	327.6492	231.81079	1000.0	25.352371	5.944862	48.01714	1.4854584	656000	-6.437302e-09	168.062	-0.053773034	-24.09137	0.0095218085	0.0	771.0298614501953
164	122.53986	29.248783	153.92587	85.49811	1000.0	23.343758	5.9331183	48.05268	-8.5989485	660000	2.8610229e-08	324.69247	-0.05527368	-196.02626	0.009482829	0.0	775.7410333156586
165	290.42538	91.77928	444.50174	206.67468	1000.0	11.498703	7.1656303	41.734066	-13.017792	664000	5.6028364e-09	524.71674	-0.05729914	-283.65063	0.009413597	0.0	780.4397385120392
166	238.19638	48.160336	314.6267	185.85037	1000.0	26.857948	7.2497377	51.152557	-4.8687844	668000	-2.6941299e-08	236.99303	-0.053676464	-41.24228	0.009473899	0.0	785.2525868415833
167	254.99387	39.845436	315.33817	211.85648	1000.0	23.906237	6.940453	48.526546	0.14462852	672000	1.26361845e-08	269.43167	-0.05354225	-39.203033	0.009551006	0.0	790.1902987957001
168	293.5074	71.969536	382.1437	186.0104	1000.0	24.491753	9.11832	53.015785	-8.494361	676000	-9.894371e-09	255.2188	-0.053173468	-44.111206	0.0095469495	0.0	794.6078128814697
169	245.99814	73.89712	316.29617	127.92651	1000.0	26.445232	7.27285	55.021755	-0.7613416	680000	6.9141386e-09	220.41478	-0.05164929	-37.909805	0.0094343545	0.0	799.4271750450134
170	341.9078	10.124829	354.08844	326.1947	1000.0	24.510502	7.5775394	49.595806	2.014332	684000	-9.059906e-09	215.38727	-0.0511916	-60.959198	0.0095240185	0.0	804.719895362854
171	180.35341	84.18592	249.70862	36.940804	1000.0	28.612278	6.4461503	49.874187	-2.776651	688000	-4.1007997e-08	384.29605	-0.048026837	-190.86719	0.009512096	0.0	809.3493118286133
172	285.48016	91.421326	350.85406	128.90276	1000.0	17.248379	7.2468095	40.647743	-13.808952	692000	-3.9100648e-08	342.80508	-0.05143019	-118.56564	0.009519899	0.0	814.1624226570129
173	310.71625	62.575546	366.79678	211.28036	1000.0	26.863024	6.742792	47.536358	-2.6813688	696000	-4.768372e-10	230.96187	-0.05571695	-37.81447	0.009433233	0.0	819.2269480228424
174	300.4312	75.505325	376.1371	192.1853	1000.0	29.635998	6.610862	55.735962	0.14966023	700000	-2.5272369e-08	217.41324	-0.050914187	-29.19336	0.0094790645	0.0	823.8803157806396
175	229.33243	86.71036	363.2424	128.65935	1000.0	26.63561	5.8798275	46.72752	-0.30996174	704000	1.7166137e-08	279.46	-0.05225776	-63.842392	0.009487089	0.0	828.5349311828613
176	267.1929	31.759846	307.27945	232.66011	1000.0	21.524235	7.9058213	51.91377	-12.437945	708000	-2.4318695e-08	256.68683	-0.052404962	-39.74672	0.009557224	0.0	833.576099395752
177	332.7738	33.079365	385.78812	294.88223	1000.0	25.212675	7.759229	51.282166	-2.0139499	712000	-3.8146974e-09	307.8425	-0.052981578	-62.35231	0.009545527	0.0	837.9312992095947
178	300.86603	35.768494	334.5055	248.84378	1000.0	30.486696	6.723084	54.583202	2.906323	716000	-3.3736228e-08	202.12646	-0.05258211	-27.570648	0.009562863	0.0	842.6192073822021
179	309.91977	43.435856	339.58716	235.06003	1000.0	28.621672	6.42174	53.89508	-2.5683036	720000	2.5272369e-08	192.60153	-0.051432926	-25.155441	0.009511623	0.0	847.0272755622864
180	325.1292	85.73539	382.8845	177.66335	1000.0	29.493633	6.9852996	55.314827	-9.447102	724000	-1.5497207e-08	257.33868	-0.05249564	-28.470215	0.009533676	0.0	852.2478511333466
181	320.29968	92.02204	452.32904	202.1143	1000.0	30.548492	7.5662217	55.402245	0.5952322	728000	-2.5331975e-08	247.15634	-0.0546635	-34.13089	0.009524317	0.0	856.8003528118134
182	287.47632	35.812756	339.48016	239.13354	1000.0	29.155087	6.7322693	51.541565	-2.4277277	732000	2.6464463e-08	223.958	-0.051127605	-34.18219	0.009635923	0.0	861.5108819007874
183	308.12683	70.804436	402.69586	210.2127	1000.0	27.191776	7.16858	48.801205	-6.8793616	736000	3.886223e-08	226.58322	-0.053420357	-43.694504	0.0095006805	0.0	866.1643505096436
184	300.13254	47.490685	353.85507	224.66344	1000.0	28.991184	8.216083	54.221283	-2.8322458	740000	-1.9788741e-08	266.9128	-0.052845906	-35.737778	0.00961615	0.0	870.863240480423
185	295.88318	56.53055	359.81927	209.18512	1000.0	27.007832	7.426535	51.76863	-11.490504	744000	-3.5762786e-09	181.00229	-0.051593278	-26.912888	0.009470947	0.0	875.6573114395142
186	364.88544	39.870472	418.00055	314.5958	1000.0	28.447193	7.1572127	53.98263	3.1792738	748000	-1.9073487e-09	207.69441	-0.05305202	-43.4617	0.00947095	0.0	880.2498061656952
187	326.22626	74.73777	450.0763	266.34488	1000.0	32.051613	5.4700255	50.28269	11.845516	752000	3.516674e-09	213.85406	-0.049887493	-31.902725	0.009569982	0.0	884.9941515922546
188	361.84348	47.18696	403.45526	281.87268	1000.0	29.77989	5.9122233	52.739044	5.040052	756000	-1.1205673e-08	239.58043	-0.05345746	-55.279144	0.009534201	0.0	889.8035750389099
189	420.70532	104.23377	501.05853	243.91003	1000.0	34.74498	7.0666356	54.944775	11.603075	760000	3.8146974e-09	286.37943	-0.048026957	-62.226013	0.009660153	0.0	894.3103408813477
190	362.73254	12.914477	381.1216	345.57938	1000.0	38.06681	6.748753	63.06159	10.024258	764000	6.6757204e-09	223.22719	-0.05281875	-52.13681	0.009615215	0.0	899.5349550247192
191	253.31558	29.130232	294.53394	223.49841	1000.0	32.524315	6.6275845	57.464275	5.3673363	768000	3.1232833e-08	280.25775	-0.050843943	-114.25632	0.009546926	0.0	904.2292878627777
192	326.66287	87.47156	449.1717	203.136	1000.0	24.095367	5.806111	46.245346	2.1992488	772000	-4.2915342e-09	263.5158	-0.052276198	-72.26947	0.009518801	0.0	908.9257426261902
193	308.58215	53.223186	357.5013	226.58589	1000.0	29.864225	5.9925084	55.313557	2.8831205	776000	4.768372e-10	287.03738	-0.0539517	-40.860733	0.009631803	0.0	913.7272098064423
194	400.0874	78.07749	513.1532	323.37286	1000.0	28.604134	8.873701	53.994797	-31.187164	780000	-2.6464463e-08	452.57037	-0.054733943	-118.06082	0.00958797	0.0	918.3638234138489
195	360.52048	69.021805	427.81903	247.95026	1000.0	36.19904	8.494173	60.08246	2.022244	784000	4.768372e-10	364.23514	-0.053303503	-58.166107	0.0095913755	0.0	922.980651140213
196	412.99155	50.768894	477.56116	341.69348	1000.0	33.513733	8.54377	61.023567	-13.429996	788000	7.629395e-09	305.04205	-0.05238204	-60.828537	0.009549851	0.0	927.6150333881378
197	456.03467	9.117659	468.64987	443.11386	1000.0	38.881187	7.193736	67.60013	12.091525	792000	1.2874604e-08	246.53815	-0.051790945	-38.96756	0.009575737	0.0	932.0568702220917
198	314.79926	84.212326	403.43845	177.60072	1000.0	39.821106	7.548191	66.95873	3.1076026	796000	2.8014183e-08	363.847	-0.051146556	-146.96812	0.009616623	0.0	936.5946691036224
199	379.69763	116.7636	549.3743	252.27478	1000.0	28.047426	13.576603	57.14347	-37.53097	800000	-3.7670137e-08	370.62714	-0.050484397	-99.00101	0.00959953	0.0	941.2380793094635
200	393.38205	67.231224	479.92978	319.7711	1000.0	37.511612	7.871622	63.12834	6.152338	804000	1.2755394e-08	206.26675	-0.049095586	-30.582275	0.009514416	0.0	946.462896823883
201	351.58078	34.72285	398.40363	300.6324	1000.0	36.53351	6.7923083	61.18806	1.8931931	808000	-1.66893e-08	228.3458	-0.052067637	-39.62729	0.009515994	0.0	951.131466627121
202	469.58908	56.321648	556.38245	402.94485	1000.0	34.818977	6.0515475	55.292442	12.77278	812000	1.4185906e-08	322.51212	-0.04962679	-84.080215	0.009562541	0.0	955.9843780994415
203	466.02295	50.09892	539.4009	404.90442	1000.0	41.471878	6.6272	65.13063	10.164396	816000	-1.1444092e-08	252.63362	-0.05180855	-47.66487	0.009496237	0.0	960.9628343582153
204	445.52142	65.23763	524.5833	359.4321	1000.0	43.324142	8.081976	70.009125	0.1661635	820000	3.2901763e-08	425.31003	-0.049913738	-67.31491	0.009598395	0.0	965.6324110031128
205	404.97867	65.23753	495.22498	311.0833	1000.0	39.068615	9.16218	65.03937	7.883151	824000	4.7683715e-09	327.51562	-0.053006623	-68.97998	0.009587991	0.0	970.0894086360931
206	401.20566	83.7184	504.92694	297.02377	1000.0	36.99496	7.005237	60.196056	8.490977	828000	-1.5974045e-08	290.8361	-0.054883365	-51.813324	0.009561364	0.0	975.1066453456879
207	372.07507	75.41046	438.67978	247.88356	1000.0	35.145157	7.852247	60.852684	-5.5972023	832000	3.516674e-08	199.51271	-0.05270678	-33.66562	0.009632746	0.0	979.8871097564697
208	499.32877	34.340168	537.9458	456.63263	1000.0	36.056633	6.3737555	58.812397	12.00993	836000	-2.2411346e-08	327.06476	-0.049464867	-127.09424	0.009613804	0.0	984.6347298622131
209	416.12524	79.88459	551.9994	346.22186	1000.0	44.40218	6.41262	64.38459	4.0445657	840000	-1.2397766e-08	323.46365	-0.049096305	-57.426086	0.009547203	0.0	989.5240230560303
210	434.13956	28.873756	482.40424	406.89325	1000.0	40.581635	7.7428083	65.52075	-3.9296517	844000	-2.8133393e-08	270.21088	-0.051041145	-37.025055	0.009696152	0.0	994.6020634174347
211	427.2078	37.35074	477.5221	374.40137	1000.0	39.83024	6.3236437	61.20582	11.886663	848000	-3.695488e-09	243.93144	-0.04814233	-33.700317	0.009566729	0.0	999.5020382404327
212	458.5505	109.42417	612.2297	302.76898	1000.0	38.179325	7.1301365	60.71753	10.802898	852000	3.8146972e-08	364.82193	-0.053408694	-55.686615	0.009640211	0.0	1003.9429457187653
213	437.17078	58.989254	507.09006	345.54044	1000.0	41.689365	7.4302506	65.33634	6.6144505	856000	7.2717667e-09	374.50906	-0.04861209	-50.55432	0.0096457675	0.0	1008.5982673168182
214	403.0112	55.81553	439.7872	306.51242	1000.0	40.364365	8.63855	68.66908	7.9327617	860000	1.0967255e-08	231.1435	-0.050323296	-54.597427	0.009637223	0.0	1012.9849419593811
215	562.14124	37.174294	598.5758	505.17798	1000.0	37.690197	5.6901894	56.837936	18.67948	864000	-4.7683715e-09	503.84232	-0.049614903	-246.94913	0.009537033	0.0	1017.7407529354095
216	488.0409	72.21708	576.12115	383.00742	1000.0	51.568707	6.4358673	74.4868	16.712704	868000	2.002716e-08	333.85117	-0.05070667	-89.60776	0.0096178055	0.0	1022.8888125419617
217	550.7049	40.259712	589.7091	495.2095	1000.0	45.61844	7.3555665	68.717705	18.430689	872000	-9.298325e-09	386.50394	-0.050512053	-69.00552	0.009588085	0.0	1027.67564535141
218	462.4183	25.029257	499.33774	431.21527	1000.0	49.64965	7.124367	71.31279	15.944648	876000	0.0	278.58002	-0.05006145	-76.40555	0.009612619	0.0	1032.6107430458069
219	522.6132	37.562435	561.72363	462.30145	1000.0	43.692665	5.9294367	63.450115	23.458847	880000	-1.9073486e-08	384.616	-0.050074667	-79.59238	0.009598597	0.0	1037.3853421211243
220	475.80603	33.88969	526.3464	431.77835	1000.0	47.714226	8.939686	73.59791	17.330433	884000	2.9802323e-09	327.24417	-0.050548594	-60.75592	0.009689095	0.0	1042.6942763328552
221	451.80124	67.999245	544.17725	353.36197	1000.0	43.59329	8.602511	67.819214	10.5577345	888000	-1.8239021e-08	439.83243	-0.04859725	-70.14642	0.009672176	0.0	1047.4779312610626
222	548.79224	49.479965	598.74176	469.06262	1000.0	41.59301	10.080709	69.79089	3.3458397	892000	-2.9802322e-08	365.9775	-0.048591614	-139.17795	0.009623429	0.0	1052.266356229782
223	425.62518	61.69079	509.2336	335.10092	1000.0	48.738647	6.298312	69.59426	16.165081	896000	-2.8610229e-08	295.01483	-0.051393915	-131.4276	0.009676542	0.0	1057.2344853878021
224	531.0525	57.754448	571.1278	431.73022	1000.0	39.38218	5.602761	63.52699	21.109753	900000	-2.3961068e-08	414.4908	-0.05479088	-129.11194	0.009667108	0.0	1061.9105892181396
225	475.27667	38.85286	515.97095	415.65616	1000.0	48.254005	7.2558775	70.40258	12.263762	904000	-5.2452087e-09	302.0143	-0.049001507	-41.160736	0.009478119	0.0	1066.847586631775
226	542.1438	49.34573	577.8188	457.5608	1000.0	45.902184	6.665164	67.25058	19.418018	908000	-1.07288365e-08	227.63306	-0.04924391	-36.77858	0.009674767	0.0	1071.2510733604431
227	458.24796	82.85606	542.75366	370.4658	1000.0	48.07522	6.722673	70.39358	11.709152	912000	1.168251e-08	403.27548	-0.04907127	-90.788605	0.009667076	0.0	1075.842202425003
228	578.96063	55.14494	648.1549	503.89777	1000.0	42.014248	7.2486777	64.344635	-4.754833	916000	-4.053116e-09	489.4172	-0.050987918	-143.42358	0.009646772	0.0	1080.803631067276
229	544.6178	72.39144	652.1434	451.21365	1000.0	52.603672	7.7545433	76.57028	19.163881	920000	-2.5212765e-08	286.2025	-0.048354156	-41.09349	0.009604978	0.0	1085.287652015686
230	506.4901	45.163734	559.1711	461.37503	1000.0	48.685104	6.0609617	69.340996	24.080858	924000	3.284216e-08	310.23206	-0.050433643	-41.095062	0.009598023	0.0	1090.8508896827698
231	515.90784	95.56805	623.2903	361.9346	1000.0	46.57086	6.7295747	69.05364	19.002459	928000	-1.8835069e-08	414.55182	-0.051269125	-54.091827	0.009732225	0.0	1095.8546719551086
232	492.66486	76.13985	602.7513	406.81186	1000.0	47.178967	8.021317	70.721756	19.182407	932000	-8.2850455e-09	253.46013	-0.049600028	-40.316605	0.009607727	0.0	1100.2265577316284
233	458.60077	91.67636	593.6143	354.293	1000.0	44.749413	8.236312	72.02986	8.81239	936000	2.6702882e-08	295.94876	-0.05053752	-48.284332	0.009667324	0.0	1104.6796686649323
234	574.62714	21.86721	599.83655	545.78986	1000.0	42.138737	6.980786	65.27188	13.805193	940000	2.9563903e-08	467.7445	-0.055286344	-137.42676	0.009597971	0.0	1109.2971148490906
235	421.3823	54.275665	499.75714	366.39566	1000.0	49.360306	7.1513042	75.36372	19.737011	944000	4.4107438e-09	323.72324	-0.051814944	-131.74973	0.009600355	0.0	1113.9786763191223
236	511.5546	80.3831	627.286	427.2563	1000.0	41.035374	6.623488	65.362595	16.848806	948000	3.4570693e-09	424.62814	-0.05110747	-84.878815	0.009610527	0.0	1118.6249325275421
237	536.5932	87.00591	663.8486	442.30173	1000.0	47.22653	7.2908635	72.685776	12.600946	952000	-5.9604646e-09	408.19763	-0.051554345	-56.01523	0.009575141	0.0	1123.7238945960999
238	597.7407	50.393692	639.9098	516.5044	1000.0	48.467014	9.438913	76.20541	8.920104	956000	1.180172e-08	336.8663	-0.04900091	-90.75577	0.00965308	0.0	1128.3352453708649
239	525.6349	85.79009	651.86206	442.6151	1000.0	54.13134	7.4294796	80.489914	26.895418	960000	6.198883e-09	532.9593	-0.053071193	-105.86691	0.009638678	0.0	1132.8231546878815
240	527.1967	44.669643	583.51184	470.23038	1000.0	47.38426	8.599156	75.24949	4.8051643	964000	-1.990795e-08	362.75104	-0.051565852	-47.234375	0.009691901	0.0	1138.123753786087
241	577.8011	56.017822	638.5613	486.67282	1000.0	48.624672	8.43761	72.98473	16.570272	968000	-3.1471252e-08	380.1058	-0.053382408	-56.618744	0.009554512	0.0	1142.819509267807
242	623.007	66.05919	736.9114	574.83014	1000.0	51.575546	8.557285	75.11608	17.348537	972000	-1.0967255e-08	475.0557	-0.050324578	-93.77652	0.009648484	0.0	1147.6984202861786
243	506.9183	78.5025	609.2218	390.065	1000.0	55.747868	7.709214	78.633644	27.586962	976000	7.152557e-09	416.50812	-0.054944742	-127.635315	0.009578918	0.0	1152.4420523643494
244	626.6485	123.95794	833.65356	526.0689	1000.0	48.258045	8.010639	73.03817	17.049746	980000	6.198883e-09	443.14062	-0.04911982	-128.39658	0.009672188	0.0	1157.2123370170593
245	620.5105	86.65252	753.6692	515.18005	1000.0	57.079613	8.077052	81.60284	23.229815	984000	1.4781952e-08	405.6425	-0.05162947	-49.4093	0.009687536	0.0	1161.7630791664124
246	529.811	66.466225	634.9556	468.7984	1000.0	56.024746	7.8750443	78.24073	13.497909	988000	1.5497207e-08	360.1329	-0.048044242	-98.050964	0.009677164	0.0	1166.0193085670471
247	570.33624	50.461018	630.4606	502.25775	1000.0	48.83271	6.832104	75.532906	16.50368	992000	-2.1457673e-08	354.44983	-0.050382648	-54.206573	0.009651978	0.0	1170.84392786026
248	579.5496	85.96654	643.41315	431.76654	1000.0	52.13142	7.7731256	76.07063	28.312183	996000	-1.7166137e-08	391.70593	-0.04670115	-51.16736	0.009723037	0.0	1175.5739605426788
249	588.9445	95.13637	723.9881	479.7186	1000.0	54.048424	7.534591	77.10269	6.0693617	1000000	3.0994416e-09	366.88068	-0.04811208	-39.343292	0.009641478	0.0	1180.7811858654022
