Epoch	AverageEpRet	StdEpRet	MaxEpRet	MinEpRet	AverageTestEpRet	StdTestEpRet	MaxTestEpRet	MinTestEpRet	EpLen	TestEpLen	TotalEnvInteracts	AverageQVals	StdQVals	MaxQVals	MinQVals	LossPi	LossQ	Time
1	-45.77528	82.13883	23.156294	-407.738	-365.52792	865.47095	-24.646416	-2957.3052	130.08109	128.0	5000	15.536815	18.483582	99.07519	-13.650229	-19.089878	1.4516852	47.308852195739746
2	-55.758263	104.50113	38.26196	-365.16522	-755.2339	1067.8984	-29.061207	-2981.7344	163.92857	250.9	10000	308.9307	196.19495	899.35144	-299.8256	-345.04196	134.78317	95.21265745162964
3	-370.99493	731.3504	-16.308731	-2677.6838	-680.70056	1152.6659	-31.1828	-3003.1108	153.08571	224.5	15000	1185.8945	251.92274	1791.7643	-884.36005	-1236.1147	1713.6062	153.25610494613647
4	-410.2648	762.5885	-33.369144	-2675.8884	-127.918045	113.12055	-26.801094	-430.01657	155.93939	49.5	20000	1558.7029	151.78134	1892.929	-664.0522	-1588.0408	3011.3455	206.51799535751343
5	-286.01648	652.5899	-25.793459	-2686.793	-77.79236	40.530704	-27.472746	-163.10475	108.68293	26.0	25000	1527.7822	154.07553	1834.9111	-903.5821	-1549.031	2658.3362	253.44886875152588
6	-334.7076	739.8652	-23.942953	-2691.3386	-388.30658	812.8054	-37.983955	-2818.2144	127.710526	137.7	30000	1418.9191	161.41661	1689.9697	-956.02075	-1438.2103	2257.7375	305.7115387916565
7	-570.04376	1001.91205	-20.057419	-2701.6086	-590.47235	965.163	-68.73402	-2921.2864	213.62962	205.7	35000	1283.8563	162.82704	1582.9805	-952.02826	-1301.4747	1885.2542	366.95265555381775
8	-532.22644	912.6661	-23.825703	-2663.204	-316.42038	482.51797	-23.604813	-1690.3849	203.86363	114.3	40000	1180.5284	139.9152	1441.8241	-826.73047	-1196.8014	1323.0984	415.7598514556885
9	-273.2611	674.72064	-10.363213	-2619.9937	-351.1134	836.91833	-25.47038	-2859.3801	107.98039	124.3	45000	1061.3624	131.06044	1326.0284	-876.2678	-1074.8202	1230.6853	474.90626406669617
10	-532.50305	865.0215	-27.039711	-2615.7637	-592.73975	839.11554	-44.428345	-2784.1877	210.85715	219.5	50000	933.158	113.21761	1132.5956	-1205.0525	-945.1755	918.0701	526.8475539684296
11	-263.19183	576.6505	-18.54255	-2610.8416	-246.89612	465.35	-29.183361	-1633.7041	107.42308	96.5	55000	814.84894	97.55533	994.08875	-519.42303	-825.10474	692.7991	586.0668976306915
12	-300.9835	532.00385	-20.602304	-2438.625	-130.76	117.13566	-37.70255	-379.75522	136.76666	92.4	60000	698.72003	83.72339	847.50214	-806.97833	-707.5132	579.64453	631.4420213699341
13	-868.26025	1007.6954	-45.25153	-2331.4644	-359.84662	690.1736	-29.739174	-2424.0532	458.33334	178.1	65000	593.8909	72.82618	739.73224	-447.5376	-601.34875	374.9613	690.1208851337433
14	-451.53064	693.17487	-40.262955	-2396.8123	-468.2776	748.4556	-53.807514	-2418.1672	240.05263	215.6	70000	491.97485	57.058525	606.8296	-434.83606	-498.0899	243.59375	742.1093776226044
15	-513.0172	829.8653	-20.213552	-2309.0552	-463.5394	773.9829	-60.541943	-2198.6497	291.35	263.1	75000	393.76135	50.388332	520.36487	-299.90335	-398.56958	147.12415	806.2677848339081
16	-224.29752	321.1347	-14.016672	-1030.113	-262.31558	633.3847	210.33531	-1581.7339	332.66666	602.2	80000	302.22656	38.331413	413.3673	-280.2819	-306.11584	92.67806	868.0902173519135
17	-204.38977	545.78424	397.21356	-1059.6067	125.25503	71.19765	204.01773	-10.544932	690.8333	951.2	85000	240.58635	33.38041	337.0792	-227.51245	-244.14705	60.01085	930.0312869548798
18	-139.91055	362.1396	233.52684	-1090.3572	-139.91531	126.93888	55.64389	-452.1975	622.0	929.7	90000	193.26126	38.722126	304.15854	-197.64807	-196.6837	46.16517	1003.5736689567566
19	-89.84172	97.20512	6.355482	-279.0487	78.76514	102.92886	280.22058	-37.672874	583.25	481.1	95000	156.02353	46.372814	297.89682	-150.48645	-159.28706	38.66156	1061.227200269699
20	-61.15085	88.242424	45.2452	-213.21652	-19.955578	221.8315	549.7917	-274.07153	930.8	953.9	100000	131.22235	51.84229	256.24075	-163.00554	-134.44388	31.791103	1126.9125895500183
21	-21.240028	191.3018	321.44394	-350.19833	69.87671	202.49475	323.00494	-440.32935	620.7778	940.7	105000	116.335556	55.00008	233.64046	-188.00296	-119.61879	28.057913	1201.1102380752563
22	-167.06534	257.14798	66.457695	-686.31384	-614.3644	194.50409	-388.30008	-945.6543	583.75	1000.0	110000	111.51349	55.289787	220.73653	-121.372856	-114.82505	28.101515	1267.9441094398499
23	83.109825	281.0517	586.55817	-368.33115	-85.4545	101.06751	6.6538877	-314.5833	689.25	375.0	115000	109.99923	52.371506	233.19667	-145.55363	-113.390434	26.879305	1332.9009432792664
24	12.615265	194.7284	262.44687	-289.7524	-0.007943153	132.93497	333.38406	-227.98221	708.0	435.3	120000	111.14096	50.642258	252.91705	-112.34843	-114.481804	25.685501	1393.6058087348938
25	-75.59218	231.86156	360.81546	-659.5317	-64.29231	94.236206	-3.063935	-326.36908	352.14285	207.2	125000	112.63733	50.619602	258.55737	-103.13523	-115.92903	26.894777	1449.5048999786377
26	-5.369754	179.59602	393.19977	-366.0185	-64.25404	190.46136	396.45883	-294.38025	420.54544	642.0	130000	114.55551	51.17783	261.63885	-118.592125	-117.83479	26.865175	1512.2348003387451
27	-55.94401	154.30994	244.75255	-476.5642	16.627575	330.88348	443.1548	-664.14014	311.5625	645.8	135000	117.343605	50.404747	274.4837	-102.053116	-120.60923	26.121117	1576.6563975811005
28	-95.06873	302.4345	359.9734	-891.93823	79.25444	172.39355	418.57425	-125.24617	448.75	564.8	140000	119.70609	48.067245	296.97336	-128.994	-122.82001	28.681337	1642.9967892169952
29	-42.22016	144.29382	198.52362	-340.69928	-105.811	203.56993	182.14174	-502.3116	584.25	449.2	145000	118.566055	45.485695	319.08624	-117.827	-121.52137	26.95132	1701.9770014286041
30	-100.121445	191.97923	71.74557	-733.91516	-235.26494	487.70346	658.29016	-1367.201	243.5	444.2	150000	115.70234	43.9609	343.07373	-125.492935	-118.561386	26.759993	1762.1831052303314
31	32.21948	155.09996	508.02167	-204.36415	152.37161	250.40665	608.5721	-36.836815	309.0	659.6	155000	111.794785	44.358986	313.31573	-122.499405	-114.541916	24.402222	1832.4031410217285
32	140.08112	189.45576	412.3331	-90.756744	30.163204	240.4275	449.34088	-487.94974	509.9	425.6	160000	108.99453	43.702553	329.74658	-132.44485	-111.743774	25.0786	1894.6614863872528
33	85.219955	193.89606	521.8687	-156.10231	-18.00195	79.766235	161.31755	-185.4558	448.7	150.5	165000	108.95543	43.947475	336.03427	-99.44918	-111.81952	27.077835	1946.5264873504639
34	-102.625015	368.46124	133.08556	-1513.1394	-135.5725	327.43817	346.21573	-925.8902	294.75	344.1	170000	111.157	43.766884	352.5522	-155.82147	-114.041405	29.169008	2004.171869277954
35	-75.67539	180.59775	313.78375	-463.70047	21.343649	175.51112	352.87704	-229.30467	380.26666	287.3	175000	114.15922	44.473557	325.1606	-103.24017	-117.02452	29.085592	2070.0330641269684
36	-125.48133	373.06876	413.03467	-1195.7086	-34.878258	281.97458	569.47644	-679.7568	446.27274	362.3	180000	116.284966	45.890476	390.0099	-91.71175	-119.11624	30.434845	2130.1856384277344
37	-8.897657	175.84029	273.75076	-331.62054	6.839544	105.83116	305.30707	-132.10197	585.375	128.8	185000	120.06489	48.889725	406.50613	-114.38001	-123.08676	37.129005	2183.5059633255005
38	-166.50102	313.73218	137.14612	-1119.2681	-39.575623	220.20717	342.1335	-568.9981	363.46667	419.9	190000	128.94266	52.11885	430.51495	-240.06305	-132.18384	40.642704	2249.582189321518
39	-272.45264	606.79535	289.63843	-2307.832	-26.192486	137.98132	332.73196	-257.44125	256.21054	232.2	195000	139.04309	59.83271	469.00787	-178.10844	-142.4275	45.461315	2306.8237719535828
40	-103.29574	299.71494	233.77818	-815.99243	-131.32893	221.42453	171.06862	-574.00977	364.92307	338.8	200000	148.64482	68.13198	462.11627	-154.19865	-152.08029	48.60344	2365.1030337810516
41	-92.62612	269.56973	450.27066	-668.4813	-209.03848	315.4513	77.70638	-968.2505	441.5	420.6	205000	155.44296	74.08981	460.66318	-193.80705	-158.94449	54.5252	2429.203234434128
42	-188.55687	217.21974	-24.618778	-706.5205	-52.062572	49.19236	-2.260794	-180.69214	347.26666	157.2	210000	158.4014	78.421135	569.00836	-198.97656	-161.70404	55.96387	2488.236370563507
43	-155.32236	363.86948	3.6336837	-1654.4148	-783.3703	677.3929	-9.859473	-1626.3752	247.42105	540.3	215000	160.4086	80.83339	582.41	-151.32005	-163.85374	58.625	2548.912199497223
44	-381.3733	435.01453	-3.6865394	-1350.653	-120.43595	259.88593	142.28639	-826.28204	626.4286	442.9	220000	162.21376	82.972595	498.61932	-143.5959	-165.59488	57.82614	2605.3382983207703
45	-103.344505	138.43474	2.9145849	-538.77155	-68.542465	68.83964	-12.167147	-239.1604	297.65	232.4	225000	161.77286	82.594185	474.97327	-193.34225	-165.0977	57.22536	2671.9467508792877
46	-109.11933	333.1845	47.789078	-1970.896	-194.07243	299.24814	-3.9726005	-1051.706	144.41176	246.6	230000	162.44336	83.05421	619.5517	-199.20638	-165.7806	59.46334	2730.7128376960754
47	-199.74518	195.73253	-8.172403	-622.5423	-116.755264	269.65033	366.88757	-638.65265	327.0	629.1	235000	161.26505	81.8733	590.77686	-146.60873	-164.41646	59.744625	2789.6025800704956
48	-225.77052	285.6648	219.5048	-708.8886	-425.77148	497.37924	129.27716	-1215.8384	430.15384	711.2	240000	156.79143	79.045944	428.38123	-150.22913	-159.82826	55.61645	2862.753148794174
49	-398.91464	486.36743	233.7451	-1055.6277	-272.64688	323.09525	-4.128096	-919.4399	701.5714	437.5	245000	152.21042	76.901405	409.68158	-163.14636	-155.0983	48.91704	2923.8139312267303
50	-126.12697	195.7307	111.71234	-548.68646	-403.66666	417.94022	-26.605936	-1377.9882	334.6	529.6	250000	147.03362	73.483765	386.77808	-224.92859	-149.84566	44.63744	2987.9592394828796
51	-125.420876	235.00504	418.5054	-516.1424	-618.74567	737.3599	281.7559	-1868.1011	448.0	778.6	255000	142.36476	69.55054	381.92264	-115.210365	-145.14088	42.664387	3055.2715406417847
52	-304.55707	526.68555	35.03755	-1671.3145	20.703457	122.38971	369.98422	-99.62355	651.0	241.2	260000	137.94653	65.55121	393.68597	-133.39214	-140.65942	38.52676	3116.1171078681946
53	-97.54245	205.24646	330.8914	-438.54562	-195.13242	567.7671	209.65672	-1858.7393	498.66666	481.0	265000	132.56151	60.863033	382.4013	-220.93239	-135.12456	34.179825	3175.894510746002
54	-119.06343	143.85773	135.32085	-397.52045	-501.57095	376.26328	12.5864	-1000.5484	509.45456	654.1	270000	126.71809	56.99267	319.37704	-157.00061	-129.17854	30.414679	3249.262804031372
55	-145.38708	325.72943	366.44812	-718.71814	-100.13735	345.35825	463.91183	-783.05316	466.8889	541.8	275000	122.00218	53.58079	438.47327	-161.47768	-124.42152	30.815935	3307.554627418518
56	-111.42543	270.87848	260.48917	-786.5889	-663.2359	717.4764	356.9238	-2225.4792	564.1111	745.2	280000	119.45132	48.99539	434.29825	-141.47365	-121.90945	28.310549	3375.046912431717
57	-459.7344	699.3656	384.59158	-1909.5763	-74.91896	161.90356	262.89038	-325.53775	827.2857	671.7	285000	119.12173	40.47237	307.84232	-131.1258	-121.58619	23.378653	3447.387427330017
58	-188.82585	109.31499	-8.973626	-344.30762	-173.78336	469.32434	570.64795	-1160.6041	737.3333	682.7	290000	117.86742	33.56439	295.98697	-128.1763	-120.214386	20.900831	3508.6929993629456
59	-285.20895	436.48584	222.20192	-1007.4406	-495.70502	492.59033	95.45937	-1527.3527	735.4286	823.8	295000	115.23308	29.01939	352.8545	-118.38866	-117.447105	18.333393	3578.453893184662
60	-173.42609	380.89816	404.31882	-1068.828	-80.99638	598.22565	719.7185	-986.1553	594.7778	814.1	300000	110.50125	25.113432	250.15877	-111.72381	-112.57463	16.193264	3651.4263446331024
61	183.46477	166.43944	470.03165	30.943302	94.34193	148.33206	443.37775	-99.48729	721.5714	647.6	305000	104.997025	21.560154	265.88696	-102.62737	-106.94219	13.850747	3719.9502918720245
62	144.44328	155.42242	400.7096	-4.0457344	20.451557	448.02045	591.01	-644.0285	720.2857	898.1	310000	100.33962	18.476894	313.63263	-99.00774	-102.23559	13.273291	3789.9375369548798
63	89.44491	575.62805	529.788	-1112.2484	127.47052	677.61755	755.30273	-1645.5433	692.0	709.1	315000	96.20858	16.278547	270.82043	-82.18058	-98.08083	12.566188	3850.101350069046
64	176.3121	395.76968	606.5291	-614.1665	395.19208	319.00772	782.63293	2.604066	720.2857	615.1	320000	93.84098	15.558001	305.5124	-106.508644	-95.72507	12.056505	3917.2957878112793
65	509.59702	124.816376	646.87366	304.19904	-14.335571	395.37207	806.9236	-494.06073	1000.0	1000.0	325000	90.74665	15.405662	267.16553	-179.60963	-92.56559	10.712541	3991.5639288425446
66	444.58624	278.28503	637.57764	-108.752266	-92.30763	50.111557	-24.589436	-178.4502	1000.0	1000.0	330000	88.6221	15.555806	218.10507	-83.52281	-90.45093	10.236269	4065.077600002289
67	193.04027	184.17018	463.36526	-45.099575	457.82462	257.6088	715.24805	16.596373	947.8333	808.4	335000	87.745415	15.650432	260.7972	-78.79785	-89.59198	10.500721	4143.361649751663
68	535.54156	44.862007	604.4984	479.86435	384.3471	284.24268	798.2843	30.231451	1000.0	656.8	340000	87.61184	15.97305	255.98093	-93.07252	-89.45166	10.536247	4210.691509962082
69	343.59738	261.86713	714.0448	4.065116	361.07318	320.3597	826.0717	1.5959196	719.5714	540.7	345000	87.81987	16.548855	248.90247	-74.728195	-89.669266	10.77632	4276.318159818649
70	459.41348	258.90295	696.6596	3.5459187	311.541	403.06726	805.71704	-438.65594	835.6667	656.1	350000	88.14863	16.813272	265.74112	-64.17578	-89.972916	10.891457	4343.748913049698
71	233.56393	277.03067	666.73474	-44.436485	566.1675	286.2868	830.8474	68.55779	478.55554	840.4	355000	88.67467	17.264061	303.82303	-84.639915	-90.51777	11.6279545	4407.692629575729
72	351.70547	285.14987	716.79175	-12.002679	431.20734	270.9919	820.722	24.406845	674.0	749.1	360000	89.73562	17.253267	304.0513	-89.00355	-91.58361	11.65908	4479.586504459381
73	461.93185	293.0394	710.35016	1.1149582	272.67007	301.87817	682.588	-30.83303	717.5714	552.5	365000	90.617836	17.67534	280.54514	-107.33664	-92.43087	11.732684	4545.590735197067
74	379.06262	237.98056	712.5639	96.24207	520.5377	351.40247	843.2668	10.217494	804.8333	710.8	370000	90.99524	17.614912	300.55173	-85.54869	-92.82499	11.5277405	4611.927527189255
75	375.57886	292.6081	686.44147	-0.9442865	35.013496	678.6277	760.9403	-952.2753	676.875	753.8	375000	92.020676	17.133797	391.36847	-84.17449	-93.84394	11.682464	4683.933398485184
76	145.01422	262.54932	520.59686	-270.44196	120.60866	151.27112	494.1207	-44.443462	1000.0	582.2	380000	93.65146	17.40061	368.34003	-76.14323	-95.508026	13.423214	4749.451200962067
77	201.96927	273.9697	674.9062	-22.805273	547.4713	281.86172	758.2697	-13.23685	423.4	811.2	385000	96.892	17.968584	323.92728	-85.68046	-98.87664	14.833318	4812.17374253273
78	110.43859	224.57626	644.35986	-121.41887	248.21648	318.20612	697.7709	-141.42876	509.81818	759.7	390000	100.74625	18.708807	314.62573	-128.47023	-102.69212	14.064943	4887.326458454132
79	253.83337	247.52156	603.8455	-26.9843	-129.38171	419.8241	273.59473	-1341.8431	719.5	439.7	395000	102.57073	19.629217	325.81522	-77.63396	-104.44786	12.909808	4945.112648963928
80	51.61699	215.63426	591.28204	-405.8723	279.36185	304.3696	707.3337	-34.401474	380.4	524.7	400000	104.69787	21.366854	311.68433	-78.059456	-106.648766	14.473174	5016.795319318771
81	191.21146	278.63348	592.37244	-189.77103	138.04408	224.40288	572.1198	-62.403023	571.7778	536.3	405000	108.51748	23.11947	392.7624	-89.71203	-110.51239	15.740027	5083.873868465424
82	131.15182	225.00761	530.1206	-76.051575	222.8968	244.37923	513.1956	-40.17232	430.1	557.1	410000	109.99916	22.080217	367.80368	-75.36072	-111.937225	16.956944	5144.229065418243
83	199.59967	219.80995	564.05615	-45.091827	114.66577	235.81497	679.49304	-21.015833	533.4	252.3	415000	111.07818	21.355793	390.819	-72.93245	-112.9712	17.076443	5207.998202323914
84	150.93439	223.31653	555.9267	-41.4873	126.7807	191.51474	538.1619	-15.035357	368.76923	333.3	420000	110.635895	20.250114	376.67737	-120.923996	-112.51734	19.040327	5268.3771595954895
85	285.9256	195.65187	455.38647	-55.313408	42.09011	508.8595	644.9852	-1226.0638	750.1429	473.6	425000	112.982025	20.069195	387.94135	-82.4422	-114.98936	18.261211	5334.435595989227
86	443.87213	218.16838	639.671	45.101406	213.34404	213.28981	542.5266	-2.7338307	1000.0	721.9	430000	112.794975	18.866776	272.48688	-114.269646	-114.4987	13.482515	5403.372608423233
87	370.23022	256.58734	691.2253	-2.9502385	658.05634	145.2242	775.6879	301.33508	726.1429	941.5	435000	108.36688	17.276152	291.71265	-85.110245	-109.968544	11.65801	5477.426538228989
88	500.56073	92.71162	619.3603	383.9715	517.60266	339.56973	842.0035	0.7867822	1000.0	809.7	440000	103.944214	16.562119	264.74188	-114.49301	-105.54995	10.824862	5547.971716165543
89	449.30872	175.7125	615.3017	89.10723	578.1998	284.47867	789.9795	1.7047483	867.0	811.2	445000	101.01562	16.165096	235.87761	-101.45677	-102.59492	9.965618	5620.909374713898
90	423.38193	195.54541	685.5555	194.05618	759.3547	114.64182	854.09686	436.3684	1000.0	1000.0	450000	98.2791	15.973662	210.31317	-109.322235	-99.83215	8.846073	5696.144940853119
91	552.6712	227.76517	746.0873	64.255775	655.4013	207.18143	808.09875	60.746384	844.3333	911.2	455000	96.04916	16.259346	250.73665	-87.23386	-97.59234	8.67178	5771.122596025467
