Epoch	AverageEpRet	StdEpRet	MaxEpRet	MinEpRet	EpLen	AverageVVals	StdVVals	MaxVVals	MinVVals	TotalEnvInteracts	LossPi	LossV	DeltaLossPi	DeltaLossV	Entropy	KL	Time
0	-884.0208	103.64515	-726.8234	-1017.4449	1000.0	-0.00998427	0.48979285	1.6506127	-1.7517717	4000	-0.010112093	7010.366	-0.01194921	-1061.7134	5.5445275	0.006320778	5.213238716125488
1	-686.7379	83.86322	-615.31525	-829.78564	1000.0	-8.65054	4.8146057	12.016335	-15.25021	8000	-0.05495678	3770.4956	-0.007413108	-1301.7622	5.4936132	0.00469905	9.51185917854309
2	-770.7544	136.05818	-571.6123	-933.83563	1000.0	-21.638401	3.8053176	22.250961	-23.38781	12000	0.028019283	3048.8186	-0.005101811	-746.1592	5.4818697	0.0003126585	13.860173225402832
3	-701.8738	166.88853	-541.8573	-937.1763	1000.0	-29.895563	1.488916	6.0436473	-30.231386	16000	-0.04140525	2160.448	-0.003717646	-322.8573	5.4980497	0.0013271241	18.26992917060852
4	-641.70746	76.338554	-585.5105	-772.9297	1000.0	-31.50379	14.927832	34.71543	-35.210144	20000	-0.04703454	1257.5762	-0.002810035	-333.104	5.4654684	0.00018402815	22.792625904083252
5	-664.4758	89.950645	-582.56085	-808.4429	1000.0	-38.47724	0.14776653	-35.57603	-38.561394	24000	-0.048743986	926.678	-0.0029600374	-124.73633	5.530918	0.0010122093	27.44740080833435
6	-606.1614	63.162937	-540.3514	-696.5011	1000.0	-41.81328	0.093000956	-39.941315	-41.851357	28000	-0.009628708	733.878	-0.0037820125	-63.708862	5.4977293	0.0017787208	32.102808713912964
7	-640.81226	52.90227	-553.99524	-696.76294	1000.0	-44.262314	0.30337843	-31.506104	-44.34221	32000	-0.022173796	727.30273	-0.0025376454	-48.262634	5.5080914	0.00036450033	36.78384613990784
8	-602.31726	51.23725	-540.38055	-682.8701	1000.0	-46.438446	0.53152454	-30.15828	-46.517498	36000	-0.052717615	419.10934	-0.0026814789	-28.341675	5.517374	-0.0004466778	41.4781289100647
9	-687.5531	75.582054	-602.5081	-768.5624	1000.0	-48.121964	0.5543973	-37.827496	-48.26004	40000	0.005925547	866.08563	-0.0016892701	-64.18976	5.488648	-9.969473e-07	45.97396802902222
10	-549.27374	81.68759	-482.11862	-687.1933	1000.0	-50.13024	3.8185194	36.333458	-50.838444	44000	0.017782157	799.54474	-0.0032127677	-72.087585	5.510402	0.00086534454	50.68406128883362
11	-601.13855	27.578085	-575.1351	-647.0858	1000.0	-48.537987	5.0407724	4.298027	-51.155075	48000	-0.015764933	535.5743	-0.0018885508	-43.889587	5.4823084	0.0006552948	55.29421329498291
12	-532.27625	52.707832	-442.97855	-574.0859	1000.0	-50.812542	5.0716467	29.144392	-52.103783	52000	-0.034350853	284.22836	-0.0026646443	-45.179443	5.5382986	0.00084703614	59.95825123786926
13	-580.8058	114.96668	-412.32254	-736.5786	1000.0	-43.409454	8.619431	4.5046444	-51.638615	56000	0.0072873305	737.8631	-0.0011481666	-123.15997	5.523358	0.0011280001	64.24122738838196
14	-541.9485	127.34549	-413.50385	-734.0428	1000.0	-48.878654	6.748843	14.024755	-52.530487	60000	0.006115217	552.5875	-0.002148752	-44.2406	5.5431776	0.00086288404	68.660959482193
15	-576.3375	34.47208	-529.42126	-614.1105	1000.0	-49.36469	6.8469243	25.579102	-52.905922	64000	-0.013616451	358.015	-0.002104002	-32.44513	5.5363197	0.0008626643	72.76500177383423
16	-574.99725	20.748241	-547.6332	-602.7816	1000.0	-50.135624	5.2462783	12.300242	-53.34076	68000	0.0005287428	489.4203	-0.0021991376	-34.220703	5.5046167	0.00042767668	77.06921172142029
17	-533.4149	63.275948	-442.70874	-615.7748	1000.0	-49.745502	7.039152	40.07182	-53.77952	72000	0.011533342	588.35016	-0.0013138894	-78.542145	5.47043	0.00058065157	81.4898669719696
18	-589.2061	93.55569	-493.07742	-729.6823	1000.0	-45.543304	8.828321	20.480562	-54.003662	76000	-0.01613294	406.55188	-0.0014627799	-103.31009	5.4886866	0.00085769896	86.05545854568481
19	-474.09253	71.97315	-360.50986	-559.6418	1000.0	-51.25536	3.4076414	-19.96588	-55.066334	80000	-0.039500605	487.3737	-0.0022196919	-136.88672	5.505327	5.0489485e-05	90.49021744728088
20	-475.95605	74.27983	-393.74612	-595.1243	1000.0	-42.37361	8.226384	33.247417	-54.396393	84000	-0.010383709	450.05362	-0.0017195065	-64.75363	5.4827623	0.0011757526	95.19810914993286
21	-516.00555	89.52555	-374.228	-621.6443	1000.0	-43.051533	8.796319	22.12126	-54.52164	88000	-0.028205039	418.0734	-0.0018617101	-70.20859	5.5596766	0.0007963514	99.63080430030823
22	-483.95074	52.453125	-439.75833	-573.4699	1000.0	-45.459217	7.226952	6.8179603	-54.597183	92000	-0.027521458	374.87177	-0.002037488	-50.71338	5.549092	0.0005981301	104.35365796089172
23	-493.4854	95.44804	-405.64197	-650.827	1000.0	-43.234802	8.803865	19.37889	-54.52157	96000	-0.04972825	472.8332	-0.0018571094	-59.82312	5.5225997	-4.7035934e-05	108.78837561607361
24	-480.93243	84.63449	-386.058	-598.7485	1000.0	-42.035328	9.479102	45.23916	-54.878944	100000	0.0032550758	484.2874	-0.001642092	-71.17743	5.5670953	0.0004899928	113.04341530799866
25	-501.9055	55.724476	-418.76752	-575.295	1000.0	-43.31165	8.205209	22.174719	-55.136555	104000	0.0060272226	353.72052	-0.0015671318	-49.924774	5.510731	0.00015460575	117.33008527755737
26	-528.75415	167.98758	-373.72406	-811.1008	1000.0	-43.92215	8.838531	7.6415277	-55.372833	108000	-0.06627333	606.7543	-0.0021454021	-85.891174	5.5016584	0.00076316996	121.41516494750977
27	-528.7427	58.0996	-462.65506	-616.8685	1000.0	-46.94447	5.240157	5.0465136	-56.23136	112000	0.0021760436	222.43896	-0.0012960692	-22.808456	5.5232987	7.3640344e-06	125.899973154068
28	-471.07513	135.95811	-281.98053	-603.86304	1000.0	-45.25787	8.133912	17.878965	-56.343433	116000	-0.024392018	487.39285	-0.0022473168	-62.483093	5.4776373	0.00052670465	130.22183895111084
29	-482.93573	46.888054	-424.6763	-552.9423	1000.0	-42.85249	6.493059	-2.739773	-56.163258	120000	0.03461144	334.53436	-0.002101656	-38.5755	5.5054383	0.0006057827	134.6057207584381
30	-508.8256	98.75055	-428.2456	-676.6186	1000.0	-43.94857	5.8521833	21.393682	-56.46723	124000	-0.020944316	349.63773	-0.0021374542	-52.457672	5.513298	-6.633902e-05	139.5037121772766
31	-432.70102	80.085754	-321.74557	-548.1483	1000.0	-44.970573	10.6329	48.573704	-57.258305	128000	-0.024288734	425.23434	-0.0006231945	-110.347534	5.4937305	0.0011632784	144.0471374988556
32	-416.65735	122.678566	-261.0644	-539.9791	1000.0	-38.81527	9.510797	19.612217	-56.203094	132000	-0.032365613	352.6837	-0.001064416	-76.90976	5.5401974	0.00074415206	148.20946431159973
33	-490.2411	85.06731	-373.39117	-610.4238	1000.0	-36.780293	10.902979	6.8135424	-56.554493	136000	-0.032319933	436.34897	-0.002141539	-165.91736	5.4954543	0.00017157012	152.73210334777832
34	-423.13245	74.43151	-352.55917	-548.3721	1000.0	-43.52356	7.091389	-0.38757354	-56.388344	140000	0.018184245	462.3824	-0.0016498584	-97.54053	5.5025587	0.00026289636	156.82105827331543
35	-437.3447	56.606346	-349.56656	-497.50046	1000.0	-39.307217	7.75276	9.161941	-56.393425	144000	-0.048179146	307.89728	-0.0027945787	-45.764404	5.4446983	0.0005645545	161.14652705192566
36	-478.4622	39.86301	-421.90967	-529.99646	1000.0	-38.37948	10.193654	13.571858	-56.56367	148000	-0.03470664	428.97662	-0.0014589168	-108.59769	5.4376383	0.00014863795	165.44062089920044
37	-493.8721	38.750042	-434.74075	-543.3517	1000.0	-41.5473	6.165225	10.0562525	-56.73429	152000	-0.015435308	247.35135	-0.0013425201	-40.625946	5.4978104	0.0003780207	169.79794788360596
38	-531.6975	78.50533	-407.07965	-610.58295	1000.0	-45.95103	5.698221	-3.1146233	-57.05626	156000	-0.015120987	357.32742	-0.0020284671	-40.79706	5.4658546	0.0014726338	174.06938886642456
39	-467.6994	36.05164	-409.55212	-505.42505	1000.0	-47.799435	6.1907277	9.051695	-57.723972	160000	-0.022815827	273.61948	-0.0014723502	-52.487488	5.471719	0.0006592686	178.3593783378601
40	-419.7272	62.48318	-328.53882	-493.18924	1000.0	-42.518623	6.0714097	2.6163242	-56.230606	164000	-0.035593238	348.92596	-0.0017536618	-72.95764	5.5517755	0.0002672012	183.29072856903076
41	-445.89273	64.660164	-350.98483	-533.50586	1000.0	-38.4051	8.671676	8.2016735	-56.560936	168000	0.017097853	310.9518	-0.0012092255	-38.311035	5.493112	0.0006508685	187.55174732208252
42	-514.808	32.544136	-469.2546	-561.28754	1000.0	-41.607697	6.77605	-1.511838	-56.491364	172000	-0.039840706	259.32138	-0.0015502237	-59.4991	5.48614	0.00054628495	191.98121213912964
43	-399.97443	85.2392	-298.536	-534.5554	1000.0	-31.814611	30.08557	54.454052	-57.94448	176000	-0.059328195	1483.1685	-0.0017462745	-1102.0994	5.478957	0.00012279725	196.37488269805908
44	-542.9394	34.333447	-498.03705	-594.04144	1000.0	-41.406155	5.9052386	4.654051	-56.64704	180000	-0.039224364	286.33243	-0.0016749725	-75.819046	5.5027184	0.000649206	200.47566556930542
45	-439.14215	80.94385	-315.19162	-542.1745	1000.0	-46.23567	6.6692543	15.456575	-58.864532	184000	-0.08430089	297.87195	-0.0017160922	-58.4713	5.5115857	0.00071804685	204.64911103248596
46	-442.45697	37.440006	-382.21503	-477.19724	1000.0	-41.83721	7.315143	5.76623	-55.75212	188000	0.026481595	267.33963	-0.001082046	-43.37793	5.489591	0.00047555953	208.8265151977539
47	-414.8094	41.872253	-373.5168	-470.68393	1000.0	-37.829094	10.4900255	6.1834292	-57.163265	192000	-0.048592445	282.89868	-0.0013269372	-34.416748	5.5165977	-0.00031583954	213.26090359687805
48	-415.2728	56.021294	-331.02948	-481.1969	1000.0	-40.90924	7.8480678	-5.6818705	-52.45583	196000	-0.033543624	187.00914	-0.0011778027	-19.556442	5.483737	0.0007101258	217.63860750198364
49	-517.07635	38.232544	-468.0876	-573.1212	1000.0	-40.37638	6.2497115	11.901098	-53.49495	200000	0.015166812	314.33948	-0.0015083048	-72.80441	5.481408	4.5075714e-05	221.9301359653473
50	-429.1764	99.91904	-257.37112	-503.9526	1000.0	-45.811813	5.3347373	-12.034784	-57.263172	204000	-0.030102875	290.289	-0.0013217032	-80.52075	5.5436425	0.00042772084	226.7972548007965
51	-423.65863	65.4323	-323.1772	-497.96387	1000.0	-41.536312	8.685975	-0.5743758	-56.18515	208000	-0.026437433	219.43398	-0.0013628155	-29.01944	5.4551115	-0.0003243636	230.93638968467712
52	-423.47305	67.08245	-343.52216	-507.31946	1000.0	-40.013878	7.6269426	10.41957	-49.364353	212000	-0.01326453	171.971	-0.0014627529	-20.954803	5.50658	-2.310109e-05	235.28784441947937
53	-433.23206	78.78144	-304.13242	-506.66837	1000.0	-33.173576	10.15865	10.872154	-54.739483	216000	-0.00669854	433.06714	-0.0017671124	-129.71582	5.5220213	0.000737239	239.71743392944336
54	-443.24902	100.80206	-323.05307	-544.8108	1000.0	-37.34888	6.637857	-0.6110311	-55.98193	220000	-0.0063759624	362.52765	-0.0013882034	-74.39621	5.5148554	-9.644377e-05	243.5572361946106
55	-472.3137	20.958683	-449.62076	-505.18332	1000.0	-44.834335	7.437702	8.406503	-55.489998	224000	-0.051057905	217.04997	-0.0021657087	-38.170532	5.535267	0.00045043582	247.7802872657776
56	-360.2405	44.96219	-289.9653	-414.43463	1000.0	-37.633865	13.358719	8.087372	-58.51737	228000	-0.014297358	279.3128	-0.0023662979	-52.88289	5.477859	0.00023026836	252.02983784675598
57	-480.72388	39.26429	-424.13693	-533.94446	1000.0	-35.005505	10.673194	6.9558535	-55.73224	232000	-0.055133637	425.47678	-0.0018943138	-188.55856	5.484508	6.0072838e-05	256.5186541080475
58	-398.6074	83.40393	-323.5005	-536.1749	1000.0	-42.315155	5.5090523	7.7338624	-56.41413	236000	-0.03497134	311.72046	-0.0018246919	-58.88916	5.501278	0.0005132525	260.8381245136261
59	-355.22113	124.45041	-219.26494	-511.6916	1000.0	-36.087414	7.5492835	11.023536	-55.949226	240000	0.0066725034	456.02158	-0.0016921721	-61.36676	5.476875	-0.00026823443	265.1621673107147
60	-362.89056	99.160126	-203.62991	-474.5308	1000.0	-32.860798	9.484503	22.336655	-55.071064	244000	0.009731415	260.29855	-0.002478172	-43.809677	5.48336	-0.0003050514	269.7225778102875
61	-378.4513	72.58955	-307.78156	-499.88956	1000.0	-34.438526	9.466373	7.3932486	-54.00904	248000	-0.020411346	291.79807	-0.0013816301	-50.39128	5.4981184	0.00028333985	274.05148434638977
62	-402.26147	79.18897	-292.74365	-478.78912	1000.0	-35.65787	6.261323	12.013862	-53.545708	252000	-0.01667192	280.71085	-0.0017849896	-27.69542	5.5067883	0.000356836	278.6064131259918
63	-435.2376	96.54041	-281.17227	-521.2354	1000.0	-35.742584	7.8262296	6.7526894	-52.472458	256000	-0.05165914	323.83533	-0.0010400005	-38.5455	5.4938264	6.978822e-05	282.89099287986755
64	-322.3914	27.878925	-301.71545	-370.41882	1000.0	-36.344975	8.167089	7.881362	-54.711277	260000	-0.07960254	213.79123	-0.0019528195	-74.84964	5.4535723	0.0011391371	287.47708797454834
65	-406.86328	65.162094	-336.49274	-478.1515	1000.0	-31.816856	5.3155694	-9.786149	-49.316753	264000	-0.09970308	234.91841	-0.00091739744	-52.91513	5.4993024	0.0006990943	291.7778627872467
66	-405.23782	67.88303	-288.436	-456.48547	1000.0	-36.671875	7.9179683	-3.0969975	-52.66657	268000	-0.062671274	247.70804	-0.00072490424	-23.24649	5.44453	0.0009700366	296.0789084434509
67	-340.76175	120.50736	-146.00089	-467.09747	1000.0	-34.52037	9.846893	9.544667	-55.02009	272000	-0.018492753	292.35324	-0.0017582811	-40.520126	5.4802694	0.00019107264	300.37989926338196
68	-421.47354	56.52579	-343.69168	-502.09775	1000.0	-33.814796	9.126629	9.436222	-53.622314	276000	0.009505778	277.53	-0.0022748513	-52.123505	5.484716	0.00032490873	304.0889332294464
69	-387.3966	81.389824	-308.2916	-496.18115	1000.0	-38.63948	9.085557	7.8431206	-56.413776	280000	0.012060475	224.04013	-0.0021757837	-35.583435	5.5075264	0.00083713734	308.349618434906
70	-412.2162	55.955437	-315.38556	-447.31268	1000.0	-34.01526	10.406819	10.385152	-55.41343	284000	-0.038919296	294.72894	-0.001789704	-75.80423	5.4682713	-0.00028869475	313.1593985557556
71	-342.9031	68.59059	-225.2326	-395.90192	1000.0	-38.293545	5.650341	-10.339886	-55.149464	288000	-0.068225496	342.21057	-0.0019176751	-124.66756	5.467302	0.00052417704	317.5546932220459
72	-389.66824	128.03091	-168.51987	-478.83258	1000.0	-32.14493	12.018873	12.174182	-47.471058	292000	-0.03570582	320.35233	-0.0019786432	-58.23053	5.4786882	0.0006376085	321.84402346611023
73	-325.18076	46.62205	-255.45012	-386.20996	1000.0	-30.101343	9.403102	15.313247	-51.406677	296000	0.024473254	190.15974	-0.0014150459	-50.822617	5.517582	0.0006602854	326.2107355594635
74	-444.15707	69.78701	-387.3279	-563.03735	1000.0	-33.151276	5.4074917	-13.314126	-44.39411	300000	-0.038246952	306.2055	-0.00056950375	-89.992386	5.472156	0.00030127345	330.6492953300476
75	-375.62656	27.320007	-337.0854	-409.64465	1000.0	-40.702244	6.2226057	-9.564913	-52.931835	304000	-0.004019799	263.91986	-0.0015445421	-66.18396	5.434838	6.784385e-05	335.12455701828003
76	-388.32678	104.0011	-249.84346	-542.7618	1000.0	-24.08095	20.303429	43.15559	-54.576397	308000	0.00020058632	1046.431	-0.0022238714	-675.5802	5.431544	-0.00024666183	339.3549311161041
77	-396.4194	51.89018	-335.34763	-466.84384	1000.0	-36.223675	7.989062	-1.2335501	-57.323402	312000	-0.031608295	280.66483	-0.0007105954	-41.904663	5.449048	0.000503343	343.4445803165436
78	-380.00934	39.122597	-330.17352	-426.9361	1000.0	-38.815437	4.5915747	-12.76861	-51.981377	316000	-0.04324305	152.74948	-0.0021367036	-36.11988	5.4858174	3.9773702e-05	347.6364200115204
79	-364.8184	87.71213	-240.5477	-488.51376	1000.0	-30.922464	7.9378066	7.8747177	-52.246613	320000	-0.0062569473	200.96523	-0.0024199774	-33.48166	5.4409065	0.0004278841	352.06195855140686
80	-392.1435	35.834713	-353.3655	-435.72504	1000.0	-38.227398	6.3454337	-5.2930136	-47.32657	324000	-0.004082097	196.82446	-0.0015414408	-18.918213	5.4890246	0.0006767137	356.79635787010193
81	-427.24002	112.12655	-244.80518	-530.99457	1000.0	-35.971413	5.904836	-7.7586117	-49.835445	328000	-0.05013318	281.6373	-0.0012641214	-63.0224	5.469015	4.0493906e-05	361.056613445282
82	-393.21704	56.14365	-330.70328	-477.9487	1000.0	-40.174343	9.637146	18.332907	-54.116013	332000	-0.02988076	192.03561	-0.0013730694	-48.171112	5.4691706	0.0011350074	365.358567237854
83	-317.843	129.37932	-141.44191	-475.66098	1000.0	-31.41137	8.246217	1.5017099	-48.228767	336000	-0.037739214	208.60275	-0.0008913465	-34.165222	5.4751577	0.00049314747	369.8681561946869
84	-405.41135	44.623768	-351.68246	-461.60355	1000.0	-34.13636	9.966193	3.4931815	-53.41228	340000	-0.070709184	211.5466	-0.0014507249	-40.731995	5.442753	0.00014251935	373.9978702068329
85	-373.0017	132.27316	-156.5739	-482.86575	1000.0	-36.37278	10.219717	10.765382	-53.72824	344000	-0.040849037	299.9818	-0.0017836615	-39.11371	5.4689794	0.0002737482	378.2627396583557
86	-345.59476	107.35029	-175.5132	-472.05383	1000.0	-35.04926	6.973517	-3.2783003	-53.279617	348000	-0.0416785	245.47044	-0.0013488568	-48.97554	5.4696727	0.0003354795	382.2421975135803
87	-466.09436	14.270516	-451.34586	-482.03177	1000.0	-37.580135	6.9045086	4.6049814	-54.511124	352000	-0.025919296	239.26273	-0.001334209	-76.136734	5.4864144	0.00028184277	386.6440017223358
88	-368.10376	78.8129	-277.2385	-460.24976	1000.0	-40.59011	6.287741	-4.8368907	-56.673397	356000	-0.06917636	268.40146	-0.0010064393	-76.188	5.44461	0.00033818674	390.8153269290924
89	-297.88788	103.10537	-144.96745	-409.62585	1000.0	-33.762333	8.0865965	-0.9149689	-51.486942	360000	-0.019932285	300.09457	-0.0012089144	-85.87845	5.444948	-6.098217e-05	395.0269412994385
90	-428.01874	51.34682	-375.26617	-512.45917	1000.0	-30.092905	9.101686	14.335646	-50.402897	364000	-0.038778793	288.1639	-0.0010558628	-82.61919	5.4592443	-5.560416e-05	399.912718296051
91	-333.66766	109.50815	-148.25633	-415.38074	1000.0	-37.169647	8.762359	20.433962	-49.571636	368000	-0.026184391	236.05763	-0.0014057066	-83.21501	5.4400983	-8.789551e-05	404.3333990573883
92	-394.16684	31.388517	-346.54254	-426.71582	1000.0	-34.779453	10.103093	8.703165	-47.188614	372000	-0.029211728	166.39879	-0.0016336739	-38.376633	5.4553957	0.00018235612	408.89118671417236
93	-418.85898	111.53016	-226.48325	-497.18576	1000.0	-33.120632	7.2644978	2.8553953	-47.520985	376000	-0.08015758	339.76263	-0.0012913942	-59.661255	5.4598174	0.0003664943	413.3184337615967
94	-371.0804	103.99143	-214.48114	-503.1316	1000.0	-40.57652	8.660474	2.472666	-54.56807	380000	-0.026063928	223.493	-0.0018320642	-53.2399	5.5063148	0.00050208176	417.70519828796387
95	-319.76004	95.970726	-215.61531	-445.44794	1000.0	-31.793734	10.435516	5.9459944	-47.576927	384000	-0.08107806	185.55821	-0.0015825033	-24.19986	5.4648066	0.00019394535	421.46907663345337
96	-409.24866	90.71043	-306.63107	-553.79156	1000.0	-28.800215	10.589062	10.725061	-47.64804	388000	0.0036862812	445.45187	-0.001403182	-158.34375	5.4899716	0.00063742814	425.70198702812195
97	-354.69693	47.34338	-282.31967	-415.01053	1000.0	-36.490944	7.180982	7.950299	-52.14782	392000	-0.044955827	190.05443	-0.0010830462	-51.870804	5.427883	0.0005354747	430.04493713378906
98	-305.7782	106.849236	-143.69812	-443.74728	1000.0	-29.810427	8.882927	13.272966	-47.537296	396000	-0.08039328	254.0071	-0.0018473268	-35.590027	5.441738	-0.0005079486	434.3833727836609
99	-407.40942	26.443472	-376.53964	-447.3323	1000.0	-37.374287	5.740337	0.57376	-48.324303	400000	-0.019959401	133.42824	-0.0013147313	-13.553314	5.409913	0.0003431006	438.9828884601593
100	-326.90805	59.803104	-225.38554	-372.05078	1000.0	-31.086946	8.237984	-1.5167818	-46.559242	404000	-0.08249843	262.46365	-0.0017385408	-39.986084	5.4524527	0.00016042161	443.5033218860626
101	-320.32336	22.637651	-288.1665	-350.00616	1000.0	-29.208567	6.0508213	6.5154915	-48.85092	408000	-0.054905597	339.3836	-0.0014029928	-43.557587	5.4884834	0.0005687403	447.9720649719238
102	-373.15634	76.16772	-241.26997	-419.90866	1000.0	-32.168926	5.6458473	-3.4073753	-51.733936	412000	-0.051130682	210.72641	-0.0014239475	-71.75624	5.4771953	-3.5817207e-05	452.3783357143402
103	-380.52374	25.790613	-342.0192	-408.67596	1000.0	-29.161024	10.935784	9.644368	-50.799427	416000	-0.011610328	357.09882	-0.0021478236	-97.31351	5.4878573	0.001078192	456.84863352775574
104	-273.1138	79.87843	-194.82936	-401.55966	1000.0	-32.291264	7.588857	6.680806	-53.92379	420000	-0.026359085	279.21875	-0.0019440036	-101.73218	5.481105	0.0009529562	461.25694251060486
105	-328.40213	69.98422	-221.19162	-411.55502	1000.0	-30.381645	9.7744465	12.055878	-52.495926	424000	-0.03899215	248.237	-0.0018074587	-32.910202	5.4623237	-7.396042e-05	465.5739607810974
106	-358.08112	74.443115	-256.34222	-466.67218	1000.0	-30.780703	7.7444654	3.434657	-47.86888	428000	-0.02863342	330.73148	-0.0010507144	-80.28819	5.4202685	-0.0007347316	469.881769657135
107	-250.80066	136.14714	-98.33758	-418.87866	1000.0	-30.888386	6.2337584	-6.3284116	-52.656116	432000	-0.034080893	406.51718	-0.001435075	-193.60358	5.4471264	0.00024729996	474.15796971321106
108	-296.6214	93.88883	-158.04079	-406.6798	1000.0	-23.959547	12.066809	22.04537	-48.86684	436000	-0.032683913	294.43887	-0.0016987734	-68.726456	5.4143615	0.0005648203	478.40657567977905
109	-271.545	39.431755	-227.90024	-334.31772	1000.0	-25.753334	7.5968843	1.9179292	-51.15171	440000	-0.01642847	340.12164	-0.002805084	-40.565094	5.4395485	2.0054102e-05	482.5229501724243
110	-258.60834	104.04345	-180.99648	-435.6829	1000.0	-26.998592	9.215495	11.145639	-48.166122	444000	-0.06967874	244.03777	-0.0014115125	-56.637543	5.4491367	-0.0007551856	487.56117057800293
111	-303.46848	76.76925	-190.17075	-379.65723	1000.0	-24.419355	11.559421	16.30483	-45.688313	448000	-0.009788708	221.60397	-0.0011033649	-41.989044	5.3951125	0.0003302226	491.89265966415405
112	-360.72192	57.92407	-283.49973	-430.87637	1000.0	-30.269472	9.580937	10.399845	-48.711483	452000	-0.078188874	250.71053	-0.0017316565	-43.5679	5.442802	0.0005550554	496.161874294281
113	-369.61954	65.74267	-274.94196	-459.8565	1000.0	-31.502838	8.443281	12.105336	-51.959156	456000	0.014643329	258.35907	-0.001819565	-31.984085	5.4055033	-2.6915908e-05	500.39794278144836
114	-271.0602	51.755257	-205.67667	-343.76553	1000.0	-32.71021	9.16469	9.629732	-57.139824	460000	-0.026431108	327.08636	-0.0013201572	-83.44946	5.4255166	0.0007720969	504.8535861968994
115	-341.78848	61.1954	-255.60689	-405.11655	1000.0	-22.805164	19.31032	41.98311	-45.101707	464000	-0.06208794	708.55896	-0.0016856045	-541.04517	5.455163	0.00012479752	509.02718710899353
116	-279.18713	42.671535	-222.38225	-340.2359	1000.0	-22.440067	9.9414425	4.5591207	-47.694736	468000	-0.043760587	205.91882	-0.0008289069	-61.332443	5.4490128	0.00067182066	513.4523241519928
117	-254.07378	36.235786	-212.45143	-309.66614	1000.0	-23.976858	6.8733897	2.3937247	-46.769356	472000	-0.041092727	345.01376	-0.0019817352	-52.44696	5.429461	0.00047081345	517.834819316864
118	-299.89902	102.55458	-179.51144	-463.1473	1000.0	-24.577713	7.6374564	5.174469	-48.363895	476000	-0.020529767	305.24033	-0.0027977321	-37.55957	5.4680285	0.0010525775	522.279997587204
119	-244.18259	92.57204	-107.910446	-351.85468	1000.0	-25.490484	7.430398	-0.19494873	-49.37324	480000	-0.07156878	250.23253	-0.0011699721	-40.620377	5.4689035	0.0005592544	526.0899429321289
120	-156.84065	106.92395	-41.191975	-330.89755	1000.0	-22.412457	8.252403	17.153322	-47.418762	484000	-0.02146705	393.63757	-0.0018175486	-129.22583	5.4102697	0.0005317395	531.2923774719238
121	-182.5857	50.903618	-118.690475	-256.26074	1000.0	-17.550167	14.004678	25.785223	-43.23061	488000	0.0025460762	198.33513	-0.0011156343	-37.315445	5.380839	0.0007971806	535.740462064743
122	-341.56384	63.815067	-247.83324	-427.69336	1000.0	-14.158735	8.494199	15.415767	-43.272926	492000	-0.040767673	652.7944	-0.0013381019	-322.35138	5.4004707	0.00050823175	540.2506859302521
123	-280.12997	47.303047	-239.05347	-360.07407	1000.0	-32.62688	9.026332	12.116004	-52.72442	496000	-0.011743309	382.40494	-0.0009322455	-102.26663	5.4430647	0.00043152142	544.4142973423004
124	-317.42743	23.427156	-277.95078	-337.80527	1000.0	-26.0954	7.347649	5.2689424	-48.361664	500000	-0.04203918	184.30139	-0.00093120337	-37.724106	5.4250946	0.00033200716	548.798465013504
125	-337.98624	99.21916	-169.0069	-423.4233	1000.0	-31.050817	6.6460714	-1.5478714	-45.517326	504000	-0.053938486	250.22203	-0.0015611611	-48.428818	5.4216638	0.0008958535	553.2486584186554
126	-317.56946	66.78829	-245.829	-396.07852	1000.0	-26.45243	10.273728	14.465478	-49.506664	508000	-0.068290174	330.6293	-0.0013590083	-44.050842	5.4361105	0.0002679529	557.6334331035614
127	-287.25092	64.88237	-212.51678	-388.7895	1000.0	-27.806208	9.508875	6.263518	-46.495876	512000	-0.025504285	145.7463	-0.0018961392	-25.539742	5.406265	0.00049864955	562.1812133789062
128	-231.86023	21.566734	-207.61107	-265.4991	1000.0	-22.095837	7.8647766	11.861821	-46.263435	516000	-0.018686917	360.90933	-0.0013893079	-43.45465	5.425033	0.00014220244	566.565714597702
129	-254.10513	37.49938	-218.42047	-316.78687	1000.0	-21.593105	8.215421	16.026743	-46.051685	520000	-0.04515898	214.90904	-0.0016114749	-33.010513	5.4466085	0.0005529468	570.6780836582184
130	-231.36179	94.642044	-117.14542	-365.1357	1000.0	-24.424627	8.469143	5.3005633	-46.0293	524000	-0.053858742	328.5018	-0.00093136355	-59.122986	5.452664	-8.668577e-05	574.612282037735
131	-218.5682	28.262283	-181.64435	-249.61395	1000.0	-21.459438	10.793862	18.972908	-44.236122	528000	-0.013094573	264.20337	-0.0016310504	-48.137802	5.4323835	0.0008034152	579.1078572273254
132	-252.18082	107.575165	-100.9875	-359.75644	1000.0	-21.069424	9.521545	10.617124	-51.234097	532000	-0.026368901	372.60202	-0.0012000967	-56.822144	5.424733	-8.067823e-05	583.3329584598541
133	-122.05611	74.037834	-6.9378805	-212.57356	1000.0	-21.245096	12.65262	25.06736	-49.62064	536000	-0.04547733	322.99796	-0.0014326945	-135.08139	5.412915	0.0003390804	587.6905219554901
134	-181.03967	48.608147	-131.88185	-259.89957	1000.0	-12.199203	12.358737	19.774933	-43.1521	540000	-0.027345024	256.24664	-0.0013362505	-63.98076	5.431413	0.00013736087	591.9316604137421
135	-230.9251	59.29156	-153.7332	-312.34796	1000.0	-14.161816	7.923373	16.795464	-40.062145	544000	-0.06529306	312.72586	-0.002500385	-70.371994	5.42412	9.782237e-05	596.1768183708191
136	-206.23944	100.03406	-70.37769	-343.58447	1000.0	-23.186863	9.666212	6.1046166	-45.15226	548000	-0.05753857	267.33475	-0.001146555	-53.564774	5.3909283	0.0010706735	600.1969857215881
137	-229.50702	105.4904	-67.363144	-353.89188	1000.0	-15.814549	9.307326	17.258951	-45.462933	552000	-0.046032928	592.3144	-0.0031128079	-130.77295	5.3697596	0.0010054364	604.653902053833
138	-240.81537	59.976913	-172.20312	-312.01926	1000.0	-22.501156	12.353958	25.17387	-52.555553	556000	-0.011678459	419.54178	-0.0011020778	-62.181976	5.4037824	7.603544e-05	608.9641664028168
139	-175.9672	35.129883	-143.42963	-230.57716	1000.0	-20.485573	9.957998	18.77213	-50.121162	560000	-0.041682202	270.19656	-0.0019163936	-66.364456	5.3801136	0.000734193	613.3520984649658
140	-265.9754	56.97709	-201.20705	-334.48468	1000.0	-16.754152	6.7454023	7.1652036	-40.620415	564000	-0.043776643	329.8073	-0.0015423074	-104.92088	5.42617	0.00092988665	617.9167697429657
141	-196.11249	74.20249	-102.79239	-288.4721	1000.0	-24.55402	6.0773973	1.1152267	-43.17479	568000	-0.009497634	299.24625	-0.0016666045	-89.233505	5.364545	0.0013946557	622.5502605438232
142	-320.2512	52.946777	-245.17949	-392.8859	1000.0	-18.641079	7.201115	12.395374	-43.432755	572000	0.0073427046	411.03156	-0.0008888263	-137.98026	5.3993506	0.00035973196	626.9646122455597
143	-285.22357	94.196655	-144.97603	-387.81995	1000.0	-30.873255	8.733498	4.36538	-47.148502	576000	-0.014850735	248.69969	-0.0010125907	-50.921432	5.403926	0.00086535234	631.1451699733734
144	-149.60196	48.814495	-75.54977	-212.18507	1000.0	-18.71132	9.516342	14.604155	-45.76376	580000	-0.053565603	273.03308	-0.0011119507	-62.22325	5.4018683	-0.00022859615	635.4793198108673
145	-178.22241	49.355778	-124.87355	-236.78049	1000.0	-13.327981	7.8358655	12.312729	-40.36656	584000	-0.04081253	327.53967	-0.001679033	-54.717743	5.4111376	1.8661201e-05	639.0128481388092
146	-318.88312	128.83769	-167.83531	-464.11453	1000.0	-21.50318	10.522395	11.38735	-42.93626	588000	-0.049437393	285.8272	-0.0012173764	-97.98143	5.4185433	-0.0003119232	643.4311282634735
147	-109.82301	37.40051	-59.175945	-164.38824	1000.0	-18.22301	8.281875	9.621086	-45.82893	592000	-0.0145693235	361.552	-0.0012867022	-102.65521	5.4286513	0.0003200565	647.331297159195
148	-249.58148	76.81953	-127.012314	-318.90613	1000.0	-19.524202	12.300894	17.162004	-43.396755	596000	0.025484726	237.74529	-0.0015025493	-42.143784	5.3691816	0.0009997716	651.7867376804352
149	-196.41762	30.262245	-163.51453	-243.98491	1000.0	-19.791548	11.412658	13.6195755	-44.102436	600000	-0.024385529	221.1686	-0.0010149069	-35.623947	5.4217167	-0.00030648021	656.2585563659668
150	-272.69556	57.39675	-179.7619	-333.31696	1000.0	-22.380642	11.826563	30.545097	-42.718803	604000	-0.05102486	380.72836	-0.0014102794	-119.72116	5.428863	0.00048022962	661.3218770027161
151	-244.48868	72.984406	-126.126854	-310.84818	1000.0	-19.849651	12.329441	22.690153	-44.54784	608000	-0.0023452826	275.80716	-0.001505126	-62.0157	5.4363008	0.0011949944	665.4286880493164
152	-187.492	150.32054	67.70005	-310.8314	1000.0	-18.8143	12.226875	21.57822	-49.34091	612000	-0.020341368	354.9585	-0.0012928694	-60.04532	5.3695836	-0.00015610975	669.6635119915009
153	-114.481255	76.73978	0.15058452	-188.32071	1000.0	-14.197115	11.282525	20.135675	-42.459236	616000	0.045690734	283.71573	-0.0018526204	-58.655457	5.385349	0.00088395143	673.8658595085144
154	-112.0217	112.353325	5.113779	-266.9334	1000.0	-9.8136215	11.566318	22.569748	-40.274185	620000	-0.049658682	356.90543	-0.0016882047	-52.92624	5.409346	0.00076420815	677.7670965194702
155	-95.77654	87.781876	-8.794466	-234.15685	1000.0	-6.1165867	10.964989	28.50812	-45.68054	624000	-0.074775174	379.3165	-0.0018243268	-71.074646	5.425379	0.0008928565	681.8755261898041
156	-204.0776	53.832355	-133.49803	-270.45633	1000.0	-11.014535	9.7902565	19.107811	-47.85159	628000	0.018882316	262.4019	-0.0014565196	-80.7337	5.414371	5.5776178e-05	686.179084777832
157	-311.05695	104.005905	-189.16937	-417.20035	1000.0	-25.475042	10.19071	11.401551	-46.292686	632000	-0.029897064	192.04872	-0.0012756046	-44.30597	5.415542	0.00033029992	690.5685698986053
158	-204.1428	47.461952	-162.57664	-280.15622	1000.0	-24.171524	12.579614	11.599358	-48.508034	636000	-0.038774673	229.89537	-0.001758784	-52.077286	5.3706903	0.00027005965	695.1268236637115
159	-164.34593	67.538345	-95.5593	-251.31287	1000.0	-15.028458	10.227545	20.508127	-43.82319	640000	-0.05705963	307.717	-0.0018963255	-54.83461	5.387832	0.0008647982	699.5710325241089
160	-194.81216	132.90141	1.1754688	-362.8571	1000.0	-17.123474	12.890774	26.517923	-44.827286	644000	-0.0071574594	294.18768	-0.0018282696	-49.387543	5.400477	0.00084291823	704.4550795555115
161	-138.62968	43.80992	-89.88746	-195.40929	1000.0	-15.038103	9.848355	17.59155	-41.821682	648000	-0.028291773	209.07184	-0.0018069576	-43.53421	5.4015455	-0.0004539904	708.3454766273499
162	-173.92694	89.772316	-29.04648	-270.76544	1000.0	-13.3601465	9.275342	17.78592	-36.29394	652000	-0.062440697	343.64905	-0.001145687	-72.05429	5.4239326	0.0007160668	712.1765570640564
163	-227.81683	74.91536	-113.68371	-308.3717	1000.0	-21.263937	11.68708	19.693453	-43.63239	656000	-0.0596038	320.18427	-0.0012727343	-54.934113	5.3769474	0.00040808326	716.5879549980164
164	-317.90048	16.385342	-296.27798	-341.91812	1000.0	-22.13435	9.085318	20.476131	-46.612343	660000	0.0024190904	273.68826	-0.0013867265	-78.515915	5.42022	0.0008129998	720.7123568058014
165	-174.14114	119.38162	-34.288326	-353.42633	1000.0	-25.014187	7.746087	11.709193	-46.753002	664000	0.00047628974	343.87634	-0.000838459	-179.17671	5.4046288	0.00044885857	725.0960760116577
166	-176.6864	127.10136	-62.909172	-392.04666	1000.0	-15.301529	12.566947	18.834696	-46.822056	668000	-0.03768656	283.8892	-0.0013374016	-58.03723	5.4244113	0.000141608	729.243579864502
167	-265.52792	108.995415	-114.911285	-390.9597	1000.0	-25.117676	12.753916	17.353868	-44.474384	672000	-0.03647534	224.54312	-0.0012165569	-35.62343	5.4336085	0.00067954866	733.2497003078461
168	-151.10588	84.542076	-72.26699	-291.23322	1000.0	-16.262388	11.181305	19.208193	-42.46302	676000	-0.037526976	247.04523	-0.0011325441	-47.16829	5.4067435	0.00038618987	737.4529001712799
169	-217.5524	70.00718	-143.60522	-331.09454	1000.0	-15.769229	9.939527	24.098703	-43.12388	680000	-0.018653108	219.99701	-0.0010645092	-68.03723	5.4348583	0.00059832464	741.4173278808594
170	-106.26764	42.402977	-63.69387	-169.34286	1000.0	-17.880106	8.951004	9.457983	-39.949505	684000	-0.026913099	334.42227	-0.0013864078	-119.33609	5.3963614	0.00017718601	746.2736377716064
171	-141.63078	127.20326	-16.382711	-304.26752	1000.0	-9.0903635	7.382363	17.494823	-34.740982	688000	-0.07348525	445.42242	-0.0022180304	-91.275604	5.3988338	-0.00038919353	750.591468334198
172	-160.73451	70.49976	-94.20918	-262.60562	1000.0	-15.112004	11.011201	26.458092	-47.259876	692000	0.019989833	208.19063	-0.0013962276	-46.051712	5.396069	0.00012193036	755.1573276519775
173	-108.25256	53.25219	-19.854671	-162.5077	1000.0	-13.088884	6.915849	16.092297	-36.68964	696000	-0.032291368	188.53325	-0.0010845177	-38.981415	5.399989	-0.0001182189	759.1483778953552
174	-89.49924	45.58683	-26.536203	-149.42627	1000.0	-10.032321	6.427714	14.112093	-32.203304	700000	-0.07752242	196.76125	-0.0015158504	-32.685867	5.3914933	8.439672e-05	763.2549068927765
175	-153.56348	111.85748	-47.33316	-315.26654	1000.0	-11.78381	9.528602	18.968164	-35.567112	704000	-0.039493095	230.88004	-0.0010884963	-68.92784	5.3702316	0.00010929781	767.3653976917267
176	-235.1527	55.379093	-181.82784	-310.70514	1000.0	-15.0993395	13.581516	25.648964	-45.453728	708000	-0.084962584	345.7961	-0.0012371391	-101.17006	5.3732977	3.061044e-05	771.5892610549927
177	-193.43103	45.528095	-119.48993	-242.68507	1000.0	-19.795567	9.837361	12.087284	-45.410713	712000	-0.056082573	282.38132	-0.0015345924	-54.712357	5.423994	0.0001129505	775.6265413761139
178	-166.74135	149.78864	-6.033386	-406.4828	1000.0	-15.812781	10.9511175	19.863358	-38.744686	716000	-0.041468933	330.98926	-0.0010711513	-99.64819	5.3762302	0.0007206253	780.1187365055084
179	-185.01006	72.92558	-84.95604	-258.1356	1000.0	-17.633104	17.937159	33.55802	-48.342686	720000	-0.047625694	243.70816	-0.001388222	-82.34094	5.357212	0.00051470276	784.3421809673309
180	-142.84001	151.60298	-32.340412	-402.23596	1000.0	-13.545338	10.224167	19.828384	-43.368248	724000	-0.041849785	237.55028	-0.0011105239	-40.95073	5.430638	0.00031115752	789.0910007953644
181	-218.71257	66.12956	-164.3874	-331.26184	1000.0	-12.961801	10.173262	22.260359	-43.1891	728000	-0.04558679	459.61807	-0.001328636	-143.70517	5.388933	0.00042807675	793.4815490245819
182	-120.85254	75.76569	-6.1808906	-218.16003	1000.0	-20.144814	8.544329	13.347904	-48.993618	732000	0.03535144	396.38513	-0.0017106533	-166.0635	5.392619	-0.000784346	797.4080691337585
183	-163.56448	104.47262	-34.220795	-323.53482	1000.0	-11.633672	12.502445	22.992346	-42.353573	736000	-0.01729215	264.28223	-0.0012186039	-55.630325	5.4126887	2.8081e-05	801.9583177566528
184	-134.71344	102.024704	-3.3193636	-248.49928	1000.0	-8.773117	9.423165	22.476858	-41.43062	740000	-0.054950025	337.9615	-0.0011369772	-59.820496	5.395077	0.0005549532	805.8491442203522
185	-161.0045	24.186152	-136.39879	-191.21288	1000.0	-21.969484	13.785305	16.959717	-46.480717	744000	-0.002688631	230.08913	-0.0012751827	-92.07736	5.3802	0.00012671029	810.3036103248596
186	-173.15396	68.16902	-68.49146	-258.9999	1000.0	-8.028204	6.587671	13.522182	-35.477207	748000	-0.039338775	302.83118	-0.0013738647	-85.66414	5.384368	0.00034316306	814.4451978206635
187	-135.74716	81.43531	-36.858444	-237.92807	1000.0	-14.723344	7.6948323	14.340132	-37.980713	752000	0.008629253	341.34238	-0.0010197139	-53.608185	5.3921328	-1.3643682e-05	818.8329553604126
188	-117.220184	40.441536	-68.22855	-170.44484	1000.0	-15.900321	10.995194	20.439499	-44.2452	756000	-0.027633417	271.0563	-0.0013188384	-58.91571	5.3475304	0.00045292752	823.0463488101959
189	-147.53835	84.863556	-58.72889	-287.20505	1000.0	-11.872376	12.065386	22.441996	-43.867577	760000	-0.066981405	267.4406	-0.0010591522	-43.588425	5.3619766	0.0004023876	827.4472496509552
190	-117.555756	68.521255	-23.043966	-199.51959	1000.0	-8.661639	9.429814	18.3602	-40.563427	764000	0.030539738	224.11119	-0.002198929	-46.705322	5.413671	0.0003148566	831.9784338474274
191	-34.60095	64.788666	64.24824	-98.28947	1000.0	-11.771002	8.717222	17.959488	-42.479683	768000	-0.011058882	304.65207	-0.0024863435	-109.250916	5.3378654	-0.00016353762	836.3090841770172
192	-199.76636	92.18373	-48.38897	-297.6553	1000.0	-8.817224	11.0600605	24.64791	-39.055817	772000	-0.007140627	366.0157	-0.0012312112	-134.0489	5.4293904	0.0014492533	840.3973019123077
193	-197.53844	74.56754	-111.97302	-317.25748	1000.0	-16.867617	10.184944	20.79753	-47.434353	776000	0.01015066	370.45438	-0.001228503	-64.5827	5.367004	0.0003977977	844.7432055473328
194	-157.99094	116.08774	-20.83433	-281.9751	1000.0	-11.693264	9.961718	23.943645	-48.29119	780000	-0.015249159	366.87183	-0.0010488369	-68.03177	5.367327	3.831446e-06	848.8572118282318
195	-155.53778	111.50303	-15.051127	-312.44043	1000.0	-16.831913	12.342758	19.884748	-49.76637	784000	0.017866945	346.74866	-0.00088408217	-62.78601	5.3963842	0.00020344311	853.0486333370209
196	-71.88738	56.494743	-12.573942	-145.33012	1000.0	-9.461961	8.738685	23.622927	-42.091164	788000	-0.041509002	229.25697	-0.0017820597	-45.29254	5.399561	0.00031611978	857.0833566188812
197	-169.62778	157.72871	42.927975	-394.9521	1000.0	-12.611536	11.9289255	20.805927	-40.82103	792000	-0.040253308	359.66083	-0.0010696761	-85.30298	5.3991976	0.00055258436	861.371416091919
198	-133.85487	85.63404	-58.830566	-273.07428	1000.0	-10.949629	11.753099	29.7711	-42.536556	796000	-0.028896615	242.23845	-0.0013021976	-52.651596	5.3929863	0.00010455519	865.3364908695221
199	-161.10509	58.738804	-104.65169	-258.59457	1000.0	-15.307266	10.557125	20.780245	-44.663303	800000	-0.025574414	293.44843	-0.0011546239	-58.005234	5.4051294	0.0006394985	869.6527678966522
200	-62.25757	178.44174	102.677704	-335.51416	1000.0	-11.062957	8.248707	21.488783	-40.47677	804000	-0.06875158	514.25867	-0.00079292804	-130.41238	5.3664308	0.00014305342	874.6493728160858
201	-97.46174	58.925014	-28.526611	-186.31107	1000.0	-8.373096	14.529137	37.57762	-42.878815	808000	-0.07126544	249.29828	-0.001905486	-80.22827	5.3872943	0.00018741506	878.3810603618622
202	-73.57044	101.30773	-2.5120807	-248.51134	1000.0	-6.119349	9.351809	26.55992	-37.763058	812000	-0.022633277	308.31274	-0.0021603424	-49.50714	5.3714747	0.0001916042	882.8052372932434
203	-123.80612	86.46606	-40.83239	-253.05644	1000.0	-9.203461	13.074717	32.083252	-42.791405	816000	-0.013183965	477.8159	-0.0023185527	-88.50476	5.393594	0.00027590193	887.3368589878082
204	-26.676674	108.09362	131.22154	-135.45497	1000.0	-4.847702	12.564147	42.53931	-45.702217	820000	-0.0024289198	305.42374	-0.0017004146	-73.58537	5.3676934	0.0008230253	891.7839949131012
205	-95.13709	107.97146	20.772581	-254.42163	1000.0	-4.722343	11.4533825	30.445559	-41.772438	824000	-0.05288833	363.44263	-0.0014797077	-70.20438	5.341584	-0.00046973873	896.3072855472565
206	-107.67799	82.682526	4.94994	-188.5414	1000.0	-7.55141	9.872627	26.690567	-38.027233	828000	-0.042085934	291.91675	-0.00085974485	-51.974808	5.434529	0.00018574602	900.4006497859955
207	-108.735504	70.89043	-29.118929	-222.86276	1000.0	-10.832077	9.787997	17.578667	-42.482315	832000	-0.017008414	276.58804	-0.0019762404	-49.28772	5.309001	0.0007479877	904.8403615951538
208	-117.404045	126.48104	43.833027	-274.81998	1000.0	-12.330389	11.720621	31.295132	-38.079712	836000	-0.010284628	241.62653	-0.0013893303	-69.35568	5.3882213	0.00077204814	909.121283531189
209	-121.65012	80.82896	-19.1399	-245.70297	1000.0	-8.233911	13.393061	25.251343	-42.46416	840000	0.006903875	314.85538	-0.0015145186	-70.51959	5.3881693	0.00034782474	913.2329466342926
210	-132.69148	55.440205	-50.0587	-184.66212	1000.0	-7.1018662	9.634097	25.209167	-36.146847	844000	-0.015817368	442.2353	-0.0012128856	-110.46561	5.3421044	0.0006036567	918.329389333725
211	-71.361374	132.35876	60.434475	-290.19806	1000.0	-12.255785	9.380509	22.014795	-41.95223	848000	-0.053299554	423.4742	-0.0013467632	-93.05405	5.376137	0.00074424315	922.5627825260162
212	-201.51596	34.46783	-145.03392	-238.4677	1000.0	-11.529	12.990096	28.875526	-51.655605	852000	-0.07430815	588.20514	-0.0010498092	-146.76306	5.3798604	0.00037171884	926.8412053585052
213	-203.66368	50.375923	-151.56294	-257.40332	1000.0	-19.064665	15.430636	26.980465	-55.277405	856000	-0.008658684	373.9905	-0.0007405868	-79.95761	5.365446	0.0003470292	931.0218169689178
214	-84.68079	99.145836	56.433514	-212.00307	1000.0	-13.176877	10.762874	24.959747	-48.41167	860000	-0.043787125	376.66626	-0.0025068186	-98.53845	5.376417	0.00048730563	935.0136036872864
215	-105.90582	193.75798	101.296814	-403.81448	1000.0	-12.095752	12.323426	22.940952	-41.162624	864000	-0.05239277	416.8319	-0.0013850443	-125.67871	5.357479	0.0003828106	939.2727279663086
216	-121.21548	82.48801	-36.750355	-248.72902	1000.0	-3.3156726	13.609644	36.438293	-49.010662	868000	-0.035800256	347.61285	-0.0014762878	-134.5119	5.349629	0.00056804315	943.6093797683716
217	-141.55399	174.33316	103.53425	-319.85403	1000.0	-17.394451	15.017003	26.590788	-52.0674	872000	-0.019142602	274.8739	-0.0021130852	-58.873596	5.313678	0.0006358347	947.982105255127
218	-75.26929	85.119736	27.995827	-182.77484	1000.0	-6.8418145	11.053692	30.80272	-39.149773	876000	-0.06909748	348.8058	-0.0011438057	-57.175507	5.3475423	0.0005250301	952.4232137203217
219	-94.79013	169.56505	119.504395	-345.1714	1000.0	-9.552012	14.119522	28.067358	-44.818333	880000	-0.024024934	361.05048	-0.0015478581	-72.045715	5.34783	0.00023393345	956.9183194637299
220	-162.82312	91.19094	-72.28398	-307.53497	1000.0	-10.116283	14.166021	25.521595	-46.72597	884000	-0.058358468	294.45486	-0.0010162741	-80.05771	5.3499484	7.722032e-05	961.8772420883179
221	-42.26628	101.741394	103.00244	-162.52379	1000.0	-9.761972	8.764669	17.019701	-44.04079	888000	-0.06983807	312.7052	-0.0022056773	-89.73244	5.379482	0.00049119705	966.1112096309662
222	-36.27446	112.36579	95.41591	-210.79765	1000.0	-5.869832	11.919987	34.166615	-48.419113	892000	-0.057355255	245.46587	-0.0014488697	-47.79837	5.374263	-0.00016193121	970.3149309158325
223	-79.46779	92.940544	57.96291	-178.71106	1000.0	-1.2425025	8.350889	24.11776	-32.090797	896000	-0.04589911	297.82175	-0.0012105778	-89.63043	5.3547106	0.00014330864	974.7853538990021
224	6.8538475	96.80299	114.29284	-140.28365	1000.0	-10.404157	12.389373	21.269165	-47.187695	900000	-0.044201814	331.3025	-0.0016979054	-162.42818	5.3920145	0.00072909764	979.2151408195496
225	-220.45976	96.39142	-119.824486	-368.39972	1000.0	-10.290789	17.833109	30.264805	-46.635155	904000	-0.03937948	353.51718	-0.0019759946	-161.50385	5.3368506	0.0004326111	983.4319062232971
226	-97.71275	147.88268	84.08979	-326.75983	1000.0	-14.814105	12.382331	16.122482	-46.342014	908000	-0.010207288	348.05896	-0.0021547135	-105.214035	5.397098	0.0011536813	987.8933131694794
227	-88.8227	101.364174	46.923122	-227.61482	1000.0	-4.203578	12.498047	32.804974	-46.818615	912000	-0.0038365193	455.01993	-0.0014173922	-88.656555	5.377829	0.0013811495	992.2624428272247
228	-102.47373	117.50475	26.486403	-258.05527	1000.0	-12.210665	14.802548	28.496878	-43.20544	916000	-0.04341268	246.40973	-0.0013960637	-67.71217	5.401731	0.00013467527	996.6537175178528
229	-11.652693	98.58928	86.49752	-175.08409	1000.0	-0.7298581	9.332148	29.581587	-32.381527	920000	-0.0074481317	396.06442	-0.001544517	-74.33606	5.3225527	-0.00033850104	1001.2206494808197
230	-41.672203	57.21816	37.132587	-123.28197	1000.0	-0.7992512	11.838191	31.402954	-44.170383	924000	-0.026099315	425.88312	-0.0014497247	-76.37009	5.342203	0.00017573893	1006.0899035930634
231	-118.91765	126.13714	-12.690183	-333.4996	1000.0	-2.955171	12.25321	32.39894	-43.669476	928000	-0.05440174	744.891	-0.0015617236	-340.6412	5.446427	0.00075054454	1010.5505940914154
232	-24.871178	153.91422	162.30737	-260.16684	1000.0	-7.5292625	9.45377	32.723778	-41.23163	932000	-0.032554697	441.88287	-0.0019291677	-128.89563	5.3495665	0.0010513125	1014.7206964492798
233	-42.990063	161.24849	140.17181	-277.2427	1000.0	-3.523927	13.809101	36.597862	-42.19973	936000	-0.025015302	432.93906	-0.0014245976	-76.28717	5.32367	-0.0003022647	1019.1895322799683
234	-159.82925	100.52973	-32.03726	-311.94708	1000.0	-7.2097135	16.8979	37.3674	-50.757027	940000	0.019735714	358.31238	-0.0014326554	-119.95679	5.342394	0.0005547369	1023.5811100006104
235	-6.749586	45.462227	52.74856	-69.58369	1000.0	-8.1705675	10.66787	28.113523	-45.988186	944000	-0.05407116	383.4938	-0.0011145025	-120.53107	5.277235	0.0004465994	1027.945018529892
236	-131.33754	176.60803	8.316069	-432.06015	1000.0	-8.317351	15.651266	28.865194	-45.507107	948000	-0.0766573	275.978	-0.0016154498	-70.99141	5.3623095	0.000719394	1031.9202809333801
237	65.898705	130.74467	232.41833	-127.337135	1000.0	-0.91251975	10.429959	33.640736	-37.160744	952000	-0.013137108	450.6539	-0.0019373912	-144.58347	5.361974	0.001137151	1035.9782853126526
238	-113.457726	150.24544	106.35537	-277.7886	1000.0	-3.0540497	21.111153	42.138504	-56.75084	956000	-0.008097442	478.86694	-0.0019681249	-196.95682	5.292003	0.0005373769	1040.5292792320251
239	-156.31493	181.42241	57.222195	-443.4466	1000.0	-14.782445	15.20761	29.573408	-45.269863	960000	-0.030550212	390.29303	-0.0011019744	-93.42435	5.3436174	-5.4592074e-05	1044.6312317848206
240	-1.8039122	60.351757	61.13824	-77.48559	1000.0	-1.7952281	10.27559	32.548958	-41.383854	964000	0.014876318	290.83932	-0.00097070914	-53.95674	5.291252	0.00020482772	1049.6178705692291
241	-154.42499	157.05501	-53.90382	-426.17352	1000.0	-7.277572	16.534615	32.7885	-50.28358	968000	-0.08079154	319.354	-0.0018485785	-92.43776	5.349049	0.0007945046	1054.1139142513275
242	-26.784498	140.62466	107.16303	-237.51338	1000.0	-9.605201	14.853396	28.248016	-54.4389	972000	-0.028435027	452.6927	-0.0010292083	-144.01749	5.36692	0.0006522078	1058.3937463760376
243	24.557669	102.39489	176.17819	-109.912674	1000.0	2.3860934	11.59581	37.19278	-39.466694	976000	-0.0334779	397.4848	-0.0017578639	-66.82617	5.33816	0.00075301446	1062.7046766281128
244	-115.3496	234.24693	69.93263	-516.53094	1000.0	-5.702324	16.849752	39.66085	-49.205925	980000	-0.0112175625	397.5073	-0.001310966	-94.18262	5.3445764	-3.9858223e-05	1067.1328258514404
245	-143.3222	108.005775	-8.918381	-303.93652	1000.0	-4.7855334	17.092161	39.237724	-59.23876	984000	-0.029725704	615.50793	-0.0008879248	-343.50916	5.3218827	0.00020883036	1071.3506863117218
246	-55.923824	91.3348	43.866524	-159.46136	1000.0	-5.448343	10.953112	33.61883	-48.68534	988000	-0.024553185	443.6049	-0.0018388815	-83.69934	5.3099513	0.00043839632	1074.9603505134583
247	-7.8865204	32.971455	25.856102	-61.228645	1000.0	-3.9983459	10.606169	33.190994	-43.400005	992000	-0.049571972	325.09796	-0.0018528588	-79.56386	5.336765	0.0006767087	1079.2457592487335
248	22.236908	175.4026	160.17755	-277.34866	1000.0	-4.519957	15.774965	35.28743	-48.6236	996000	-0.094443426	461.23526	-0.001387611	-170.00446	5.3103633	0.00041225404	1083.459053516388
249	-86.391106	153.32219	107.535835	-319.4265	1000.0	-1.4440273	22.530073	47.429497	-58.60308	1000000	-0.06987721	398.89273	-0.0012865663	-114.530365	5.3660803	-3.1375885e-06	1088.8296875953674
