Epoch	AverageEpRet	StdEpRet	MaxEpRet	MinEpRet	AverageTestEpRet	StdTestEpRet	MaxTestEpRet	MinTestEpRet	EpLen	TestEpLen	TotalEnvInteracts	AverageQ1Vals	StdQ1Vals	MaxQ1Vals	MinQ1Vals	AverageQ2Vals	StdQ2Vals	MaxQ2Vals	MinQ2Vals	LossPi	LossQ	Time
1	-41.928642	68.61912	10.918138	-301.73782	-1057.0073	719.37244	-27.045002	-1984.2247	137.8	641.8	5000	0.420504	2.6568642	18.359856	-12.65289	0.42020535	2.65759	19.116175	-12.438251	-1.5650933	0.30203357	40.37556552886963
2	-60.98596	103.17871	28.5756	-367.52618	-36.262848	18.57926	-14.360883	-73.6844	186.14285	20.5	10000	9.354049	5.9541993	42.24058	-8.141473	9.3543415	5.954672	42.1987	-8.019584	-12.243345	1.2994014	77.4049425125122
3	-150.35219	486.97162	186.65312	-1936.5481	2.439462	50.234104	82.52078	-111.49717	252.90909	226.6	15000	17.018614	7.440034	54.18032	-12.51138	17.01903	7.4431567	54.38791	-18.975227	-19.3687	3.0682971	123.03033256530762
4	19.534254	46.24644	78.10435	-141.35852	79.23746	78.42514	298.84448	6.725973	203.68182	193.3	20000	17.054249	9.82086	55.6714	-16.581362	17.054018	9.824559	54.332253	-15.200614	-19.21122	3.2636971	161.86588740348816
5	181.69075	144.77039	470.88455	9.283149	160.58101	220.16246	608.2239	5.1169314	535.44446	286.5	25000	16.303198	10.525166	50.471287	-18.06412	16.302765	10.526167	51.467113	-22.87466	-18.310446	2.8282342	204.13640809059143
6	138.60612	184.75333	551.70874	0.10501847	247.10335	261.08658	694.3792	-0.9406338	309.5625	442.4	30000	15.679495	10.504261	51.046715	-17.912348	15.679694	10.504479	51.70212	-18.268684	-17.555725	2.4769998	249.57679438591003
7	370.85846	249.5844	682.16785	51.687023	171.60667	161.27206	553.3275	11.401693	680.5	334.6	35000	16.327164	9.561391	47.799816	-17.55392	16.32743	9.562242	49.17821	-17.186768	-18.055975	2.372963	296.87077736854553
8	182.77014	195.67003	690.26385	9.626255	430.9257	279.50665	799.9882	8.985532	333.375	665.6	40000	17.696999	8.651634	48.895397	-19.491308	17.697435	8.651574	50.345287	-12.64919	-19.298193	2.5086057	349.2331168651581
9	597.1454	59.95014	656.4867	495.13837	331.91635	294.80014	737.6729	15.659541	1000.0	473.5	45000	19.709015	8.047603	50.798763	-21.335747	19.709316	8.048157	51.43288	-17.191946	-21.238106	2.5229692	395.71901297569275
10	514.8594	214.5001	661.61993	42.30835	229.1854	220.86542	757.0714	10.692762	840.3333	336.3	50000	21.76948	7.579673	53.457924	-22.605291	21.76984	7.580788	54.093124	-20.193636	-23.272995	2.3913474	441.1683030128479
11	225.82375	207.90836	615.2934	10.27351	403.66376	339.8238	781.5847	21.00704	361.66666	541.6	55000	23.620247	7.304388	53.69843	-22.563837	23.620314	7.305673	57.08936	-18.047382	-25.040329	2.5109682	485.42409801483154
12	430.1507	244.69243	689.9509	53.20366	481.9292	321.90598	953.7496	74.97409	696.375	602.1	60000	25.327541	7.2226925	56.028194	-14.818211	25.327684	7.2223797	56.192154	-12.619839	-26.727922	2.637425	537.5586009025574
13	223.48868	257.37125	721.76715	11.759517	449.74088	312.1687	873.32117	67.923584	321.46155	575.2	65000	27.109074	7.127968	58.380203	-15.051061	27.109217	7.128365	59.20018	-15.193946	-28.45969	2.8237119	581.1244449615479
14	508.5527	232.29936	732.62946	128.3468	617.4566	271.04837	1007.89764	274.9325	726.125	698.9	70000	28.438168	7.1256585	58.75342	-17.552727	28.43838	7.127487	57.582767	-14.824733	-29.753883	2.858866	636.4722774028778
15	267.0715	301.71674	754.5776	-7.667732	510.46353	286.54266	840.4858	82.620155	392.83334	684.2	75000	29.918447	7.2222743	58.241825	-15.768718	29.918707	7.222578	58.448364	-14.718713	-31.223639	2.9086	685.5879952907562
16	337.88538	304.38547	728.5089	16.601076	764.7567	226.5173	1027.0028	162.80794	438.08334	877.6	80000	31.308788	7.1105547	61.7391	-21.05837	31.308962	7.1120996	60.01993	-17.121521	-32.570686	2.983961	740.2619247436523
17	390.967	303.5866	829.61475	25.222258	452.02628	332.026	797.927	12.616041	457.4	602.7	85000	32.794216	7.0444674	60.97452	-35.083622	32.79422	7.047031	62.403027	-18.070126	-34.024807	3.0826933	786.8651838302612
18	815.5309	132.37642	1071.2241	711.0221	340.3143	333.49573	866.84875	12.565846	961.0	393.5	90000	34.159775	7.0577607	63.16142	-15.710746	34.159733	7.059467	63.544216	-16.38089	-35.36245	3.197538	831.6080629825592
19	302.28073	326.76523	924.27264	15.434445	512.5371	307.5713	888.0688	10.066659	368.07144	596.6	95000	35.64092	7.095148	67.32349	-15.262291	35.640785	7.097547	65.00555	-13.67218	-36.854923	3.4377918	882.7725863456726
20	554.89703	326.67786	813.9138	5.941137	577.1738	386.197	1159.0619	14.8679	729.8571	641.8	100000	37.138966	7.1486163	68.37209	-22.187622	37.138866	7.1521873	69.69626	-14.801382	-38.341877	3.507338	934.3910026550293
21	197.60359	270.51788	914.11835	0.14123645	453.37833	361.36075	949.7146	33.843666	226.65	471.9	105000	38.38004	7.2141066	71.90352	-15.995114	38.380047	7.2162232	69.91997	-16.220552	-39.585453	3.7146485	979.2233505249023
22	413.22556	372.368	937.7554	-12.089564	607.96265	434.2218	1238.2429	21.618383	507.72726	584.0	110000	39.44198	7.2086143	70.53721	-18.237934	39.44205	7.2114477	70.36239	-19.958818	-40.650276	4.0131087	1031.1010744571686
23	531.062	345.4791	947.1621	11.490656	539.34283	383.60245	1083.2859	23.45441	600.0	503.7	115000	40.481888	7.1916356	74.52044	-21.564451	40.48189	7.1970673	74.89069	-24.45422	-41.68173	3.961113	1077.144723892212
24	635.5144	303.40527	977.74835	84.64941	769.3451	379.18637	1343.5461	34.461433	691.5	809.6	120000	41.532867	7.2559447	74.44216	-18.081465	41.53274	7.258452	77.51104	-23.65116	-42.72492	3.9564197	1133.6163823604584
25	307.91174	320.15317	944.4154	13.428046	619.36414	381.53552	1103.9814	18.31192	318.3846	652.0	125000	42.631927	7.3711524	75.21853	-23.946482	42.631714	7.375402	77.71425	-18.377798	-43.793526	4.31601	1179.0036833286285
26	714.6694	300.19107	1061.7087	38.35115	688.33	287.80826	1038.8788	47.566196	737.25	712.2	130000	43.587177	7.531287	76.34556	-17.380653	43.58716	7.5342193	79.38087	-20.122158	-44.77766	4.368399	1236.8044393062592
27	569.367	323.38232	1025.6097	158.02284	793.0099	385.57504	1147.633	46.551044	536.75	754.8	135000	44.71229	7.708704	77.56011	-18.166985	44.71217	7.71128	77.69439	-35.47921	-45.876347	4.515747	1285.3781065940857
28	594.5711	448.86002	1246.9207	6.2124515	619.86725	431.28702	1342.1534	28.152613	570.55554	578.3	140000	45.738987	7.936463	78.437225	-27.41242	45.739017	7.9390526	79.594315	-27.475628	-46.902	4.603648	1335.661702632904
29	772.87506	343.496	1189.5194	66.551476	467.60294	320.02405	894.0928	-6.9068794	843.5	436.2	145000	46.69808	8.171037	80.51835	-50.014023	46.697796	8.17474	82.1316	-44.65057	-47.871685	4.541448	1383.5163218975067
30	661.75323	393.80432	1139.9464	-2.1151645	632.20935	424.0502	1198.0612	26.937613	648.5714	637.6	150000	47.647938	8.417206	82.23697	-39.988255	47.647873	8.418611	83.31036	-26.05705	-48.833366	4.525556	1431.0951144695282
31	1077.4635	279.1012	1368.1124	719.91974	537.04663	555.02167	1702.2496	12.681433	1000.0	462.9	155000	48.613686	8.752892	82.97208	-20.68631	48.61361	8.755612	84.66025	-28.543816	-49.789986	4.671261	1479.6419727802277
32	749.16943	474.71066	1612.1759	21.70581	985.5773	414.94522	1667.4541	38.726624	747.0	738.3	160000	49.449955	9.161814	86.50345	-30.633728	49.44993	9.162889	87.10242	-25.250912	-50.64161	4.7852864	1533.116498708725
33	633.8572	437.4208	1344.489	30.332424	800.3582	536.7142	1819.9656	89.828514	524.8	650.7	165000	50.52601	9.68507	88.32537	-32.144707	50.5258	9.68789	89.75028	-24.735939	-51.7426	5.1603146	1586.1700897216797
34	511.69302	408.65704	1118.7861	50.944603	738.6379	329.57327	1262.4364	198.83617	452.08334	731.0	170000	51.600304	10.293561	91.04349	-23.975525	51.60007	10.29644	90.24435	-24.698303	-52.85287	5.651315	1641.7614877223969
35	657.33417	252.74896	949.6707	299.83862	685.89484	506.515	1408.6362	16.0954	832.6	595.9	175000	52.229866	10.877451	93.15011	-24.16301	52.2292	10.881761	92.86249	-42.37312	-53.473522	5.889531	1686.5295102596283
36	827.85675	325.1374	1110.7578	100.00569	913.02264	458.4966	1837.0597	225.60692	803.0	763.4	180000	52.763252	11.339874	95.82873	-30.384926	52.762753	11.345048	94.06684	-24.455765	-54.01387	5.844306	1744.4967074394226
37	933.2341	445.3785	1579.6128	318.86435	1046.8684	469.47488	1608.7651	173.34875	687.2857	810.5	185000	53.665043	12.066516	98.33027	-34.340622	53.664738	12.070277	95.77476	-24.037699	-54.908905	6.2068486	1797.6229588985443
38	1164.2396	586.8852	1826.0997	99.836075	926.9542	531.1281	1843.7108	10.232266	817.8333	786.1	190000	54.646877	12.736622	98.62062	-31.192265	54.646717	12.740595	97.586044	-30.17039	-55.878273	6.5282726	1849.9297878742218
39	724.10443	477.40598	1329.3082	32.051594	773.2182	412.19308	1261.4989	82.030846	546.6	583.1	195000	55.62492	13.406592	101.174324	-32.391228	55.624535	13.409356	102.54872	-30.302814	-56.879944	6.787661	1904.409896850586
40	791.81506	585.20325	1868.3536	10.842941	1125.7031	732.339	2034.6615	111.56231	453.0909	694.1	200000	56.693897	14.05836	102.541016	-23.341467	56.693707	14.061391	102.91004	-40.67562	-57.91351	7.2967725	1957.1013762950897
41	1054.8214	546.5327	1799.6194	213.85796	775.943	448.2654	1795.5115	267.22208	719.8571	581.0	205000	57.638065	14.874318	106.23509	-35.068485	57.638107	14.877117	104.87072	-28.796024	-58.86594	7.8575945	2008.316666841507
42	1195.1392	458.4926	1657.764	459.35025	1287.6538	623.9548	2066.1218	331.49792	758.1667	696.3	210000	58.492756	15.625576	107.256645	-27.189941	58.492702	15.626159	108.53084	-32.1009	-59.732376	8.086182	2059.0954682826996
43	1509.4908	608.19574	2047.1296	295.99344	1840.0361	488.65625	2299.051	774.6688	860.5	953.0	215000	59.636406	16.422472	109.87112	-40.876747	59.63609	16.424633	109.864075	-28.42645	-60.906796	8.499017	2116.2097623348236
44	1040.3921	547.8448	1874.0186	177.40532	1043.5085	514.82306	2146.0125	182.79474	836.1667	648.7	220000	60.75777	17.307556	111.65764	-57.36292	60.7578	17.308645	111.133446	-28.545755	-62.045506	8.756506	2167.6955354213715
45	1454.8236	457.59244	2021.3503	714.13916	1303.7949	583.3256	2146.0872	149.37988	894.3333	799.5	225000	61.861088	18.215052	117.25261	-37.1457	61.861153	18.216757	114.53367	-38.012985	-63.153385	8.949516	2223.736081123352
46	1576.4154	712.69745	2385.198	412.60367	1166.1378	712.03784	2212.0364	47.280983	786.5	817.7	230000	63.112206	19.243399	117.39339	-28.652914	63.11201	19.24432	117.65432	-34.475307	-64.363235	9.555311	2275.4674520492554
47	905.10345	494.16302	1606.7269	177.27467	1979.0867	704.1608	2499.343	223.86362	541.6667	858.0	235000	64.339806	20.276138	120.87504	-26.758524	64.33977	20.278608	119.08486	-30.811682	-65.68626	10.149034	2329.715010404587
48	1449.9955	512.8045	2213.2886	750.76245	2180.688	329.35724	2443.0461	1396.933	897.0	1000.0	240000	65.84958	21.540457	123.099754	-26.49431	65.84924	21.543684	124.443	-27.653252	-67.23335	10.96555	2389.29922914505
49	1755.3286	674.9278	2294.85	617.36633	1623.893	773.278	2431.6958	677.4299	792.0	809.5	245000	67.19131	22.577753	128.62717	-52.893223	67.190865	22.580149	127.02707	-42.90917	-68.5723	11.00853	2442.225182056427
50	1366.4469	706.0621	2099.0498	116.237625	1825.9246	683.0868	2699.999	207.26166	845.6667	910.7	250000	68.5011	23.82993	128.9413	-37.681763	68.50093	23.83305	129.71	-53.762444	-69.9205	11.603198	2499.2938022613525
51	1323.2421	788.829	2386.3342	108.54979	1879.6758	636.6329	2532.5608	704.6181	636.375	1000.0	255000	69.8405	25.081491	132.91135	-35.57085	69.84036	25.083742	134.35439	-43.974304	-71.25986	12.102591	2557.723120689392
52	1443.3551	852.6195	2373.6367	167.78464	1380.4026	963.4563	2684.273	31.747257	724.0	633.4	260000	71.271484	26.2996	135.84096	-45.42407	71.271255	26.299978	134.78104	-40.313232	-72.71706	12.702224	2605.572189807892
53	1874.6549	558.3913	2511.8171	998.22955	2525.3296	56.77982	2649.6765	2422.0864	1000.0	997.6	265000	72.804886	27.521955	140.80171	-43.460896	72.8051	27.52332	140.40533	-38.16667	-74.19371	13.277412	2662.1797063350677
54	1783.0592	755.1889	2430.4827	320.18173	2007.8073	820.2255	2726.9478	43.708477	855.6667	836.1	270000	74.36458	28.949364	142.75175	-48.144745	74.36434	28.951656	141.65976	-41.21609	-75.88817	13.763601	2718.492766857147
55	1385.4268	861.6119	2702.717	388.79434	1367.1956	781.23834	2584.4563	211.70532	777.2857	616.3	275000	75.73805	30.317999	144.67995	-40.096382	75.73778	30.321764	145.41032	-41.783306	-77.272	14.2374115	2773.8146913051605
56	1935.0602	894.48944	2851.6167	470.4183	1767.7311	840.0013	2877.4841	440.2458	769.6667	706.1	280000	77.313446	31.755314	148.61998	-38.743748	77.31335	31.757532	149.31465	-35.376987	-78.87252	14.750066	2824.571862220764
57	1752.5663	936.8086	2813.9646	378.79507	2572.561	492.69897	3145.2217	1820.7284	712.5714	947.2	285000	78.79882	33.14124	155.09334	-40.53277	78.79898	33.145485	154.18105	-44.93085	-80.405914	15.44348	2880.986486196518
58	2347.9126	555.15436	2814.5217	1235.2622	1609.0687	861.33655	2976.3625	257.08826	881.1667	693.5	290000	80.680176	34.801216	159.9071	-83.27855	80.68004	34.803062	163.77792	-48.41035	-82.26782	16.508484	2936.0428836345673
59	1689.2725	1052.7314	3146.638	20.59659	2026.3274	767.0528	2937.3745	922.6187	741.4286	923.2	295000	82.477425	36.337017	164.91313	-49.698154	82.4775	36.339497	164.45465	-39.233345	-84.045296	17.955215	2993.753637313843
60	2130.6438	1174.8627	3082.8442	49.994873	1957.7119	926.62683	3102.999	718.963	725.0	924.7	300000	84.52957	37.875916	168.15697	-38.666527	84.52908	37.877903	167.76671	-49.765285	-86.179565	18.364798	3045.6595335006714
61	1786.7734	848.8568	2935.2825	476.67545	1983.8308	974.3193	3245.534	98.443245	720.1429	742.9	305000	86.30816	39.521606	178.51436	-49.534252	86.30833	39.523594	180.68275	-78.39208	-87.974075	18.740475	3099.7758178710938
62	1579.7462	1032.0457	3174.8235	23.685043	2265.6091	887.61584	3081.1836	210.66545	720.2857	796.2	310000	87.946846	41.266975	172.6364	-43.61072	87.94672	41.268047	173.96182	-49.351715	-89.75837	20.536581	3154.536217212677
63	1747.4382	1159.5281	3012.9087	190.54951	2483.0852	652.89716	3015.8477	1208.8854	659.5	964.2	315000	89.84702	42.909325	184.89651	-40.95106	89.84656	42.910286	186.63454	-46.211197	-91.55478	21.146805	3213.6118104457855
64	2047.0569	671.76917	2898.1797	1228.0098	2602.9993	871.3464	3095.7935	118.93599	1000.0	879.0	320000	91.519	44.441723	186.51505	-91.62587	91.51875	44.443428	181.81424	-52.382202	-93.14038	22.90692	3270.6600563526154
65	1769.3068	1144.9465	2961.3257	239.33582	2670.332	1033.379	3306.9138	607.90643	845.6667	841.0	325000	92.764626	45.805534	187.78873	-54.536537	92.764275	45.80818	186.16501	-76.13202	-94.76871	22.808872	3327.3216381073
66	1808.1405	803.3745	3042.7466	899.3261	2390.6848	1209.5089	3324.272	19.669203	799.1667	802.8	330000	94.14636	47.30822	187.33778	-55.315002	94.146324	47.308094	187.01768	-58.43507	-95.891464	23.787882	3381.627444267273
67	2049.56	869.5832	3118.5693	700.67126	2619.2166	1152.5818	3356.2505	262.8362	906.5	822.5	335000	95.63447	48.640446	190.8401	-59.8728	95.63494	48.640293	190.87773	-62.41115	-97.3651	24.686537	3440.1519474983215
68	2042.7773	907.5369	3062.726	623.4739	2688.9133	1027.137	3467.0396	550.5606	809.1667	901.5	340000	96.90677	49.920532	193.81511	-67.93237	96.90699	49.920086	197.2746	-55.512283	-98.79407	24.890045	3496.787290096283
69	2133.4758	1033.7719	3146.7786	559.54254	2688.376	1023.4034	3492.5403	212.24243	865.6667	889.0	345000	98.22883	51.08559	195.54918	-63.982185	98.22912	51.086742	201.91515	-54.88272	-100.04094	24.647915	3555.5414612293243
70	2583.1287	1195.3643	3373.0764	202.35333	2185.1445	1331.3176	3484.624	137.64519	819.4	838.8	350000	100.19548	52.571503	201.98825	-112.06956	100.19596	52.571396	200.2933	-52.483326	-102.17017	26.440338	3606.4996449947357
71	1642.1348	1145.5646	3424.3325	464.975	2895.4993	669.3555	3377.578	1512.1102	735.1429	943.6	355000	101.405685	53.967087	200.89157	-75.91947	101.40518	53.96861	205.31975	-61.555958	-103.30016	26.986708	3665.654133796692
72	2347.662	1017.30237	3320.8376	291.48993	3377.4185	191.31514	3660.338	2924.578	797.0	993.2	360000	103.48664	55.66818	205.98936	-71.76275	103.48644	55.668224	210.0647	-64.37245	-105.453156	28.22816	3727.492181777954
73	2641.1365	1302.7206	3585.1335	110.450424	3160.2612	66.90964	3249.3953	3030.8037	785.0	1000.0	365000	105.26185	57.239983	210.02657	-76.1625	105.261536	57.242237	209.17279	-77.56813	-107.221115	29.489725	3782.88981962204
74	3271.7417	455.67212	3698.661	2442.4841	2584.8337	1533.4751	3859.4082	81.039024	1000.0	781.1	370000	107.227974	58.796246	215.27719	-63.439568	107.22853	58.794815	212.94037	-67.80531	-109.3416	30.178654	3838.845785140991
75	2031.2135	1427.2018	3572.716	247.61757	1857.1722	1395.3926	3688.0413	43.42165	592.875	629.8	375000	109.46253	60.519653	216.24245	-59.79787	109.46258	60.520832	220.57129	-64.9834	-111.51433	31.840614	3891.0548620224
76	2101.5588	1414.1565	3654.957	335.64456	2617.0625	1616.142	3986.5935	89.30907	677.25	673.7	380000	111.27429	62.28392	220.07677	-88.99652	111.2747	62.283573	220.8685	-86.490524	-113.26226	31.97025	3947.7582223415375
77	2823.1243	915.96246	3441.457	1014.5759	2475.0452	844.8292	3439.3203	1031.8446	984.4	881.4	385000	113.42133	63.732864	221.53098	-80.9425	113.42129	63.734207	222.46336	-100.25782	-115.594376	34.243546	4005.0261421203613
78	2796.0295	1141.9393	3624.9158	352.39008	3843.0337	92.89565	4014.6394	3690.943	834.8333	1000.0	390000	115.1755	65.14069	224.82616	-91.746956	115.17513	65.13858	225.22357	-106.54769	-117.28931	34.697575	4063.323459625244
79	2486.6187	1708.8357	4113.5054	30.77225	3071.7727	1339.5607	3948.333	225.39464	663.25	827.2	395000	117.25151	66.61579	228.21893	-87.13189	117.25208	66.61605	228.00505	-87.460075	-119.35497	35.518074	4120.40947675705
80	2414.5132	1114.3956	3850.4421	708.35706	4017.629	112.356026	4192.1396	3819.988	782.8333	1000.0	400000	118.92059	68.00388	237.39061	-94.04415	118.92086	68.00336	231.46793	-94.70719	-121.19028	38.493526	4177.495773553848
81	3412.275	729.0889	3977.9849	1981.2373	3535.5962	1114.6296	4238.221	983.4704	1000.0	925.6	405000	120.52238	69.18544	231.72176	-87.357666	120.522835	69.184875	233.64452	-70.43839	-122.780365	37.932957	4235.400540351868
82	3370.1118	434.91348	3793.374	2541.5686	3069.9224	854.45966	3498.3735	530.42615	937.2	918.0	410000	122.74456	70.400314	238.16296	-70.76581	122.74458	70.401794	238.16425	-70.11244	-125.05155	38.32353	4290.600037097931
83	2293.3564	1495.2513	3918.5273	206.82805	3711.7715	655.81714	4108.685	1907.2035	681.5	944.5	415000	124.58731	71.94503	240.18352	-98.638565	124.58706	71.945274	241.11205	-98.60848	-126.89628	40.401962	4351.301889419556
84	2731.3337	1524.5126	3909.487	-15.796913	3966.2988	89.79451	4094.0818	3788.2	836.1667	1000.0	420000	126.42267	73.42087	243.62476	-90.41855	126.42315	73.42098	242.9379	-113.139145	-128.93546	42.938606	4410.822131872177
85	3149.5496	1264.372	3861.1763	334.98843	3890.11	819.50793	4289.7856	1454.7784	852.8333	1000.0	425000	128.40265	74.70369	246.45241	-94.42603	128.40257	74.70679	248.87027	-89.763016	-130.8266	42.72316	4471.260348558426
86	3281.6904	1270.5026	4018.5793	452.2167	3595.645	1210.4109	4219.524	115.73946	856.1667	972.1	430000	130.73709	75.9412	250.40749	-143.6112	130.73636	75.94272	247.91486	-167.9985	-133.18723	42.673416	4531.806843519211
87	2390.025	1359.9419	4050.197	1.8573803	2698.935	1647.2428	4341.683	9.718502	612.7143	747.6	435000	132.53865	76.95745	249.90047	-95.804016	132.53896	76.95889	251.31303	-71.56148	-135.02225	45.225636	4582.3354415893555
88	2717.4956	1384.9836	4090.8838	86.86992	4128.505	979.6145	4731.4736	1253.7831	701.625	927.9	440000	134.5048	78.33481	254.81491	-104.106705	134.50446	78.33485	256.9082	-108.31358	-136.82047	44.401283	4645.413967132568
89	3610.0376	898.3085	4245.3525	1838.2534	3980.1558	207.6523	4167.715	3437.0208	890.0	983.0	445000	136.66722	80.04759	256.15042	-95.51883	136.667	80.050064	257.5709	-83.83743	-139.082	45.94394	4700.4900443553925
90	3638.3525	641.23474	4046.0227	2216.0164	3226.4016	1329.0437	4399.6855	325.4269	924.3333	814.6	450000	138.92575	81.44202	261.12018	-114.41356	138.92548	81.44153	263.0099	-126.23841	-141.39621	46.94967	4760.5852637290955
91	2750.7598	1378.9462	4085.623	-17.71324	4227.079	76.81882	4327.8535	4108.218	733.0	1000.0	455000	140.85278	82.91875	262.6838	-140.69008	140.8528	82.918846	265.30765	-142.68636	-143.46593	50.093613	4816.626231431961
92	3359.7117	1305.4872	4112.1455	449.549	3290.2344	1552.3799	4483.7793	678.0122	856.1667	854.5	460000	143.00119	84.02063	266.59442	-123.05123	143.00108	84.02044	265.88306	-146.60182	-145.42085	50.746914	4874.449613809586
93	4075.48	166.30917	4292.4004	3822.6519	4059.513	757.9559	4537.3984	1838.6235	1000.0	942.8	465000	145.07155	85.099915	270.90097	-93.34117	145.07068	85.10154	270.39053	-104.38426	-147.35953	50.669662	4933.151771306992
94	2802.362	1447.9757	4338.878	-2.7200415	3664.8508	1484.3202	4674.862	59.9182	786.8333	841.8	470000	146.57372	86.28455	275.0612	-92.09712	146.57439	86.28424	270.52576	-93.48522	-149.23825	50.6481	4988.8370633125305
95	3532.9465	1262.796	4287.515	729.3115	4338.335	107.83079	4585.642	4201.7637	868.0	1000.0	475000	148.6637	87.74795	278.58252	-98.94099	148.6626	87.7493	274.78043	-100.46652	-151.0368	52.992012	5049.920956373215
96	3926.6375	838.94464	4480.1724	2061.6536	2416.8865	1789.1069	4448.3604	125.125145	917.8333	582.2	480000	150.53311	89.17063	279.84042	-111.504715	150.5332	89.17098	275.7786	-88.522644	-153.00586	53.667843	5107.0376489162445
97	3044.0518	1249.2993	4338.6846	1350.1694	4258.253	967.2455	4839.597	1392.7512	727.8333	933.0	485000	152.3723	90.597946	278.63962	-121.62559	152.37001	90.602234	277.65472	-90.857735	-155.0626	53.586536	5161.939780950546
98	4098.907	333.66068	4331.2666	3371.714	4480.8706	112.57416	4658.138	4262.506	961.1667	1000.0	490000	154.2836	92.54295	282.34805	-93.28758	154.28065	92.549904	282.37653	-97.39457	-156.93507	53.726055	5226.888592481613
99	3395.7253	1302.6938	4522.1123	1383.9813	3380.6804	1399.6633	4821.8623	506.0739	798.3333	772.5	495000	156.12277	93.93082	287.66254	-90.905655	156.11998	93.935165	285.83228	-114.99492	-158.92438	55.563343	5283.012715578079
100	4454.643	105.030045	4568.545	4310.5127	4333.1416	930.2547	4913.981	2446.6453	1000.0	907.1	500000	158.38599	94.83721	288.91656	-124.24879	158.3844	94.838615	287.42664	-102.06066	-160.9852	56.4815	5341.7150819301605
101	4048.6675	769.3531	4566.989	2526.1926	4801.669	113.58272	4976.8623	4617.9893	919.6	1000.0	505000	160.04681	96.106544	292.70193	-123.107956	160.04623	96.10824	293.68613	-92.869	-162.47902	56.89149	5399.544240951538
102	4092.5166	710.2613	4495.84	2509.8198	4219.6924	1408.3436	4901.1177	16.187164	930.0	901.7	510000	161.92035	97.51301	295.8301	-116.94262	161.91801	97.5177	296.21445	-131.76888	-164.39427	57.62993	5462.5618851184845
103	3669.5938	1297.0206	4535.231	1111.7709	4449.3887	534.0109	4873.0073	3125.6821	854.4	954.3	515000	164.73393	98.04358	298.41968	-96.79277	164.73088	98.048775	299.9886	-114.915855	-167.49892	60.374626	5517.567428350449
104	4034.3435	623.3746	4772.102	3123.4968	4745.1235	124.35226	4889.064	4509.927	905.8333	1000.0	520000	166.5955	99.152756	304.34454	-138.6772	166.59128	99.160324	302.77826	-138.78264	-169.38116	62.683773	5581.067933320999
105	3418.7642	1858.2163	4936.5376	12.900554	4381.1494	651.05536	4753.979	2482.5225	753.7143	990.8	525000	168.64767	99.9995	302.1735	-107.71571	168.64372	100.0057	302.81616	-111.55651	-171.79002	62.47596	5642.098176717758
106	3170.4922	1893.1182	4616.2656	-5.515325	3984.4253	999.16144	4655.817	1389.8646	711.6667	894.8	530000	170.63828	100.64875	306.2696	-103.88772	170.63516	100.656654	307.2875	-120.79409	-173.16058	63.420315	5694.177448987961
107	2946.8926	1557.544	4544.7515	258.066	4581.124	85.505035	4709.6035	4439.4375	674.875	996.5	535000	172.19806	101.120735	306.7445	-106.305504	172.19249	101.13004	306.22076	-105.968895	-174.96423	62.822838	5756.446174621582
108	3762.541	1067.2023	4371.947	1631.5337	4379.85	894.88947	4827.7476	1769.1039	876.6	985.5	540000	174.09947	101.53075	309.8317	-95.41433	174.0961	101.53642	308.63394	-87.607155	-177.13098	65.54084	5812.024579524994
109	3767.0642	1695.6694	4664.031	-13.416826	3825.7817	1637.424	4832.5527	213.31921	836.5	1000.0	545000	175.19968	101.94049	308.67865	-121.5556	175.19615	101.94641	310.09808	-92.211815	-178.19518	65.93925	5871.844793319702
110	4285.0366	604.17004	4741.6167	3005.016	4359.8896	1037.5968	4818.3384	1253.6376	946.8333	927.5	550000	177.69936	102.145164	312.1526	-98.926315	177.69783	102.15116	312.29596	-118.870384	-180.60356	67.22417	5936.087760448456
111	3519.8289	1859.1962	4663.239	-191.67268	4290.431	1427.0107	4952.4907	21.10339	1000.0	902.2	555000	179.35017	103.002174	313.11484	-82.26766	179.34807	103.00421	311.6682	-108.93423	-181.9829	64.57634	5995.640587806702
112	3784.8447	1162.6743	4628.8105	1407.7954	4620.331	662.2891	5187.622	3053.6619	863.6667	937.2	560000	181.01411	104.12329	315.25266	-101.25816	181.01196	104.12927	312.53925	-108.703575	-183.63933	64.473625	6055.851109981537
113	3223.1316	1658.3671	4700.7446	43.954384	3872.3137	1398.5037	4695.913	328.78323	716.5	854.3	565000	182.48576	105.53308	318.0603	-111.105835	182.48337	105.538536	316.23773	-114.59899	-185.33008	65.930565	6109.094652891159
114	4482.2686	366.8308	4748.106	3802.6975	3974.354	1323.6343	4524.8384	7.1030903	966.2	902.1	570000	183.63724	106.80291	321.13852	-145.8127	183.63576	106.80532	319.8173	-140.27394	-186.59715	71.9596	6166.809099674225
115	4503.3467	167.97614	4658.057	4190.637	4799.007	108.80737	4975.492	4581.589	1000.0	1000.0	575000	185.08434	107.44639	319.06052	-128.49417	185.07983	107.455536	318.60086	-144.99518	-187.95203	71.101494	6226.873955249786
116	3927.7688	931.26843	4632.859	2287.798	4350.9346	773.2102	4821.4263	2052.9646	873.6667	945.1	580000	186.52283	108.231674	325.64243	-125.70039	186.51736	108.243484	322.12814	-154.8111	-189.4744	69.090744	6288.341218709946
117	3809.2646	1695.3119	4881.8154	33.272354	4953.3213	135.06178	5181.5557	4728.895	837.5	1000.0	585000	188.42534	109.206245	325.59784	-139.39229	188.41455	109.22628	325.35104	-146.54004	-191.52328	71.6527	6349.090519189835
118	3984.1125	1509.4502	4778.503	615.2479	4305.5225	1005.5477	4898.777	1460.527	857.5	910.1	590000	189.91966	110.074356	322.75204	-141.79028	189.90598	110.09469	325.5822	-208.08441	-192.67397	71.4261	6408.455055236816
119	4565.1997	35.309628	4633.054	4532.597	4915.065	112.01772	5117.3003	4773.8115	1000.0	1000.0	595000	191.67574	110.971466	325.2681	-168.59654	191.66678	110.98619	326.72372	-181.78406	-194.52975	70.307045	6468.430732965469
120	3621.1685	1690.4103	4705.9775	20.106583	4330.881	106.89527	4558.738	4183.876	790.1429	1000.0	600000	193.71632	111.43805	325.57825	-164.12439	193.70862	111.45317	326.25803	-195.95624	-196.27644	72.52909	6532.589976072311
121	3873.935	1087.8273	4838.0073	1778.686	4509.447	1215.9716	5111.7554	877.6889	873.6	920.4	605000	195.23227	111.83931	328.7477	-163.60596	195.22437	111.85255	330.61194	-172.1116	-198.0182	72.66318	6589.59663438797
122	4589.3477	69.77357	4689.6084	4489.9854	4091.7622	1578.5925	5078.823	750.04474	1000.0	919.7	610000	196.58044	112.45911	330.25424	-180.72617	196.57161	112.47793	332.3735	-143.56938	-199.45392	74.992935	6651.486559152603
123	4502.598	103.61592	4679.6465	4384.0015	4215.2725	1117.3447	5008.3228	1171.2992	1000.0	874.3	615000	198.25179	113.12557	329.8769	-124.60151	198.23868	113.14874	332.12604	-120.668755	-201.22702	72.7978	6711.164066314697
124	4714.84	68.28274	4803.411	4632.258	4153.841	1566.1515	5014.99	52.820335	1000.0	902.9	620000	200.02545	113.65193	332.2408	-118.18824	200.00922	113.67794	333.89557	-149.08244	-202.64284	71.14664	6770.345821380615
125	4660.0225	40.3326	4729.179	4617.8623	4528.889	1509.4712	5171.919	11.826707	1000.0	901.1	625000	201.05608	115.08415	334.17987	-118.70222	201.04707	115.102585	335.68274	-130.9481	-203.88722	71.79475	6829.696180105209
126	4670.649	143.80396	4910.588	4482.103	4879.1675	161.79602	5093.716	4606.0806	1000.0	1000.0	630000	202.75934	116.02617	336.3198	-145.03052	202.75407	116.037834	337.2838	-135.43655	-205.88043	73.88305	6891.51745891571
127	3356.9817	1672.6366	4749.523	671.86523	3874.5657	1900.3496	5136.8936	129.50348	885.0	792.4	635000	203.62053	117.30582	335.37955	-153.3739	203.61797	117.31431	337.07678	-201.94525	-206.6246	72.74515	6952.111457586288
128	4673.8804	168.29233	4875.032	4420.063	4798.7188	325.41373	5183.294	3937.1638	1000.0	985.6	640000	204.94724	118.3359	338.62427	-245.0849	204.9463	118.34032	340.2086	-233.1841	-207.87724	73.203926	7012.802293777466
129	4762.354	110.90218	4955.2583	4654.598	4715.1	811.8243	5093.0864	2296.0527	1000.0	949.1	645000	206.07271	119.49895	342.1892	-136.65115	206.06973	119.5047	341.6014	-156.59148	-209.30629	74.336235	7072.390093564987
130	3984.7332	1197.2395	4944.6304	1490.0787	4794.8257	524.80664	5124.761	3248.243	884.8333	964.3	650000	206.79909	120.80804	341.32285	-124.988266	206.79669	120.811844	342.05176	-173.40213	-209.99689	73.79394	7136.225142478943
131	4233.583	1015.9834	4844.579	2212.8616	4746.1865	868.2696	5297.1543	2188.4385	899.2	943.0	655000	208.58289	121.31445	345.4647	-161.95209	208.58073	121.3203	343.7294	-136.13953	-211.60086	76.76287	7194.430447340012
132	3489.824	2075.0588	4961.3047	6.934875	4944.5884	454.65598	5217.5444	3599.0586	733.4286	973.3	660000	209.83542	121.95227	344.19244	-183.03288	209.8327	121.957054	347.994	-184.36133	-212.69054	79.805695	7257.129086971283
133	4732.3237	137.1659	4849.906	4464.7666	4431.4883	1465.7094	5067.821	43.216347	1000.0	902.4	665000	210.56487	122.799644	346.99493	-159.16324	210.56119	122.81017	343.7045	-136.93944	-213.61584	78.266624	7318.621048212051
134	3554.4336	1751.0353	4851.5415	-2.152377	3883.302	1835.2186	5227.987	3.2867622	755.5714	780.3	670000	210.45091	124.871994	349.39517	-166.36646	210.45038	124.87788	345.34418	-183.75972	-213.60855	85.82527	7379.94824886322
135	4029.1257	1805.4113	5021.7803	19.65018	4170.6895	1715.3176	5190.168	5.243913	837.3333	831.4	675000	211.49889	125.76376	346.68585	-193.22964	211.4945	125.77562	345.83075	-194.23856	-214.50304	82.70139	7439.397992372513
136	4827.927	181.84941	5026.925	4561.7744	4559.5737	879.48944	5085.0176	2300.56	991.4	948.9	680000	212.949	125.76423	347.17978	-179.5494	212.94464	125.7744	346.59393	-217.0538	-215.99876	80.99457	7501.244104862213
137	4755.112	186.60802	5073.2036	4499.65	4774.0317	863.86597	5284.6255	2221.8591	1000.0	947.9	685000	213.60811	126.39543	347.56296	-175.79025	213.60335	126.40449	345.95212	-203.45427	-216.54358	81.865166	7563.045583486557
138	3545.9785	1853.833	4978.44	175.56601	4910.816	110.14152	5091.3813	4738.1694	743.1667	1000.0	690000	214.14761	127.33771	347.8188	-211.96275	214.14473	127.34759	347.46594	-246.11935	-217.23341	83.7017	7620.932918071747
139	4095.5789	1419.7717	4801.019	923.0244	4426.1562	1233.477	4992.3657	737.40894	873.8333	916.0	695000	214.75912	128.84656	346.70572	-225.00558	214.75572	128.85658	349.5727	-210.30896	-217.85788	83.18642	7684.0469472408295
140	3166.1733	1957.0062	5114.9917	173.87779	4509.8447	1014.973	5091.0703	1502.0406	747.0	933.7	700000	214.96329	131.3536	348.84705	-184.1451	214.9569	131.36522	347.98895	-191.72963	-218.2966	86.33153	7746.90204334259
141	4809.9727	170.64598	5090.078	4590.901	5121.7217	78.72298	5239.6694	4998.5054	1000.0	1000.0	705000	214.7232	132.62692	352.53552	-167.13866	214.71913	132.63632	351.73737	-183.45738	-218.11745	87.89971	7809.822902679443
142	4060.8782	1826.9387	5011.7764	-17.00032	5058.6025	624.3285	5385.0806	3222.5205	838.1667	962.9	710000	214.93423	133.10124	349.10767	-169.69739	214.93117	133.10867	349.4043	-156.14821	-218.00822	87.750786	7871.025807380676
143	4505.7686	690.4156	4997.0723	3136.734	5175.353	92.65303	5309.697	4994.1353	933.4	1000.0	715000	215.79802	133.34511	351.39175	-210.26433	215.79411	133.35258	349.25906	-232.73178	-218.88716	87.92346	7930.107310056686
144	4917.221	67.39785	4998.882	4823.2275	4985.8994	121.86013	5233.994	4825.618	1000.0	1000.0	720000	216.1394	134.52718	354.77426	-229.4494	216.1361	134.53491	350.80524	-217.54533	-219.5204	89.98048	7991.991723775864
145	4526.7246	674.6216	4905.6655	3181.0483	5188.044	98.27312	5303.175	4935.779	936.2	1000.0	725000	217.34473	134.88646	352.9834	-190.05943	217.34383	134.89084	352.47485	-228.59914	-220.85939	92.69893	8052.026340484619
146	4740.5903	319.15317	5004.607	4049.2126	4752.3633	789.7455	5417.329	2696.6975	972.5	973.0	730000	218.29327	134.91563	354.06213	-257.43643	218.29427	134.91486	352.81207	-205.25067	-221.64198	93.24156	8120.406703710556
147	4765.1245	105.38654	4862.758	4582.7236	5170.9375	124.43769	5354.292	4873.9033	1000.0	1000.0	735000	220.34062	132.76611	352.08255	-254.11024	220.34254	132.76483	353.98288	-295.06177	-223.40167	90.71403	8181.333103895187
148	3490.2595	1455.1338	5014.5566	1181.1451	5026.648	70.6336	5120.376	4910.902	711.6667	1000.0	740000	222.1241	131.80493	352.1462	-221.47212	222.12671	131.80397	352.73538	-223.4454	-225.44019	92.12441	8237.853540182114
149	5087.1284	60.712143	5184.292	5000.447	5081.5156	106.49508	5204.208	4891.1567	1000.0	1000.0	745000	222.52309	132.36638	355.8783	-214.59528	222.52597	132.36421	353.81277	-226.25642	-225.77937	90.37049	8299.14923620224
150	4916.0654	52.13824	4964.9053	4822.2524	4622.167	1543.29	5283.209	2.7143543	1000.0	901.1	750000	223.41849	132.4745	355.28568	-241.47714	223.42033	132.46962	354.32074	-238.0206	-226.8703	93.264175	8359.94875574112
151	4597.378	722.56146	5077.0537	2994.7073	5131.9863	54.900364	5201.095	5034.668	933.5	1000.0	755000	225.06247	131.75032	356.58957	-234.21288	225.06859	131.74295	356.16376	-270.9426	-228.5597	93.013985	8425.360934495926
152	4884.709	87.90796	5021.455	4763.1953	5215.0415	130.15257	5378.977	4986.3726	1000.0	1000.0	760000	226.71635	131.12157	354.98947	-236.58765	226.71909	131.11836	357.38165	-251.33418	-230.22215	89.0209	8487.969666719437
153	4494.705	1060.5577	5092.2095	2376.442	4745.6045	1140.7877	5384.799	1342.123	908.4	927.0	765000	227.99796	131.18073	360.05182	-226.36108	228.00156	131.17726	361.3887	-218.67723	-231.30287	90.13018	8546.624329328537
154	3852.4172	1620.8118	5207.216	1285.9086	4667.992	1299.6028	5368.8857	939.1292	779.3333	895.5	770000	229.90897	130.34964	358.56592	-184.79556	229.91078	130.34851	360.5136	-189.53912	-233.09914	89.63104	8605.072703838348
155	5051.726	160.74918	5313.893	4846.2363	4285.0903	2033.9744	5480.0586	-971.92737	1000.0	934.0	775000	231.80708	128.90714	359.04935	-181.54301	231.807	128.90591	359.78748	-201.93745	-235.0208	92.002365	8667.075611829758
156	5094.0864	47.13329	5167.495	5036.1685	4108.323	1545.5554	5334.2734	587.10364	1000.0	816.2	780000	234.4376	127.29604	359.78635	-186.49377	234.43712	127.29972	364.02127	-169.84662	-237.5699	87.60357	8728.056119203568
157	4458.8003	1103.5011	5133.323	2000.3536	4896.336	327.60547	5147.938	3952.634	908.1667	979.3	785000	236.7939	125.874344	361.80878	-185.41856	236.79224	125.87737	363.85785	-182.02914	-239.93262	86.10787	8794.7969455719
158	3339.1243	1306.0579	4842.9966	1305.2083	5385.362	107.437614	5524.7017	5164.087	713.4286	1000.0	790000	238.7103	125.05255	364.30792	-165.36957	238.70947	125.05522	363.6445	-156.80394	-241.73816	85.15372	8858.789991855621
159	4925.325	119.667564	5128.222	4774.2812	5216.1367	137.41457	5520.589	4957.5415	1000.0	1000.0	795000	240.65865	124.65713	366.59436	-170.78464	240.65692	124.66123	365.2925	-166.42531	-243.62234	88.80429	8922.962329387665
160	4899.348	64.050156	4967.678	4786.309	4762.6753	1590.4789	5428.2617	-1.9871639	1000.0	902.2	800000	242.61375	124.27124	365.5789	-167.62704	242.61057	124.27858	365.17886	-191.16133	-245.82225	85.46995	8984.405424833298
161	4251.2944	1468.0903	5051.004	983.7002	5150.3604	458.62976	5449.035	3813.3901	867.1667	972.6	805000	243.97421	124.36485	365.7048	-205.2284	243.97462	124.363686	368.77853	-184.9118	-246.7892	85.7583	9048.607004880905
162	4886.1396	126.59241	5099.9688	4733.1396	5147.219	251.33719	5425.0127	4550.1904	1000.0	989.4	810000	245.57085	124.31455	367.6902	-166.53093	245.5708	124.313225	368.9568	-174.86005	-248.57985	85.094505	9112.266540527344
163	4908.2944	177.72769	5127.487	4619.592	5366.5356	144.3037	5584.44	5164.9927	1000.0	1000.0	815000	246.7867	125.11768	368.37363	-232.98135	246.78543	125.12205	369.50513	-250.5848	-250.00412	82.169106	9175.025761127472
164	4970.991	192.20183	5148.041	4616.9585	4797.267	1590.9545	5566.9814	44.18875	1000.0	902.6	820000	247.71724	126.06908	371.10968	-246.24226	247.7163	126.07115	372.06702	-242.9343	-250.62395	87.9108	9238.122796297073
165	3415.346	1959.9753	5135.852	5.6067476	5267.5967	94.68157	5455.747	5144.766	685.7143	1000.0	825000	249.00974	126.37329	373.09518	-217.30727	249.00903	126.376175	371.59448	-225.68237	-252.33182	89.40413	9300.171643257141
166	4955.791	113.980316	5103.102	4797.7217	5406.456	95.56834	5591.3813	5258.114	1000.0	1000.0	830000	249.77046	126.50076	373.0158	-164.30014	249.77205	126.49444	373.42447	-181.32422	-252.953	89.134384	9364.460525751114
167	5014.089	168.86655	5205.6187	4761.29	5186.696	178.47064	5592.038	4965.124	1000.0	1000.0	835000	251.76804	125.344345	377.06064	-255.02519	251.76749	125.34442	373.0207	-187.11691	-254.90352	88.159836	9427.995614767075
168	4939.106	110.02802	5104.0444	4813.8477	5287.3193	104.76873	5468.5806	5137.1895	1000.0	1000.0	840000	253.0547	124.68208	375.47067	-154.62747	253.05441	124.68721	373.61655	-154.38074	-255.9186	82.9199	9491.677232503891
169	3483.3235	2334.304	5234.2026	-806.2653	4563.6855	1536.5297	5212.3003	-37.706814	885.8333	1000.0	845000	254.10583	124.45513	373.75916	-168.58803	254.10411	124.45915	373.0439	-175.34714	-256.95456	86.05796	9559.353382349014
170	4155.625	1853.401	5148.9653	26.504221	4815.5435	1526.4454	5489.8213	252.58873	836.0	908.1	850000	255.09122	124.88003	376.17688	-199.62257	255.09244	124.88165	376.61087	-143.10558	-258.13757	85.97572	9622.479076385498
171	4194.7305	1882.7006	5336.265	16.523857	4935.8403	856.4651	5359.3013	2387.3398	838.3333	947.6	855000	255.40877	125.72849	375.92633	-155.55724	255.4081	125.73204	376.08966	-199.36417	-258.2273	82.9948	9686.0726044178
172	4136.034	1669.4672	5074.672	798.89404	5348.408	170.31593	5547.333	4913.238	837.2	1000.0	860000	256.86932	125.398994	378.24112	-126.05374	256.8688	125.40508	376.72964	-159.49092	-259.82373	84.42476	9744.151238203049
173	5037.51	76.15084	5170.619	4945.1577	5094.2314	225.77193	5513.82	4603.053	1000.0	988.8	865000	257.9179	125.615944	378.0412	-136.01802	257.91934	125.61437	377.08722	-127.70116	-261.0441	84.07057	9808.252502202988
174	4487.019	1214.7399	5158.6807	1782.4319	4193.9834	1642.153	5309.136	9.913978	893.8333	855.6	870000	258.92123	125.62391	378.8899	-178.68106	258.92136	125.62297	378.633	-184.13393	-262.02316	86.93724	9873.418751716614
175	4156.143	1751.9169	5028.2847	240.55765	4765.126	1184.2463	5570.5444	2380.7646	846.8333	894.1	875000	259.77368	125.80986	380.8098	-248.74426	259.77393	125.81274	378.98425	-168.16943	-262.57886	85.82049	9938.066482543945
176	5118.638	84.25306	5194.133	4966.8687	5235.9487	110.32201	5388.417	5086.93	1000.0	1000.0	880000	261.03903	125.683136	381.35486	-180.76874	261.03848	125.68454	380.93292	-155.9968	-263.92194	83.396736	10002.970908403397
177	5050.3604	83.02177	5169.401	4951.7964	4392.3955	1930.7361	5438.678	5.5852604	1000.0	820.5	885000	261.83313	126.19386	381.32166	-175.35364	261.83456	126.1936	381.93484	-144.18655	-264.7684	86.554016	10065.005368947983
178	5112.35	86.46154	5212.262	4969.4336	5275.999	152.82874	5452.2764	4929.711	1000.0	1000.0	890000	262.59692	125.84721	384.11084	-170.63162	262.59906	125.84405	381.56866	-174.16675	-265.70154	90.676765	10130.26575422287
179	5032.5845	131.38611	5159.1763	4810.8594	5340.138	59.010983	5438.463	5244.9097	1000.0	1000.0	895000	263.1472	126.19093	382.42386	-151.23193	263.1438	126.19629	381.81958	-176.26167	-266.36914	85.61209	10195.425764799118
180	5057.7085	143.89098	5267.4976	4824.421	4143.2812	1878.166	5370.911	47.511105	1000.0	872.1	900000	263.89102	126.4973	384.47815	-204.33606	263.88626	126.50894	384.01434	-143.63765	-266.92596	87.15588	10258.499836683273
181	4555.1416	1425.9008	5434.347	1385.1862	4783.7393	1614.8726	5510.051	-51.79906	884.5	1000.0	905000	265.02585	126.3022	384.17987	-133.53036	265.0219	126.31448	383.97363	-205.12657	-268.13657	90.43791	10325.520338058472
182	4949.3	167.37337	5268.4937	4775.194	4817.95	1386.8628	5512.531	758.76154	1000.0	982.9	910000	265.91968	126.68758	383.48508	-168.43246	265.91943	126.69003	388.42087	-203.59727	-268.6357	86.21104	10390.69302558899
183	4714.8716	489.6731	5071.961	3756.9653	4827.9937	1598.6996	5461.4756	37.6308	959.0	902.7	915000	266.72696	127.10765	385.9345	-170.09961	266.72775	127.107605	386.11383	-184.99469	-269.73483	88.60327	10451.360185861588
184	3646.652	2162.7334	5226.185	10.256799	4584.0596	1210.7526	5384.0728	1763.8478	734.0	952.8	920000	267.88763	126.87775	386.5537	-243.50874	267.88858	126.87878	386.19626	-183.29675	-270.83194	88.44595	10516.589434862137
185	4869.015	416.1293	5226.3486	4059.994	5170.541	491.65845	5508.494	3716.8198	968.6	972.6	925000	268.37262	126.6503	387.03036	-186.83005	268.37344	126.64709	384.4734	-166.31905	-271.24	87.352295	10578.91122341156
186	4644.342	1061.0734	5232.1353	2523.369	4920.077	1288.6814	5496.769	1097.1433	903.0	909.8	930000	268.60663	127.13277	386.3015	-212.01657	268.60904	127.12947	388.19495	-209.6896	-271.7594	86.81977	10638.405059814453
187	5118.388	178.03433	5322.4795	4827.3047	5324.4443	439.8237	5631.9023	4046.7063	1000.0	976.3	935000	268.55075	128.26527	388.07422	-152.3769	268.55045	128.26675	388.69055	-158.03633	-271.80365	87.377144	10702.77008986473
188	5176.6597	65.26391	5260.9077	5080.398	5439.5693	98.55528	5557.604	5272.8677	1000.0	1000.0	940000	269.66678	129.23404	387.8278	-198.34674	269.66983	129.23143	388.28943	-155.19527	-273.00247	87.67828	10767.34147644043
189	5178.8477	76.14263	5293.497	5090.015	5175.5093	896.17596	5737.248	2511.4836	1000.0	947.7	945000	270.10214	130.26501	387.08612	-189.81479	270.10403	130.25961	389.57474	-197.59003	-273.52	89.58202	10831.571451187134
190	4831.8228	534.32043	5279.955	3680.199	5365.95	380.07697	5634.064	4278.346	954.3333	982.0	950000	270.7682	130.67729	389.63416	-154.6384	270.77213	130.67189	389.02887	-187.27367	-273.9199	87.40874	10900.982532978058
191	4452.81	1264.9924	5413.647	1953.3162	5339.8545	139.15857	5585.9897	5185.6836	886.2	1000.0	955000	271.6057	131.39989	389.64117	-196.87297	271.60797	131.40134	387.7859	-162.51152	-275.21066	91.65072	10959.479012489319
192	5043.504	169.47173	5191.5615	4735.8125	5396.416	156.7945	5614.9155	5108.9746	1000.0	1000.0	960000	272.64468	130.98256	390.21353	-180.99654	272.6456	130.97945	390.524	-217.88217	-276.0068	92.89623	11023.293551206589
193	4185.776	1876.379	5142.9067	-1.1349365	4753.649	1875.3557	5590.6836	-862.85297	836.5	1000.0	965000	272.79907	131.92284	392.21515	-262.71646	272.8002	131.92076	389.00693	-182.20003	-276.00134	92.66795	11087.887063741684
194	5089.372	136.94138	5292.4946	4883.7495	4853.593	942.8761	5305.1113	2047.8463	1000.0	940.7	970000	272.90424	132.93547	389.76633	-194.68365	272.9025	132.94133	392.10315	-223.0216	-275.934	95.960785	11151.574726343155
195	4346.446	1778.552	5296.4214	376.3783	5317.398	178.5363	5531.6904	4913.9067	853.8333	991.8	975000	273.0791	134.27402	393.25854	-216.86884	273.07593	134.28079	392.94592	-204.71437	-276.0656	95.55662	11217.761121034622
196	4999.214	105.83768	5155.291	4831.108	5134.678	812.2486	5573.438	2719.3596	1000.0	950.2	980000	273.1522	135.68573	392.68906	-228.17245	273.15338	135.68466	390.67633	-227.41467	-276.4359	91.15284	11282.260049819946
197	3883.9688	1290.117	5062.9546	1945.5432	5056.045	898.7796	5534.975	2375.1865	782.1429	946.8	985000	272.41956	137.62047	393.02246	-210.04433	272.42	137.61963	393.39005	-187.22592	-275.4823	96.035934	11350.07397699356
198	4735.1143	611.05	5096.977	3514.8367	5335.954	85.68035	5463.1416	5177.287	1000.0	1000.0	990000	273.3309	136.21376	391.32983	-268.26004	273.33496	136.20544	391.16138	-209.00677	-276.886	92.935486	11414.49991106987
199	4348.7217	948.69586	5167.5366	2575.17	5511.5747	126.49938	5657.2456	5291.8936	866.6	1000.0	995000	275.07422	133.7214	393.51187	-302.40118	275.07153	133.73053	392.2966	-180.60623	-278.56018	92.57909	11475.29118514061
