Epoch	AverageEpRet	StdEpRet	MaxEpRet	MinEpRet	AverageTestEpRet	StdTestEpRet	MaxTestEpRet	MinTestEpRet	EpLen	TestEpLen	TotalEnvInteracts	AverageQ1Vals	StdQ1Vals	MaxQ1Vals	MinQ1Vals	AverageQ2Vals	StdQ2Vals	MaxQ2Vals	MinQ2Vals	AverageVVals	StdVVals	MaxVVals	MinVVals	AverageLogPi	StdLogPi	MaxLogPi	MinLogPi	LossPi	LossQ1	LossQ2	LossV	Time
1	-282.7567	40.8623	-242.62375	-338.74023	-47.31138	33.26486	27.835413	-96.30137	1000.0	1000.0	5000	5.928093	5.5236773	37.10998	-5.876734	5.928528	5.523276	36.580853	-6.414053	6.975209	5.6977663	39.497307	-10.370076	-1.694211	2.779332	61.497818	-13.096285	-7.2808924	0.14800674	0.14843826	0.29805568	41.46462559700012
2	-345.65	67.42569	-243.42503	-420.50638	-295.9033	170.36124	38.36559	-478.19217	1000.0	1000.0	10000	41.15829	21.026213	121.17868	-1.2489202	41.158356	21.026325	122.94676	-0.44374192	44.77334	22.692358	126.65285	2.4792182	3.850654	4.8912067	39.946117	-16.18041	-45.773495	0.82084775	0.8086331	1.689018	83.07463932037354
3	-97.67261	254.66826	185.54147	-532.4351	1490.968	169.87704	1766.8783	1230.4976	1000.0	1000.0	15000	94.97514	9.6184	140.17432	48.24555	94.97534	9.616904	138.79807	45.63797	96.39643	9.537101	139.11829	41.279762	1.4984019	4.456103	49.693287	-15.441011	-97.55287	0.95748377	0.92086464	1.9678916	127.06179141998291
4	1170.9866	133.06172	1414.5676	1025.2429	1857.6995	472.84982	2184.2004	468.55945	1000.0	1000.0	20000	85.39394	14.900248	122.57002	41.552124	85.39422	14.900562	121.70249	41.714603	85.88247	14.865562	122.84627	42.959038	-1.0557439	2.6289458	23.539913	-12.681759	-86.67203	0.6251912	0.5977199	1.1487246	170.42628502845764
5	1865.029	314.49634	2188.8457	1323.0802	2741.7566	56.290527	2847.4836	2642.4346	1000.0	1000.0	25000	87.78649	23.096655	140.81244	28.019556	87.78685	23.098036	141.06828	27.91263	88.42546	22.918303	139.8564	30.231133	-0.5159155	2.78001	21.784065	-15.597533	-89.22697	0.8713743	0.8173409	1.3937519	213.39869093894958
6	2545.0005	212.63013	2815.7986	2326.473	3083.49	877.0788	3454.6565	459.08102	1000.0	1000.0	30000	101.51254	31.00014	168.68744	24.52533	101.51275	31.00148	170.50446	24.180489	102.26191	30.595383	168.38501	26.222519	0.37717864	3.1051118	24.689865	-13.630566	-103.1677	1.1533579	1.0904666	1.7897484	256.6005206108093
7	3027.19	164.92755	3262.4126	2827.0557	3674.559	70.9467	3760.725	3560.5684	1000.0	1000.0	35000	122.13761	35.917282	197.46887	24.72894	122.13779	35.91762	198.25609	24.77472	122.9365	35.227283	196.35649	27.880255	1.1240737	3.3369956	34.895573	-12.355833	-123.9321	1.3182467	1.2683088	2.0793192	300.4175169467926
8	3375.7935	92.46601	3459.7625	3215.8699	4055.7227	52.465313	4123.1055	3952.2524	1000.0	1000.0	40000	145.55292	38.444897	225.36736	38.474976	145.55339	38.445168	225.46173	33.528187	146.35513	37.552597	224.63268	40.99212	1.6234936	3.529781	32.042778	-13.599234	-147.38147	1.6598659	1.5889372	2.5415726	343.913854598999
9	3792.8	118.85471	4024.0708	3686.6033	4405.1123	62.010193	4483.683	4295.151	1000.0	1000.0	45000	169.22276	41.42525	257.39417	57.49803	169.22318	41.425285	256.67725	57.27933	169.9811	40.44411	256.22562	59.779045	1.8752471	3.6258068	32.307163	-15.234666	-171.0296	1.9004055	1.8524207	2.895093	387.09169244766235
10	4083.8164	76.401245	4183.4004	3976.518	4488.6226	43.78455	4536.4644	4386.588	1000.0	1000.0	50000	192.88857	44.081726	283.29858	72.42562	192.88835	44.081825	279.73267	72.05203	193.61086	42.988	280.4045	74.81337	2.1498609	3.7827172	32.18097	-14.110662	-194.71051	2.004306	1.9807646	3.130423	430.9708802700043
11	4261.4863	156.07484	4569.0063	4133.3325	4681.4395	75.85695	4793.2715	4554.6934	1000.0	1000.0	55000	215.49129	46.366318	310.58893	87.18385	215.49168	46.366093	313.47656	85.76162	216.17365	45.207424	308.10544	90.85752	2.35754	3.9160912	38.37622	-15.467556	-217.27374	2.180434	2.1081517	3.3360188	474.5717136859894
12	4462.8193	105.92271	4576.1533	4281.5317	4940.094	124.49673	5027.783	4584.775	1000.0	1000.0	60000	236.60394	47.901424	326.84717	100.53832	236.60416	47.90158	327.6312	98.59148	237.24706	46.660248	324.4291	102.748	2.4659524	3.963105	34.560844	-14.671548	-238.349	2.2818046	2.2329495	3.5344892	517.3340940475464
13	4639.6357	51.62728	4694.2075	4547.3047	4945.0303	55.339108	5015.5425	4834.405	1000.0	1000.0	65000	255.8491	48.55728	342.49323	115.70574	255.84892	48.557972	342.84903	106.9209	256.4285	47.26403	340.897	118.11366	2.5844646	4.074899	37.351894	-14.175596	-257.52026	2.2618809	2.2129462	3.5482788	561.1314194202423
14	4740.3345	80.17193	4872.823	4650.309	5136.3486	54.166622	5260.5713	5056.02	1000.0	1000.0	70000	273.31363	49.73966	360.9963	127.879036	273.31384	49.739452	360.7444	129.69469	273.84406	48.421013	359.14722	131.8294	2.7574046	4.143925	31.828306	-13.847509	-274.9284	2.335979	2.2678645	3.6058617	605.009613275528
15	4282.467	1020.1851	4813.392	2242.385	5161.7666	75.80882	5296.5	5022.6807	1000.0	1000.0	75000	288.92053	50.52848	374.38568	141.71582	288.92108	50.528576	375.9328	141.42307	289.38098	49.250523	373.317	144.20955	2.8017724	4.1721587	41.891754	-12.836197	-290.4515	2.4507186	2.3507307	3.7898507	649.4232318401337
16	4881.774	143.76491	5135.437	4711.0503	5096.512	67.91081	5244.3843	5005.482	1000.0	1000.0	80000	300.81177	54.981712	385.17435	121.10928	300.81155	54.982975	385.45575	118.71959	301.16855	53.895874	387.53372	121.6623	2.7064	4.099866	41.37737	-12.684652	-302.2525	2.642234	2.5737867	3.9931438	693.8283751010895
17	4925.78	132.07764	5079.7617	4748.2075	5179.091	65.92128	5275.7437	5076.4834	1000.0	1000.0	85000	312.084	58.314358	398.47766	99.858154	312.08395	58.31436	398.05978	96.82946	312.42883	57.172306	396.7762	108.22059	2.7719378	4.133611	41.151653	-13.782156	-313.53284	2.6637714	2.60992	4.020182	737.2979519367218
18	4900.135	169.55554	5093.0176	4593.8433	5336.947	73.428	5472.1523	5215.9175	1000.0	1000.0	90000	322.19226	60.029106	408.0395	82.66987	322.1926	60.029312	405.27518	84.00147	322.4691	58.919476	405.4093	89.79184	2.744704	4.1113143	42.95788	-15.830859	-323.55396	2.813397	2.7221148	4.212142	782.1061515808105
19	5061.4507	20.721308	5078.62	5024.8857	5469.7715	51.15239	5535.2437	5355.12	1000.0	1000.0	95000	331.55353	60.910736	416.24652	57.20208	331.55356	60.91027	418.7432	51.002106	331.80734	59.803547	416.08865	61.613476	2.7804062	4.13966	39.527477	-13.380411	-332.89053	2.834595	2.7526903	4.209316	825.5481288433075
20	5045.3105	70.811134	5135.5605	4946.262	5432.1577	46.878353	5487.921	5333.219	1000.0	1000.0	100000	339.74405	62.149868	423.14804	24.702534	339.7442	62.15036	422.54623	11.140377	339.93723	61.063194	422.50455	31.292341	2.7802892	4.1415825	41.775326	-13.73485	-341.01382	2.806507	2.7827682	4.2142267	868.87255692482
21	5067.233	63.584675	5131.9316	4946.465	5580.724	54.44597	5658.973	5500.9043	1000.0	1000.0	105000	347.2067	63.38718	429.89706	2.9706461	347.20685	63.38742	428.93277	3.7090926	347.37888	62.327976	429.41208	3.0981984	2.8045185	4.16065	39.734795	-13.267128	-348.4305	2.8849099	2.845749	4.2391505	912.7757399082184
22	5147.056	74.77638	5237.11	5055.133	5437.1895	44.98038	5501.4683	5363.295	1000.0	1000.0	110000	354.2581	63.874264	439.80307	-19.411295	354.2583	63.873604	438.83914	-16.814669	354.38974	62.831295	434.5021	-15.369629	2.8011372	4.177445	48.936665	-14.350871	-355.42212	2.8346925	2.7517617	4.1595592	957.1255648136139
23	5247.2217	60.08681	5345.7246	5166.4404	5616.696	71.47258	5746.202	5501.528	1000.0	1000.0	115000	360.54803	64.82455	440.1959	-35.773285	360.54782	64.82499	440.47308	-40.10775	360.6581	63.787952	439.15897	-32.489662	2.8536065	4.2005653	44.654167	-13.694875	-361.694	2.8323371	2.816537	4.176501	1000.7913420200348
24	5278.8213	63.366394	5342.4346	5164.9688	5658.3657	101.51288	5851.386	5525.041	1000.0	1000.0	120000	366.89746	64.90169	443.99017	-38.293896	366.89752	64.90148	444.94156	-40.5867	366.99387	63.854897	442.9982	-49.882393	2.869972	4.2156796	43.157875	-14.588794	-368.0023	2.7905908	2.7252345	4.075247	1045.0115113258362
25	5285.3813	101.85371	5404.565	5147.614	5557.5894	69.542984	5630.4253	5424.0093	1000.0	1000.0	125000	372.8711	64.75269	454.5726	-38.11953	372.87094	64.75306	454.8305	-45.538727	372.94247	63.724667	453.83774	-34.41484	2.9053333	4.243995	45.73869	-13.797192	-373.93884	2.7021902	2.671021	4.0191383	1089.548572063446
26	5300.488	129.33112	5513.118	5170.446	5634.247	60.19952	5717.978	5551.5796	1000.0	1000.0	130000	378.69122	64.41891	459.46674	-56.505783	378.69147	64.41901	459.69687	-50.87649	378.75122	63.391632	458.13892	-47.595673	2.9025083	4.230021	37.185905	-15.324533	-379.735	2.7850893	2.7269142	4.0689397	1133.9851036071777
27	5319.3867	27.582907	5356.242	5277.2705	5673.866	82.819214	5780.6523	5543.924	1000.0	1000.0	135000	383.7591	64.732475	465.4352	-61.21785	383.7592	64.73219	464.21118	-53.11412	383.8025	63.714535	463.23135	-50.502785	2.90561	4.2499924	44.96166	-12.927225	-384.77835	2.7916152	2.7243996	4.047264	1178.5693728923798
28	5468.005	94.415985	5571.615	5309.8506	5876.361	67.26448	5956.3174	5717.114	1000.0	1000.0	140000	388.79114	64.24848	466.84714	-48.552467	388.79117	64.248276	467.11084	-49.72126	388.80988	63.239986	465.8178	-48.839268	2.9190564	4.225945	51.519363	-13.021014	-389.77417	2.7893946	2.7336144	4.064615	1223.258926153183
29	5408.566	114.22969	5567.541	5254.6914	5793.5894	92.514114	5938.352	5652.01	1000.0	1000.0	145000	393.43884	64.140854	469.82404	-55.86949	393.43878	64.14087	468.49884	-60.581722	393.4441	63.119625	467.54227	-52.555244	2.9116147	4.209674	44.323917	-13.983076	-394.4157	2.7801454	2.7790983	4.0581045	1267.5122883319855
30	5502.9346	46.869987	5541.112	5413.4194	5879.9946	53.536648	5951.137	5795.7656	1000.0	1000.0	150000	397.7287	64.387115	471.83688	-68.37688	397.72876	64.3869	471.97913	-69.169	397.70096	63.40189	470.66684	-68.69449	2.9238524	4.194802	47.090008	-14.716826	-398.6662	2.7575855	2.7268164	4.017478	1312.5876150131226
31	5509.3047	65.530365	5631.0303	5444.5234	5899.374	69.182365	6008.029	5786.63	1000.0	1000.0	155000	401.78598	64.32767	475.9286	-67.63701	401.78632	64.327095	476.83682	-73.129585	401.76172	63.330944	475.77884	-64.84757	2.967416	4.181269	48.62771	-14.083351	-402.7282	2.8034496	2.7811024	4.0322614	1356.8165822029114
32	5599.9946	46.053154	5665.1514	5539.484	5852.5264	73.05628	5993.336	5716.2583	1000.0	1000.0	160000	405.90955	64.15526	478.75037	-72.46386	405.90964	64.15406	478.30112	-76.33155	405.86548	63.173145	478.3239	-72.69712	2.963903	4.2015038	40.484703	-14.595554	-406.82196	2.8879468	2.8600914	4.1225977	1401.8934144973755
33	5605.286	68.88096	5711.047	5518.514	5955.354	86.06722	6057.3286	5758.3555	1000.0	1000.0	165000	409.8444	63.745167	482.5347	-89.19104	409.8444	63.74534	482.98175	-101.23478	409.7838	62.7637	483.06256	-82.3119	3.0351784	4.206024	44.33174	-14.4879055	-410.73773	2.8002644	2.7737439	3.9742281	1446.8206384181976
34	5681.939	42.2112	5724.202	5605.5615	5957.8433	102.71295	6085.9263	5715.895	1000.0	1000.0	170000	413.60477	64.08227	485.95285	-95.023186	413.60504	64.08136	486.91818	-94.17964	413.53482	63.121185	486.28143	-87.897995	3.068953	4.2241955	39.59631	-14.478063	-414.4748	2.8660624	2.8356733	4.135707	1491.4049468040466
35	5645.536	43.072006	5697.1157	5569.885	6080.8193	88.46956	6219.815	5932.6533	1000.0	1000.0	175000	417.2232	64.233086	490.2331	-108.38001	417.2231	64.23334	489.4927	-104.812996	417.13748	63.27572	490.1828	-111.78034	3.0585437	4.2040696	38.487152	-16.495407	-418.06625	2.8790236	2.8731093	4.10268	1535.4747323989868
36	5686.4375	118.45405	5834.317	5522.616	6111.509	78.49651	6237.7305	5980.7173	1000.0	1000.0	180000	420.68515	64.319275	494.62546	-122.89466	420.6853	64.31903	493.83298	-122.02786	420.59055	63.361458	492.9772	-124.54509	3.1161296	4.217839	40.250008	-14.476339	-421.5204	2.9312446	2.91613	4.1793413	1580.3589870929718
37	5692.384	125.25514	5878.924	5557.923	6053.9565	104.474174	6185.36	5893.7773	1000.0	1000.0	185000	423.9022	63.965233	497.58762	-107.0497	423.90253	63.964386	498.94153	-109.62999	423.785	63.025085	497.17926	-118.652756	3.083657	4.230257	44.422153	-13.607648	-424.6954	2.9034264	2.8637145	4.1268187	1624.26624584198
38	5741.579	135.51657	5912.152	5600.29	6184.591	85.90051	6289.94	6051.3276	1000.0	1000.0	190000	427.0518	63.73545	501.75244	-102.477425	427.0515	63.734985	501.15686	-106.26083	426.92618	62.77749	500.47278	-104.265594	3.1096897	4.200036	37.761242	-12.946102	-427.8456	2.9003131	2.926084	4.082461	1668.2529287338257
39	5771.3174	138.11868	5959.25	5528.771	6192.9673	78.29563	6283.509	6050.5786	1000.0	1000.0	195000	429.74066	63.88415	504.78607	-105.267334	429.74063	63.88326	503.47147	-113.88864	429.59006	62.945393	503.01688	-100.547966	3.151228	4.2131705	46.496155	-12.718659	-430.5143	3.0551076	3.071781	4.2352743	1712.5589191913605
40	5844.4404	126.044945	6069.247	5700.4414	6285.1665	88.18634	6425.6016	6135.323	1000.0	1000.0	200000	432.71375	63.170464	506.38647	-115.72159	432.71375	63.170425	506.2093	-115.02691	432.55655	62.21595	504.33762	-114.782715	3.184638	4.1897025	73.70572	-14.018063	-433.4867	3.073234	3.054343	4.2103014	1756.3220098018646
41	5909.1587	117.45838	6079.989	5785.1006	6400.8564	65.581276	6498.967	6295.0063	1000.0	1000.0	205000	435.51816	62.481064	510.20404	-114.21655	435.51816	62.480637	511.03876	-105.31112	435.36496	61.503365	510.18613	-96.96782	3.2089913	4.186474	40.176018	-13.821436	-436.2785	3.019165	3.0137222	4.187597	1801.1987299919128
42	5779.9414	120.82375	6008.1465	5667.9233	6340.5674	108.320984	6526.6235	6099.4937	1000.0	1000.0	210000	438.5252	61.8475	516.5367	-91.37598	438.52585	61.845222	515.2877	-91.49399	438.34357	60.93625	516.3808	-101.40816	3.2624671	4.2271976	47.5774	-13.448218	-439.2578	3.1346133	3.1013262	4.3595314	1846.1407306194305
43	5840.7256	160.42334	6132.508	5650.651	5910.86	1718.4591	6734.7285	770.06366	1000.0	1000.0	215000	440.8579	62.419975	519.8258	-102.70583	440.85782	62.420403	518.05383	-116.73895	440.65393	61.488483	518.5766	-98.742966	3.2680893	4.2360897	45.921646	-13.515784	-441.5818	3.1731505	3.1987796	4.402601	1890.8192627429962
44	5948.672	127.415924	6173.1064	5816.4795	6056.665	1017.7654	6531.849	3008.6677	1000.0	1000.0	220000	443.1292	62.194153	520.11505	-86.842995	443.12872	62.19396	520.9448	-106.7402	442.91238	61.291035	520.4256	-92.13539	3.271064	4.2324457	48.350983	-13.159992	-443.8347	3.1720617	3.1771872	4.3525467	1937.2777256965637
45	5951.1816	103.24537	6149.366	5854.1157	6455.2637	96.807274	6585.8984	6298.1123	1000.0	1000.0	225000	445.52618	62.111866	522.19745	-74.236595	445.52634	62.111267	521.645	-76.603836	445.32016	61.175648	522.5486	-77.19543	3.3223732	4.255457	46.482483	-12.510197	-446.23685	3.2487023	3.225268	4.417855	1983.0958323478699
46	5992.5835	70.90246	6130.5728	5927.8604	6432.682	85.29977	6584.1045	6322.8975	1000.0	1000.0	230000	447.98712	62.264816	526.39087	-74.86632	447.98743	62.26363	523.585	-79.48115	447.773	61.355484	524.3766	-80.07494	3.3051288	4.2357836	43.0659	-14.412763	-448.68665	3.152974	3.1406152	4.3298554	2028.4680454730988
47	5945.7144	125.35101	6059.571	5749.8535	6603.5703	103.60737	6794.8965	6436.5024	1000.0	1000.0	235000	450.3224	62.0784	525.5317	-79.370445	450.32266	62.077816	525.2285	-91.22008	450.07983	61.171925	526.7035	-79.250275	3.380987	4.2864113	44.265717	-16.864902	-451.0043	3.3733628	3.3478136	4.473753	2074.009742498398
48	6047.96	150.929	6218.566	5820.0586	6681.4556	141.7123	6892.1885	6448.533	1000.0	1000.0	240000	452.347	61.95632	528.1718	-107.96823	452.347	61.955997	527.9395	-107.19347	452.10446	61.04788	528.83325	-87.74462	3.3992648	4.288374	47.010414	-18.830824	-453.0332	3.359471	3.3363333	4.450633	2119.9395081996918
49	6141.2646	64.02057	6209.2847	6058.6167	6675.2188	116.82809	6804.841	6404.2017	1000.0	1000.0	245000	454.77835	61.653557	533.77545	-74.13582	454.77844	61.652386	534.2651	-83.13755	454.52588	60.765404	536.87494	-77.19414	3.4005923	4.304407	52.0146	-13.698743	-455.4404	3.334311	3.274354	4.4046206	2166.344763994217
50	6154.215	152.09589	6413.8394	5992.3276	6623.466	153.13858	6965.4087	6439.3696	1000.0	1000.0	250000	456.98813	61.925888	542.4107	-81.97603	456.98807	61.925594	541.98706	-81.82783	456.73422	61.02096	535.941	-78.1028	3.4578712	4.2840304	48.36495	-12.958034	-457.64905	3.3800051	3.4099581	4.5099797	2211.644195318222
51	6277.193	80.259926	6422.32	6176.3496	6752.4976	145.35806	6952.135	6442.0156	1000.0	1000.0	255000	459.62216	61.291134	541.669	-79.38873	459.62265	61.28996	542.49023	-81.505035	459.36658	60.376343	540.7049	-82.3113	3.4591022	4.2899933	53.55159	-14.169841	-460.28586	3.444965	3.3898098	4.5418305	2257.29599237442
52	6205.1533	193.26582	6446.6743	5895.5166	5669.1143	2009.7142	7225.7827	2106.9321	1000.0	1000.0	260000	462.0263	61.36106	546.19147	-84.78032	462.02628	61.360825	546.1044	-84.91466	461.762	60.441418	546.2784	-79.84554	3.4703774	4.243323	49.933895	-13.588097	-462.6855	3.4528098	3.391298	4.556268	2303.5183560848236
53	6307.4766	126.06514	6473.532	6114.114	6299.986	1267.1532	7199.4233	3201.9001	1000.0	1000.0	265000	464.45245	61.08926	548.0208	-69.707275	464.45248	61.088478	550.609	-71.220535	464.18784	60.181553	544.969	-69.72114	3.5586405	4.3044443	43.468536	-14.290926	-465.11584	3.478696	3.4344234	4.595625	2349.4785895347595
54	6485.663	196.94077	6804.1807	6231.8945	7099.2803	124.24329	7326.021	6891.0405	1000.0	1000.0	270000	467.1598	60.963577	564.48193	-68.05346	467.15985	60.9632	565.0896	-74.71676	466.89523	60.049355	565.0717	-67.80698	3.6011934	4.315368	42.941948	-14.550042	-467.83286	3.5227046	3.4886563	4.66433	2395.6205213069916
55	6518.366	140.83151	6708.216	6346.9326	7236.6826	88.47454	7363.4688	7083.333	1000.0	1000.0	275000	469.57394	61.58331	578.23004	-82.64362	469.5739	61.583225	578.23883	-78.48842	469.29388	60.707943	578.82336	-74.812355	3.6005738	4.309627	59.304607	-13.812607	-470.23615	3.6983304	3.687103	4.9001837	2441.5137028694153
56	6715.0596	161.04182	6956.6304	6468.6704	7659.04	270.6281	8072.001	7266.037	1000.0	1000.0	280000	472.4637	61.608418	581.0655	-97.91365	472.46405	61.60818	581.6159	-91.364174	472.2048	60.70601	577.0483	-90.32794	3.6982923	4.3219457	41.434467	-15.756844	-473.1402	3.7424312	3.691134	4.8475685	2487.242312669754
57	6816.236	153.3598	7056.4595	6629.5815	6357.0454	2218.9507	7921.66	650.6615	1000.0	1000.0	285000	475.59515	62.754288	585.33093	-83.083824	475.59525	62.75307	585.922	-89.99491	475.34464	61.893642	584.6594	-94.31675	3.749613	4.333577	52.722706	-13.793981	-476.296	3.8660202	3.816734	4.9790883	2532.808317422867
58	5879.6533	1880.3427	7103.0815	2132.0989	7679.853	104.48495	7818.9473	7440.703	1000.0	1000.0	290000	477.9106	66.780365	589.4438	-102.286064	477.91064	66.781075	587.56555	-109.50952	477.64642	66.0335	587.74774	-105.87277	3.8028224	4.3553214	52.02185	-13.5750065	-478.6169	4.0637813	3.9981406	5.0951753	2579.0955216884613
59	7029.282	187.1102	7244.2827	6762.3633	7625.3076	214.9145	8025.506	7348.4243	1000.0	1000.0	295000	480.87158	68.91452	592.57446	-121.95092	480.87173	68.914925	592.79486	-117.295525	480.60922	68.15219	591.03094	-114.587296	3.8051975	4.33857	46.929623	-12.634256	-481.58694	4.454659	4.426328	5.5380692	2627.097976922989
60	7001.8584	145.51349	7262.807	6857.631	7932.4854	165.74226	8122.703	7665.829	1000.0	1000.0	300000	484.40024	70.345436	596.3791	-142.84421	484.40036	70.34503	597.3078	-143.9367	484.1315	69.60252	596.72534	-131.32607	3.9025536	4.345068	48.00229	-18.76776	-485.1154	4.481373	4.4730844	5.5275598	2674.3132050037384
61	6873.4243	559.236	7253.0776	5766.482	6565.133	2308.7705	8094.4976	933.2774	1000.0	1000.0	305000	487.50937	73.141136	603.6557	-143.10739	487.50916	73.139565	604.04315	-150.95297	487.2436	72.426094	602.35077	-137.41237	3.988513	4.3908105	48.607574	-12.973022	-488.2461	4.8059106	4.778838	5.81755	2721.375778198242
62	7478.526	208.42517	7738.4565	7182.9727	7957.94	72.77852	8148.976	7868.5166	1000.0	1000.0	310000	491.02057	74.93932	608.8689	-148.3134	491.02063	74.93967	608.8584	-153.45593	490.7774	74.20257	613.4366	-150.42027	4.095339	4.380519	49.464836	-13.649262	-491.798	4.860372	4.832646	5.9215727	2768.210878610611
63	6630.464	1201.7507	7465.464	4250.148	7908.2266	173.6155	8282.111	7648.064	1000.0	1000.0	315000	494.31198	77.884254	613.33765	-172.6361	494.31177	77.883705	614.17224	-178.05144	494.0646	77.18611	614.7345	-162.12373	4.1941113	4.3823004	54.547485	-14.198071	-495.1224	5.176179	5.21863	6.3201838	2814.900999546051
64	7265.1123	241.6686	7435.991	6785.0923	7297.7524	1253.8682	8165.183	4453.8354	1000.0	1000.0	320000	498.03427	79.48539	620.77673	-166.8857	498.03397	79.487625	622.39795	-155.97621	497.79767	78.77872	619.4172	-157.19202	4.2602863	4.388571	48.25371	-14.115031	-498.8701	5.2493525	5.224793	6.3492455	2862.336848258972
65	7418.3545	167.21202	7548.2656	7089.821	7554.199	1604.005	8332.346	2783.1953	1000.0	1000.0	325000	502.06827	80.19068	635.41534	-142.78983	502.06854	80.19193	632.876	-141.31427	501.84515	79.46848	625.0927	-139.77551	4.3258476	4.378292	59.026955	-14.529956	-502.9244	5.265308	5.2429166	6.3127913	2909.124408721924
66	7463.3906	377.40872	7914.9478	6823.5303	8084.4336	202.60767	8350.043	7667.503	1000.0	1000.0	330000	506.51947	81.05352	638.7893	-161.68446	506.5188	81.05443	637.0726	-149.60143	506.28738	80.31998	641.9573	-149.92609	4.457215	4.4040794	44.352665	-12.205603	-507.3809	5.821891	5.8059173	6.886331	2955.612813472748
67	7378.44	218.0204	7730.818	7061.73	7983.0845	106.658356	8135.2876	7770.9277	1000.0	1000.0	335000	510.67514	80.62578	648.2471	-129.72183	510.67514	80.62536	648.7065	-132.98822	510.4447	79.8796	650.1163	-139.826	4.529819	4.433895	56.82505	-15.230029	-511.56375	6.0910435	6.0621767	7.0998936	3002.4494593143463
68	7589.543	140.31178	7794.344	7415.2925	7112.3467	2533.508	8700.04	804.5359	1000.0	1000.0	340000	513.9823	81.54268	651.79846	-140.31697	513.9823	81.542625	653.8354	-135.05939	513.7445	80.79975	651.6797	-120.522934	4.516719	4.4024506	50.55657	-13.09214	-514.84875	5.701225	5.7013974	6.923682	3049.6520857810974
69	7819.9204	163.4032	8050.2764	7589.8286	8046.268	191.84102	8372.202	7770.363	1000.0	1000.0	345000	517.8031	81.888885	661.1372	-124.176506	517.8029	81.889366	659.27795	-131.29631	517.56866	81.10432	660.1254	-123.84988	4.566809	4.4059973	52.919518	-13.906391	-518.6796	6.2348948	6.2125397	7.3107634	3097.0689165592194
70	7712.0103	298.41437	8207.731	7346.201	8850.537	143.52739	9085.113	8539.694	1000.0	1000.0	350000	521.6184	81.408005	662.81464	-95.138405	521.6183	81.40923	661.85974	-93.92981	521.39777	80.62	661.3056	-109.90382	4.6504693	4.3903613	51.258186	-13.2426405	-522.52045	6.2319937	6.0972033	7.1310377	3144.929893016815
71	7879.53	180.3527	8136.948	7642.5522	8813.393	138.77771	9038.948	8498.113	1000.0	1000.0	355000	526.0202	81.23072	673.3375	-100.617805	526.0205	81.230736	672.52136	-95.698135	525.8045	80.42714	670.7718	-96.39204	4.7561526	4.408905	49.299515	-13.566385	-526.9314	6.263721	6.212937	7.3210797	3192.251980781555
72	7982.868	288.74768	8344.001	7616.34	8456.611	116.6753	8663.5625	8199.032	1000.0	1000.0	360000	529.8446	82.615005	681.67004	-116.44452	529.84454	82.616234	678.5122	-110.413376	529.6185	81.826675	674.92664	-115.71683	4.763917	4.4053006	56.283054	-13.555079	-530.7573	6.2301626	6.1414585	7.2329564	3238.488297224045
73	6918.9165	2243.8381	8199.72	2435.1038	8198.206	1504.7622	8896.619	3709.4275	1000.0	1000.0	365000	533.8103	84.57621	683.57196	-119.60374	533.8104	84.57675	682.0151	-120.76134	533.62415	83.80602	680.4939	-118.733734	4.8245187	4.4153447	67.61407	-17.26915	-534.7699	6.4686646	6.392075	7.458546	3285.810963153839
74	7945.6235	482.7995	8438.377	7029.7837	8917.834	123.27508	9144.954	8725.211	1000.0	1000.0	370000	536.8688	88.131966	690.2776	-155.35712	536.86835	88.13357	689.92584	-150.08557	536.6356	87.39368	687.34143	-154.17772	4.874116	4.425249	49.92888	-17.403074	-537.8287	7.108665	7.0702	8.05361	3333.3125009536743
75	8132.682	288.34952	8530.344	7846.5273	8494.861	112.9489	8637.458	8285.219	1000.0	1000.0	375000	540.4431	89.92915	693.9543	-141.52553	540.4429	89.93055	692.9469	-148.1434	540.2131	89.19769	692.8812	-148.62984	4.899728	4.4344788	46.022263	-12.716131	-541.39136	7.0895524	6.99395	7.9815135	3379.033747434616
76	8352.832	265.29007	8652.639	7910.4155	8785.572	94.82197	8898.682	8597.571	1000.0	1000.0	380000	544.6661	90.46489	705.6398	-172.52179	544.6654	90.467995	702.92725	-157.87622	544.44806	89.721954	706.54785	-156.4234	4.9847503	4.435363	57.468468	-12.269955	-545.6628	7.3508487	7.382079	8.421693	3425.8926248550415
77	8402.098	256.6985	8729.894	7990.866	8837.029	156.70859	9141.843	8607.553	1000.0	1000.0	385000	548.1331	91.63745	711.3892	-150.71767	548.133	91.63822	710.34735	-138.47023	547.8792	90.88317	708.8482	-149.97636	5.0105357	4.459957	49.306942	-18.509903	-549.10187	7.683744	7.54642	8.503706	3473.4931762218475
78	8500.588	156.85225	8676.305	8206.135	9214.368	109.475624	9403.301	8948.6	1000.0	1000.0	390000	551.69885	92.030075	714.02527	-164.26033	551.6984	92.032166	713.2395	-162.3118	551.4475	91.27567	712.2346	-162.5273	4.986058	4.4494414	59.57833	-15.532665	-552.682	7.6944914	7.5435467	8.625572	3520.8600709438324
79	8351.224	193.35382	8697.154	8139.435	8261.057	2418.0244	9343.487	1027.9088	1000.0	1000.0	395000	555.3876	92.75293	718.1061	-147.23369	555.38727	92.757126	718.4957	-147.97006	555.1313	91.98548	716.3341	-151.60071	5.1443343	4.4760633	45.70269	-13.202182	-556.37714	7.54362	7.3574815	8.56713	3569.6790294647217
80	8390.156	249.4307	8710.828	7992.5244	8753.247	723.2782	9311.536	6637.192	1000.0	1000.0	400000	559.0006	93.89437	722.1118	-162.87901	559.00037	93.89545	722.28784	-157.2148	558.76	93.09088	721.1961	-145.45258	5.1968293	4.4536138	47.020718	-15.112061	-560.0107	7.633628	7.6335516	8.617647	3618.9163796901703
81	8454.701	163.8803	8759.206	8313.965	8954.921	160.93152	9199.503	8746.969	1000.0	1000.0	405000	562.3074	94.43992	731.0358	-148.76883	562.3071	94.441025	731.3909	-160.8628	562.0531	93.62985	727.8835	-151.07043	5.211907	4.462587	67.36468	-12.616042	-563.3067	7.9763765	7.970315	8.980691	3668.451460838318
82	8588.468	179.88406	8935.989	8459.909	9024.422	180.74782	9297.517	8665.419	1000.0	1000.0	410000	565.8065	94.72054	735.681	-153.16328	565.8066	94.72192	740.33813	-150.23645	565.5611	93.90005	734.6787	-153.95009	5.335742	4.4961576	55.02892	-13.256153	-566.8217	7.9073267	7.7292094	9.088188	3717.798248767853
83	8661.166	103.39903	8788.695	8516.573	9077.208	125.19724	9334.634	8879.067	1000.0	1000.0	415000	569.5278	95.129944	740.77454	-167.96179	569.5279	95.13166	738.075	-152.72916	569.29706	94.30036	738.46924	-151.38269	5.327194	4.4232492	58.58072	-14.534599	-570.57556	7.799931	7.6618414	8.804076	3767.7186374664307
84	8896.205	153.63724	9141.293	8680.924	9125.499	164.46782	9405.379	8776.772	1000.0	1000.0	420000	573.14496	95.35772	740.5307	-158.81856	573.14453	95.35983	742.7045	-148.43558	572.875	94.53193	738.3044	-157.6521	5.3807554	4.45512	64.23083	-12.603422	-574.15717	8.1372385	8.04734	9.046396	3817.3573789596558
85	8772.014	535.4629	9255.959	7756.573	9191.877	147.9557	9451.547	8989.457	1000.0	1000.0	425000	576.4703	96.936195	749.4486	-219.53395	576.4705	96.93712	748.2136	-227.91936	576.2142	96.11989	748.3966	-209.2495	5.4082785	4.4620175	73.37101	-14.914303	-577.5245	8.538107	8.41402	9.393164	3866.5859375
86	7688.5195	1515.3971	9078.388	5027.6455	9392.982	171.18517	9621.093	9070.89	1000.0	1000.0	430000	578.9094	100.64068	753.67694	-324.25308	578.90936	100.6407	753.521	-311.95065	578.6245	99.817604	753.3054	-310.80746	5.4984384	4.446734	53.095417	-12.044527	-579.9607	9.262939	9.1676035	9.81332	3916.238885164261
87	7858.5615	2258.8838	9192.217	3353.806	8685.733	1120.3413	9330.924	5369.009	1000.0	1000.0	435000	581.6174	102.718056	757.8126	-334.41144	581.617	102.718445	755.66565	-320.70895	581.344	101.938194	758.83234	-329.93683	5.571	4.503764	56.00128	-13.594356	-582.6747	9.310666	9.422986	10.015617	3965.26700425148
88	8853.264	117.82766	8989.613	8678.239	8718.744	1555.994	9504.302	4085.0024	1000.0	1000.0	440000	583.8322	105.78172	763.40936	-331.23544	583.83185	105.78382	765.3512	-368.14017	583.5277	105.01923	760.98206	-372.90756	5.5844965	4.491176	53.046967	-12.783346	-584.8871	9.813804	9.71345	10.407047	4015.7411110401154
89	8576.072	240.25421	8912.38	8174.185	9115.789	99.38765	9240.7	8902.003	1000.0	1000.0	445000	587.1521	106.515526	764.6091	-421.18448	587.15173	106.51866	767.2227	-442.8181	586.8733	105.727425	766.137	-416.6807	5.6058044	4.482856	49.590195	-16.720943	-588.2381	10.400878	10.322092	10.808102	4066.5365993976593
90	8997.37	199.01518	9200.298	8740.624	9357.935	265.9144	9861.483	8828.558	1000.0	1000.0	450000	590.1176	107.44582	768.64575	-317.62036	590.11743	107.44649	769.8656	-317.6274	589.8097	106.64936	766.9268	-375.99445	5.6432357	4.5051336	51.94774	-14.024798	-591.1941	9.893302	9.818296	10.545996	4116.801523923874
91	9009.763	107.79551	9117.952	8828.734	9535.127	207.54042	9897.749	9253.961	1000.0	1000.0	455000	593.43384	107.46592	774.69543	-398.14676	593.434	107.46638	772.7776	-428.89194	593.1478	106.63283	770.4428	-375.48944	5.703356	4.543077	55.262207	-13.550814	-594.5091	9.919347	9.87991	10.769969	4167.261673927307
92	7407.693	2874.2607	8956.945	1667.599	9416.302	145.97821	9716.649	9184.681	1000.0	1000.0	460000	596.2238	108.91076	775.58435	-296.345	596.224	108.9109	777.51	-301.02762	595.9085	108.08695	774.54926	-303.6334	5.809869	4.546092	52.63579	-13.364915	-597.2982	10.598587	10.390228	10.946311	4217.7735896110535
93	8862.747	144.55841	9036.649	8597.104	9608.412	158.20537	9910.887	9248.732	1000.0	1000.0	465000	598.5555	111.80708	784.25446	-255.57857	598.5544	111.8121	778.99445	-281.9376	598.26715	111.03213	777.96655	-309.66568	5.841802	4.5963683	63.73707	-13.903276	-599.6741	10.865563	10.849201	11.463342	4268.744023799896
94	8958.939	310.84012	9489.614	8661.581	9298.416	244.05315	9751.052	8969.274	1000.0	1000.0	470000	601.48395	112.19309	792.504	-355.4368	601.48425	112.19347	793.8757	-358.77658	601.17255	111.37113	790.2796	-316.8487	5.8687415	4.5965295	55.976654	-13.320406	-602.60364	11.223153	11.018624	11.767425	4319.120603322983
95	8918.38	240.12392	9229.31	8530.955	9766.3	115.707886	10045.493	9630.944	1000.0	1000.0	475000	604.02997	113.22267	787.55493	-362.20123	604.02985	113.22723	787.84155	-361.5819	603.70984	112.40113	789.53033	-437.18002	5.8624787	4.5970716	61.486973	-12.287601	-605.158	11.6258335	11.4948845	12.4083395	4370.076155900955
96	9060.564	166.76685	9298.906	8800.942	9455.155	211.55046	9750.779	9144.02	1000.0	1000.0	480000	606.95667	112.967964	794.1767	-286.7961	606.95605	112.97079	792.766	-264.39877	606.62103	112.1395	798.69745	-319.8203	5.8952847	4.5767164	50.770527	-11.730334	-608.0782	11.283204	11.1585	11.806846	4421.446536779404
97	8737.697	1182.894	9515.938	6389.9565	9785.283	161.81409	10109.8	9564.535	1000.0	1000.0	485000	608.831	114.53841	791.8929	-411.22955	608.83093	114.53986	794.6708	-349.96634	608.4558	113.71405	789.39575	-385.11133	5.940128	4.598134	67.58124	-12.118237	-609.9361	11.165059	11.163049	11.863607	4471.828997850418
98	9405.756	169.66672	9675.659	9141.711	9918.7705	166.35118	10129.536	9576.089	1000.0	1000.0	490000	611.3098	114.79296	804.03467	-337.03613	611.309	114.79602	805.78174	-345.08322	610.94147	113.9763	805.40564	-370.337	5.9717526	4.5510354	52.05549	-14.619089	-612.4209	12.038461	11.672419	12.305936	4521.97234249115
99	9236.232	179.96829	9402.1455	9006.94	9990.35	141.7857	10219.898	9744.499	1000.0	1000.0	495000	613.65845	115.289696	810.5532	-311.33453	613.6583	115.291725	809.696	-273.12408	613.3185	114.44663	802.5862	-307.78604	5.979776	4.5287147	56.600033	-12.083236	-614.7789	11.134912	10.997461	11.864736	4571.944754123688
100	9293.607	251.8233	9544.15	8910.536	10126.118	104.25788	10383.943	9971.359	1000.0	1000.0	500000	616.5129	115.90066	810.20013	-318.0847	616.5123	115.9047	810.9691	-319.62238	616.15125	115.050156	803.7133	-331.31207	5.979859	4.578977	54.03656	-13.557533	-617.618	11.26293	11.151758	11.874669	4621.618829727173
101	9513.576	285.4673	9856.407	9072.732	9950.027	111.06101	10158.298	9711.227	1000.0	1000.0	505000	618.95245	116.54104	817.1237	-282.2813	618.9524	116.54453	818.37054	-299.707	618.6004	115.7003	813.2513	-353.63092	6.103924	4.599644	52.540356	-14.364405	-620.0512	10.812796	10.5071335	11.371696	4672.712166786194
102	9173.318	410.111	9754.466	8595.181	9618.655	174.3441	9976.557	9351.841	1000.0	1000.0	510000	622.4391	116.77575	819.52	-273.43436	622.4386	116.77926	818.4793	-262.14532	622.1051	115.89528	817.2204	-314.8044	6.1206183	4.5635114	52.71481	-13.451467	-623.553	11.373355	11.211697	12.193981	4723.942311048508
103	9157.749	250.45386	9573.678	8947.987	10065.266	247.98322	10367.963	9508.824	1000.0	1000.0	515000	625.93774	116.17586	826.4416	-264.65536	625.9376	116.17914	826.9557	-235.32675	625.5788	115.330185	824.09717	-268.4975	6.080823	4.5461845	62.237385	-12.033403	-627.0269	10.899663	10.827591	11.589871	4775.909781455994
104	9240.803	303.8209	9489.957	8659.695	9855.189	105.17839	10045.729	9683.08	1000.0	1000.0	520000	627.85614	117.64416	826.1087	-290.27957	627.8558	117.646736	826.56323	-274.29614	627.48315	116.77331	821.79175	-227.9368	6.1315885	4.584011	66.48253	-14.331703	-628.9436	11.615242	11.376255	12.038209	4826.063442468643
105	9507.422	169.50134	9718.568	9200.966	9798.657	526.8312	10198.166	8648.579	1000.0	1000.0	525000	630.2495	117.708015	828.4545	-259.3728	630.2495	117.71007	830.15375	-274.7115	629.8884	116.83529	821.87933	-317.0766	6.132337	4.569058	53.95945	-13.137535	-631.3367	10.811462	10.889338	11.389558	4877.244378328323
106	9446.764	549.1142	9879.889	8403.803	9437.783	201.90625	9753.119	8944.747	1000.0	1000.0	530000	632.99164	119.24241	830.3888	-312.73813	632.9907	119.245865	828.99756	-269.56143	632.6221	118.370575	826.18823	-312.46698	6.1620255	4.576156	59.135468	-13.39176	-634.08057	11.269977	11.154585	11.769581	4928.69961977005
107	9294.076	206.14528	9637.084	9000.189	10047.177	212.10384	10386.822	9712.559	1000.0	1000.0	535000	635.72754	119.60565	836.33575	-294.56766	635.7276	119.60727	837.34296	-359.96277	635.3517	118.70857	833.9412	-407.6673	6.11433	4.5809684	68.317825	-13.479811	-636.8316	11.771534	11.699212	12.513244	4979.426790237427
108	9321.022	261.43512	9668.688	8951.273	9362.709	2491.8928	10397.594	1910.558	1000.0	1000.0	540000	638.5339	119.60517	834.7078	-248.29402	638.5338	119.60869	838.2636	-251.85835	638.1592	118.71666	837.6632	-259.9857	6.3089666	4.6456227	52.63892	-11.848245	-639.6305	11.629425	11.479685	12.043571	5031.808656215668
109	9545.26	193.98459	9779.251	9222.118	9939.535	176.87457	10195.824	9615.7295	1000.0	1000.0	545000	641.2204	119.89698	838.97345	-271.53406	641.22003	119.899025	839.4528	-285.21704	640.8218	119.02269	837.2595	-386.00476	6.226012	4.594258	58.603703	-12.025366	-642.28595	11.324271	11.203528	11.817906	5082.357793331146
110	8255.381	2503.7495	9601.279	3248.9377	10169.358	137.60625	10525.14	10008.607	1000.0	1000.0	550000	642.7937	122.727066	842.5765	-192.48917	642.79315	122.730156	839.1693	-287.23895	642.3841	121.8727	838.79834	-336.15634	6.288919	4.6011806	56.15766	-13.320604	-643.8762	12.038349	11.774582	12.727257	5132.609725236893
111	9564.911	200.49452	9811.095	9256.184	9858.932	174.08783	10277.483	9631.252	1000.0	1000.0	555000	644.674	123.73442	844.0043	-396.97678	644.6732	123.73943	843.98914	-356.54037	644.2539	122.89686	841.62256	-429.7711	6.223925	4.5789676	57.615166	-14.774504	-645.73846	11.959021	12.162285	12.629634	5182.4082951545715
112	9606.053	128.8286	9821.855	9468.772	10312.937	127.01726	10460.174	10051.277	1000.0	1000.0	560000	646.6516	123.72476	845.46136	-245.90767	646.6517	123.72626	845.5476	-265.82108	646.22284	122.83424	839.8021	-273.98615	6.2932267	4.582312	75.40873	-12.020928	-647.7265	11.966756	11.90868	12.618671	5232.665726661682
113	9867.914	112.05214	10033.945	9747.017	9914.3955	169.11757	10148.523	9522.04	1000.0	1000.0	565000	649.09906	124.86679	845.03143	-374.39767	649.09906	124.867615	845.7985	-374.3558	648.68134	123.96835	846.5334	-449.6883	6.3649964	4.6008406	76.84864	-11.399702	-650.1702	12.075059	12.0361185	12.533572	5283.205147743225
114	9584.776	74.12424	9675.726	9496.632	10034.953	156.03366	10310.335	9796.859	1000.0	1000.0	570000	651.5286	124.48585	847.8679	-377.95844	651.52844	124.48939	850.3953	-436.82925	651.0956	123.615036	846.54047	-374.4729	6.3242984	4.5619783	71.16484	-13.802686	-652.5865	11.838131	11.603917	12.647796	5333.503272533417
115	9435.431	290.91235	9655.843	8876.525	10315.451	178.18352	10587.096	10086.696	1000.0	1000.0	575000	653.1689	125.26253	848.98004	-244.13638	653.16864	125.26332	848.4075	-258.1789	652.7022	124.3945	848.1402	-259.487	6.32316	4.5829735	55.680023	-13.83999	-654.1871	11.8678465	11.893125	12.386109	5384.504488706589
116	9716.53	159.21959	9882.529	9441.222	9902.084	76.52523	10013.828	9734.293	1000.0	1000.0	580000	654.9199	126.06592	856.5221	-345.677	654.91986	126.06787	854.30023	-366.17584	654.49445	125.1754	854.11365	-339.06744	6.4191885	4.5879116	57.943703	-11.635952	-655.9984	11.79077	11.6697645	12.378348	5434.810075044632
117	9195.932	961.8399	9881.455	7294.877	10237.156	141.68388	10500.111	10040.851	1000.0	1000.0	585000	658.29083	125.904976	864.93695	-380.79745	658.29047	125.90873	864.6658	-364.02823	657.8733	125.02162	855.15125	-377.60098	6.442607	4.603001	57.115585	-14.137472	-659.3656	11.974142	11.823171	12.640491	5485.46991109848
118	9578.064	207.62096	9873.459	9300.889	10354.663	154.44891	10649.054	10140.6875	1000.0	1000.0	590000	660.35266	126.33758	865.36285	-337.85895	660.3525	126.33862	863.23834	-388.24075	659.89056	125.43388	863.81354	-437.36105	6.4115806	4.5901055	59.03341	-13.412812	-661.4028	12.771847	12.65857	13.327293	5535.1250076293945
119	9925.15	220.63933	10312.781	9631.309	10273.244	109.57738	10423.816	10026.676	1000.0	1000.0	595000	662.5835	126.91288	864.6537	-220.33728	662.58307	126.91603	865.87683	-229.66673	662.14703	126.027985	868.94617	-218.33678	6.463275	4.614981	60.173244	-12.235888	-663.6376	11.870391	11.859853	12.308572	5586.811172246933
120	9768.967	232.75363	10043.126	9342.012	10267.161	233.32332	10610.48	9903.617	1000.0	1000.0	600000	664.414	126.72402	864.1671	-276.11563	664.4129	126.727585	866.94165	-299.037	663.9828	125.79691	860.95026	-318.35214	6.4888005	4.606378	59.753616	-11.179821	-665.49493	12.356721	12.263114	12.775153	5637.810263395309
121	7456.6587	2867.4812	9988.562	3340.5503	10474.604	167.6641	10768.195	10152.19	1000.0	1000.0	605000	665.66724	129.3098	864.702	-342.481	665.66705	129.3125	862.2086	-304.94788	665.2221	128.41739	863.56024	-373.7918	6.5085473	4.6039233	66.243866	-12.505983	-666.7217	12.51942	12.321086	12.4770155	5689.487403154373
122	9791.352	212.6138	10155.156	9565.95	10510.567	90.12288	10638.57	10350.996	1000.0	1000.0	610000	667.4665	130.94716	868.4744	-220.6115	667.46674	130.94844	870.87024	-226.4437	667.0084	130.06165	863.87744	-255.5119	6.5483446	4.61446	62.25164	-15.092591	-668.5039	12.386763	12.226558	12.890649	5741.498822450638
123	9938.072	257.44388	10434.762	9752.7705	9902.203	258.64517	10295.065	9487.231	1000.0	1000.0	615000	669.71906	130.53667	870.83636	-305.49405	669.71906	130.53835	869.33545	-332.74606	669.2297	129.62842	868.87286	-429.89734	6.56609	4.620086	70.0457	-13.342098	-670.76733	13.094697	13.115481	13.441257	5793.7952699661255
124	9911.735	120.77928	10079.714	9756.026	10187.672	206.04504	10594.877	9848.762	1000.0	1000.0	620000	671.2302	130.79114	874.7996	-343.87448	671.2307	130.79285	872.63513	-269.15298	670.736	129.90329	865.40704	-316.96762	6.6048384	4.6382017	58.660988	-13.298733	-672.2742	14.485859	14.146875	14.09816	5845.858313083649
125	9800.807	296.9772	10242.704	9375.323	9690.75	1534.8396	10579.978	5135.1123	1000.0	1000.0	625000	672.96454	131.13158	874.0503	-282.16714	672.9636	131.1347	870.74585	-211.2202	672.5065	130.2091	872.82916	-263.08954	6.5817976	4.611048	64.05496	-14.250796	-674.0285	13.485998	13.273422	13.172041	5898.675946712494
126	8782.979	2473.4211	10288.7	3852.0261	10138.049	124.03725	10306.014	9917.214	1000.0	1000.0	630000	675.2231	131.97952	873.8382	-239.6706	675.22296	131.98267	874.1807	-229.0197	674.7363	131.06229	871.4932	-276.96725	6.6570764	4.6405272	62.337307	-12.46418	-676.2981	13.976294	13.532756	13.688912	5951.1243686676025
127	9874.953	101.1921	10065.171	9762.912	9544.052	1125.6646	10189.609	6227.5312	1000.0	1000.0	635000	677.3629	132.59378	879.6815	-195.45482	677.3631	132.5981	880.999	-192.81606	676.8947	131.68639	874.6811	-191.74359	6.657866	4.649165	71.7393	-13.206053	-678.4268	13.377232	13.270664	13.196744	6003.078986883163
128	9810.397	395.81628	10342.573	9385.439	9608.019	1661.2399	10464.118	4643.581	1000.0	1000.0	640000	679.09406	133.257	877.2726	-191.15488	679.0944	133.25844	880.1354	-200.36084	678.5989	132.34111	877.7738	-245.95831	6.69711	4.643318	66.361916	-12.382475	-680.14	13.21816	12.89924	13.319853	6056.090696811676
129	9873.531	180.13525	10091.512	9580.251	9835.89	1485.101	10493.338	5388.213	1000.0	1000.0	645000	680.76465	132.18794	879.8262	-202.41026	680.7648	132.18889	878.59	-195.73653	680.2762	131.22366	880.17267	-188.29283	6.7037387	4.66761	69.63589	-12.751063	-681.8105	13.448416	13.282356	13.276395	6108.833672761917
130	9830.24	136.62012	9928.489	9560.141	10483.023	87.00912	10620.18	10333.27	1000.0	1000.0	650000	682.72595	132.46786	880.0472	-187.05495	682.7262	132.46712	879.37726	-178.61877	682.23035	131.52899	878.80475	-184.29156	6.6317306	4.598546	81.435646	-14.307926	-683.7643	13.184497	13.083718	13.328422	6161.7628037929535
131	9809.594	191.48224	10052.097	9524.916	10457.998	233.9971	10805.534	10130.381	1000.0	1000.0	655000	684.8704	132.89778	887.12256	-215.5661	684.87067	132.89796	886.0881	-186.72581	684.37286	131.96404	881.9339	-180.31009	6.7031226	4.681315	66.15442	-12.539534	-685.9106	13.689145	13.6337185	13.702794	6214.631566286087
132	9796.776	193.73439	10000.441	9451.658	10063.493	161.29987	10333.843	9755.754	1000.0	1000.0	660000	687.12787	132.40729	882.5063	-274.6024	687.1279	132.40498	881.345	-199.30226	686.6543	131.45628	886.1618	-306.3149	6.6914854	4.6464667	74.194466	-11.309929	-688.2117	13.693682	13.600706	13.403646	6267.754373788834
133	10020.687	76.25219	10129.716	9912.351	10323.019	203.68982	10568.893	9992.598	1000.0	1000.0	665000	689.7235	131.98927	886.508	-323.54282	689.7243	131.98996	886.02454	-310.30383	689.2283	131.02559	888.8994	-266.1248	6.8420725	4.68245	64.338394	-11.185845	-690.7935	14.309303	14.186795	14.275736	6321.369693279266
134	10073.857	363.04117	10449.783	9463.567	10555.006	106.53829	10761.208	10428.125	1000.0	1000.0	670000	691.643	133.08362	888.65454	-258.64185	691.64294	133.08412	889.80145	-280.51385	691.14374	132.12703	890.98444	-292.36563	6.872977	4.7078667	80.27677	-15.6645975	-692.7016	13.923325	13.6908655	14.026384	6374.281942844391
135	10080.557	114.35807	10222.373	9883.025	10527.8	139.46376	10825.646	10345.819	1000.0	1000.0	675000	693.97516	131.459	888.06274	-191.93475	693.9754	131.4611	892.7782	-194.92574	693.4788	130.4562	888.07214	-224.65169	6.867546	4.7102866	95.747696	-12.464846	-695.0182	13.423541	13.350672	13.54778	6427.112162351608
136	10249.132	205.39122	10635.128	10057.619	10095.144	148.73102	10329.416	9851.266	1000.0	1000.0	680000	695.59265	132.23022	892.0806	-206.67577	695.59247	132.23026	894.4643	-197.6723	695.0885	131.25468	889.2569	-196.13866	6.825062	4.6721582	70.14359	-13.155808	-696.6418	13.740075	13.77248	13.9988985	6479.0037751197815
137	9458.049	1501.682	10395.0	6463.228	10878.653	219.47444	11223.95	10333.975	1000.0	1000.0	685000	696.6261	134.2662	891.9552	-207.0762	696.62555	134.26802	891.7271	-221.02011	696.0775	133.33102	893.9035	-245.24843	6.8284526	4.6566505	58.87326	-14.84303	-697.6677	14.299678	14.223233	14.158666	6532.6514229774475
138	10030.237	355.77737	10435.455	9405.11	10356.543	136.41325	10544.821	10088.342	1000.0	1000.0	690000	697.94336	135.59607	891.02844	-248.83488	697.9444	135.594	895.26776	-251.156	697.4318	134.65193	891.2656	-265.4527	6.880048	4.6477704	76.60526	-11.778814	-699.00684	14.009362	13.85665	13.877278	6585.718256473541
139	10008.791	289.25964	10472.526	9704.856	10774.412	161.76697	11041.801	10504.993	1000.0	1000.0	695000	700.72974	134.50304	895.465	-221.60037	700.7299	134.50298	898.15265	-235.02344	700.2185	133.5677	895.6059	-255.17126	6.8852787	4.7106547	71.23186	-13.190808	-701.7741	13.487653	13.638567	13.606125	6639.43106007576
140	10266.514	306.31613	10610.195	9751.274	9943.151	1730.2274	10709.119	4764.5903	1000.0	1000.0	700000	703.01355	135.94606	909.83905	-344.31784	703.0136	135.94579	908.53345	-341.6828	702.48773	134.98375	905.5858	-336.22766	6.9081326	4.665298	70.80858	-12.700756	-704.0708	13.818528	13.953914	13.979512	6692.97181725502
141	9947.853	283.5751	10312.239	9542.074	9772.411	2676.3733	10872.71	1753.9501	1000.0	1000.0	705000	705.2972	135.76926	918.54584	-235.14847	705.29767	135.76848	917.78723	-263.68076	704.7967	134.79831	913.9385	-233.92033	6.9967813	4.697723	79.44771	-12.963857	-706.398	14.263845	14.071487	14.138713	6746.2098178863525
142	10000.901	372.40833	10503.678	9473.007	10050.408	2762.015	11134.74	1769.2998	1000.0	1000.0	710000	706.5717	136.4035	907.4093	-304.75327	706.57214	136.40279	909.8793	-355.25858	706.0226	135.4183	912.04913	-358.61594	6.8924065	4.6724977	65.95503	-12.833191	-707.6307	14.6971655	14.626241	14.68436	6799.84300327301
143	10319.523	203.47232	10672.976	10067.453	10611.817	270.67953	10934.921	10154.129	1000.0	1000.0	715000	708.1748	135.35094	912.45294	-352.4141	708.1749	135.35258	911.37396	-328.80737	707.6135	134.34743	909.1629	-387.54642	6.9856176	4.6994863	69.13411	-12.013944	-709.2736	16.195818	16.202475	15.566727	6853.795444965363
144	10119.457	406.9276	10453.942	9332.929	10833.315	422.2643	11168.468	9641.632	1000.0	1000.0	720000	710.0793	135.36734	922.86597	-218.86325	710.079	135.36818	919.8872	-227.11449	709.5279	134.39757	919.3794	-217.76045	6.9612503	4.70089	63.38589	-13.280322	-711.1499	14.7225685	14.760187	14.6686125	6908.056367397308
145	9022.406	2425.6526	10474.2	4207.1436	7881.3057	1134.345	8733.583	4598.56	1000.0	1000.0	725000	711.608	135.87099	921.51904	-242.92143	711.6087	135.87044	918.8379	-295.09235	711.0628	134.88786	922.9171	-222.74835	6.9740624	4.67642	93.245605	-16.178192	-712.6686	14.313136	14.377266	14.331192	6962.961313009262
146	9741.036	1135.1125	10770.221	7661.549	10907.206	177.19519	11153.743	10499.557	1000.0	1000.0	730000	712.5693	136.36494	923.55963	-234.86241	712.569	136.36514	921.58673	-234.54356	711.98236	135.37479	919.08514	-262.33926	6.956226	4.728369	77.15245	-12.549413	-713.62695	15.177703	15.517131	14.89398	7018.385592699051
147	8881.564	2788.449	10457.791	3311.7058	10642.434	260.56766	10926.943	10210.03	1000.0	1000.0	735000	713.24115	137.45975	919.457	-241.44576	713.2416	137.45703	918.686	-228.04121	712.67773	136.49205	915.5528	-224.31674	7.010839	4.73304	67.75264	-13.565425	-714.3308	15.3750925	15.248353	15.1294565	7072.526514530182
148	9143.385	2488.5752	10667.86	4177.166	10578.088	83.58506	10744.308	10441.549	1000.0	1000.0	740000	714.43115	140.26921	925.2299	-235.83295	714.43146	140.27034	932.8929	-266.10144	713.8919	139.305	919.2603	-272.5354	7.0170126	4.7126513	63.833397	-12.677841	-715.4979	15.663916	15.652405	14.973488	7127.709068536758
149	10319.548	272.38577	10536.008	9786.218	10907.317	170.43886	11191.626	10558.019	1000.0	1000.0	745000	716.18396	141.39189	925.2649	-257.01022	716.18353	141.39262	925.7246	-286.56445	715.6013	140.46039	921.6076	-289.59323	7.0048213	4.698552	68.94107	-11.91991	-717.2016	15.577587	15.52913	15.175987	7183.390494346619
150	9737.717	1434.184	10597.241	6873.5664	10694.1875	181.42538	10942.053	10402.292	1000.0	1000.0	750000	717.09503	143.41507	926.81683	-472.40756	717.0948	143.41478	924.931	-516.5284	716.5219	142.49347	924.38806	-515.48035	6.9718475	4.690116	70.50453	-13.254082	-718.13275	16.148113	16.10687	15.232632	7238.538183927536
151	10079.033	328.65195	10593.485	9739.439	10238.58	169.24252	10585.025	9981.372	1000.0	1000.0	755000	718.54193	143.19005	927.6055	-356.13242	718.5423	143.18906	929.57904	-361.1486	717.9407	142.27814	927.9029	-403.27295	6.975167	4.662861	71.75251	-15.734282	-719.5865	16.606674	16.605112	15.511014	7292.837427854538
152	8655.3125	2108.465	10788.694	4978.2773	10620.23	242.88553	11006.713	10265.731	1000.0	1000.0	760000	719.1839	146.44258	927.4508	-370.62924	719.18427	146.43893	927.635	-395.5201	718.58887	145.52403	929.3794	-400.87653	7.0363336	4.7461963	72.29938	-11.928636	-720.2512	16.775356	16.81533	16.409925	7346.727320432663
153	10354.83	266.4163	10813.353	10033.495	11174.623	144.22873	11395.101	10950.401	1000.0	1000.0	765000	720.7199	147.48616	939.05884	-419.42035	720.7201	147.48582	937.1606	-438.16528	720.1304	146.58542	936.0045	-459.9072	7.0538554	4.7069273	78.71807	-13.869226	-721.79694	19.067104	19.155537	17.017677	7401.807039737701
154	8887.496	2774.3398	10637.709	3372.77	10722.768	128.4301	10993.378	10528.109	1000.0	1000.0	770000	722.3763	146.65242	941.93567	-376.57068	722.37634	146.65479	942.05646	-400.795	721.7866	145.72684	935.4439	-369.66638	7.09992	4.7477903	69.55091	-11.104265	-723.4615	18.804527	18.662466	16.987823	7456.69128036499
155	10444.968	172.52496	10710.46	10230.007	11114.369	92.592804	11273.156	10935.126	1000.0	1000.0	775000	723.1383	148.2456	937.5082	-372.49045	723.13824	148.24683	938.06726	-425.92892	722.5476	147.34198	935.0844	-389.88745	7.0264826	4.746546	75.74261	-12.000383	-724.21735	17.210812	17.106346	16.013845	7510.500586509705
156	10544.945	258.2385	10803.205	10049.496	10668.276	237.08244	11076.781	10368.301	1000.0	1000.0	780000	724.4701	147.92398	941.61346	-446.11337	724.47076	147.92215	944.6188	-412.21777	723.8263	147.0245	944.2099	-386.19318	6.9523816	4.7278233	72.100624	-16.93172	-725.47	17.2785	17.32984	16.637625	7563.66154384613
157	10260.221	223.40753	10688.535	10068.815	10606.456	198.74124	10910.476	10274.376	1000.0	1000.0	785000	725.7654	147.84785	945.126	-375.00702	725.76544	147.84679	940.35876	-414.8258	725.1309	146.94147	938.55536	-377.85715	7.009108	4.743524	77.270836	-15.4066725	-726.78735	17.864388	17.630491	16.341661	7617.6680335998535
158	10348.79	142.33081	10533.974	10191.089	10179.594	1322.2452	10966.055	6242.145	1000.0	1000.0	790000	727.4278	147.54555	942.9961	-369.43256	727.42834	147.5448	942.3224	-404.3292	726.81177	146.59525	943.21704	-407.72586	7.0934	4.772303	73.187675	-14.723489	-728.5045	18.152328	18.256538	16.794455	7671.496373414993
159	8990.9375	2577.6812	10379.225	3838.917	10150.568	2555.1064	11416.0625	2514.0632	1000.0	1000.0	795000	729.11584	147.96419	946.25397	-359.11276	729.1159	147.95807	947.8319	-362.64215	728.5117	147.02048	945.039	-359.7463	7.0623226	4.7378225	69.5425	-12.396323	-730.2184	17.130217	17.892712	16.326017	7725.439664363861
160	10357.46	531.14197	10775.713	9375.488	11196.075	112.39948	11388.706	11052.845	1000.0	1000.0	800000	729.409	149.6075	945.69946	-348.4871	729.40924	149.6086	947.737	-366.84094	728.76526	148.69281	949.2107	-351.76645	7.1280146	4.7657056	67.70043	-13.279814	-730.4455	18.649963	18.584143	16.385107	7779.319296836853
161	10605.822	230.66032	11022.613	10398.12	10934.863	142.71603	11131.034	10631.662	1000.0	1000.0	805000	730.8635	149.94324	946.3798	-340.06946	730.8637	149.94235	947.00806	-349.01553	730.1926	149.01944	949.11334	-345.49142	7.212535	4.7849364	67.732285	-11.638675	-731.92694	21.19988	21.150463	17.802946	7833.176849365234
162	10754.459	145.62894	11016.948	10616.134	11190.0205	166.6958	11399.507	10929.727	1000.0	1000.0	810000	732.43286	147.50055	944.89355	-340.398	732.4327	147.50148	952.4807	-346.75476	731.796	146.58315	945.4129	-335.91718	7.272151	4.8027067	73.460495	-13.038389	-733.5118	18.70141	18.340773	16.981148	7887.039700269699
163	10598.74	155.85303	10885.045	10440.791	10989.264	110.878006	11160.632	10831.152	1000.0	1000.0	815000	733.0079	149.05374	946.36066	-334.73672	733.00836	149.05359	945.8873	-344.09995	732.3426	148.1399	960.6801	-334.2618	7.1609354	4.771947	71.19973	-14.675915	-734.015	20.323444	20.440544	17.381805	7942.017178535461
164	10599.424	234.70721	10840.078	10292.0205	10649.575	1291.9117	11275.521	6790.238	1000.0	1000.0	820000	734.04395	148.01312	948.15894	-329.83963	734.0437	148.0128	949.39746	-342.08212	733.39374	147.05182	942.3196	-341.85294	7.1581454	4.753283	71.40797	-13.258846	-735.0562	18.016287	17.929882	16.227018	7997.309536457062
165	10318.114	302.69943	10589.613	9766.228	11006.518	131.5242	11338.255	10823.652	1000.0	1000.0	825000	735.43726	149.18394	947.9301	-304.9067	735.4378	149.18204	947.1864	-317.94135	734.7645	148.24141	945.29926	-312.79156	7.085128	4.721395	67.16313	-13.830782	-736.435	17.951984	17.936838	16.53244	8051.489220380783
166	10545.432	198.34639	10880.614	10331.671	10688.154	176.8177	10976.833	10331.387	1000.0	1000.0	830000	737.5929	148.27953	957.8346	-310.67538	737.5928	148.28404	961.1852	-318.08023	736.93677	147.33464	947.9661	-313.00653	7.2673907	4.802374	71.55526	-12.310982	-738.62744	19.069809	18.796698	17.122763	8108.261923313141
167	10714.062	159.81503	10942.307	10489.478	10269.7705	1613.6398	11153.01	5464.771	1000.0	1000.0	835000	739.60767	148.4513	951.5773	-306.40298	739.60754	148.44972	954.5342	-331.43484	738.9569	147.49284	957.26794	-306.45288	7.2232194	4.795244	61.644897	-13.029413	-740.6365	18.062384	18.018562	16.315044	8164.596976518631
168	10360.239	304.7497	10728.718	9994.105	10880.519	219.07204	11254.467	10450.626	1000.0	1000.0	840000	741.351	148.65381	953.6869	-311.5983	741.35095	148.651	957.04297	-310.45135	740.7285	147.67744	953.68335	-303.61865	7.2950335	4.825659	62.479153	-13.925769	-742.4074	18.246435	18.520407	16.820456	8220.632657051086
169	10526.797	439.7268	11320.639	10085.601	11216.462	153.6421	11440.0205	10883.128	1000.0	1000.0	845000	743.3159	148.35156	959.22	-283.80884	743.31696	148.35202	957.7502	-301.86118	742.66656	147.3799	955.5905	-299.0573	7.275599	4.8015456	75.41393	-11.310471	-744.3653	19.183966	18.973785	16.592434	8277.280126571655
170	10569.841	218.85962	10798.749	10211.302	10676.515	179.48677	10900.614	10252.692	1000.0	1000.0	850000	745.25323	147.3283	956.5838	-307.2089	745.25366	147.3292	954.49805	-316.4392	744.6002	146.35161	953.7117	-310.49545	7.201416	4.7451935	66.64053	-13.428656	-746.2787	18.402742	18.224518	16.348331	8333.441970586777
171	9847.537	1813.8932	11061.315	6249.1313	11048.619	228.83696	11299.4375	10633.28	1000.0	1000.0	855000	746.27246	149.39551	963.2649	-323.44363	746.27216	149.39514	963.0504	-338.97256	745.6348	148.44954	959.1349	-328.55212	7.2639155	4.77754	67.42339	-12.847393	-747.3054	18.330269	18.789469	17.055223	8388.783479690552
172	10137.818	609.33417	10848.808	9029.746	9233.281	2526.0093	10962.565	4615.007	1000.0	1000.0	860000	747.6746	150.37614	960.00006	-333.1863	747.6753	150.37561	959.3003	-348.0337	747.003	149.43002	957.42993	-358.45197	7.279579	4.8078637	76.75735	-15.551572	-748.6769	19.144419	19.481903	17.521025	8444.976136684418
173	9699.934	1638.2969	10951.483	6590.9014	11205.209	209.78998	11548.646	10866.924	1000.0	1000.0	865000	749.3065	150.93979	963.51105	-328.36566	749.3066	150.9412	966.8241	-343.81894	748.648	149.99557	961.13885	-386.10992	7.310339	4.8181825	71.590935	-13.355746	-750.33704	20.163422	20.05643	17.786842	8500.720510482788
174	9349.271	3093.2056	11050.276	3165.7058	11133.372	163.7646	11394.573	10882.132	1000.0	1000.0	870000	750.9508	152.77248	964.3223	-342.52347	750.95135	152.77292	963.2969	-371.73346	750.3018	151.85641	964.9607	-347.89252	7.330882	4.8141966	70.3324	-11.808083	-751.97345	17.967674	17.871452	16.084702	8556.257495880127
175	10312.252	584.43506	11139.883	9349.311	11304.963	116.2871	11501.421	11024.673	1000.0	1000.0	875000	751.50006	155.77905	971.5549	-357.39975	751.4997	155.77885	964.43243	-386.3795	750.8222	154.86043	967.86945	-360.7556	7.4563475	4.889079	70.47138	-11.563926	-752.559	22.34089	22.94217	19.078278	8611.833372831345
176	10969.811	304.42126	11354.522	10654.269	9506.783	2981.0679	11074.615	1392.9048	1000.0	1000.0	880000	753.48145	155.0795	972.5637	-348.7243	753.48206	155.0802	966.5125	-378.46976	752.8332	154.12666	964.43134	-352.10703	7.3168306	4.813669	79.78773	-12.401281	-754.52844	18.158264	18.219662	16.706888	8668.98062157631
177	10399.736	215.69989	10600.066	9982.765	10715.826	159.33096	10913.963	10403.764	1000.0	1000.0	885000	754.40045	154.85744	964.99884	-349.91495	754.40027	154.8553	967.3385	-357.61224	753.69586	153.92047	962.4585	-335.22928	7.280855	4.8109574	62.05144	-14.476591	-755.4132	20.029572	20.53961	17.66484	8726.020013332367
178	8786.34	3627.4868	11006.386	1548.8682	11309.046	113.20928	11534.316	11112.635	1000.0	1000.0	890000	755.061	155.11972	979.63824	-332.42776	755.0614	155.11989	973.4803	-357.16782	754.40753	154.1931	966.70605	-337.86163	7.3325434	4.8335156	75.89095	-13.652198	-756.1269	20.863644	20.99997	18.506098	8782.649943351746
179	10711.079	144.37369	10965.803	10539.817	10192.49	1832.2485	11431.249	5973.1064	1000.0	1000.0	895000	756.15186	155.87723	975.75385	-328.30545	756.1516	155.88051	969.5266	-393.92493	755.45435	154.96286	971.32336	-335.42596	7.3756905	4.8181295	69.22541	-11.546779	-757.166	19.223461	19.156782	17.0962	8839.192299365997
180	10835.055	195.88454	11141.82	10595.61	10464.089	818.29895	10907.006	8071.774	1000.0	1000.0	900000	757.61035	155.85333	969.4192	-338.5184	757.61035	155.85565	970.2216	-360.73056	756.9587	154.93378	970.60077	-338.2301	7.400969	4.7507787	93.27391	-12.831949	-758.6886	19.59823	19.70471	17.44822	8895.830055713654
181	10663.76	258.82785	11018.141	10386.993	10582.58	2382.4512	11606.494	3456.8633	1000.0	1000.0	905000	759.03827	155.96468	972.83563	-335.7345	759.0382	155.96303	969.73303	-369.8768	758.35223	155.04193	973.9989	-336.2651	7.360752	4.8019137	73.51243	-11.537079	-760.0638	20.704477	20.529587	17.931501	8952.318779706955
182	10943.986	208.56133	11107.473	10547.465	11120.324	178.21039	11434.834	10892.007	1000.0	1000.0	910000	760.3341	155.8654	968.3931	-389.7358	760.33484	155.86568	968.26276	-402.05734	759.62463	154.94615	972.221	-330.98538	7.411438	4.809284	75.79668	-12.5473	-761.37134	21.475256	21.438202	18.646488	9007.852710962296
183	10692.268	384.85056	11152.021	10132.523	11347.034	162.93225	11619.2	11110.36	1000.0	1000.0	915000	761.45953	156.06259	977.21875	-320.34464	761.4589	156.06563	978.3668	-370.01596	760.7614	155.15547	968.26685	-327.67224	7.37258	4.7912526	67.88383	-13.846934	-762.4782	20.927322	20.716578	18.10756	9064.422453403473
184	10762.726	319.49182	11285.611	10368.19	11061.357	100.19176	11243.505	10822.769	1000.0	1000.0	920000	762.63336	155.70811	972.3517	-320.38937	762.6334	155.71239	971.061	-329.27792	761.93054	154.7981	971.8246	-324.63803	7.470255	4.8411684	68.739685	-15.691407	-763.6562	23.389284	23.141602	19.51237	9121.13200879097
185	10913.443	227.91742	11322.623	10679.101	11254.602	257.3592	11581.93	10741.471	1000.0	1000.0	925000	763.515	156.52809	971.80664	-332.19385	763.51544	156.53256	970.8092	-343.98593	762.78455	155.62463	973.70026	-337.0773	7.351431	4.8406	71.30881	-12.483812	-764.5251	20.82168	20.536032	17.74225	9177.123617649078
186	10838.662	96.854774	10965.542	10713.463	11263.568	123.154854	11401.7	10947.931	1000.0	1000.0	930000	764.19354	156.5897	968.9214	-349.10873	764.1939	156.5904	970.22186	-393.18896	763.4362	155.69528	970.09607	-348.40558	7.356423	4.8020964	70.63984	-12.655094	-765.1691	21.176397	20.743399	18.427515	9235.392570495605
187	10038.693	1443.5417	10846.963	7153.1113	10732.428	694.68146	11223.605	8698.235	1000.0	1000.0	935000	763.6176	157.22534	978.1173	-926.48413	763.61835	157.2416	969.906	-1652.4978	762.78265	156.29982	970.3115	-813.50793	7.41339	4.9596353	108.27806	-16.04351	-764.6387	27.125103	26.62219	25.938087	9292.510872364044
188	9152.17	3457.8564	11134.43	2256.203	9642.03	3572.7075	11718.789	1824.9835	1000.0	1000.0	940000	762.7654	159.35085	977.62714	-584.9966	762.76416	159.35313	974.14557	-853.5858	761.9958	158.45155	973.02905	-540.54004	7.378689	4.9903617	126.24974	-13.400614	-763.83386	24.006046	24.404749	22.114956	9349.404772758484
189	10808.787	190.58632	11034.265	10578.694	10773.889	391.88214	11225.916	9767.537	1000.0	1000.0	945000	764.30005	159.10323	977.54877	-481.62396	764.3008	159.09741	981.4924	-436.17065	763.5595	158.15726	973.8628	-357.9108	7.3962364	4.9425817	134.15395	-11.718506	-765.3688	25.324284	24.935225	22.781876	9405.583425045013
190	10844.013	190.84785	11091.647	10503.367	11404.229	175.79614	11693.708	11055.021	1000.0	1000.0	950000	765.26385	158.61078	976.4625	-984.2767	765.26385	158.61401	976.3861	-413.58694	764.481	157.6978	975.03864	-351.09604	7.4168944	4.9511247	135.42267	-13.044109	-766.3146	24.9128	24.380594	21.52269	9463.024821281433
191	9987.135	1845.3129	11303.2	6325.1465	9138.289	3362.3223	11619.437	2594.5115	1000.0	1000.0	955000	764.08307	159.73044	975.4058	-678.51624	764.083	159.72255	972.7168	-458.0942	763.29016	158.81656	970.10455	-348.1732	7.4272413	4.998391	123.36421	-12.013537	-765.11145	24.071875	23.368671	20.214022	9519.945005178452
192	7568.1436	3909.435	10929.386	1971.7439	10856.213	1362.5936	11866.689	6822.6543	1000.0	1000.0	960000	764.6821	162.89479	975.3773	-583.4989	764.6827	162.89493	977.0745	-567.3503	763.9138	162.0227	974.03033	-456.23196	7.4178667	4.9429774	104.894	-12.978068	-765.7479	25.20659	25.365519	21.70616	9577.59440279007
193	11046.65	185.54396	11298.909	10818.123	11307.098	210.61084	11635.906	10925.799	1000.0	1000.0	965000	766.0597	162.59335	976.99365	-434.7654	766.0591	162.59074	978.0368	-370.67325	765.3258	161.67558	979.1327	-349.62195	7.46937	4.877231	93.666245	-13.223181	-767.0957	22.744532	22.366547	19.720655	9634.310106515884
194	10926.36	464.82968	11678.078	10424.922	11282.648	144.4446	11472.397	11054.079	1000.0	1000.0	970000	767.603	163.3139	981.72296	-331.23004	767.6021	163.32394	978.7159	-323.0245	766.8193	162.41235	977.3452	-313.36288	7.4489455	4.8531713	88.52838	-13.476135	-768.6229	22.769156	22.365688	20.279287	9690.966698646545
195	10999.268	400.11484	11446.175	10426.347	11320.864	170.3085	11610.024	11084.376	1000.0	1000.0	975000	768.9231	162.5434	986.1947	-491.61987	768.9235	162.54565	980.22284	-456.1156	768.15076	161.63574	983.46936	-352.1118	7.5510325	4.9212003	87.52272	-11.553928	-769.9466	23.626585	23.055313	20.914639	9748.316845655441
196	10862.256	284.14307	11168.643	10406.953	11731.602	221.83917	11969.82	11266.655	1000.0	1000.0	980000	770.25964	162.41786	979.9386	-294.72253	770.25995	162.41684	980.29346	-329.44556	769.4891	161.48526	979.4766	-351.84033	7.5247297	4.9109836	93.33827	-12.288979	-771.2581	20.64932	20.821438	18.574165	9806.276511192322
197	10730.962	514.61816	11268.715	9848.043	10033.535	2531.2073	11489.247	2811.215	1000.0	1000.0	985000	770.971	162.05801	993.7978	-398.71478	770.9697	162.06589	982.1496	-386.1793	770.13885	161.17696	979.4626	-406.22955	7.483039	4.885301	82.73803	-13.401535	-771.9593	28.340084	27.379498	22.545645	9862.726917743683
198	10901.516	307.09268	11227.689	10463.177	9516.935	2841.3816	11276.762	1814.5774	1000.0	1000.0	990000	771.4127	163.22401	979.304	-827.7273	771.4125	163.22806	978.0058	-799.5988	770.64056	162.32602	987.2499	-769.3988	7.3988605	4.859794	78.81763	-14.399779	-772.4735	19.836264	20.274263	18.382011	9920.98063993454
199	10680.779	416.1125	11203.283	9924.25	10970.246	1551.554	11644.674	6324.292	1000.0	1000.0	995000	772.59735	163.55002	983.17395	-749.3797	772.59735	163.55495	982.8963	-734.1927	771.8254	162.58165	980.0234	-756.92957	7.5017624	4.869493	85.55072	-11.449797	-773.5934	22.090946	21.83995	20.32622	9979.071032047272
