Epoch	AverageEpRet	StdEpRet	MaxEpRet	MinEpRet	EpLen	AverageVVals	StdVVals	MaxVVals	MinVVals	TotalEnvInteracts	LossPi	LossV	DeltaLossPi	DeltaLossV	Entropy	KL	ClipFrac	StopIter	Time
0	-571.43555	30.792408	-533.91956	-615.9652	1000.0	0.016526662	0.48531827	1.6455499	-1.4846647	4000	-1.5819073e-07	3153.0894	-0.048071038	-725.96387	5.4791875	0.015915683	0.2165	15.0	5.029296398162842
1	-607.5821	6.9180107	-599.9932	-617.97394	1000.0	1.2866467	9.467897	14.643089	-15.682328	8000	8.022785e-08	3729.8035	-0.05716099	-1952.7062	5.5184608	0.01540303	0.291	28.0	9.409340143203735
2	-549.44196	113.60802	-363.22287	-667.4304	1000.0	-17.020601	4.2103925	7.6280293	-21.433874	12000	-2.6702882e-08	1380.7415	-0.046166006	-592.7922	5.433841	0.015573665	0.24525	21.0	13.988198280334473
3	-605.98346	64.80225	-547.3865	-715.1807	1000.0	-27.701578	1.2097858	-3.4990723	-28.501137	16000	7.4625014e-08	1031.21	-0.03976502	-333.33246	5.4955635	0.016670711	0.1685	15.0	18.078259706497192
4	-484.6049	87.74385	-371.923	-613.54517	1000.0	-34.156445	1.0907326	-14.683647	-34.588737	20000	-1.704693e-08	502.48355	-0.015819723	-68.328705	5.401081	0.017171854	0.24425	6.0	22.071878910064697
5	-575.01514	47.45167	-523.3114	-623.9113	1000.0	-36.94048	2.3564482	10.017723	-37.528923	24000	-1.9073487e-09	469.26465	-0.017709097	-116.204254	5.387448	0.018924454	0.22475	5.0	26.500831127166748
6	-517.1841	61.139935	-443.6072	-596.1451	1000.0	-40.868538	0.7689944	-30.16847	-41.16637	28000	8.5830685e-09	254.3315	-0.017802058	-20.891235	5.440579	0.017599914	0.23775	7.0	30.97496509552002
7	-460.83585	40.842346	-390.84644	-491.44467	1000.0	-42.61754	1.1886287	-8.181673	-42.9521	32000	2.503395e-08	185.36406	-0.01515763	-11.892426	5.375251	0.018931061	0.275	6.0	35.14080548286438
8	-534.1045	37.49076	-498.7989	-597.0719	1000.0	-42.20147	2.4059477	10.955745	-42.798462	36000	-2.360344e-08	305.82684	-0.015323945	-19.776031	5.3502874	0.02099284	0.24775	5.0	39.4561026096344
9	-500.10803	27.99994	-467.2842	-533.2644	1000.0	-43.59615	2.8190055	10.705573	-44.240463	40000	-2.9802323e-09	193.5203	-0.015634354	-8.763916	5.3513007	0.016881099	0.2035	6.0	43.9065887928009
10	-452.80554	32.974186	-409.52222	-492.33078	1000.0	-44.421963	1.7924477	-5.442114	-44.818275	44000	-8.8214875e-09	232.8814	-0.011644598	-20.960175	5.413711	0.019536918	0.20975	5.0	48.50484919548035
11	-413.44125	32.921795	-375.55817	-456.48434	1000.0	-42.87968	3.7232492	18.155333	-44.17833	48000	6.6757204e-09	148.57065	-0.039710946	-17.722473	5.3616114	0.016164146	0.20125	18.0	53.0415096282959
12	-439.0218	36.813763	-382.21817	-480.58536	1000.0	-40.41902	4.5049543	2.2037263	-43.407024	52000	8.225441e-09	176.13535	-0.016756594	-10.368027	5.307209	0.019218428	0.2195	6.0	56.96604013442993
13	-425.32843	5.096005	-419.54343	-433.4716	1000.0	-38.9243	6.57441	13.383202	-43.492226	56000	1.1205673e-08	140.63618	-0.014049134	-33.906998	5.3075495	0.019199079	0.231	5.0	61.00987696647644
14	-398.1619	57.79033	-304.99118	-448.89807	1000.0	-39.068756	4.516929	-3.1542296	-43.00241	60000	1.0967255e-08	184.64848	-0.018678611	-22.143875	5.3027945	0.021439748	0.27975	6.0	65.6433756351471
15	-401.9867	34.030422	-359.43542	-453.7757	1000.0	-37.501305	4.3126736	9.462538	-42.45762	64000	-8.5830685e-09	127.38503	-0.011340198	-17.108253	5.334393	0.019095497	0.216	5.0	69.97945046424866
16	-413.2661	37.057926	-376.79327	-472.19437	1000.0	-35.30616	4.7767987	15.873756	-42.084103	68000	2.0742416e-08	162.65605	-0.0510045	-26.169159	5.2977715	0.016031936	0.25125	24.0	74.13951015472412
17	-446.44574	35.590027	-402.4969	-499.10825	1000.0	-36.01154	3.1956012	0.30540958	-41.837826	72000	8.5830685e-09	212.47017	-0.015817417	-22.575867	5.2858124	0.018352058	0.25175	6.0	78.2375750541687
18	-364.5761	27.92544	-327.27487	-399.43353	1000.0	-38.352108	2.3291237	-7.3307295	-42.45486	76000	-1.6212464e-08	168.4694	-0.05982644	-31.039078	5.272605	0.015895452	0.2855	36.0	82.51968002319336
19	-377.1159	23.051643	-343.6499	-407.0604	1000.0	-34.243546	3.1470997	-3.502027	-41.693768	80000	5.2452087e-09	136.70485	-0.041251116	-18.22174	5.2880206	0.016283039	0.1955	17.0	87.02200841903687
20	-348.93872	85.523186	-256.3724	-460.75742	1000.0	-32.941467	2.9055812	-8.881252	-41.28964	84000	5.960465e-11	265.00137	-0.048508856	-42.82846	5.2055335	0.016444918	0.253	24.0	91.87579250335693
21	-312.73544	38.217014	-252.96555	-357.27975	1000.0	-31.29864	5.69964	12.344542	-41.271397	88000	2.783537e-08	150.90234	-0.04458135	-34.062874	5.170172	0.015952658	0.219	19.0	96.23596358299255
22	-317.1494	72.70749	-221.89777	-425.2834	1000.0	-29.377077	5.76314	12.675765	-40.432655	92000	-4.2915342e-09	128.41493	-0.04630991	-31.486145	5.136055	0.0159467	0.22625	21.0	100.80881452560425
23	-310.0114	43.376404	-259.16248	-377.83078	1000.0	-26.501041	3.9313703	4.886626	-40.354137	96000	-2.384186e-10	153.07042	-0.017787736	-23.0195	5.135391	0.018476104	0.27075	6.0	104.94209718704224
24	-307.93295	47.08372	-229.65594	-355.02063	1000.0	-28.605253	2.7733986	-12.556385	-40.497055	100000	-1.6689301e-09	117.54665	-0.051042207	-10.832016	5.1706915	0.016400885	0.2655	26.0	109.15479969978333
25	-308.48187	29.745333	-266.2067	-344.7569	1000.0	-26.5892	2.7376082	-7.875964	-39.736927	104000	-3.170967e-08	89.053764	-0.047276378	-5.6493454	5.113508	0.016012058	0.2485	22.0	113.68514060974121
26	-280.7008	18.955193	-259.00958	-309.9571	1000.0	-27.224264	2.8295636	-9.727871	-40.569244	108000	-2.503395e-09	88.5322	-0.016690806	-13.850189	5.0584383	0.016923482	0.23775	5.0	117.83954405784607
27	-260.7771	77.91115	-198.14877	-391.99765	1000.0	-24.903465	3.0676582	19.72392	-40.06115	112000	2.4318695e-08	193.2775	-0.043105878	-31.559082	5.0599813	0.015863424	0.2145	21.0	122.5222680568695
28	-280.53717	22.057943	-257.6057	-316.83557	1000.0	-22.738672	3.6630583	11.095468	-40.465614	116000	-1.9073486e-08	91.45694	-0.050376866	-11.240868	5.070787	0.016441945	0.24275	22.0	126.76964330673218
29	-237.23886	22.57595	-200.6744	-260.9675	1000.0	-27.265966	5.7210374	-10.524349	-40.81527	120000	1.2159347e-08	156.6183	-0.046089284	-69.16913	5.0255294	0.01648653	0.24375	19.0	131.10524606704712
30	-226.34254	28.94474	-177.7442	-252.23872	1000.0	-21.749191	2.594819	4.9113426	-37.645905	124000	-9.298325e-09	106.91673	-0.023271618	-13.495262	4.9819384	0.014830141	0.216	9.0	135.53653264045715
31	-247.20291	42.464848	-180.59558	-291.03253	1000.0	-19.893368	3.3633049	4.297119	-38.36653	128000	7.390976e-09	110.77819	-0.04090565	-20.738457	5.009551	0.01598784	0.1955	18.0	139.66791653633118
32	-193.46054	16.523642	-177.63585	-221.19434	1000.0	-20.99615	3.4216197	-3.9437296	-40.1046	132000	-1.9550324e-08	88.6283	-0.043782003	-22.892097	4.914082	0.016624687	0.1985	18.0	143.95509839057922
33	-238.35602	58.74962	-154.88387	-310.33237	1000.0	-18.432219	5.686669	11.103949	-38.962482	136000	1.4781952e-08	148.81163	-0.014423339	-40.995453	4.9060674	0.017614266	0.218	5.0	147.4268729686737
34	-147.61237	25.833881	-115.64073	-187.35953	1000.0	-18.829842	3.0053916	-1.5120883	-38.99628	140000	-7.629395e-09	102.368256	-0.015234579	-32.306656	4.9058895	0.017359627	0.2485	6.0	151.66494822502136
35	-244.49536	33.904438	-198.47607	-293.9416	1000.0	-15.34847	4.5817556	15.280408	-38.601578	144000	1.9073487e-09	135.90825	-0.014212066	-46.98934	4.8914247	0.022524921	0.243	5.0	155.81521153450012
36	-151.80327	22.231108	-125.19733	-175.30101	1000.0	-17.28614	2.269307	-11.021972	-38.133476	148000	-8.34465e-09	58.685234	-0.010070969	-13.636406	4.868122	0.018793128	0.2305	4.0	159.9916331768036
37	-176.62825	41.73814	-120.32034	-218.07114	1000.0	-15.161066	4.2755437	29.820444	-39.77688	152000	-1.3351441e-08	88.874435	-0.015202344	-11.589287	4.86709	0.017968232	0.2725	6.0	164.38220143318176
38	-220.7365	62.64689	-161.89755	-317.11896	1000.0	-15.204828	3.9149811	3.9634356	-39.48866	156000	1.3589859e-08	216.90721	-0.046623215	-75.68065	4.9125333	0.015416378	0.2345	24.0	169.00462102890015
39	-213.8624	46.339386	-144.16063	-260.63132	1000.0	-15.961283	5.234836	-5.4762063	-40.949444	160000	1.9550324e-08	75.987206	-0.059102725	-8.260933	4.8801765	0.015502065	0.30525	32.0	173.34096550941467
40	-145.95746	22.411228	-119.26555	-181.38103	1000.0	-20.754698	8.070485	6.4946246	-41.34355	164000	-2.3841857e-09	159.41635	-0.046371885	-93.43965	4.812077	0.015699286	0.23	25.0	178.41010069847107
41	-146.82233	67.684586	-99.95295	-263.32523	1000.0	-12.33543	5.9582896	21.224937	-38.06812	168000	8.106232e-09	117.26767	-0.016665248	-40.180855	4.773839	0.015749257	0.2245	6.0	182.77224159240723
42	-153.68427	38.40764	-91.18171	-192.27867	1000.0	-10.883176	4.4838004	18.97837	-39.361538	172000	3.5762786e-09	91.6989	-0.01542004	-16.462585	4.7902956	0.01758929	0.217	6.0	186.83388686180115
43	-168.57011	63.408432	-81.82764	-230.05124	1000.0	-12.532897	3.5726838	25.684258	-35.818073	176000	1.9073487e-09	150.0695	-0.052066073	-61.79164	4.755927	0.01599317	0.2535	27.0	190.90727066993713
44	-168.1854	35.243996	-131.69218	-214.68607	1000.0	-13.536693	5.7703147	-6.3261867	-40.407005	180000	-1.1920929e-08	64.10007	-0.015376457	-9.38126	4.781418	0.018731456	0.24775	5.0	195.20003366470337
45	-76.02141	32.714165	-39.009148	-117.019325	1000.0	-11.807688	3.6899846	-4.449137	-40.01052	184000	1.0490417e-08	99.181496	-0.016700873	-37.35797	4.7500434	0.017934734	0.22025	6.0	199.30845952033997
46	-91.28839	18.513458	-60.521935	-107.80339	1000.0	-8.002757	2.9730828	18.817617	-38.909286	188000	6.198883e-09	58.149445	-0.014877329	-9.029888	4.81031	0.017193928	0.2765	6.0	203.5268895626068
47	-161.84167	104.985054	-46.0388	-331.71194	1000.0	-9.227849	4.3777094	13.422673	-39.980038	192000	-1.1086464e-08	311.73715	-0.014391839	-126.45235	4.7059755	0.017162899	0.2475	6.0	207.80461263656616
48	-96.25946	52.809063	-16.463558	-146.31021	1000.0	-10.6132965	7.5006604	-2.9674456	-42.512684	196000	1.2159347e-08	87.91953	-0.05561153	-20.90139	4.734553	0.01578502	0.2875	33.0	212.511132478714
49	-40.961853	36.090878	15.045777	-84.84451	1000.0	-6.0791163	4.147217	2.7699215	-42.106094	200000	1.4781952e-08	75.536125	-0.04265194	-16.402752	4.7053943	0.016584152	0.21225	18.0	216.6269974708557
50	-23.855038	28.30611	15.872093	-59.96683	1000.0	-3.7345483	3.7063823	19.001673	-41.080406	204000	4.887581e-09	69.35626	-0.05048019	-10.519447	4.6198378	0.016248038	0.273	23.0	221.7649278640747
51	13.357336	42.67296	64.18918	-52.772583	1000.0	-1.7524573	2.6848302	15.925328	-33.172546	208000	-1.7166137e-08	64.50911	-0.045452114	-19.85268	4.6698623	0.016160663	0.19525	18.0	226.05098032951355
52	-56.276688	15.866643	-37.030903	-74.99295	1000.0	1.5760934	3.9404504	17.348595	-39.273685	212000	-1.8119811e-08	83.90778	-0.0130004315	-26.213707	4.648512	0.021116383	0.22	4.0	230.25456357002258
53	-24.77275	33.696243	32.067783	-55.73421	1000.0	-1.8837837	3.7789876	8.097786	-38.38797	216000	-1.2397766e-08	49.70659	-0.011284328	-6.5203133	4.5763836	0.019094573	0.29275	4.0	234.41848301887512
54	0.903373	45.40397	60.186867	-63.68382	1000.0	-1.0871958	4.9776335	32.613087	-39.58517	220000	-2.026558e-08	108.10298	-0.011042927	-19.522163	4.579274	0.021161726	0.2325	4.0	238.88900566101074
55	-27.07318	12.702638	-7.912792	-43.10958	1000.0	0.59500915	4.467447	13.908609	-34.864246	224000	2.6226044e-09	105.84774	-0.01525673	-24.44371	4.6269445	0.018808648	0.2525	5.0	243.51215314865112
56	47.29571	27.921085	78.02996	16.7614	1000.0	-0.3860672	5.5967717	10.105353	-38.777214	228000	-1.7106533e-08	96.217995	-0.014062205	-47.25498	4.5807724	0.017193228	0.25975	5.0	247.70668840408325
57	51.45024	69.42155	141.89415	-52.247826	1000.0	5.1360946	3.346408	17.866306	-33.966858	232000	2.9802323e-09	132.8219	-0.018669708	-13.301521	4.5666375	0.015606056	0.188	6.0	251.6347963809967
58	82.02437	26.249546	102.61927	37.54846	1000.0	5.5242734	4.2049494	23.323996	-26.91757	236000	7.867813e-09	75.994865	-0.019240867	-19.967	4.5814366	0.015811402	0.21875	7.0	255.7644281387329
59	52.99878	35.58767	105.32642	15.908775	1000.0	8.976322	3.933229	19.235641	-23.637114	240000	-9.059906e-09	70.90015	-0.041625403	-16.47042	4.535103	0.016133776	0.23675	18.0	260.28856658935547
60	98.77413	20.160328	119.202736	69.93887	1000.0	6.328524	2.8040898	13.521375	-22.63686	244000	-2.4318695e-08	54.719765	-0.049385365	-14.700188	4.502195	0.015985368	0.26225	21.0	264.9384424686432
61	77.16677	50.83228	123.08959	-8.21103	1000.0	8.989204	3.2457395	22.934763	-23.060934	248000	-1.9550324e-08	74.48714	-0.04405331	-18.676537	4.4751525	0.015959062	0.223	18.0	269.163941860199
62	103.53883	8.450471	112.36358	89.648026	1000.0	9.640809	3.89626	17.37084	-22.34658	252000	2.4139881e-08	49.759903	-0.04134448	-8.892399	4.46083	0.016490959	0.22775	16.0	273.43636536598206
63	83.731575	52.315804	139.81035	-0.37155315	1000.0	9.505291	4.4761314	16.597773	-28.544449	256000	-1.07288365e-08	131.34915	-0.019505464	-36.443886	4.3992195	0.014712649	0.2455	6.0	277.7896752357483
64	149.91406	23.266174	173.16634	115.70018	1000.0	12.35104	3.8276796	21.489748	-31.893938	260000	-4.529953e-09	86.45893	-0.045348536	-20.799103	4.442263	0.01705166	0.237	20.0	281.93794560432434
65	173.06712	29.511335	216.90662	142.60976	1000.0	12.82771	2.4801922	23.940937	-23.692251	264000	1.0490417e-08	72.402084	-0.05248724	-11.335419	4.3065677	0.015309542	0.2735	24.0	286.4146900177002
66	139.04132	45.461964	188.4779	64.881325	1000.0	14.792214	3.8956664	28.234795	-33.635258	268000	1.692772e-08	77.950516	-0.04778909	-14.829006	4.3394904	0.016323041	0.23025	22.0	290.8689556121826
67	156.18512	57.7975	243.36028	93.47892	1000.0	13.770498	4.021205	23.708351	-27.652798	272000	-4.339218e-08	69.40106	-0.05215609	-13.8594055	4.31765	0.0153035605	0.27875	27.0	295.37060356140137
68	162.2194	32.760895	193.86594	112.515686	1000.0	15.299152	4.6318626	23.574009	-28.358145	276000	-5.00679e-09	94.28247	-0.040902227	-19.430992	4.228749	0.015838735	0.21225	18.0	299.6329472064972
69	158.00168	43.710945	217.16281	100.1303	1000.0	17.78316	4.2459283	26.742428	-29.597385	280000	8.106232e-09	85.568565	-0.013036103	-10.731476	4.244324	0.02086469	0.233	4.0	303.8694586753845
70	190.85919	33.214935	244.66965	154.97487	1000.0	16.68433	3.971796	33.574154	-26.348608	284000	-1.3351441e-08	76.568344	-0.044011	-9.829124	4.213496	0.016428078	0.233	18.0	308.8481011390686
71	145.39752	43.71773	215.81229	99.47591	1000.0	17.28307	5.210606	27.125662	-34.69239	288000	-9.059906e-09	107.16711	-0.049019326	-23.772842	4.179424	0.01612041	0.2695	25.0	313.1835358142853
72	154.85928	57.16409	216.01028	88.04013	1000.0	15.359649	6.4869943	26.43931	-38.088684	292000	1.1920929e-08	78.96643	-0.048581712	-16.017685	4.1599927	0.015075509	0.27125	24.0	317.66943311691284
73	162.17392	20.289347	191.98474	139.61954	1000.0	16.466497	6.275234	34.695366	-36.410927	296000	2.0384789e-08	87.29286	-0.017756052	-22.997803	4.149	0.015320246	0.20625	5.0	321.91294527053833
74	151.28981	60.882725	235.09367	63.083397	1000.0	16.14021	4.407283	28.105148	-35.485962	300000	7.629395e-09	135.61053	-0.014656818	-40.495438	4.056781	0.01708761	0.2435	5.0	326.06113171577454
75	214.91324	47.35918	290.69766	166.30795	1000.0	17.879902	5.3574786	25.883951	-32.35374	304000	1.2874604e-08	122.48043	-0.01017356	-20.56057	4.134582	0.01996537	0.25525	3.0	330.248384475708
76	217.10931	44.810642	269.06546	160.46385	1000.0	20.285252	5.2392135	29.394758	-24.364044	308000	3.2901763e-08	74.24101	-0.049022835	-14.728241	4.139926	0.01615118	0.239	23.0	334.57454466819763
77	214.87833	31.742907	253.71089	176.78761	1000.0	20.488949	3.694606	28.917505	-25.763546	312000	-9.775162e-09	60.058174	-0.01936357	-9.094002	4.0815196	0.01667923	0.2295	6.0	338.67077922821045
78	211.54723	31.902744	256.58954	178.60619	1000.0	20.085976	2.9142776	29.706924	-28.903679	316000	-1.7166137e-08	71.631386	-0.016224265	-7.2501755	4.1204414	0.016276032	0.25475	5.0	343.01509642601013
79	218.66428	32.707623	267.8455	179.46013	1000.0	19.68392	3.263203	31.631369	-24.149797	320000	3.0994416e-09	96.91125	-0.013428347	-14.975685	4.066858	0.01878429	0.229	4.0	347.32795214653015
80	188.71751	115.6143	273.3187	-10.18324	1000.0	12.342139	18.132183	29.746595	-40.40539	324000	-1.835823e-08	327.26218	-0.053314276	-220.59941	4.0627456	0.01594993	0.295	27.0	352.2217073440552
81	242.59265	44.667492	313.8156	202.00432	1000.0	24.065573	5.267419	30.233723	-33.274963	328000	1.001358e-08	88.880264	-0.04639624	-11.354576	4.0511446	0.015570228	0.24975	21.0	356.53577971458435
82	240.32907	54.661934	307.95364	157.89046	1000.0	18.856668	9.403597	32.820683	-21.449356	332000	1.0490417e-08	109.20427	-0.02133065	-36.406693	3.9830668	0.019836277	0.27275	6.0	360.7833604812622
83	191.14426	43.1362	243.03714	124.100586	1000.0	25.2021	4.7268662	32.013367	-25.605894	336000	1.180172e-08	133.73166	-0.01846538	-49.41517	4.0419135	0.018000336	0.24075	7.0	365.0007133483887
84	224.32304	34.035427	283.23273	202.77986	1000.0	19.480043	5.175047	26.452122	-31.54645	340000	-4.2915342e-09	147.76091	-0.05207092	-33.712402	4.0007386	0.015711574	0.27625	28.0	369.30711340904236
85	296.9872	59.401466	386.88184	220.73874	1000.0	23.775864	4.7343974	30.357756	-19.512327	344000	-4.315376e-08	118.10308	-0.018207084	-28.799614	3.9685035	0.016841523	0.25125	6.0	373.4321949481964
86	278.91177	9.090799	289.14526	269.75552	1000.0	28.13918	5.0190926	33.773132	-21.860664	348000	1.66893e-08	113.22514	-0.052211884	-18.681946	3.9869988	0.015592398	0.28025	26.0	377.56490778923035
87	254.92465	64.057556	336.40698	164.13535	1000.0	26.23818	3.0570886	33.73034	-14.706993	352000	1.3828277e-08	115.68744	-0.016463049	-18.275238	3.9529586	0.016188031	0.18975	5.0	381.59402656555176
88	261.99014	33.74217	294.65997	207.27834	1000.0	23.465443	2.742909	32.687393	-3.8669043	356000	2.861023e-09	101.48572	-0.047553852	-5.4195175	3.919954	0.016377268	0.2485	21.0	385.9182324409485
89	267.41748	23.512905	296.71887	231.0599	1000.0	24.028301	3.6145065	36.031506	-12.656166	360000	1.9073487e-09	113.07121	-0.058374453	-19.071121	3.8404913	0.015628936	0.318	28.0	390.4492223262787
90	218.34755	33.709305	260.63367	166.59467	1000.0	25.19906	5.076243	33.389797	-20.96027	364000	1.1205673e-08	94.204	-0.018257637	-18.93711	3.8046958	0.014690384	0.22325	5.0	395.25568175315857
91	288.06458	66.873985	375.1489	202.01747	1000.0	23.026926	3.709016	30.263329	-13.161987	368000	2.3841858e-08	135.19966	-0.013566717	-28.260803	3.826009	0.017321704	0.2345	4.0	399.4306733608246
92	309.27118	36.237617	363.00653	263.2941	1000.0	27.787073	2.9083622	34.13095	-11.89694	372000	2.4676323e-08	114.11145	-0.01143839	-7.658882	3.8052232	0.020568732	0.24025	4.0	403.6900351047516
93	272.03	19.61049	287.71964	238.4171	1000.0	27.513868	4.3396206	35.397137	-20.430656	376000	-3.1232833e-08	158.49004	-0.012640575	-40.272614	3.8251536	0.020620627	0.25325	5.0	407.47483086586
94	283.8166	25.85834	321.95264	254.48436	1000.0	28.024601	5.817227	36.59995	-35.535515	380000	6.6757204e-09	104.26003	-0.04725102	-22.008919	3.8274217	0.015348593	0.259	21.0	411.6256191730499
95	304.06787	29.77228	331.23047	253.81404	1000.0	26.763317	4.1371818	33.59061	-24.509335	384000	-9.059906e-09	120.169	-0.045455337	-16.896515	3.809994	0.017571125	0.25125	19.0	415.9942708015442
96	276.5808	58.17383	333.61972	179.7851	1000.0	28.918882	5.2339816	36.147663	-20.716188	388000	3.0994416e-09	168.96408	-0.020216592	-40.95082	3.7929435	0.017788013	0.246	6.0	420.5547618865967
97	341.71832	10.352742	349.88052	324.05182	1000.0	29.989859	4.197595	37.554455	-31.03832	392000	-3.0755995e-08	114.160576	-0.048802283	-16.594597	3.7442105	0.015707916	0.29925	25.0	424.90375781059265
98	286.08173	43.753036	330.6208	229.26288	1000.0	30.348675	6.2742662	38.06571	-40.7617	396000	-2.8133393e-08	124.158585	-0.04481047	-39.02176	3.7667854	0.015959548	0.26075	21.0	428.9270484447479
99	324.15778	47.983982	376.36038	246.56798	1000.0	30.749239	5.464141	36.94167	-34.881104	400000	2.9325486e-08	119.22002	-0.013275641	-21.083672	3.7009058	0.020630436	0.24325	4.0	433.231014251709
100	359.50656	43.522667	434.68137	330.64737	1000.0	30.430548	4.507176	37.728798	-19.76636	404000	5.00679e-09	145.8109	-0.057562023	-27.462288	3.6689475	0.015276461	0.3125	38.0	438.17056369781494
101	331.50937	28.028248	361.16678	290.33524	1000.0	33.896984	5.8110266	40.29129	-39.155792	408000	6.6757204e-09	144.0388	-0.018115405	-18.956398	3.654075	0.022913689	0.29575	5.0	442.24378275871277
102	344.01306	33.830833	375.6342	289.8822	1000.0	33.180695	3.5555305	39.83747	-5.7389774	412000	-2.7894973e-08	81.03663	-0.01541153	-11.606865	3.7102425	0.018095559	0.25425	5.0	446.51331639289856
103	306.60574	91.56484	395.77286	155.61305	1000.0	31.675398	6.8965263	38.694805	-36.80009	416000	3.194809e-08	177.33095	-0.017447956	-43.374847	3.6571212	0.016969062	0.2925	5.0	450.6284878253937
104	351.682	21.870218	374.68	321.66165	1000.0	32.902527	6.4146733	40.64165	-28.700918	420000	5.2452087e-09	98.52278	-0.024327787	-17.100304	3.6598463	0.016114002	0.21525	8.0	454.9864492416382
105	347.78845	39.559883	414.32983	314.3727	1000.0	33.141327	6.2951207	40.06566	-35.34805	424000	2.1457673e-08	131.34883	-0.031972144	-22.43808	3.7125676	0.017936531	0.20975	12.0	459.1744794845581
106	346.27444	25.076975	376.9399	307.42355	1000.0	35.678917	4.7757053	42.967365	-18.833359	428000	-1.4305115e-09	132.259	-0.04539724	-31.6063	3.6130068	0.01630524	0.2695	20.0	463.7062900066376
107	328.02322	25.733599	349.38278	284.20886	1000.0	31.624546	4.8687096	38.397476	-27.719763	432000	-2.360344e-08	100.186424	-0.014037122	-19.873985	3.5597367	0.020087536	0.2265	4.0	467.89414286613464
108	380.6394	51.207012	452.3511	330.783	1000.0	31.216703	3.0897894	38.57496	-15.535065	436000	-4.3690203e-08	150.46788	-0.04087707	-30.087944	3.580816	0.017763652	0.22875	17.0	472.29948711395264
109	357.4911	34.750618	410.67	315.78772	1000.0	35.184883	3.8589814	43.47654	-13.285075	440000	1.3113022e-08	114.232895	-0.021220963	-20.387672	3.5456312	0.017036442	0.27225	6.0	476.184312582016
110	292.70963	38.024567	339.1631	233.59966	1000.0	33.18736	7.5420675	49.1419	-49.370365	444000	-3.8146974e-09	134.53894	-0.06590113	-50.96673	3.5364878	0.012351364	0.3565	79.0	481.71484184265137
111	343.82108	35.284428	388.90778	305.43292	1000.0	31.580906	5.6426463	38.23413	-26.329575	448000	1.8954276e-08	120.17125	-0.01672515	-18.33355	3.533885	0.015956555	0.23975	5.0	485.70554423332214
112	345.73175	21.408554	373.15903	319.1666	1000.0	34.026115	5.1508307	41.1869	-28.065659	452000	2.2172928e-08	156.67552	-0.05296679	-29.591019	3.5017765	0.015583936	0.31025	27.0	489.85243129730225
113	337.24365	40.62183	393.35776	280.06244	1000.0	31.708164	5.2588577	43.453354	-30.611454	456000	1.2397766e-08	154.86623	-0.051870536	-45.408585	3.4857845	0.015464053	0.28675	27.0	494.50929141044617
114	420.63922	29.404879	452.42905	386.86182	1000.0	34.700962	4.780698	42.84748	-16.533018	460000	2.861023e-09	175.37538	-0.034350332	-34.507843	3.4060094	0.01646365	0.2225	13.0	498.9744288921356
115	349.8015	29.791178	398.96436	321.7339	1000.0	38.250305	4.2785187	47.017117	-11.538874	464000	2.9087067e-08	113.01522	-0.012704913	-30.1493	3.4327111	0.019768799	0.237	4.0	503.173269033432
116	384.3333	18.865261	402.396	353.15466	1000.0	33.90536	3.679061	40.67679	-4.95992	468000	1.001358e-08	117.02423	-0.044849757	-16.929764	3.4373183	0.016648307	0.27775	19.0	507.38164806365967
117	362.34232	56.843685	434.0811	306.59213	1000.0	36.601467	3.9325433	43.64323	-9.667026	472000	1.525879e-08	144.91263	-0.018722624	-15.471024	3.4379194	0.016703252	0.26025	5.0	511.73527336120605
118	373.11462	29.470081	402.56793	327.12015	1000.0	34.456566	5.607489	42.746723	-37.00082	476000	2.2649765e-08	129.49515	-0.036032647	-20.031395	3.4478116	0.015977494	0.26725	12.0	515.9276683330536
119	423.28113	39.756138	470.1353	361.50723	1000.0	37.264008	5.319781	45.602455	-23.520334	480000	1.6212464e-08	147.6203	-0.023565404	-26.93396	3.4339519	0.016476704	0.24425	8.0	520.3249411582947
120	397.28613	23.763084	432.09415	365.56104	1000.0	39.42906	2.6684785	47.776268	-0.5477972	484000	2.384186e-10	108.669556	-0.058712326	-18.848526	3.397006	0.015298514	0.3445	43.0	525.5254712104797
121	412.67902	19.717907	433.60117	388.5809	1000.0	35.98383	2.321679	42.91448	3.034198	488000	9.536743e-09	120.84156	-0.026031855	-9.8118515	3.346168	0.0160214	0.19275	8.0	529.9230349063873
122	330.86542	90.56171	404.1464	176.55682	1000.0	36.632584	5.5141997	45.435078	-25.637617	492000	-3.3736228e-08	274.74612	-0.042794775	-115.667206	3.383026	0.0151082	0.26775	18.0	534.0229096412659
123	416.01825	32.54008	462.85657	371.3216	1000.0	36.406708	5.042729	45.288578	-29.881985	496000	-2.9087067e-08	148.9227	-0.020399759	-22.750801	3.3610575	0.016519032	0.246	6.0	538.4097895622253
124	345.78717	56.710285	383.24213	247.77904	1000.0	37.063087	6.6471148	45.3224	-34.160812	500000	9.536744e-10	153.8863	-0.01430282	-51.17787	3.4079475	0.023288356	0.30675	4.0	542.5213119983673
125	416.51312	8.660428	428.8061	406.78192	1000.0	33.951977	6.141494	45.39124	-40.179363	504000	9.059906e-09	151.38525	-0.01550254	-44.64386	3.3386118	0.016998235	0.20475	5.0	546.9112396240234
126	328.05417	60.60514	418.51617	250.04175	1000.0	36.91075	8.161197	45.820152	-39.112453	508000	-3.3736228e-08	201.53885	-0.011697139	-75.335754	3.3041842	0.018896772	0.25075	4.0	550.9605238437653
127	380.6493	49.436348	428.39377	308.7317	1000.0	36.388016	3.2594123	45.62222	-7.7998743	512000	-2.6226044e-09	152.96043	-0.04034544	-12.468094	3.3463225	0.016779259	0.242	17.0	555.159362077713
128	361.0614	56.405373	421.79904	270.2148	1000.0	33.96472	7.3035808	46.61645	-41.955677	516000	-1.001358e-08	141.43216	-0.014498049	-28.206078	3.3316057	0.018241169	0.22725	5.0	559.2453577518463
129	332.91055	68.70608	409.15405	222.43759	1000.0	35.050198	7.6989512	45.51968	-38.678623	520000	-8.5830685e-09	214.35751	-0.02182661	-63.695663	3.328102	0.01608546	0.27625	7.0	563.594744682312
130	366.09247	76.10624	443.9714	240.36043	1000.0	33.145992	8.078926	43.476013	-40.645752	524000	9.059906e-09	170.30516	-0.042848174	-41.567886	3.2891695	0.017096622	0.26225	17.0	568.6012244224548
131	379.04633	64.86952	457.293	284.56238	1000.0	35.639545	8.134442	46.57433	-45.173416	528000	-6.03199e-08	176.57034	-0.015681006	-35.206375	3.255228	0.020836808	0.289	5.0	572.6542189121246
132	375.76166	68.471275	447.62814	265.97757	1000.0	36.433178	4.9987516	46.01827	-10.853454	532000	1.2397766e-08	154.75015	-0.016786467	-25.35353	3.2812948	0.01710445	0.22425	5.0	576.9476451873779
133	401.3191	35.45885	435.46127	346.48502	1000.0	36.391953	6.0043516	45.54693	-31.897505	536000	-5.4836273e-09	160.8611	-0.029277002	-25.380066	3.3411403	0.017012013	0.20375	10.0	581.2117049694061
134	444.51224	35.18504	477.84384	391.74686	1000.0	37.73618	4.3056993	50.300686	-24.855204	540000	-2.4795533e-08	171.63367	-0.015939841	-32.901825	3.2033608	0.01800834	0.293	5.0	585.0058002471924
135	464.4765	80.90815	578.9981	352.1408	1000.0	42.38232	4.25665	52.45874	-9.468593	544000	-3.0994416e-09	185.33102	-0.041529667	-15.872726	3.2197921	0.016268527	0.23975	17.0	589.2528688907623
136	411.01324	14.382757	429.72247	390.6011	1000.0	42.590965	4.4100013	53.94212	-9.246494	548000	2.4795533e-08	118.46272	-0.018910175	-23.221695	3.246108	0.016618257	0.226	6.0	593.3893399238586
137	403.43427	35.21373	463.92438	377.77377	1000.0	39.280506	2.7899318	47.877872	2.7807293	552000	-2.6464463e-08	123.70278	-0.016580183	-9.603287	3.2651517	0.015670028	0.20975	5.0	597.6558473110199
138	416.28207	48.12496	456.61472	336.26456	1000.0	37.108063	4.019179	47.95474	-12.536692	556000	-3.4332274e-08	134.67754	-0.044296764	-26.50193	3.2432907	0.016105331	0.2785	19.0	601.7826354503632
139	408.07812	28.636805	451.1771	374.96463	1000.0	40.226097	4.281341	48.177814	-11.822086	560000	-2.861023e-09	143.89403	-0.043049667	-21.882645	3.2265263	0.014858857	0.2895	20.0	606.1723682880402
140	378.77222	50.161354	436.80627	298.92432	1000.0	37.51922	3.7445817	47.328266	-9.745507	564000	-6.2584875e-09	185.68217	-0.018694265	-39.8788	3.2377481	0.019240277	0.2305	5.0	610.7151296138763
141	362.2782	87.446365	451.90228	271.5844	1000.0	36.644756	9.424215	47.574123	-43.96601	568000	9.298325e-09	226.7229	-0.02155903	-69.6626	3.1847632	0.017292745	0.275	7.0	615.1676504611969
142	434.61304	28.309715	479.773	401.71378	1000.0	39.236458	5.777673	49.706738	-35.04703	572000	-4.768372e-10	128.24065	-0.014624753	-21.469025	3.1410263	0.016648052	0.2715	5.0	619.4619708061218
143	367.40405	61.15085	449.76227	278.3237	1000.0	38.95856	7.8751698	48.118343	-46.66105	576000	8.106232e-09	180.72687	-0.019852925	-50.325684	3.175143	0.017412856	0.204	6.0	623.7142984867096
144	427.24985	53.71537	500.35144	349.04938	1000.0	37.867424	6.4949803	46.993343	-31.920984	580000	1.7642975e-08	147.72548	-0.020204876	-25.83461	3.1611538	0.015434931	0.21875	7.0	628.0799458026886
145	440.83984	24.585135	461.97165	401.72073	1000.0	40.516697	4.3970413	49.40684	-27.911469	584000	-1.0490417e-08	138.22287	-0.018286496	-12.981148	3.140713	0.01616041	0.2445	5.0	632.1127347946167
146	427.70355	38.880222	462.2838	364.4762	1000.0	40.66694	6.231016	49.931156	-38.558266	588000	-6.6757204e-09	157.26157	-0.017167365	-17.358063	3.1339912	0.01579556	0.25075	6.0	636.4444541931152
147	442.9407	73.405075	557.22986	364.35114	1000.0	41.50929	4.734436	50.542397	-15.00861	592000	-1.7166137e-08	177.69847	-0.018024094	-18.697357	3.1882682	0.01807275	0.26625	6.0	640.7592134475708
148	456.44354	28.911247	491.37692	410.9905	1000.0	42.828087	5.270535	53.78153	-15.866401	596000	1.3351441e-08	176.27185	-0.046548888	-16.727875	3.1788242	0.015512162	0.28225	21.0	645.086786031723
149	405.01755	45.816315	468.1	347.7855	1000.0	43.45145	5.743472	53.368893	-12.49856	600000	2.002716e-08	141.79929	-0.016750203	-33.609566	3.1586616	0.020114508	0.24775	5.0	649.3868978023529
150	449.5911	44.333378	508.30615	386.7105	1000.0	38.993	4.707122	50.366314	-12.730548	604000	1.192093e-10	159.90028	-0.013819666	-30.158676	3.117064	0.018246187	0.2285	5.0	654.1579596996307
151	466.54004	19.731375	484.0186	435.94733	1000.0	42.67204	3.4118698	51.749718	-10.53721	608000	-1.5735626e-08	133.81702	-0.015337117	-10.16066	3.157286	0.015356969	0.23225	5.0	658.4928467273712
152	459.57437	43.795536	524.78577	410.33896	1000.0	44.01608	3.8870163	51.546276	-7.3565884	612000	3.5762786e-09	138.30193	-0.07031651	-9.011383	3.0883837	0.0131047405	0.37875	79.0	663.2391538619995
153	417.68848	109.337296	516.71155	233.54555	1000.0	24.40112	33.428917	51.237938	-45.856842	616000	2.324581e-08	919.18475	-0.018488273	-755.4885	3.0860054	0.016957063	0.22225	5.0	667.4586427211761
154	403.7298	91.102165	489.35574	259.35498	1000.0	38.105747	12.22287	52.45908	-25.972193	620000	9.059906e-09	169.28307	-0.023904352	-30.25241	3.0589263	0.016483024	0.208	7.0	671.6101250648499
155	430.2415	33.815804	459.21347	373.3738	1000.0	42.023502	5.4321413	51.582314	-22.252645	624000	1.859665e-08	127.40012	-0.014453109	-16.354218	3.0013833	0.018547866	0.223	4.0	675.9154772758484
156	422.4212	75.505135	522.4839	313.04782	1000.0	40.273537	6.18698	49.312576	-23.371635	628000	8.8214875e-09	240.61052	-0.014975368	-48.33658	3.0205388	0.018504132	0.2715	5.0	680.0006895065308
157	474.15054	9.5514345	481.87454	458.23672	1000.0	43.614475	5.02694	52.12281	-8.179123	632000	1.4781952e-08	168.177	-0.03907293	-20.4234	3.021797	0.017310318	0.244	14.0	684.4745507240295
158	464.18286	41.012848	511.90875	403.34567	1000.0	43.46432	3.84752	50.88447	-1.2785991	636000	1.2040139e-08	153.31787	-0.018392846	-10.198196	3.0365977	0.017667461	0.2555	5.0	688.7905306816101
159	398.25644	157.03691	540.8808	133.44777	1000.0	42.196735	8.737461	52.08799	-35.99627	640000	4.2915342e-09	490.76956	-0.022765113	-191.89124	3.0542207	0.017844742	0.26075	8.0	693.1095275878906
160	483.69272	21.66157	519.1655	460.73386	1000.0	42.931828	7.4663415	52.58034	-49.51046	644000	5.2452087e-09	161.69276	-0.041149188	-30.1622	2.9947243	0.01637251	0.25125	18.0	698.0711145401001
161	488.14362	9.390934	497.3181	474.0537	1000.0	45.32579	5.9233327	53.862274	-27.767258	648000	-1.2516975e-08	167.53462	-0.013497838	-24.944534	3.018412	0.021255994	0.27275	4.0	702.0981969833374
162	370.15622	168.16283	543.3383	94.29001	1000.0	43.187447	14.209105	54.305687	-55.17007	652000	1.4305114e-08	486.58847	-0.017067073	-188.43423	3.026609	0.022840206	0.28175	5.0	706.2475819587708
163	489.8335	15.860888	509.4653	466.97467	1000.0	43.81038	7.196726	53.01685	-55.370777	656000	1.1920929e-08	184.63559	-0.012181683	-31.08281	2.996937	0.020641122	0.272	4.0	710.4371416568756
164	525.5006	38.136997	563.1837	464.74002	1000.0	46.921158	4.1847754	55.080414	-19.860165	660000	2.002716e-08	219.40079	-0.014041564	-19.950653	2.9433744	0.017152065	0.25025	4.0	714.4928753376007
165	457.3966	24.076097	483.24377	423.2404	1000.0	47.29579	9.675002	57.31626	-52.763542	664000	1.7166137e-08	194.81721	-0.01588952	-52.310867	2.9827852	0.020271424	0.275	5.0	718.8907859325409
166	462.52274	36.043316	512.8746	413.00494	1000.0	44.40782	5.175456	53.219627	-46.055927	668000	-1.7523766e-08	168.38869	-0.041195102	-16.094345	2.9867058	0.015419172	0.24175	18.0	723.4209282398224
167	433.55615	60.816513	494.65765	344.56482	1000.0	43.16693	4.226179	53.107037	-17.936132	672000	1.5735626e-08	180.77115	-0.016950939	-15.867966	3.0251377	0.018565578	0.24875	4.0	727.4959936141968
168	447.59146	48.560062	526.34625	397.5226	1000.0	41.11425	5.9802704	50.8615	-50.474854	676000	4.7683715e-09	195.38463	-0.050027072	-24.625854	3.00699	0.01545767	0.32075	26.0	731.8612670898438
169	505.68622	48.45209	586.9033	460.2032	1000.0	44.180305	4.234134	53.788414	-9.694795	680000	1.9311905e-08	152.238	-0.014778829	-18.072433	2.9688845	0.017843733	0.267	4.0	735.9300255775452
170	452.90088	41.927616	519.04395	402.85284	1000.0	46.14284	6.033737	55.715977	-30.071337	684000	1.0490417e-08	200.47615	-0.016752653	-23.609543	2.9058712	0.018635986	0.295	5.0	740.8184590339661
171	443.8288	113.20972	557.7671	262.70837	1000.0	43.42404	10.416291	55.11337	-47.626225	688000	-2.861023e-09	305.0308	-0.012577177	-81.991165	2.9694479	0.013200645	0.23975	4.0	745.0058166980743
172	471.1231	35.673073	519.93994	419.74802	1000.0	46.639015	8.782911	56.48858	-38.752533	692000	-9.536744e-10	178.03445	-0.049196012	-33.353302	2.9528725	0.015660994	0.2805	25.0	749.5431454181671
173	491.17053	72.39124	561.9327	370.0129	1000.0	45.09004	6.1917257	55.739563	-44.0851	696000	1.1920929e-08	177.17166	-0.013294612	-24.651825	2.9070477	0.021728951	0.296	4.0	753.8302669525146
174	463.15265	15.242994	476.74203	437.4488	1000.0	45.097076	6.8248525	55.251125	-41.025826	700000	5.00679e-09	159.82675	-0.012953213	-19.11818	2.901855	0.025063358	0.2895	4.0	758.0790221691132
175	473.60345	78.58598	582.6538	388.5639	1000.0	44.554634	5.203956	53.637993	-19.34289	704000	-1.9311905e-08	230.36118	-0.014979008	-25.620209	2.893364	0.013733904	0.18225	5.0	762.4738373756409
176	508.0713	33.182606	537.6694	454.37308	1000.0	45.818398	5.1353054	57.6408	-20.770044	708000	7.629395e-09	184.86081	-0.034135275	-16.173523	2.9106538	0.016209316	0.22475	12.0	766.7943787574768
177	445.29272	57.013756	508.28976	366.64346	1000.0	46.026196	8.836229	57.551098	-44.03754	712000	-1.0967255e-08	185.7379	-0.028239569	-30.32254	2.894583	0.01565627	0.237	10.0	771.0596687793732
178	506.43066	36.868187	538.8581	444.093	1000.0	45.41754	4.2355886	54.242573	-9.283161	716000	-3.695488e-09	168.14641	-0.014799821	-14.092651	2.8756316	0.018860424	0.22325	4.0	775.0805232524872
179	491.34515	26.62253	527.0869	455.74445	1000.0	46.9683	5.4344296	56.0178	-30.80991	720000	2.026558e-08	147.5983	-0.011835732	-11.850052	2.8665943	0.018022751	0.25975	4.0	779.0730700492859
180	530.662	26.194464	566.674	492.75357	1000.0	46.48021	4.4127717	54.805737	-10.737518	724000	-1.525879e-08	218.39046	-0.012483031	-22.88733	2.8253324	0.01946962	0.24275	4.0	783.7604203224182
181	470.52612	36.383698	508.82642	431.63437	1000.0	49.54311	5.3902917	57.90727	-30.616682	728000	3.3378602e-09	190.74228	-0.031422965	-35.713486	2.89364	0.017119298	0.2635	12.0	787.9591608047485
182	492.98236	38.506523	535.2059	434.40408	1000.0	45.41346	4.311043	53.12446	2.873931	732000	4.4703485e-09	148.6856	-0.01444029	-13.200531	2.8169696	0.020438151	0.2305	4.0	792.0650973320007
183	481.9501	11.159141	500.69955	471.3084	1000.0	45.36583	5.1017213	53.2311	-38.20677	736000	6.6757204e-09	143.6515	-0.012273118	-11.354416	2.8667119	0.025296314	0.2985	3.0	796.3172512054443
184	499.08044	46.237354	576.5935	457.69952	1000.0	46.065453	3.8683794	53.569912	-1.1228224	740000	-1.0490417e-08	158.2003	-0.010078214	-10.39859	2.8539224	0.019203613	0.27625	4.0	800.707026720047
185	523.88196	89.53132	666.22375	442.45282	1000.0	46.468796	5.8318315	54.85071	-28.773237	744000	-1.8835069e-08	204.81479	-0.013239968	-27.30864	2.8395064	0.017287739	0.2225	4.0	804.6395928859711
186	514.65845	40.229034	554.2816	447.47607	1000.0	49.91868	4.0978856	57.77618	-1.8453441	748000	-2.5749207e-08	175.27301	-0.017595211	-11.040253	2.8535945	0.018769741	0.26725	6.0	808.9096372127533
187	509.58133	32.43793	560.78064	479.19022	1000.0	48.26086	5.224074	56.506725	-15.88479	752000	-9.536744e-10	220.30019	-0.013514411	-16.581345	2.8141549	0.020302117	0.25625	4.0	813.1963837146759
188	490.25302	42.54219	540.74335	443.67038	1000.0	48.53878	3.8166108	57.106895	7.865512	756000	2.3841858e-08	180.08955	-0.014564842	-19.99849	2.8105094	0.018125039	0.267	5.0	817.2193076610565
189	508.88098	24.789444	547.66797	480.75983	1000.0	44.985718	5.230583	54.565807	-15.846109	760000	-1.5497208e-09	206.19463	-0.018438524	-31.437775	2.8632896	0.016722469	0.223	5.0	821.3858561515808
190	546.01013	38.929447	612.7445	516.6497	1000.0	49.925385	3.581007	59.276913	12.540437	764000	-2.4318695e-08	202.01396	-0.013528115	-11.523712	2.8400831	0.018491004	0.26225	4.0	826.467405796051
191	488.92145	48.697582	572.60675	452.1366	1000.0	50.17843	4.292825	59.445362	1.7559022	768000	1.7523766e-08	195.30438	-0.07247881	-20.82373	2.838002	0.012461521	0.3835	79.0	831.5122058391571
192	536.8296	53.93861	588.9567	446.91806	1000.0	47.19647	5.2038727	57.06044	-25.448086	772000	-1.3351441e-08	249.38344	-0.043547958	-44.02281	2.7496197	0.015547638	0.2505	19.0	835.8899652957916
193	550.33704	13.669086	567.66235	529.36597	1000.0	51.85107	4.667248	61.02481	7.425187	776000	2.6226044e-08	193.97057	-0.019388672	-17.70285	2.7305846	0.014427685	0.21	6.0	840.2640261650085
194	495.91095	19.078825	521.09296	467.8683	1000.0	50.22771	4.229988	59.784924	5.0847664	780000	1.859665e-08	166.45	-0.014314379	-23.702637	2.7227876	0.014351741	0.206	4.0	844.4907283782959
195	491.89825	77.09071	560.86786	371.54352	1000.0	45.86497	6.822466	56.211025	-21.922035	784000	5.4836273e-09	250.6752	-0.046717696	-57.62146	2.7134943	0.015832933	0.2805	21.0	848.8311018943787
196	515.0668	11.892821	530.5049	498.2069	1000.0	49.78653	5.6202207	59.599274	-4.8025227	788000	-1.5974045e-08	141.75864	-0.015629431	-17.77108	2.734425	0.019778172	0.26875	4.0	853.0263862609863
197	564.7302	49.70157	599.35297	478.99808	1000.0	48.365078	4.8066573	56.671844	-9.309493	792000	-3.3378602e-09	221.64825	-0.015341135	-31.243011	2.7424996	0.016406305	0.256	5.0	857.3426570892334
198	551.5149	48.348656	605.3212	496.72632	1000.0	52.266556	3.441023	63.94469	5.882826	796000	-1.5497207e-08	226.92183	-0.019586686	-17.915054	2.722478	0.01630633	0.2375	7.0	861.482204914093
199	560.0069	28.048	607.0469	532.89777	1000.0	50.532444	3.2708771	59.732018	6.356747	800000	-9.536744e-10	218.98196	-0.020675238	-14.206146	2.733403	0.01989259	0.23825	6.0	865.7762916088104
200	517.79443	81.4446	584.94556	381.0422	1000.0	51.56152	6.3888297	62.16154	-28.875534	804000	-1.1920929e-08	276.11234	-0.022416426	-50.99774	2.7049496	0.016394168	0.2245	8.0	870.8423519134521
201	586.2728	40.723755	639.48376	524.88196	1000.0	51.695267	4.4424286	61.194324	-4.2451997	808000	-1.001358e-08	200.57816	-0.017993867	-19.470581	2.6979492	0.015978174	0.202	5.0	874.996732711792
202	522.9254	98.48328	618.11163	362.72186	1000.0	52.90829	9.108543	63.255924	-47.05981	812000	1.0251999e-08	275.14453	-0.027171511	-61.341095	2.6410775	0.015968358	0.25075	10.0	879.4458792209625
203	533.11633	49.73956	602.936	462.26926	1000.0	51.121906	6.4107056	62.55853	-36.709522	816000	-2.002716e-08	193.18039	-0.011694248	-24.700958	2.6928716	0.017658176	0.27075	4.0	883.569329738617
204	556.3214	26.595474	594.66534	526.3619	1000.0	50.22457	4.534109	63.453037	-21.762407	820000	4.529953e-09	190.72629	-0.04181275	-24.935242	2.6395278	0.01604343	0.2675	18.0	887.7635180950165
205	565.90295	15.79015	581.6928	540.69977	1000.0	51.673008	3.736925	63.621796	6.737906	824000	9.536743e-09	160.32603	-0.017812893	-16.913147	2.6538262	0.015208053	0.1985	5.0	891.7591812610626
206	497.5061	81.72966	605.4213	386.4942	1000.0	52.322018	7.698114	63.366642	-45.32265	828000	3.8146974e-09	250.19662	-0.012612655	-64.600784	2.7389238	0.022359792	0.2665	3.0	895.8500559329987
207	588.8016	66.60399	670.98816	497.05627	1000.0	49.242203	4.609195	58.301567	1.9157293	832000	1.2397766e-08	266.28732	-0.008399321	-46.766037	2.6844277	0.018897187	0.274	3.0	900.2163777351379
208	547.938	9.330622	560.64496	534.6011	1000.0	54.46945	5.403309	65.43204	-27.839575	836000	-1.2397766e-08	169.08076	-0.01825927	-16.557556	2.6893907	0.015896307	0.24325	6.0	904.2607703208923
209	516.8072	69.473465	585.59735	401.5367	1000.0	50.830185	9.811953	62.91167	-44.168354	840000	3.576279e-08	245.67766	-0.0663697	-54.259995	2.6643584	0.008010991	0.36825	79.0	908.8677508831024
210	608.22375	28.62257	654.07336	578.1102	1000.0	52.173985	5.0972385	62.408535	-3.4411097	844000	-1.5735626e-08	218.03534	-0.022114323	-37.83525	2.6185818	0.015199965	0.21425	6.0	914.083144903183
211	582.32385	29.62452	612.713	548.3062	1000.0	56.13346	3.3220162	64.349815	-2.7819214	848000	2.169609e-08	211.36122	-0.014819001	-18.087082	2.5999973	0.01812786	0.254	4.0	918.3695952892303
212	517.68896	87.79221	579.98584	366.3798	1000.0	52.159374	7.549548	62.516018	-33.631718	852000	2.002716e-08	277.24826	-0.011434299	-95.74051	2.5897276	0.023698388	0.24275	3.0	922.688823223114
213	490.44675	84.77026	602.8521	387.17566	1000.0	51.848507	9.961165	62.373497	-50.3779	856000	-5.2452087e-09	254.07909	-0.01296658	-64.87215	2.642546	0.026037486	0.38075	4.0	926.9772939682007
214	488.85522	88.266525	576.44965	384.0826	1000.0	45.544136	13.15952	58.56076	-53.33978	860000	-1.5735626e-08	275.12732	-0.017003858	-75.2464	2.587917	0.019425003	0.2685	5.0	931.1982109546661
215	571.0105	33.396072	618.6404	526.0332	1000.0	50.837154	8.08172	62.562294	-46.2801	864000	3.3378602e-09	230.1764	-0.013347235	-40.591644	2.6012466	0.018969696	0.23575	5.0	935.5635659694672
216	539.7	24.898165	564.33466	500.21762	1000.0	55.233677	4.9637966	63.240536	-6.3917646	868000	-7.390976e-09	200.97575	-0.016221268	-30.361633	2.599298	0.016458321	0.268	5.0	939.6342575550079
217	535.6932	30.2944	567.0351	486.51425	1000.0	50.63455	5.180809	59.536407	-5.9609566	872000	2.2888184e-08	175.32684	-0.019261533	-17.324509	2.593813	0.017747445	0.29975	6.0	944.3325910568237
218	569.23035	23.448624	608.25336	545.76825	1000.0	51.576454	5.544546	61.107212	-9.713085	876000	3.1471252e-08	222.26187	-0.069730505	-18.819305	2.572161	0.00521444	0.37375	79.0	948.9628729820251
219	538.3019	49.220047	617.45325	488.35114	1000.0	53.196255	7.028606	64.72756	-15.909391	880000	-6.437302e-09	235.97336	-0.016853118	-30.241043	2.5538843	0.019701587	0.30025	4.0	953.2645618915558
220	572.63434	80.70481	675.6645	452.14822	1000.0	52.72194	7.5300045	64.2736	-31.243113	884000	-1.2874604e-08	240.9719	-0.015355927	-28.209335	2.504687	0.014045754	0.195	5.0	957.9894073009491
221	552.81647	61.969845	611.8856	462.7452	1000.0	53.56121	8.16487	63.453613	-28.915344	888000	1.835823e-08	193.76796	-0.017688377	-25.604202	2.5187166	0.017671565	0.27475	4.0	962.3371489048004
222	532.2035	54.45483	581.3891	440.04807	1000.0	53.75678	9.860357	64.54993	-34.267178	892000	1.168251e-08	232.72832	-0.014231965	-37.309692	2.5331757	0.019367578	0.2935	4.0	966.5978207588196
223	607.3534	38.736996	667.0447	565.66394	1000.0	54.50027	7.1996574	63.96116	-12.924502	896000	9.894371e-09	260.95575	-0.016612684	-39.989624	2.4894657	0.019615075	0.266	5.0	970.9470963478088
224	552.065	145.20227	661.881	302.97604	1000.0	55.677975	10.22807	66.18366	-44.10046	900000	-2.3126603e-08	560.0751	-0.016404439	-221.32861	2.509332	0.018170448	0.28125	5.0	975.3851838111877
225	551.1113	117.25551	654.32556	356.10754	1000.0	56.117	15.366693	70.5691	-66.283875	904000	-6.198883e-09	303.89777	-0.020831533	-73.20187	2.4712157	0.017987888	0.238	6.0	979.9715206623077
226	567.63464	50.07805	618.7146	484.53833	1000.0	55.517567	9.595693	71.215	-47.528755	908000	1.9073486e-08	271.01157	-0.04578622	-39.644684	2.5115025	0.01547575	0.332	20.0	984.5279893875122
227	606.86755	33.73373	653.0498	559.93835	1000.0	54.107372	9.348627	66.71314	-62.981987	912000	-3.2305717e-08	291.47842	-0.020072768	-51.083267	2.4883163	0.014523126	0.23425	5.0	988.6272354125977
228	616.94165	26.03174	648.6974	580.3703	1000.0	58.04932	5.00053	68.46747	-33.194317	916000	1.4305114e-08	204.47916	-0.045069445	-21.58554	2.5284293	0.01514461	0.29225	25.0	993.1439352035522
229	601.9271	30.617496	649.0541	571.6719	1000.0	56.468502	4.238226	69.31943	-30.707508	920000	1.7881393e-09	201.20741	-0.04987389	-14.628403	2.4346166	0.015538321	0.307	26.0	997.5642430782318
230	598.42017	44.863453	633.87164	521.93176	1000.0	56.55099	4.9306073	65.7534	-7.886792	924000	3.4809112e-08	205.69016	-0.0686752	-16.417221	2.4123533	0.009986287	0.3735	79.0	1002.9699904918671
231	586.6657	92.82899	651.44794	426.74475	1000.0	55.939556	8.084936	67.16576	-39.146763	928000	-1.5974045e-08	388.60867	-0.015048982	-119.62958	2.3960445	0.019594919	0.2955	4.0	1007.0519676208496
232	571.7263	90.40829	647.71625	418.7336	1000.0	56.53927	17.866386	71.283295	-61.193695	932000	-2.336502e-08	350.092	-0.017075224	-77.04883	2.4146223	0.017383995	0.25525	5.0	1011.3504991531372
233	584.59906	38.48233	631.6585	525.95123	1000.0	60.125946	7.9041758	69.34538	-38.744793	936000	-2.4318695e-08	257.14554	-0.035958424	-73.48158	2.3834589	0.015716152	0.23725	14.0	1015.8851990699768
234	612.3922	60.57537	675.1385	525.2143	1000.0	54.28939	5.853718	63.042572	-14.951028	940000	4.5776368e-08	244.56071	-0.035013974	-31.740967	2.3594155	0.015512024	0.254	13.0	1020.2022294998169
235	584.11804	58.282967	646.9344	488.7191	1000.0	56.631485	6.8288355	66.29342	-44.633663	944000	3.7908553e-08	214.92091	-0.014079538	-20.923538	2.391869	0.021987388	0.29175	4.0	1024.742553472519
236	621.28204	23.439377	648.36115	585.13995	1000.0	56.164726	4.2820983	64.74196	-34.64584	948000	5.3644182e-09	180.84537	-0.021504428	-14.46553	2.3584957	0.01797478	0.22175	5.0	1028.9282371997833
237	535.6673	165.7867	675.791	253.11528	1000.0	36.36555	39.817875	67.71377	-63.4378	952000	-2.336502e-08	987.3824	-0.033931434	-815.4253	2.3410885	0.01890543	0.25675	11.0	1033.2723937034607
238	556.11786	114.82334	642.23175	358.89893	1000.0	57.286472	8.846356	67.0246	-39.848648	956000	-1.45435335e-08	331.00415	-0.016199302	-54.025543	2.3464086	0.0210137	0.26825	4.0	1037.157130241394
239	615.55725	20.958977	646.6148	590.87445	1000.0	55.52093	7.3693385	67.80825	-38.614914	960000	-1.1920929e-08	270.9467	-0.017993104	-37.434433	2.3306468	0.018408578	0.24325	5.0	1041.641499042511
240	577.7997	92.87704	685.2069	429.9427	1000.0	59.573017	7.429852	69.234604	-22.95684	964000	-1.0967255e-08	267.3843	-0.017832166	-45.414185	2.313581	0.015647912	0.269	6.0	1047.0377893447876
241	581.44916	65.59973	654.4486	477.78	1000.0	55.983875	8.382919	65.78249	-27.381268	968000	-4.7683715e-09	288.69263	-0.016632872	-24.876678	2.3244727	0.017592903	0.23475	4.0	1051.015380859375
242	599.82947	39.461876	634.0117	532.66125	1000.0	55.42319	10.440242	65.84327	-49.49925	972000	-6.198883e-09	308.49896	-0.06992922	-52.912994	2.3271358	0.009051641	0.3995	79.0	1055.9242606163025
243	669.29584	45.179993	726.2005	601.65393	1000.0	60.260895	5.947316	69.18971	-10.676371	976000	-1.5735626e-08	313.971	-0.06902997	-21.423065	2.2889733	0.008511602	0.38325	79.0	1061.0948026180267
244	601.19293	14.074393	617.85077	583.0909	1000.0	62.68871	6.143768	71.62468	-13.500476	980000	-5.00679e-09	250.30942	-0.01509613	-38.67813	2.2115762	0.020582596	0.23525	3.0	1065.337617635727
245	664.3258	39.8278	725.50806	622.78827	1000.0	57.999226	4.4298186	65.74316	2.7483923	984000	-2.8014183e-08	247.21075	-0.0133648105	-25.292435	2.190959	0.022796348	0.263	4.0	1069.4361407756805
246	619.086	29.096462	641.2067	569.04193	1000.0	60.99917	7.1300836	68.77984	-37.47936	988000	-2.0742416e-08	254.65485	-0.014632374	-25.658844	2.202058	0.022708781	0.29375	4.0	1073.4242932796478
247	675.21674	48.42547	729.519	619.75824	1000.0	58.972813	3.4960876	65.43013	19.685577	992000	1.7642975e-08	262.08163	-0.07225223	-21.575089	2.1893046	0.009042742	0.398	79.0	1078.017370223999
248	652.61	25.699968	685.0909	622.7278	1000.0	62.313038	3.4853115	68.76752	10.636755	996000	1.1920929e-08	229.58376	-0.06884095	-13.355499	2.0956538	0.0049349396	0.3935	79.0	1083.0193014144897
249	580.27545	63.414356	666.82904	492.2684	1000.0	58.862263	7.587469	67.880135	-21.112207	1000000	-2.0503998e-08	324.17538	-0.07728494	-48.298523	2.1603413	0.0059579206	0.40775	79.0	1088.6884047985077
