Epoch	AverageEpRet	StdEpRet	MaxEpRet	MinEpRet	AverageTestEpRet	StdTestEpRet	MaxTestEpRet	MinTestEpRet	EpLen	TestEpLen	TotalEnvInteracts	AverageQVals	StdQVals	MaxQVals	MinQVals	LossPi	LossQ	Time
1	-262.90048	18.52591	-239.5315	-295.7958	-594.9328	0.7777409	-593.7981	-596.2438	1000.0	1000.0	5000	10.857024	11.8477545	65.134384	-6.034316	-12.649774	0.76134914	48.152605056762695
2	-241.27417	46.653378	-187.85979	-302.75882	-719.76904	68.93952	-599.7532	-791.401	1000.0	1000.0	10000	95.35767	41.98421	200.84077	5.7482896	-101.73954	4.3849163	94.13584518432617
3	-468.01105	197.36662	-143.82048	-738.30994	-82.51463	102.37314	169.94208	-257.76535	1000.0	1000.0	15000	176.52126	14.439758	222.85541	118.1336	-179.10902	9.017392	141.76581954956055
4	-427.60287	146.25583	-234.84253	-553.84576	-545.10583	7.337301	-534.882	-558.3583	1000.0	1000.0	20000	181.07262	10.220947	220.06076	149.82808	-182.75688	4.780461	191.22401809692383
5	-546.6907	23.776085	-519.60376	-580.0696	-633.2512	7.6467595	-620.9639	-650.0306	1000.0	1000.0	25000	147.45198	13.861503	201.52446	118.346436	-147.87566	1.6867938	240.11028671264648
6	-505.09662	110.67762	-284.6879	-571.15765	-349.27115	171.4817	45.776695	-529.24396	1000.0	1000.0	30000	124.76165	12.24776	194.5615	102.9698	-126.035034	1.8104168	288.61304926872253
7	-409.59598	312.9597	176.66286	-713.73096	445.03336	111.252205	613.9924	192.47623	1000.0	1000.0	35000	128.558	19.090616	287.59766	98.54981	-129.94643	2.727159	337.5394432544708
8	395.3941	323.70505	711.452	-179.08678	1016.2739	146.3101	1279.9084	816.7579	1000.0	1000.0	40000	121.43932	17.78008	248.54065	89.2104	-122.5558	2.7943687	384.65897607803345
9	416.32697	441.97354	933.4738	-191.78976	-842.34143	173.5463	-420.72745	-1019.28674	1000.0	1000.0	45000	118.575195	14.04502	199.21747	-22.273216	-120.198326	4.1390085	433.0032570362091
10	-321.74808	387.17136	224.05524	-862.2962	-34.968433	579.62427	1128.3494	-800.44183	1000.0	1000.0	50000	125.15423	15.177821	192.0948	59.705948	-126.82192	4.3456416	480.5294985771179
11	267.3459	792.98236	1404.797	-914.6304	825.54016	628.47906	1733.1371	-310.3859	1000.0	1000.0	55000	130.51703	27.647945	200.54538	66.08086	-132.18663	4.659889	528.087418794632
12	1055.8506	767.3745	2080.2383	13.664106	898.4336	774.2461	1713.7701	-299.851	1000.0	1000.0	60000	131.70227	39.096478	220.0441	47.372555	-133.13463	5.1518836	575.4066770076752
13	1695.5515	780.5321	2422.0735	218.95595	1849.0149	466.97717	2524.7952	1014.16003	1000.0	1000.0	65000	139.46703	49.594135	256.1121	29.58351	-141.12276	6.7962313	623.1756558418274
14	2221.7817	761.4981	2801.9084	743.59827	1668.5953	872.7306	2559.3672	-83.907265	1000.0	1000.0	70000	152.34518	62.384865	276.00623	9.795041	-154.17882	8.338963	670.9852993488312
15	1274.4795	1243.2288	2889.149	-203.17973	1720.5615	1047.026	3170.2966	153.43823	1000.0	1000.0	75000	169.12578	76.570145	299.3548	-4.0793395	-171.08165	9.724014	718.1806604862213
16	1818.4427	825.42236	2975.5437	572.9367	2602.9204	568.83704	3040.424	953.8059	1000.0	1000.0	80000	180.76953	89.60306	326.95642	-9.101972	-182.63264	10.805831	765.9477059841156
17	3062.5903	183.4441	3300.0193	2819.9646	2596.6616	1022.8548	3292.469	-35.69099	1000.0	1000.0	85000	196.43645	100.694824	358.0049	-5.458791	-198.39626	12.898667	813.98340010643
18	3374.5398	243.92072	3671.9043	3072.146	3379.1829	132.34259	3625.0547	3122.5835	1000.0	1000.0	90000	215.72726	109.87722	382.32825	-27.395273	-217.75342	14.190056	862.0024738311768
19	3650.8782	355.31143	4208.401	3209.773	3596.9832	995.31213	4270.131	710.19794	1000.0	1000.0	95000	235.93999	117.56759	402.51364	-40.414474	-238.1186	15.515906	910.342826128006
20	3771.015	80.61691	3911.4187	3678.7583	3203.8608	522.6264	3587.6086	1699.0073	1000.0	1000.0	100000	258.2856	124.78458	423.42783	-16.922222	-260.53534	16.55694	958.5360727310181
21	3948.728	305.57587	4335.296	3592.2134	3970.1426	900.7145	4584.997	1321.8295	1000.0	1000.0	105000	279.60226	131.02148	442.1551	-33.29768	-281.86053	17.003511	1006.4886910915375
22	4042.353	302.2344	4311.9043	3574.69	3611.8413	821.7475	4080.8462	1492.1079	1000.0	1000.0	110000	300.2469	135.62183	465.26212	-8.785783	-302.57385	16.809996	1054.629689693451
23	4322.2593	269.7819	4716.1685	3898.8518	3744.216	1413.5833	4759.927	589.9284	1000.0	1000.0	115000	318.99167	139.495	481.35364	-18.287235	-321.3022	16.103893	1102.9187321662903
24	3421.9348	1657.512	4673.2124	291.8056	4051.3828	1344.5881	4951.6523	676.7356	1000.0	1000.0	120000	334.79614	144.0152	499.10226	-16.424637	-337.0742	17.015095	1150.7688429355621
25	4696.2188	180.27507	4968.1377	4437.3003	4904.955	122.92557	5117.2324	4704.816	1000.0	1000.0	125000	348.95782	150.41225	517.0586	-9.540014	-351.2858	17.744497	1198.9520363807678
26	4752.762	128.2338	4933.2676	4573.5996	4924.935	132.54648	5147.156	4677.143	1000.0	1000.0	130000	365.9367	155.66055	530.92194	-20.896507	-368.2904	18.078709	1246.7425773143768
27	4590.4062	201.63304	4864.3994	4333.049	4862.6533	166.81752	5196.0693	4592.6265	1000.0	1000.0	135000	381.11264	158.58197	550.3547	-8.146625	-383.4734	18.944818	1295.5395286083221
28	4731.802	145.05379	4923.4316	4569.9624	4474.6807	1119.8335	4991.922	1145.4073	1000.0	1000.0	140000	395.73895	160.04977	565.07635	-15.686248	-398.0686	18.93802	1343.661101102829
29	4790.925	158.88492	5050.7666	4569.082	4722.571	1228.5894	5316.3643	1053.9285	1000.0	1000.0	145000	407.75797	160.98412	575.80493	-13.982109	-410.04135	18.423584	1392.490723848343
30	4958.1094	100.32466	5081.572	4844.8037	4851.792	52.975594	4929.261	4745.88	1000.0	1000.0	150000	419.6472	161.72461	581.3256	-25.230522	-421.9259	18.82081	1441.4303612709045
31	5244.7686	306.93024	5646.6426	4748.4956	5401.4683	111.77343	5555.374	5154.8013	1000.0	1000.0	155000	432.13107	162.64673	610.3058	5.356346	-434.51816	18.543148	1489.684543132782
32	5255.3823	213.59875	5580.049	5055.5767	5711.458	138.47469	5867.5713	5447.1064	1000.0	1000.0	160000	445.77463	164.39742	614.4035	14.200766	-448.1862	18.846382	1538.3534507751465
33	5430.0938	127.35776	5648.8794	5313.861	5604.9985	144.58704	5800.814	5320.187	1000.0	1000.0	165000	458.9076	164.87238	638.5845	-0.31575942	-461.3466	18.26558	1587.1686742305756
34	4969.375	821.8761	5547.2095	3357.583	5194.9453	56.277237	5295.034	5122.582	1000.0	1000.0	170000	471.70822	165.75847	643.8831	14.208701	-474.1944	19.827118	1636.2541692256927
35	5449.5244	297.37134	5794.2705	4916.32	5758.0166	177.29564	6046.695	5477.2476	1000.0	1000.0	175000	485.57236	164.09857	652.5225	20.57065	-488.15704	20.4213	1685.139893770218
36	5266.3833	187.14223	5441.5137	4913.716	5622.915	59.237568	5726.498	5500.6113	1000.0	1000.0	180000	500.38998	159.62685	670.1005	26.514832	-503.0054	20.632946	1734.2711415290833
37	5584.704	309.43332	5902.4937	5072.286	5894.5376	86.01183	6103.065	5814.9146	1000.0	1000.0	185000	513.2807	156.0548	669.0418	52.59309	-515.8557	20.645462	1782.863912820816
38	5677.4766	122.15929	5827.842	5469.9717	5892.097	148.80127	6100.216	5641.55	1000.0	1000.0	190000	522.73816	154.30156	677.3436	59.399235	-525.2617	20.28074	1831.5728800296783
39	5603.843	195.31963	5786.12	5247.429	5918.258	61.69328	5995.7637	5804.657	1000.0	1000.0	195000	532.6982	150.18468	688.1205	95.46676	-535.1982	20.060946	1879.774479150772
40	5645.035	309.79306	5945.1333	5106.918	5952.084	79.400314	6098.0337	5831.596	1000.0	1000.0	200000	539.1385	148.50465	695.3952	117.48899	-541.55005	19.370926	1928.394050836563
41	5259.3687	445.9462	5745.4653	4530.8237	5959.0576	169.81735	6285.2393	5700.292	1000.0	1000.0	205000	544.7737	149.24832	693.236	105.41857	-547.1714	18.662659	1976.4597535133362
42	5592.3423	206.82988	5885.166	5296.9624	6079.268	100.4003	6255.5996	5904.541	1000.0	1000.0	210000	550.1992	147.43018	696.59515	103.66935	-552.588	18.95761	2025.3548457622528
43	5756.702	172.2521	5921.185	5425.407	6013.448	133.51353	6259.199	5725.3164	1000.0	1000.0	215000	556.35474	146.14	697.542	96.2827	-558.73505	19.558863	2073.9454460144043
44	5604.997	236.30334	6059.037	5369.034	5385.7134	46.954983	5464.681	5302.986	1000.0	1000.0	220000	560.8368	143.55434	701.4916	111.620766	-563.1531	17.97927	2122.717788696289
45	5640.1904	209.14784	5792.154	5233.217	6027.577	63.24217	6147.2354	5920.6797	1000.0	1000.0	225000	565.68805	139.52417	705.1113	120.58036	-567.9691	17.66718	2173.342374563217
46	5780.8623	222.94557	6004.7173	5376.8906	5625.1694	87.763	5743.999	5485.393	1000.0	1000.0	230000	570.2794	136.6044	705.2183	113.33332	-572.6721	18.420668	2221.884527683258
47	5421.032	384.06866	5890.4194	4716.8574	6023.325	84.86548	6167.6226	5900.2134	1000.0	1000.0	235000	574.5948	133.42346	706.2081	51.409595	-576.9193	17.404932	2271.0562541484833
48	5730.807	139.75307	5900.227	5496.5938	6127.1177	114.26392	6243.131	5819.3467	1000.0	1000.0	240000	579.3405	130.79565	721.4941	150.61418	-581.62964	17.822046	2320.8875913619995
49	5703.386	406.1354	6197.679	5006.5356	5968.2627	216.76013	6388.3877	5533.634	1000.0	1000.0	245000	582.53357	131.64832	722.11774	125.4195	-584.7615	17.732752	2370.6082384586334
50	5789.3403	292.2371	6122.243	5337.3125	6074.477	97.42802	6202.229	5860.371	1000.0	1000.0	250000	586.8677	130.84889	722.67584	125.75489	-589.19434	17.958086	2419.473159313202
51	5977.71	195.81583	6306.851	5793.044	5672.0117	40.730183	5755.1953	5612.7944	1000.0	1000.0	255000	592.4149	125.167206	724.9968	159.50424	-594.7662	17.633112	2468.9938309192657
52	5823.8423	203.75478	6125.894	5509.9937	6588.1523	95.963715	6805.4834	6446.9844	1000.0	1000.0	260000	595.9277	121.89384	725.0298	173.48885	-598.12146	17.176283	2518.31289768219
53	5990.118	306.30603	6424.4307	5618.881	6489.829	212.88954	6837.0303	6132.009	1000.0	1000.0	265000	597.2868	124.84048	729.0446	137.7557	-599.4474	17.199526	2567.613874197006
54	6162.197	324.44772	6517.4365	5594.9062	6438.371	192.67526	6642.1753	5933.5576	1000.0	1000.0	270000	601.5939	120.92946	734.99493	130.74957	-603.8405	16.893156	2616.9971084594727
55	6372.329	103.007256	6514.4673	6216.1245	6393.4087	109.879234	6537.624	6183.3325	1000.0	1000.0	275000	606.3035	120.748535	740.0214	180.30803	-608.6012	17.03152	2666.5421240329742
56	6121.0376	147.37202	6309.93	5901.4014	6580.2554	145.0741	6791.7925	6409.509	1000.0	1000.0	280000	610.36615	123.5973	750.5765	183.49847	-612.577	18.022821	2716.1424791812897
57	6355.977	117.58741	6542.897	6223.049	6478.7495	135.33282	6686.387	6245.8896	1000.0	1000.0	285000	614.33105	129.59392	754.7577	144.15471	-616.608	18.350443	2765.8255109786987
58	6271.507	171.18486	6466.992	6005.1313	6607.4897	117.36608	6816.6963	6398.2334	1000.0	1000.0	290000	619.38525	133.70961	766.04395	113.55275	-621.63745	18.929976	2815.1868200302124
59	6438.2124	94.15263	6508.5386	6253.9297	6703.9814	95.31975	6849.9844	6580.211	1000.0	1000.0	295000	624.585	134.9758	764.98785	110.69689	-626.89606	19.374693	2864.9983916282654
60	6317.6284	185.9403	6506.3906	5978.7534	6673.2646	160.66241	6929.3433	6355.0327	1000.0	1000.0	300000	629.6496	135.9605	770.9316	117.81136	-631.905	19.228935	2915.4041090011597
61	6462.546	176.49522	6679.971	6279.917	6859.8228	132.19519	7009.8174	6563.0156	1000.0	1000.0	305000	635.8958	132.72282	783.1746	132.03485	-638.24335	19.435026	2964.7143244743347
62	6384.467	179.12396	6675.355	6121.4272	6547.9673	175.64836	6718.4224	6224.598	1000.0	1000.0	310000	641.34515	130.72665	788.20874	155.88908	-643.60675	20.030886	3014.9169478416443
63	6431.4404	211.69022	6736.3354	6079.0894	6837.1235	135.11646	6984.4556	6590.1567	1000.0	1000.0	315000	645.49646	132.79903	794.7924	117.40376	-647.7148	20.294477	3064.4344816207886
64	6252.3545	436.51477	6717.246	5510.327	6915.979	144.20012	7131.003	6690.967	1000.0	1000.0	320000	649.27686	135.32251	793.91003	42.87856	-651.585	19.872297	3114.3154294490814
65	6462.413	120.96429	6646.955	6313.9424	6314.166	171.91302	6623.639	6027.933	1000.0	1000.0	325000	653.65686	132.35587	798.044	35.85703	-655.9193	19.6755	3165.650205373764
66	6428.9194	302.6233	6938.4287	6087.588	6237.8936	164.6327	6531.9697	5936.5405	1000.0	1000.0	330000	657.6433	127.52208	800.5724	108.89159	-659.9191	19.955479	3215.792196750641
67	6282.4185	265.0161	6673.842	5864.5024	6212.0166	227.53267	6605.8955	5771.575	1000.0	1000.0	335000	659.8324	130.7095	800.98145	101.02226	-661.9646	20.815262	3266.250282764435
68	6225.9272	394.5762	6615.1016	5534.476	6336.7603	233.23007	6611.7896	5709.653	1000.0	1000.0	340000	661.0254	134.38754	803.6135	75.04708	-663.2007	20.885921	3316.9914169311523
69	6327.9346	280.64597	6676.71	5937.735	6949.654	132.05183	7251.1387	6804.5874	1000.0	1000.0	345000	662.1988	139.92046	804.1115	46.919853	-664.2893	20.274677	3367.2146756649017
70	6641.8877	191.46713	6976.083	6379.917	6960.707	189.04465	7293.2773	6734.973	1000.0	1000.0	350000	663.667	141.05438	805.92834	48.572212	-665.7573	20.286674	3417.1601464748383
71	6601.9907	136.72194	6710.321	6339.7417	6855.634	71.662445	7004.0884	6756.4893	1000.0	1000.0	355000	665.68335	139.71262	803.9676	51.679558	-667.8623	19.91016	3467.8041698932648
72	6386.419	373.4358	6707.0776	5675.49	6936.361	112.49692	7206.649	6771.7607	1000.0	1000.0	360000	668.9517	137.59802	805.0777	47.229713	-671.1067	19.81097	3518.071151971817
73	6381.5806	205.22417	6691.179	6133.0312	6895.146	275.3258	7378.698	6455.478	1000.0	1000.0	365000	672.456	131.86015	808.0752	102.12447	-674.6573	20.266647	3567.7543144226074
74	6257.245	650.6999	6724.5312	4973.281	6763.496	172.95882	7044.031	6477.5728	1000.0	1000.0	370000	674.5149	130.96477	808.8991	116.18502	-676.5579	20.87076	3618.545047044754
75	6353.1753	587.7486	6809.524	5192.1074	6823.327	153.38925	7049.651	6522.629	1000.0	1000.0	375000	674.8089	131.47581	809.55225	112.97573	-676.94965	20.521635	3668.87290763855
76	6647.146	55.831924	6690.949	6542.694	7151.7744	157.41885	7413.1274	6921.5767	1000.0	1000.0	380000	677.2513	127.92866	808.34656	146.87674	-679.2828	19.82535	3718.7855002880096
77	6747.6357	238.1219	6988.675	6312.772	7099.1235	113.187164	7273.378	6865.532	1000.0	1000.0	385000	679.4872	124.818535	813.5877	169.32509	-681.5892	19.83679	3769.198346376419
78	6539.4355	400.6983	6954.021	5788.0586	7160.858	121.4957	7335.012	6971.9365	1000.0	1000.0	390000	681.09534	127.59571	813.48346	108.0687	-683.087	19.961023	3820.4454760551453
79	6784.8623	187.9401	7064.667	6503.337	6640.5283	197.09308	6973.111	6292.7705	1000.0	1000.0	395000	682.9755	128.31984	818.3034	103.07348	-685.0739	20.147276	3870.5733296871185
80	6488.7812	455.56482	6979.698	5659.4673	6992.177	225.32677	7317.423	6518.551	1000.0	1000.0	400000	684.83453	128.50507	816.52295	116.64661	-686.8279	20.669	3921.207580804825
81	6868.8545	112.55078	7001.651	6734.0796	7392.921	72.0733	7527.2134	7245.277	1000.0	1000.0	405000	688.2343	125.56397	817.9994	120.941345	-690.3232	20.67812	3973.071272611618
82	6807.5913	277.18082	7083.6016	6431.0303	7342.8906	119.57691	7466.904	7030.701	1000.0	1000.0	410000	692.0651	122.1236	830.4809	130.65437	-694.22217	20.29495	4024.3141911029816
83	6681.216	531.6877	7138.4272	5644.7227	6339.56	71.065315	6489.095	6202.078	1000.0	1000.0	415000	694.5989	123.03553	828.99976	168.96666	-696.6275	20.398659	4075.2372217178345
84	6791.6406	260.78348	7060.073	6352.706	7230.3154	231.37196	7558.9775	6785.2485	1000.0	1000.0	420000	696.22644	121.76437	828.7017	162.57748	-698.33905	21.803064	4126.438978910446
85	6747.6353	430.59357	7073.554	5908.01	7352.97	166.9209	7514.309	6930.8135	1000.0	1000.0	425000	699.8167	118.51355	833.18774	190.27255	-701.9109	21.377472	4177.627416372299
86	6910.4844	215.50941	7197.023	6629.91	7350.6313	150.3104	7599.5693	7133.875	1000.0	1000.0	430000	701.7935	115.94396	832.3966	197.31248	-703.8843	20.718311	4229.257692098618
87	7012.736	198.86583	7336.1265	6778.641	6590.462	232.77608	7026.15	6228.73	1000.0	1000.0	435000	705.034	111.16908	835.8069	253.55879	-707.1359	21.083988	4280.110955953598
88	6659.7085	439.1681	7034.34	5840.342	7381.7275	167.12373	7592.8125	7055.0044	1000.0	1000.0	440000	708.1274	104.72593	837.0265	276.6928	-710.2724	22.42964	4331.515278577805
89	6968.0757	116.18223	7108.7417	6773.651	7466.22	201.34068	7698.1997	7101.283	1000.0	1000.0	445000	710.7839	100.896286	838.2404	275.80045	-712.7481	22.960665	4382.929924726486
90	7125.542	224.88365	7439.295	6813.522	7231.497	214.65956	7572.881	6772.2646	1000.0	1000.0	450000	712.33203	103.37346	842.7548	264.31146	-714.4352	21.627497	4434.244179964066
91	6921.0195	73.88089	6998.875	6798.9146	7353.6533	122.71623	7576.2754	7159.1973	1000.0	1000.0	455000	715.0602	102.50049	846.62744	254.11884	-717.14124	22.970306	4485.071413516998
92	6898.767	128.0901	7124.8086	6742.796	7393.3096	74.29352	7581.2363	7294.182	1000.0	1000.0	460000	718.5424	95.581116	844.3448	312.3707	-720.696	21.668232	4536.74983382225
93	6932.117	279.83145	7255.6724	6472.3594	7374.6045	240.76596	7792.7856	6892.2495	1000.0	1000.0	465000	720.09955	93.67319	851.80444	313.97617	-722.0496	21.421673	4587.849220275879
94	7011.704	187.65201	7253.5786	6731.7827	7131.621	161.32578	7476.9907	6880.0947	1000.0	1000.0	470000	720.45276	97.22932	849.0807	270.31885	-722.4206	21.391418	4639.533207178116
95	7138.7812	265.89505	7560.102	6762.3325	7575.1484	250.91057	7814.78	6913.6606	1000.0	1000.0	475000	722.62787	97.52902	854.88586	331.0725	-724.6729	21.868706	4690.383437871933
96	7038.677	212.36159	7442.4297	6856.3467	7225.247	139.92479	7485.1484	6972.6914	1000.0	1000.0	480000	724.05493	97.49634	853.0679	295.0975	-726.01794	21.779276	4741.550983667374
97	7078.3906	179.05168	7384.901	6849.0015	6722.6416	2016.9559	7572.03	679.9868	1000.0	1000.0	485000	725.3964	100.38671	852.9304	264.83313	-727.3407	21.336142	4793.942741155624
98	6940.947	302.88934	7300.8457	6607.8525	7270.1064	125.39655	7426.183	7077.607	1000.0	1000.0	490000	726.092	102.816154	852.9602	269.29477	-728.0611	22.037912	4845.7639038562775
99	6887.15	190.9148	7182.0845	6649.0117	6886.3203	227.87762	7217.533	6466.157	1000.0	1000.0	495000	728.35504	104.06515	860.791	290.87558	-730.3082	21.49113	4897.007882118225
100	7035.643	189.97708	7318.2114	6799.949	7505.7227	238.48036	7792.0312	7011.9043	1000.0	1000.0	500000	730.11646	105.84761	857.4065	263.52774	-732.094	21.763477	4948.824199676514
101	6951.7744	518.0869	7475.451	6049.1245	7504.2554	80.723045	7666.1895	7343.824	1000.0	1000.0	505000	732.44476	101.80431	862.5304	285.99118	-734.4327	22.94498	5000.584669351578
102	6875.672	258.9519	7293.4395	6600.326	7583.814	177.0676	7781.891	7312.4688	1000.0	1000.0	510000	731.70874	105.49642	861.96936	226.76166	-733.55475	21.865505	5051.316705226898
103	7255.6553	190.85669	7469.0674	6922.781	7357.1494	71.01828	7413.01	7154.0767	1000.0	1000.0	515000	730.90717	113.91116	859.8734	212.12428	-732.7397	22.058344	5103.028826951981
104	7017.676	139.30481	7180.483	6822.339	6342.454	282.57565	6753.202	5824.1074	1000.0	1000.0	520000	731.3904	118.12411	863.18164	209.07509	-733.2819	22.36767	5154.327721834183
105	6748.824	394.7449	7228.2354	6098.272	7386.1704	333.4718	7784.739	6628.0986	1000.0	1000.0	525000	733.7577	114.072365	866.61847	201.25845	-735.6577	22.298975	5206.711220264435
106	7021.014	73.56258	7131.7524	6922.2275	7351.159	244.9906	7657.6714	6987.786	1000.0	1000.0	530000	735.94855	111.302635	865.82275	256.93094	-737.8745	22.18282	5259.772247552872
107	6999.829	190.55902	7169.407	6643.289	7524.3267	157.83217	7715.5435	7110.047	1000.0	1000.0	535000	736.3212	110.80666	870.56433	247.91725	-738.232	22.09615	5311.419680595398
108	6665.392	424.97858	7040.8364	6043.056	7656.634	138.90549	7914.464	7464.32	1000.0	1000.0	540000	738.85974	102.65421	870.0485	264.03268	-740.8032	23.859726	5363.072268247604
109	6935.349	303.9712	7253.0474	6396.399	7307.798	114.43553	7492.8555	7076.163	1000.0	1000.0	545000	741.3797	96.37741	872.0642	304.19537	-743.2991	24.259325	5415.9368443489075
110	7081.0366	87.41839	7179.6914	6925.5	7610.8516	166.64452	7803.0693	7264.0015	1000.0	1000.0	550000	742.91644	95.14046	868.50073	284.82697	-744.8746	22.936321	5468.696891307831
111	7182.7134	103.95149	7343.4834	7017.017	7713.8984	224.34335	7983.103	7181.963	1000.0	1000.0	555000	743.4564	95.15256	874.7529	239.38318	-745.35315	24.067509	5522.001258134842
112	7250.8643	242.05225	7474.8784	6862.2407	7693.626	138.67703	8044.6436	7482.712	1000.0	1000.0	560000	745.3879	94.246826	869.36115	236.97516	-747.3135	23.130669	5574.319586515427
113	7169.0454	196.76514	7498.6094	6896.732	7090.4795	1581.5223	7893.01	2377.591	1000.0	1000.0	565000	745.91345	95.14234	874.0652	203.61809	-747.7445	21.845284	5627.1672785282135
114	7215.8115	70.95278	7310.335	7123.1655	7488.8765	264.60468	7931.241	7104.3667	1000.0	1000.0	570000	745.5944	99.224625	874.07947	182.36862	-747.37805	21.67448	5679.640606880188
115	7341.3813	93.53386	7453.7793	7222.6675	7499.7407	184.31891	7932.2393	7192.5713	1000.0	1000.0	575000	746.3384	103.9887	878.33856	158.62878	-748.2744	23.016197	5731.79545044899
116	7210.7563	66.08226	7299.985	7139.708	7498.5664	256.36252	7811.026	6871.016	1000.0	1000.0	580000	749.511	101.32432	877.779	182.38672	-751.4472	23.678234	5784.267414093018
117	7249.767	118.96504	7363.127	7029.043	6715.639	1541.6964	8051.7036	3646.4614	1000.0	1000.0	585000	751.4289	100.476845	881.11084	151.52168	-753.276	22.981382	5836.570242404938
118	6923.4673	315.659	7333.7886	6426.9663	7585.3047	245.89871	7804.7173	6908.5737	1000.0	1000.0	590000	750.918	107.347885	882.4321	120.67025	-752.7073	22.957365	5888.036208629608
119	7294.6587	140.96486	7486.1113	7052.656	7671.245	111.05085	7817.5073	7495.03	1000.0	1000.0	595000	753.65845	104.126305	882.5677	114.299355	-755.6248	25.021862	5940.413356781006
120	7157.4478	163.55093	7374.657	6959.0044	7431.871	290.7644	7787.9453	6795.5625	1000.0	1000.0	600000	756.8394	99.579094	883.5635	181.04121	-758.7821	24.607124	5992.7913184165955
121	6055.3364	2320.3252	7372.768	1422.1754	7559.7993	60.85772	7671.9507	7485.448	1000.0	1000.0	605000	757.6678	102.03842	888.71924	156.29282	-759.6017	24.007107	6045.110915184021
122	7400.668	238.44685	7760.076	7074.3213	8001.2524	142.21625	8189.816	7660.334	1000.0	1000.0	610000	760.764	103.85959	888.4311	97.11277	-762.7734	24.244156	6097.415646791458
123	7510.5283	227.15761	7715.4565	7101.14	7919.9272	121.7708	8129.7295	7776.374	1000.0	1000.0	615000	764.13794	105.19531	895.00635	48.271572	-766.1028	24.407965	6149.914575576782
124	7608.622	159.18517	7903.0674	7461.976	8141.2617	114.1742	8291.923	7982.5376	1000.0	1000.0	620000	766.6926	111.17164	898.96686	-32.675797	-768.7056	23.876764	6201.540413141251
125	7661.5923	261.0961	7963.6484	7220.901	8088.591	104.81595	8239.558	7882.103	1000.0	1000.0	625000	771.5003	111.36982	917.9123	-76.61928	-773.6634	25.832125	6254.034899711609
126	7597.404	174.57736	7800.4146	7271.9365	7873.432	504.17297	8272.049	6501.588	1000.0	1000.0	630000	775.97925	111.895584	928.157	-117.09768	-778.0855	25.129293	6305.123581171036
127	7688.72	153.26529	7847.215	7405.6025	7199.0923	870.90436	8392.733	5899.3003	1000.0	1000.0	635000	781.29535	108.25529	930.1454	-131.87823	-783.5082	27.688566	6357.771528959274
128	7740.749	246.77797	8116.4775	7468.939	7442.508	828.01715	8051.4917	5394.4604	1000.0	1000.0	640000	786.86194	104.591995	937.21857	-149.69716	-789.064	27.967134	6409.783732652664
129	7528.5024	238.79326	7767.939	7099.8936	8204.154	133.31396	8403.823	7967.1504	1000.0	1000.0	645000	791.972	103.26446	949.1217	-178.52975	-794.0728	28.025024	6461.830019235611
130	7858.029	237.00778	8165.154	7555.4224	8176.9873	104.96635	8394.93	8040.2783	1000.0	1000.0	650000	793.93396	109.7769	948.32886	-163.13791	-796.054	27.684324	6514.417387962341
131	7710.039	169.29872	7975.9897	7549.1465	7495.6587	427.41705	8016.898	6478.3945	1000.0	1000.0	655000	796.76056	111.55475	950.73865	-148.77995	-798.92377	27.31995	6567.323428869247
132	7682.2954	476.31088	8044.009	6751.762	8327.64	145.90945	8524.155	8025.8877	1000.0	1000.0	660000	799.1823	114.19741	950.75745	-147.75066	-801.3249	26.95544	6620.2757396698
133	7872.4272	106.32914	8019.5225	7748.783	7845.175	1046.733	8533.775	4945.089	1000.0	1000.0	665000	801.3152	115.42534	953.1027	-208.82405	-803.48004	26.79355	6672.604063272476
134	7640.97	278.43945	7963.2637	7294.403	8277.83	178.98982	8579.169	7912.76	1000.0	1000.0	670000	804.94763	112.077	958.5896	-194.58714	-807.1644	28.070454	6724.724108695984
135	7857.2393	232.86816	8264.133	7622.133	8080.4453	351.10864	8448.443	7336.762	1000.0	1000.0	675000	808.3322	109.3474	959.5913	-296.74698	-810.5785	29.8398	6777.12014746666
136	7822.404	146.92534	8043.821	7659.483	8197.325	283.15457	8391.586	7378.608	1000.0	1000.0	680000	812.1981	106.77103	963.408	-304.45538	-814.42017	28.596537	6829.484260559082
137	6686.2905	2195.6099	8229.831	2332.205	7953.3306	511.66595	8548.413	6725.4326	1000.0	1000.0	685000	813.29425	112.46863	984.8536	-355.70862	-815.5162	29.128937	6882.860141515732
138	7438.0	491.1081	7852.5776	6491.097	8191.7627	330.5103	8620.184	7561.351	1000.0	1000.0	690000	814.63007	115.699844	985.41345	-272.92496	-816.7782	29.4879	6936.373348474503
139	7825.3203	220.17598	8159.3813	7538.9136	8368.614	206.21628	8764.609	8105.2974	1000.0	1000.0	695000	816.0008	119.51931	985.53864	-141.03607	-818.172	28.900438	6990.151253700256
140	7947.9126	280.25833	8310.467	7472.375	7286.288	1038.2787	8042.0776	4411.669	1000.0	1000.0	700000	819.3962	121.91897	993.4764	-161.7243	-821.6652	30.1548	7043.86949133873
141	7491.1416	436.5645	7799.3135	6644.3096	7746.548	1224.7682	8522.624	4636.0713	1000.0	1000.0	705000	822.5368	121.20442	1001.0141	-167.29791	-824.8378	31.394344	7097.088264942169
142	7940.2437	134.80855	8188.4585	7812.2964	8308.354	358.48428	8760.449	7421.7144	1000.0	1000.0	710000	826.6375	114.86648	999.4824	-94.131134	-828.89386	29.946768	7149.502794265747
143	7937.142	265.47928	8136.0225	7415.8945	7617.1494	1075.9543	8443.166	4501.1655	1000.0	1000.0	715000	829.3158	112.69004	1009.92206	-51.774902	-831.6127	30.98295	7202.188198566437
144	7905.8643	653.2681	8357.077	6617.4766	7821.125	472.51242	8277.11	6510.2373	1000.0	1000.0	720000	832.0934	109.83702	1010.57104	34.758297	-834.35913	29.469915	7255.209577083588
145	8042.4033	153.30023	8209.844	7811.4443	7958.053	505.62094	8465.166	6957.089	1000.0	1000.0	725000	835.5393	112.31167	1033.0527	117.146545	-837.9014	30.1112	7308.510059356689
146	7972.208	126.04337	8115.883	7770.6104	7703.2354	793.77765	8467.988	5995.8984	1000.0	1000.0	730000	838.83325	112.853615	1032.301	223.61214	-841.171	31.617044	7363.07453751564
147	7901.036	303.0984	8329.611	7450.7217	8203.729	595.75354	8840.072	6581.2944	1000.0	1000.0	735000	841.03986	112.83007	1033.1416	177.92657	-843.334	31.097107	7416.337963819504
148	7378.0015	868.0154	8060.6694	5857.8584	8346.9	548.2716	8845.096	6925.5273	1000.0	1000.0	740000	842.6088	111.768684	1039.267	149.04697	-844.8616	31.013397	7469.680323123932
149	8259.565	208.91586	8457.693	7993.2476	8469.208	143.34132	8659.308	8206.924	1000.0	1000.0	745000	844.24976	113.20126	1035.5934	121.19405	-846.5676	30.912563	7523.327965021133
150	6611.318	838.722	7905.8247	5271.2173	6476.3306	2063.956	8676.684	2163.8145	1000.0	1000.0	750000	846.69653	117.75328	1043.0852	110.74853	-848.9774	30.801125	7577.562021255493
151	8277.157	264.49487	8623.519	7934.9585	7789.514	1407.59	8952.866	4549.868	1000.0	1000.0	755000	848.4615	123.60386	1047.4246	92.263176	-850.8354	33.590282	7630.930327653885
152	8275.429	48.662594	8341.31	8199.148	8539.515	561.53656	8996.195	6913.2095	1000.0	1000.0	760000	852.36707	126.914055	1049.4801	41.71261	-854.7593	34.840126	7684.1686980724335
153	8181.7607	174.35953	8384.101	7929.731	8280.076	629.00824	9044.695	7028.384	1000.0	1000.0	765000	856.4081	125.1589	1056.2441	21.096832	-858.8237	35.027035	7737.35097360611
154	7716.6343	1131.8708	8749.011	5533.8257	8532.287	264.8841	8923.961	7988.021	1000.0	1000.0	770000	859.5541	120.852715	1060.3784	1.2254157	-861.9472	35.354656	7790.0959050655365
155	7697.3857	779.63995	8434.37	6188.4487	8421.112	464.27438	9127.8955	7286.8896	1000.0	1000.0	775000	860.66187	125.95365	1053.4382	-24.959703	-863.0002	34.47678	7843.511419773102
156	8238.784	190.38019	8461.422	8004.233	8777.247	139.63673	9045.428	8567.434	1000.0	1000.0	780000	861.7804	131.42737	1058.289	-7.489545	-864.0716	36.33482	7896.878211736679
157	8255.078	184.34096	8399.595	7931.464	8627.606	311.74875	9136.657	8111.9854	1000.0	1000.0	785000	862.2438	134.27293	1053.8901	-16.845173	-864.6512	38.525105	7949.968046426773
158	8281.703	279.31866	8801.276	8028.8486	8435.366	1033.282	9266.387	6354.1606	1000.0	1000.0	790000	865.9149	128.9468	1059.7567	-24.94048	-868.3549	39.453327	8003.761929273605
159	7816.172	807.8178	8517.644	6304.721	8139.8047	2262.9365	9273.631	1367.6052	1000.0	1000.0	795000	867.85504	126.589966	1056.6614	-87.05848	-870.2398	38.924263	8057.733773469925
160	8488.665	369.27286	8982.1	8052.4736	8397.641	195.301	8747.16	8049.943	1000.0	1000.0	800000	868.723	127.34285	1058.3514	-57.325653	-871.0812	37.528305	8111.177104711533
161	8484.984	310.64282	8877.014	7979.914	8876.2295	244.24916	9215.018	8362.3	1000.0	1000.0	805000	870.5271	127.523	1055.2782	-116.77943	-872.9187	38.709633	8165.183552980423
162	8165.3086	174.31244	8380.693	7954.09	8794.513	689.0877	9350.426	6765.404	1000.0	1000.0	810000	870.9438	132.1283	1059.0623	-309.7312	-873.2358	38.903805	8218.843797683716
163	8595.927	118.07365	8708.876	8388.73	8978.948	843.77966	9758.685	6636.84	1000.0	1000.0	815000	872.20496	133.45554	1059.4897	-398.4584	-874.6434	40.10025	8272.07698225975
164	7818.124	1373.5928	8775.52	5180.7515	8160.8164	357.46548	8450.386	7145.9883	1000.0	1000.0	820000	875.0348	130.67151	1065.5022	-451.76706	-877.4493	41.668716	8326.933594226837
165	8515.448	254.77275	8802.953	8047.188	8481.87	1342.461	9347.133	5087.717	1000.0	1000.0	825000	876.9397	130.91153	1064.4875	-463.29837	-879.3272	41.26178	8380.978523492813
166	8260.592	273.28796	8497.033	7740.518	9128.912	187.75116	9453.595	8783.84	1000.0	1000.0	830000	878.91534	131.45804	1069.1696	-494.1073	-881.3493	44.649597	8435.914757490158
167	8326.843	278.52167	8668.971	7895.8296	8655.556	117.28931	8831.899	8434.99	1000.0	1000.0	835000	881.4329	129.11578	1076.0057	-567.255	-883.8386	39.587173	8489.514050006866
168	8198.061	206.3972	8558.898	7974.3022	9004.673	156.09274	9276.973	8686.964	1000.0	1000.0	840000	881.77936	131.2319	1068.4962	-105.92769	-884.0954	37.8749	8543.692032337189
169	8553.526	207.13809	8785.79	8204.682	9031.425	418.93347	9427.711	8176.7935	1000.0	1000.0	845000	881.8476	136.38783	1071.1017	37.311874	-884.145	38.851788	8598.420508861542
170	8358.893	274.47415	8684.655	7914.2456	8948.423	206.78275	9215.675	8493.922	1000.0	1000.0	850000	881.7515	140.11035	1075.2394	-38.38643	-884.0273	42.572067	8653.135686159134
171	8572.4795	282.40695	9008.751	8198.349	8316.698	366.19836	9131.525	7881.527	1000.0	1000.0	855000	881.12787	144.4065	1072.0703	-33.71026	-883.4056	41.114918	8707.639564752579
172	8419.697	382.74203	8898.997	7947.464	9277.033	154.42859	9503.1	9061.846	1000.0	1000.0	860000	882.6321	144.42357	1073.4165	-3.2917767	-885.0108	44.227703	8762.452626466751
173	8173.428	1020.6116	8908.008	6162.1553	7848.2256	1280.2601	8868.96	5081.509	1000.0	1000.0	865000	885.09467	136.23625	1075.5498	29.715532	-887.4749	42.33215	8816.1589345932
174	6183.5864	2954.3672	8507.555	982.78033	8525.849	2521.958	9876.634	983.0307	1000.0	1000.0	870000	885.34076	139.85335	1073.7034	8.673645	-887.6631	38.894737	8870.411206245422
175	8737.643	287.41464	9294.744	8481.274	8297.542	1452.3105	9309.4375	4283.3467	1000.0	1000.0	875000	885.874	143.28256	1078.0817	2.4827056	-888.1462	42.466743	8925.074125051498
176	8471.118	435.5012	8909.708	7752.9663	8784.662	489.51236	9409.866	7620.0796	1000.0	1000.0	880000	887.4824	140.05733	1084.2471	3.8540978	-889.835	43.208447	8980.035495996475
177	8639.878	89.707405	8787.91	8550.331	9162.456	591.94135	9648.358	7452.113	1000.0	1000.0	885000	888.98096	137.5008	1080.9686	-16.202177	-891.3342	42.019737	9034.55228471756
178	8720.317	329.4891	9141.375	8148.4863	7290.6064	2097.091	8308.985	1256.2477	1000.0	1000.0	890000	890.02374	139.11009	1082.1488	-73.86701	-892.284	40.815636	9091.300950288773
179	8043.927	658.3949	8696.899	7077.53	8936.579	575.951	9458.812	7374.7764	1000.0	1000.0	895000	890.7083	143.76587	1080.4144	-150.38727	-893.0164	42.34679	9145.779819726944
180	8221.975	698.3321	9006.147	6929.2124	8058.4507	1978.0992	9192.094	2306.3062	1000.0	1000.0	900000	892.7649	144.30103	1086.9541	-153.45155	-895.1574	46.18402	9201.042022943497
181	8204.032	674.5176	8905.177	6952.835	8750.737	1581.3138	9722.362	4047.0293	1000.0	1000.0	905000	894.6298	143.51967	1085.2733	-66.475235	-896.9626	44.19291	9255.986626386642
182	8594.119	442.04633	8937.612	7725.1475	8977.935	495.93494	9599.263	8175.0586	1000.0	1000.0	910000	897.1846	139.63524	1086.8569	-11.912807	-899.6096	45.87019	9309.66204547882
183	8256.433	1182.1095	9100.313	5911.0293	9320.383	191.02592	9643.388	8937.886	1000.0	1000.0	915000	900.29236	132.48276	1099.0415	56.071335	-902.7362	45.12329	9363.814650774002
184	8609.925	725.3434	9161.016	7190.2124	9134.607	172.27876	9428.925	8840.146	1000.0	1000.0	920000	902.5747	130.81592	1106.0563	107.746414	-904.9742	43.630493	9418.37249469757
185	8311.947	946.6351	9025.626	6465.7656	8955.761	246.42882	9387.123	8530.979	1000.0	1000.0	925000	903.76556	128.82246	1106.7571	126.968445	-906.1641	45.569294	9474.096570968628
186	8537.201	338.54358	9073.401	8104.699	8685.24	1128.2058	9938.186	6743.1504	1000.0	1000.0	930000	904.1336	128.99501	1107.4214	110.68816	-906.458	44.173412	9528.733016967773
187	8530.018	342.3511	8993.925	8082.421	9304.794	427.23273	9658.414	8094.4424	1000.0	1000.0	935000	906.1499	130.96217	1110.1313	90.649475	-908.5328	44.099464	9583.50529551506
188	8172.12	1276.5354	9123.813	5668.016	8571.33	2609.2883	9711.083	766.449	1000.0	1000.0	940000	908.441	131.98009	1116.7151	64.264015	-910.8052	44.064247	9638.279411554337
189	8939.273	110.61658	9060.366	8761.645	8452.345	2590.6614	9803.019	842.9162	1000.0	1000.0	945000	909.73157	138.88634	1119.8534	-34.76337	-912.1169	45.626392	9693.35125875473
190	6888.228	2404.1816	9486.919	2896.386	8770.515	1551.7378	9857.723	5592.9497	1000.0	1000.0	950000	911.86536	145.75583	1120.3951	-54.798443	-914.2962	45.906742	9748.08490896225
191	8906.553	131.50221	9103.465	8759.222	9327.26	174.29248	9650.039	8968.141	1000.0	1000.0	955000	914.32837	148.5467	1122.2875	-91.955315	-916.8736	49.83885	9803.06633400917
192	8578.28	223.09238	8944.075	8263.85	8973.068	619.47864	9613.483	7209.4805	1000.0	1000.0	960000	917.8013	141.22365	1119.4696	-95.68308	-920.3037	53.080406	9858.383199930191
193	8283.585	968.7547	8945.793	6401.119	8427.754	1044.1547	9468.039	6169.735	1000.0	1000.0	965000	919.8613	136.98203	1117.136	-59.70907	-922.3439	50.16063	9912.992771625519
194	8590.751	558.8125	9337.809	7759.127	8265.817	1869.931	9678.959	4340.4253	1000.0	1000.0	970000	922.4796	132.29303	1119.4712	-34.981976	-924.9673	47.555233	9967.96568107605
195	8782.834	153.47032	8993.913	8599.808	9533.778	191.4149	9927.86	9275.694	1000.0	1000.0	975000	923.5299	130.48999	1121.014	-34.719147	-925.911	44.29799	10022.655676603317
196	8447.716	963.93835	9003.496	6523.6616	8737.766	1127.2904	9645.342	6069.7	1000.0	1000.0	980000	922.154	133.44077	1125.716	40.434036	-924.5467	45.739994	10077.738074541092
197	8794.0205	305.95312	9201.034	8382.114	9249.225	424.3672	9656.581	8090.8276	1000.0	1000.0	985000	922.9748	134.2442	1121.0931	27.959833	-925.4032	47.361683	10132.12590765953
198	7597.1006	1718.4686	9061.361	4504.8696	9212.049	488.92902	9792.371	7964.6787	1000.0	1000.0	990000	924.6111	134.92435	1121.6969	0.33441782	-927.008	48.23877	10187.156912326813
199	8962.772	255.6147	9291.686	8702.95	9634.026	385.63977	10058.203	8583.556	1000.0	1000.0	995000	925.51245	137.13919	1132.7788	-12.209831	-927.9422	47.36644	10242.080770492554
