Epoch	AverageEpRet	StdEpRet	MaxEpRet	MinEpRet	AverageTestEpRet	StdTestEpRet	MaxTestEpRet	MinTestEpRet	EpLen	TestEpLen	TotalEnvInteracts	AverageQ1Vals	StdQ1Vals	MaxQ1Vals	MinQ1Vals	AverageQ2Vals	StdQ2Vals	MaxQ2Vals	MinQ2Vals	LossPi	LossQ	Time
1	-45.77159	79.682335	36.40915	-359.6038	-47.426865	29.79004	-20.910303	-120.6817	135.51613	30.9	5000	0.8492239	2.7006707	25.255716	-8.935177	0.8492893	2.7005644	24.618402	-8.94868	-1.9686229	0.32530183	31.92177963256836
2	-74.73472	123.668625	23.368647	-366.8729	-29.18562	6.4815893	-18.842445	-37.05605	232.63637	12.8	10000	8.589788	5.813375	47.19023	-9.790769	8.589399	5.8130703	47.46506	-9.655192	-11.449152	1.3603848	68.75904870033264
3	-118.6384	401.61368	462.6407	-1653.0293	28.239735	32.204662	101.72342	-16.23283	244.43478	263.9	15000	16.358747	6.3229084	52.757805	-9.785014	16.358667	6.3246818	49.6794	-14.677234	-18.571844	2.563086	116.04877877235413
4	49.674305	133.24162	322.62128	-247.54987	233.17815	231.10152	639.1191	4.2181597	434.4	428.3	20000	16.253199	7.5906734	51.770393	-12.008794	16.252983	7.5935364	52.28119	-12.743881	-18.204962	2.4634159	157.69852423667908
5	178.57874	200.34995	498.93835	-14.824093	156.23851	122.733185	443.63904	45.854843	429.81818	356.6	25000	15.334082	7.9383955	53.048275	-16.052069	15.333986	7.9403744	51.79547	-17.704348	-17.20134	2.2724788	200.12790393829346
6	256.67047	235.3797	628.627	8.473308	189.84354	235.85034	661.62317	17.770075	474.45456	325.3	30000	16.303383	7.6169834	50.54757	-13.316752	16.303497	7.620519	49.146324	-13.49133	-18.097382	2.3063462	245.22019338607788
7	272.7912	218.82938	642.8148	36.555622	276.7829	276.15112	711.8618	2.1437588	515.4545	371.9	35000	18.354078	7.02658	49.606075	-17.585478	18.354568	7.0284653	49.613552	-17.48583	-19.971855	2.5296354	293.3326721191406
8	256.26202	245.28363	710.73645	19.734035	391.24017	269.01523	735.40314	21.628935	450.0	600.6	40000	20.170538	6.66264	52.378475	-17.670137	20.1701	6.6640377	51.590504	-12.780829	-21.785158	2.612597	340.98495388031006
9	292.7737	222.53474	652.32837	4.0029306	391.2862	303.37152	746.4437	-0.47984645	450.4	569.9	45000	21.956573	6.4341416	53.817562	-24.628738	21.956623	6.4367375	53.545773	-25.00759	-23.53483	2.7875257	385.86451840400696
10	227.66171	251.40288	716.3765	21.771458	206.23361	252.36526	760.31384	15.379484	362.57144	292.4	50000	23.60871	6.1689177	56.79797	-24.43315	23.60877	6.170431	56.934612	-25.234573	-25.141685	2.5910323	429.8121221065521
11	280.4851	234.46228	655.52655	65.61758	416.59692	288.9685	813.72406	23.11944	426.9091	538.8	55000	25.359322	6.026973	56.671772	-18.56547	25.35931	6.0288973	58.520344	-21.078115	-26.802376	2.7866852	474.1929545402527
12	378.63153	304.1714	771.687	37.342667	417.14154	372.27353	879.0892	26.624874	505.8	489.5	60000	27.137266	6.009998	58.75256	-29.377016	27.137394	6.010781	58.60919	-24.77542	-28.551676	2.7860737	520.9689483642578
13	199.35078	212.61234	741.9157	11.950907	312.20004	327.32892	806.0062	15.051895	250.60869	381.8	65000	29.04931	6.248793	59.87565	-27.66454	29.049562	6.250619	60.475452	-31.027214	-30.4044	3.1367784	571.2995405197144
14	458.21512	279.358	793.42694	114.0779	207.03284	281.26147	818.7325	0.5003154	609.625	257.8	70000	30.864347	6.5779557	60.25066	-35.96461	30.864489	6.5809417	61.133953	-34.960503	-32.208595	3.3606493	613.9972856044769
15	318.4845	286.92404	867.5643	24.114431	311.68457	284.51816	827.4316	12.902555	415.16666	316.3	75000	32.405163	6.830102	62.72134	-45.72035	32.405537	6.8302073	63.499237	-41.905262	-33.748318	3.2058861	658.1854619979858
16	220.96219	289.40402	877.8651	2.734266	239.16	318.9126	832.76227	1.1463736	274.8889	260.0	80000	33.908722	7.1177087	62.95506	-31.450048	33.908817	7.1188	63.830254	-27.33554	-35.217804	3.5245574	701.743937253952
17	286.41302	249.91986	777.94934	17.914589	362.56665	282.4992	804.0278	24.338516	345.92856	414.7	85000	35.348904	7.3688855	63.822037	-29.991177	35.34882	7.36959	65.664894	-27.113125	-36.652893	3.7011425	746.38787317276
18	266.2422	210.03413	736.57983	9.110207	414.68854	367.69547	932.9736	-3.3930297	323.5625	470.0	90000	36.456375	7.7840323	69.010826	-30.884941	36.456272	7.788417	66.286575	-27.968067	-37.715103	4.0939918	794.7879769802094
19	456.52353	342.16843	1049.2151	86.645645	422.97363	344.12415	903.5542	21.872282	512.9	465.0	95000	37.651695	8.035396	67.84894	-29.572298	37.651855	8.040989	67.89297	-21.39717	-38.916683	4.1698713	843.1995058059692
20	422.8432	392.30588	1097.0996	-1.2529339	712.8636	325.55652	1167.6877	139.77353	463.1	752.3	100000	38.87708	8.277621	69.74102	-27.639938	38.877277	8.280437	68.52236	-22.71468	-40.11241	4.0776596	890.8651719093323
21	456.06534	356.79175	1003.4592	64.86073	444.55292	298.16937	915.06494	60.793983	521.3	459.1	105000	40.016144	8.564013	72.47666	-20.606379	40.01619	8.568128	73.40691	-20.398073	-41.285934	4.2746797	938.8947579860687
22	429.56915	274.9698	817.13477	30.318079	530.2477	356.06955	1003.699	71.73807	504.0	585.0	110000	41.24886	8.780904	73.26206	-18.351257	41.249115	8.785956	73.69692	-21.11743	-42.491196	4.391101	987.0848364830017
23	652.35297	277.65433	1026.0046	118.308586	211.61006	245.84698	904.93445	27.43164	737.1429	189.1	115000	42.348663	9.018602	75.76565	-22.323622	42.348843	9.021563	78.118286	-23.586721	-43.63287	4.4643006	1030.3013126850128
24	373.1793	373.01364	890.957	38.38378	272.2721	287.8952	925.15094	23.600338	430.5	270.8	120000	43.38547	9.220605	78.28005	-34.001377	43.38575	9.224244	79.72565	-19.874388	-44.6327	4.5674806	1069.6921203136444
25	734.4844	400.9416	1292.6359	31.148504	580.4728	537.1772	1518.0953	-1.3216197	716.0	450.1	125000	44.41184	9.535481	81.26531	-20.75278	44.412067	9.539111	80.36841	-23.561733	-45.666233	4.7155957	1119.728427886963
26	438.05365	349.81903	941.67975	30.83939	384.55438	258.61423	817.22046	4.772741	467.3	387.8	130000	45.344387	9.758916	82.90954	-21.274147	45.344444	9.763246	83.96645	-26.537983	-46.616146	4.858046	1163.3147368431091
27	523.5098	463.74176	1414.635	82.769516	516.5337	408.42023	1101.497	27.516573	454.63635	477.6	135000	46.236515	10.052668	83.85198	-64.031204	46.236538	10.056317	84.25652	-38.145565	-47.498882	5.1976295	1210.1113889217377
28	436.18542	338.4509	959.5416	13.85284	833.0203	113.770966	1035.7012	658.01843	453.18182	908.6	140000	47.024506	10.358515	86.93623	-23.893335	47.02481	10.363457	88.20838	-24.048199	-48.27068	5.4160223	1263.2378697395325
29	756.6314	86.16534	852.71954	624.29895	894.52313	405.32623	1485.5068	265.87265	887.0	684.1	145000	47.672222	10.621846	86.11856	-27.13932	47.672024	10.6292515	88.27184	-30.687222	-48.909534	5.573025	1309.2448534965515
30	753.2773	576.822	1631.2733	38.457466	574.4729	428.10715	1143.9647	32.21094	648.75	463.0	150000	48.28561	10.926071	84.78377	-35.343567	48.285873	10.931168	85.08431	-22.551197	-49.52869	5.649985	1358.1646060943604
31	540.387	352.7227	1047.9602	5.057521	836.474	307.49182	1501.8855	228.7173	448.45456	761.1	155000	48.944237	11.328807	87.03888	-25.71878	48.9442	11.33515	87.640594	-24.099188	-50.194027	5.941151	1408.423127412796
32	721.6088	272.73297	979.4309	154.37285	953.45496	490.0224	1689.3218	49.654102	722.0	745.7	160000	49.470505	11.638804	91.34573	-23.490091	49.470848	11.643961	90.69062	-27.18913	-50.707584	6.1454926	1460.4199376106262
33	913.44824	449.61853	1640.0415	48.677628	919.5459	659.0282	1880.0779	29.710608	689.625	617.0	165000	50.278008	12.087246	92.15929	-31.99307	50.2782	12.0909605	91.02128	-23.258518	-51.5095	6.4296026	1513.6181848049164
34	1049.8835	448.3215	1632.5298	520.92834	1425.5674	557.4739	2118.6667	386.14923	749.0	839.5	170000	51.159843	12.610245	95.34279	-30.388687	51.160194	12.614384	95.954704	-31.549438	-52.420948	6.5834255	1563.2622420787811
35	771.51086	559.0868	1914.4673	131.85355	853.6338	721.0917	1952.46	24.344728	572.1	568.0	175000	52.198128	13.396724	95.13222	-34.131252	52.198215	13.402161	95.01624	-27.017918	-53.454887	7.0367136	1618.1134440898895
36	937.2003	520.7763	1813.5171	267.33362	1216.2252	541.20886	1984.006	13.5914345	590.8571	902.4	180000	53.21585	14.191963	97.25869	-41.924934	53.21599	14.195734	96.8098	-27.835796	-54.52497	7.466461	1665.4884762763977
37	1080.5494	496.40646	1664.8386	110.151505	995.5301	444.34088	1970.6351	271.52066	776.8571	751.0	185000	53.932083	14.987388	100.90511	-33.978184	53.932068	14.992191	98.557396	-26.787474	-55.260952	7.795464	1719.625010251999
38	1027.0162	597.5335	1845.5784	65.8998	713.6258	542.7961	1909.9601	121.85867	842.1667	581.4	190000	54.916878	16.018635	101.20184	-39.570724	54.91717	16.02318	98.304756	-28.622547	-56.19894	8.113067	1768.026288509369
39	1206.2976	530.43384	1908.0776	267.1737	1479.1292	648.9237	2051.7244	211.97327	776.0	796.9	195000	56.18193	16.861433	102.651794	-21.484818	56.181847	16.866217	100.77655	-27.896784	-57.560688	8.254158	1817.504506111145
40	883.8714	545.7764	1831.7051	247.74823	1154.9357	746.6856	2078.8538	36.801582	677.1429	626.1	200000	57.291912	17.557785	106.00769	-34.532436	57.291706	17.56167	102.71688	-39.56969	-58.614292	8.385757	1866.1575553417206
41	1056.4186	318.97787	1603.9006	639.0917	947.78046	552.38763	1735.3097	48.393894	737.0	650.6	205000	58.349133	18.310495	106.51181	-23.05951	58.349415	18.315327	105.52481	-30.529373	-59.656742	8.536894	1920.7680895328522
42	962.3462	463.38052	1809.2277	249.5375	569.8705	503.83386	1408.842	31.820807	724.1429	442.6	210000	59.46234	19.085987	107.88272	-52.938274	59.46214	19.089426	107.26391	-47.573162	-60.75022	9.258218	1969.0094361305237
43	1025.8313	558.7612	1892.3268	334.90256	1538.1107	378.90793	2104.517	832.5585	623.8571	897.6	215000	60.43381	19.73416	109.07017	-30.443474	60.433697	19.737411	108.45081	-47.19893	-61.778088	9.284955	2018.176015138626
44	1121.961	811.0082	2057.1677	23.847485	1412.39	728.1011	2281.5498	88.47482	623.55554	831.2	220000	61.74725	20.69297	115.20128	-26.18388	61.74747	20.69673	113.72908	-23.772995	-63.036644	9.805018	2074.7395992279053
45	1190.7675	686.5861	2228.226	114.437675	1128.1862	718.72656	2148.5593	20.56134	712.5714	711.5	225000	62.630424	21.692648	115.05468	-35.697998	62.630184	21.696074	116.06341	-30.1606	-64.03355	10.133979	2124.61101770401
46	1108.428	143.50797	1328.3971	878.3019	694.4839	674.0745	2081.6401	61.420334	1000.0	477.6	230000	63.22235	22.695282	118.380356	-36.824516	63.222153	22.69911	116.96758	-26.993303	-64.60232	10.354303	2172.508025407791
47	1320.5286	585.0503	2066.8582	500.6828	1431.7712	718.0605	2315.2583	8.246306	685.1429	901.5	235000	63.838764	23.702648	119.08386	-36.94759	63.83884	23.706205	119.809845	-32.02468	-65.220406	10.697319	2224.9944472312927
48	1558.1024	706.7719	2296.762	408.48386	1263.3729	804.601	2281.2812	201.15544	813.1667	708.8	240000	64.870705	24.689577	120.52643	-31.464169	64.8705	24.693678	120.59269	-61.14825	-66.2771	11.099625	2275.7967047691345
49	915.8636	612.9938	2115.8584	102.50642	1826.6842	788.4713	2494.9883	213.90097	765.0	819.6	245000	65.3837	25.722414	122.27881	-45.68353	65.38355	25.725328	122.57085	-45.77175	-66.810936	11.444991	2327.5710282325745
50	1341.908	637.17816	2154.1172	106.57134	1320.6821	768.82385	2433.6738	215.6857	807.5714	806.9	250000	65.84365	27.028656	125.38785	-33.40637	65.84356	27.031395	125.00481	-45.805187	-67.27175	11.96904	2383.629620552063
51	1481.6843	438.436	2231.3003	881.1071	2121.9797	183.92229	2290.921	1588.1433	915.2	972.6	255000	65.89641	28.360779	127.55937	-34.428288	65.89636	28.3648	125.46333	-35.85976	-67.51374	12.419756	2437.666360616684
52	1275.698	795.1083	2345.5872	294.7324	1634.5107	663.26965	2319.7083	431.60675	786.8571	928.9	260000	65.95548	29.935566	127.62792	-31.58874	65.95565	29.93798	129.7087	-43.098568	-67.49977	12.808655	2497.6652817726135
53	1286.5942	557.15283	2136.185	273.43396	1509.0042	651.0438	2400.3987	450.27545	802.0	819.2	265000	65.83619	31.578547	131.79976	-32.437458	65.83612	31.581074	128.94157	-37.046593	-67.27638	13.443059	2548.121695280075
54	1411.6787	633.8865	2263.7473	857.80365	1528.96	831.04266	2419.4478	88.90861	1000.0	828.1	270000	65.54523	33.230732	129.86598	-32.82149	65.54526	33.233265	129.31587	-33.43966	-67.0688	13.876364	2600.171549320221
55	1389.4801	635.4898	2279.3	740.6106	1405.2058	532.478	2013.8892	69.441635	808.3333	849.3	275000	65.78607	34.180798	137.15968	-33.13659	65.786255	34.183846	132.1514	-34.097656	-67.22922	13.947848	2652.4378015995026
56	1673.9574	664.1631	2389.471	443.99265	1410.6652	878.6881	2507.6453	70.75506	812.6667	732.8	280000	66.95045	34.716637	136.52267	-58.13945	66.95021	34.721138	133.11377	-52.66578	-68.47269	14.736144	2704.223237991333
57	1208.2573	484.8971	2025.9542	500.1304	2207.319	374.65247	2436.6084	1096.0209	604.55554	944.8	285000	68.44549	35.197845	138.12924	-42.489536	68.4456	35.200417	133.08954	-39.473724	-69.994286	14.977601	2762.34596991539
58	812.1492	686.81146	2190.624	164.56586	1748.053	870.6768	2597.7283	97.992226	471.66666	827.2	290000	69.59557	35.70454	134.32324	-34.103294	69.59586	35.704826	136.61488	-41.544487	-71.10571	15.407633	2810.8061933517456
59	1982.6266	540.7833	2386.0884	1072.9092	1747.1013	844.69916	2495.5244	210.74149	913.3333	736.0	295000	70.84402	36.198174	138.8776	-58.028435	70.844215	36.200764	137.73871	-43.00982	-72.36525	15.7945795	2865.2590897083282
60	1451.3478	941.5174	2543.8271	124.395065	2168.8062	590.46735	2486.452	479.26968	724.0	920.0	300000	72.112076	36.962227	140.14818	-40.20671	72.11195	36.96661	140.54715	-52.815517	-73.65748	15.906626	2920.4419298171997
61	1329.1119	881.0082	2482.1648	87.644936	1927.7324	794.0702	2604.928	279.98566	691.2857	820.3	305000	73.45378	37.72058	139.99721	-38.015697	73.45394	37.721798	143.82956	-50.11438	-74.95997	16.290562	2973.150655269623
62	1518.6146	894.272	2366.1785	158.11266	1606.8943	732.95514	2628.8538	625.0545	662.75	804.1	310000	74.87249	38.31285	143.04456	-41.84005	74.872604	38.31427	142.61722	-57.139328	-76.38312	16.505072	3028.840969800949
63	1366.0317	808.2389	2397.095	280.08554	1559.7711	933.2073	2557.3303	197.33925	639.25	682.0	315000	76.07528	39.060173	148.25719	-41.530415	76.075356	39.063343	144.20598	-41.082565	-77.598724	17.441587	3081.8910591602325
64	1382.1262	570.73456	2198.7124	553.78455	1878.8967	740.4311	2495.8704	490.17923	825.2	905.4	320000	77.0367	39.63885	144.82387	-55.4669	77.03649	39.64175	146.93982	-44.701424	-78.55291	17.494883	3131.4988489151
65	1790.1366	613.47473	2367.5906	842.5245	2264.2788	373.98102	2557.271	1239.8354	801.7143	948.5	325000	78.12586	40.197784	148.91528	-53.231888	78.12626	40.19945	145.57068	-66.97768	-79.56603	18.27075	3191.224984884262
66	1212.196	552.7625	2419.2598	739.24133	2217.4766	351.46262	2547.1748	1530.4001	804.0	969.2	330000	79.19289	40.89264	145.79808	-60.795494	79.19328	40.89348	149.39098	-65.05482	-80.7692	18.739315	3245.6053833961487
67	2353.9736	100.10842	2502.3235	2214.4595	1447.6313	823.42096	2469.703	115.88119	986.2	656.4	335000	80.16773	41.60001	152.74895	-91.00888	80.16799	41.600513	148.32564	-71.23212	-81.74269	18.868727	3297.404264688492
68	1547.6487	859.4205	2462.3618	47.240135	2113.7007	713.78503	2600.5518	157.62462	687.875	845.9	340000	81.497215	42.337887	152.05101	-76.565125	81.49714	42.339176	149.80731	-67.75295	-83.07889	19.508093	3355.6302330493927
69	1745.5332	631.83527	2442.905	735.11444	1684.7887	879.0342	2504.3853	100.88585	916.6	812.1	345000	82.67437	43.105324	153.81195	-75.42473	82.67412	43.107765	152.3818	-68.230896	-84.25592	20.285112	3408.0679717063904
70	2065.2769	753.14514	2545.2366	397.65756	1981.6039	952.4086	2608.932	16.304756	862.0	792.2	350000	83.59543	43.8278	155.08215	-65.22952	83.59591	43.830734	153.21834	-58.06369	-85.14929	20.700901	3463.0616204738617
71	1725.5245	686.2668	2422.995	582.81757	2042.0352	606.40106	2557.3284	847.8095	723.5	834.4	355000	84.38693	44.58963	155.01875	-45.580383	84.38724	44.591858	153.5238	-46.121483	-85.9904	21.095982	3513.1943788528442
72	2090.6707	651.64764	2625.1921	1111.0781	1999.457	601.0255	2483.074	910.4102	909.8333	954.0	360000	85.495926	45.543114	162.17432	-65.61362	85.4962	45.545994	154.4243	-76.17909	-87.07362	20.891462	3572.001030445099
73	1826.6439	811.1205	2455.5806	241.50708	1752.4958	978.4249	2741.496	-428.56277	975.0	854.8	365000	86.30781	46.630695	158.06354	-64.45586	86.30815	46.631657	157.91324	-58.501152	-88.11757	20.978382	3627.246685743332
74	1868.3876	748.20825	2594.4897	405.01755	2261.5776	81.83224	2414.6572	2131.9983	761.8571	1000.0	370000	87.1866	47.556133	161.54187	-63.139908	87.187485	47.558975	157.82469	-60.216793	-88.854836	21.380816	3686.8333263397217
75	2226.5063	356.9306	2549.3845	1597.6381	2376.145	548.47797	2821.7544	1008.0065	1000.0	971.7	375000	88.41042	48.459694	158.85065	-65.65845	88.4106	48.461906	161.22083	-69.60041	-90.06698	21.911396	3744.083163022995
76	1747.1403	794.4418	2680.9104	669.3971	1104.3223	693.25836	2736.6772	170.25026	874.1667	533.7	380000	89.25584	49.130486	163.28366	-77.408165	89.25654	49.132893	161.2973	-89.66789	-90.923454	21.969086	3797.3234028816223
77	1864.8655	659.44055	2841.4932	1043.7678	1745.4727	891.87573	2737.1284	91.927986	1000.0	760.6	385000	90.141785	49.813736	164.5268	-73.9792	90.142395	49.81464	164.51309	-82.31492	-91.7902	22.21153	3852.141485452652
78	1648.9862	882.1437	2597.405	116.992676	2421.7527	208.38112	2575.037	1877.8318	802.6667	990.1	390000	90.99749	50.17392	165.12105	-68.14812	90.997	50.176994	167.65184	-62.041756	-92.69958	23.559368	3907.677592277527
79	1723.2047	783.16833	2674.0327	623.30255	1896.1061	871.5667	2757.0552	240.69702	743.4286	769.7	395000	92.42228	50.149326	167.44342	-64.57342	92.42269	50.152733	166.17331	-62.609764	-94.01364	22.957283	3963.706562280655
80	1582.922	813.9544	2570.4216	420.3621	2265.3464	769.351	2841.8079	540.21893	767.8333	911.9	400000	93.99724	50.346855	165.8055	-62.951637	93.99687	50.351326	169.97894	-66.55659	-95.619385	22.744848	4016.9747364521027
81	1666.5753	778.7008	2456.4316	149.68866	1639.0674	696.54144	2760.4473	696.00867	736.8333	803.3	405000	95.091995	50.73285	169.85593	-94.87061	95.09179	50.73504	166.23418	-82.232346	-96.66042	23.069777	4066.42289853096
82	2509.0464	199.15744	2693.7976	2140.0173	2626.447	88.61953	2780.715	2471.8237	1000.0	1000.0	410000	96.29183	51.01848	170.44734	-66.19406	96.29228	51.02019	170.06024	-77.326004	-97.975334	23.485636	4122.576139211655
83	1675.97	1003.4693	2666.08	22.236334	1448.0332	873.31635	2698.731	85.13621	742.875	716.9	415000	97.58901	51.439976	172.11632	-59.14581	97.58903	51.44374	174.65186	-64.78231	-99.126564	23.555113	4182.028285264969
84	1902.0687	738.0812	2525.607	932.1575	2409.4822	783.1897	2824.126	74.340904	875.8	903.8	420000	98.51272	51.86988	176.62442	-71.380066	98.51291	51.87165	170.51585	-71.92624	-100.04612	24.272356	4233.609128713608
85	1983.285	960.8639	2758.2468	580.0024	922.0739	929.66	2860.4688	135.43445	868.6667	413.1	425000	99.52023	52.015068	182.20157	-74.06497	99.52014	52.017483	175.61855	-114.9163	-101.03771	24.520626	4285.3388612270355
86	1994.5093	651.32886	2659.8596	1050.0006	2368.0447	711.8678	2716.259	263.08167	811.0	906.0	430000	100.71925	52.271736	175.0752	-92.39183	100.71989	52.273952	173.82423	-111.40694	-102.39623	25.284452	4340.305516719818
87	2391.4526	314.52975	2745.3464	1856.9263	2693.57	57.522854	2774.542	2593.7417	981.0	1000.0	435000	101.83214	52.362682	179.61382	-84.08176	101.83191	52.3667	178.87164	-84.8657	-103.50921	25.655928	4396.93431520462
88	2020.5941	820.7627	2758.2292	498.9232	2488.6897	378.232	2763.275	1426.3364	866.5	935.6	440000	103.3103	52.507523	178.90988	-78.56643	103.31091	52.50981	184.14868	-81.87937	-104.856346	26.03738	4454.469457149506
89	1998.5634	899.69965	2776.5684	526.34143	1887.5735	1113.9117	2882.3596	111.317444	779.5714	740.3	445000	104.64473	52.33044	182.8593	-70.985176	104.64454	52.334415	180.66537	-70.54626	-106.15222	26.138721	4512.212124586105
90	1869.8717	1095.2491	2806.4219	124.15021	1977.042	905.41876	2936.46	643.8547	683.1429	742.8	450000	106.25193	52.44458	179.40654	-58.43818	106.25176	52.447296	184.29042	-117.550385	-107.934746	25.442928	4564.043253898621
91	1763.4825	779.6547	2912.0908	577.73535	1951.8223	1123.309	2928.6553	220.07399	727.0	769.3	455000	107.45827	52.855343	181.45197	-122.85635	107.45846	52.860065	181.9222	-148.19868	-109.04513	27.496672	4618.676477909088
92	2062.626	865.0943	2805.732	698.28406	2109.3828	1073.6624	2951.3071	326.4284	856.0	751.4	460000	108.370056	53.08431	179.86378	-77.84044	108.37011	53.08642	180.34956	-84.62356	-110.14569	27.04705	4667.236149549484
93	2321.7366	529.99976	2766.5112	1450.6384	2732.3057	220.26974	2873.4087	2087.5444	946.5	1000.0	465000	109.597435	53.338364	184.54794	-81.29159	109.597626	53.34078	180.91963	-73.19787	-111.42705	27.53932	4729.6296479702
94	2339.435	716.2877	2865.1516	921.1961	2492.2798	632.7735	2888.3208	1158.9889	880.6	1000.0	470000	110.80189	53.57122	186.58542	-62.97867	110.801834	53.574745	180.76869	-78.3955	-112.363655	27.283117	4782.847786188126
95	2627.7952	99.12519	2773.9033	2483.1633	2275.663	736.5908	3009.015	504.31326	1000.0	826.5	475000	111.99989	53.805847	184.37695	-71.636665	112.0002	53.80803	187.2707	-69.96477	-113.644135	27.111832	4841.886528015137
96	2610.2065	144.21272	2745.0808	2340.3271	2487.066	759.33154	3123.294	601.39	967.4	861.8	480000	113.32059	54.26922	190.64235	-101.32925	113.32029	54.27362	184.40741	-113.77516	-114.867065	27.126892	4899.484482765198
97	1862.4121	620.50104	2728.9749	1034.6581	2322.8896	768.7346	2883.829	733.55725	862.0	936.6	485000	114.268776	54.816475	185.19182	-94.24625	114.26939	54.8173	190.74484	-84.07103	-115.947105	27.65263	4961.591997385025
98	2448.8093	542.21606	2955.127	1509.3026	1856.139	547.40826	2948.0554	926.82654	878.0	780.7	490000	115.310425	55.155716	189.4275	-106.77016	115.31053	55.158287	189.56195	-93.4376	-116.92123	28.42407	5020.988819122314
99	1915.8191	935.3874	2932.184	373.64758	2740.446	477.97375	2993.6272	1318.246	962.6	1000.0	495000	115.95578	55.605213	190.21358	-95.82724	115.95589	55.60894	187.66045	-95.37923	-117.67062	28.87974	5081.96137547493
100	2025.8074	819.6773	2839.353	513.61884	2649.479	651.6829	3011.5771	849.0243	1000.0	901.2	500000	116.94429	55.992504	203.12677	-76.68958	116.94437	55.996243	196.29028	-109.057816	-118.567924	27.804718	5142.020349979401
101	2423.4749	816.99664	2905.6423	606.4753	2557.075	531.7716	2971.6147	1501.4661	872.6667	950.1	505000	118.01976	56.469013	192.71732	-83.99572	118.0192	56.47328	188.92168	-98.71868	-119.77158	28.695196	5203.507603883743
102	2540.189	373.69772	2891.2583	1893.2991	2360.8286	1058.2827	2945.6455	-85.29201	968.0	921.0	510000	119.07278	56.895428	193.91444	-112.41814	119.07269	56.899345	194.59032	-111.441536	-120.720634	29.608807	5261.143739938736
103	2132.4304	1020.68207	3012.5178	410.7769	2858.3506	96.56652	2955.599	2592.0237	768.8571	988.2	515000	119.802055	57.366646	197.09988	-101.266716	119.801605	57.368465	195.60016	-105.28548	-121.58429	29.880934	5323.085403680801
104	2748.9797	108.02206	2863.0237	2549.9868	2639.7512	691.8971	3099.341	896.4738	1000.0	871.6	520000	120.94255	57.929844	200.81456	-131.37447	120.94234	57.93342	198.19876	-106.199425	-122.51645	29.982115	5381.567880630493
105	2597.6353	355.28793	2893.3953	1900.5111	2118.9155	971.1982	2893.9998	534.6115	928.0	893.6	525000	121.813034	58.37149	195.17645	-124.729034	121.813	58.373276	196.83792	-131.28601	-123.596146	30.349121	5435.480226516724
106	2324.8613	345.50558	2787.677	1838.4438	2116.4604	784.6232	3015.403	698.29956	930.5	758.2	530000	122.90607	58.601738	196.90398	-94.08315	122.90552	58.606018	197.38673	-106.51829	-124.636795	29.900795	5495.988206863403
107	2250.4487	992.7375	2967.5886	293.45825	2159.8528	854.65894	3005.6626	346.39624	822.8	803.8	535000	123.69009	58.954903	198.67517	-95.49817	123.690346	58.95742	199.22885	-92.44666	-125.41474	31.061657	5544.99884057045
108	2356.0266	936.7799	2901.2004	271.82837	2108.1802	866.3396	3075.4097	893.45544	851.1667	768.3	540000	124.2943	59.297245	203.84221	-101.044464	124.29389	59.302055	197.13586	-98.08222	-126.05553	32.228897	5601.521299600601
109	2640.6873	499.56744	3124.0222	1707.37	2645.5356	741.4235	3017.666	431.6654	1000.0	916.2	545000	125.00167	59.687866	200.67288	-121.37816	125.0017	59.6921	199.31491	-129.26112	-126.5817	31.941368	5659.186239242554
110	2074.307	1117.7775	2876.0586	273.2976	2423.6921	869.7876	3140.7253	361.6083	750.4286	913.4	550000	125.76406	60.09588	201.42244	-133.28464	125.76403	60.097744	206.17834	-129.51022	-127.49342	31.573591	5718.177537918091
111	2483.243	511.75018	3006.5168	1723.4489	2426.499	944.28375	3158.6768	539.7675	857.6667	808.9	555000	126.965034	60.433945	208.2034	-97.48219	126.965034	60.435757	203.60448	-106.68628	-128.53732	30.979969	5776.832114934921
112	1691.4968	942.11316	2917.0715	99.094765	2968.6748	145.13037	3190.3892	2633.4495	606.125	975.5	560000	128.09558	60.545963	202.27573	-81.857346	128.09584	60.549297	205.5977	-77.703575	-129.82178	31.045876	5834.117794513702
113	2291.4055	1053.7441	2981.2083	110.446526	2203.1147	1025.9873	2986.6792	218.91576	786.0	775.8	565000	129.22589	60.630615	206.31992	-94.948685	129.22522	60.634285	207.09737	-116.25247	-130.9721	31.772146	5892.061269760132
114	2753.5396	151.81296	2992.668	2563.1836	1984.449	773.0803	3094.3843	643.4844	1000.0	729.8	570000	130.29764	61.056652	207.13364	-107.5665	130.29893	61.058086	206.93484	-104.43203	-131.94008	31.740162	5946.686697483063
115	2444.14	651.3829	3096.2097	1263.6976	2647.1758	827.8802	3003.5037	170.71298	839.8	907.6	575000	130.89256	61.41877	205.00217	-88.530396	130.89218	61.42307	204.9459	-105.465996	-132.60468	33.070385	5998.61070227623
116	1672.3555	902.6683	2988.3018	517.6585	2600.5447	687.9676	3104.682	1205.9775	647.125	952.4	580000	131.62122	61.696194	210.81529	-74.07817	131.62067	61.702656	216.26294	-92.66242	-133.47069	33.092186	6058.88609290123
117	2490.4312	760.8448	3050.016	1138.7817	1897.9203	1000.0429	3091.8105	257.54877	833.0	699.3	585000	132.11552	62.063095	209.93436	-82.586784	132.11496	62.06753	211.02342	-93.04979	-133.8379	32.74063	6115.644164323807
118	2156.2227	579.5523	3003.3743	1431.7507	2812.9556	404.90656	3114.824	1703.0525	836.6667	985.5	590000	132.96881	62.28618	212.9388	-83.14648	132.96954	62.288105	208.96088	-105.66379	-134.63039	32.676838	6174.002492904663
119	1896.8158	1145.8545	3022.6423	348.89282	1836.5505	927.5608	2854.5	-3.630852	784.5714	764.3	595000	133.35757	62.751854	214.23973	-122.002235	133.35799	62.754208	208.51797	-116.38866	-135.0116	33.7711	6234.660573005676
120	2772.344	291.98843	3009.6448	2201.5046	1779.013	870.2264	3105.1526	259.2335	1000.0	684.9	600000	134.30876	63.008442	213.04695	-90.54463	134.3094	63.010376	212.25378	-128.22018	-136.1247	34.171406	6289.604904413223
121	1840.9163	844.9355	3107.7307	753.1964	2725.8533	537.1054	3118.104	1592.266	725.7143	957.7	605000	135.14035	63.08266	212.95288	-116.10904	135.14133	63.0856	213.44617	-90.30734	-136.87547	34.17574	6348.66842508316
122	1342.2622	1083.8636	3036.9785	21.105831	2244.0413	959.50214	3147.5923	300.79428	450.63635	734.9	610000	135.53377	63.42025	208.86288	-81.861824	135.53387	63.424793	219.85088	-100.207	-137.33406	33.282837	6404.848473787308
123	2120.9644	921.9174	2922.396	918.59424	2352.347	1042.9458	3229.734	470.42468	1000.0	839.3	615000	136.17903	63.624756	209.63573	-123.98744	136.17857	63.62963	218.26881	-126.89885	-137.80931	34.469933	6462.48416185379
124	2312.9336	917.32965	3142.6748	681.2029	2710.5054	831.2154	3207.7932	825.96716	767.3333	1000.0	620000	136.65347	63.785564	211.71024	-98.59484	136.65373	63.78752	215.65875	-110.73383	-138.34338	34.19261	6519.320095062256
125	2218.293	1096.182	3035.7424	659.0186	2910.763	62.27044	2976.8857	2791.9033	871.0	1000.0	625000	137.31575	64.00112	218.6311	-81.10666	137.3158	64.00486	218.968	-97.54367	-139.05672	35.13675	6580.289026737213
126	2497.2825	739.24554	3096.5981	1118.5835	2446.7847	826.82153	3184.6003	985.89026	840.5	867.0	630000	138.00345	64.372444	212.28444	-118.92103	138.0041	64.37728	215.02304	-190.83894	-139.6198	36.182648	6641.102334260941
127	2008.602	995.4701	2933.7163	560.44073	2053.7651	984.62115	3111.473	875.7688	825.8333	753.6	635000	138.55354	64.60797	217.89488	-118.36728	138.55467	64.60702	213.21593	-103.24819	-140.11368	35.105457	6699.951700687408
128	2419.0835	632.9097	2953.0273	1517.0494	2424.0474	936.2713	3195.4827	288.4039	906.2	805.2	640000	139.28748	64.75162	221.05786	-127.992775	139.28693	64.75531	215.70764	-110.037865	-140.94461	36.87673	6756.387625694275
129	1953.7313	1076.8093	2994.09	345.90662	2708.2434	955.38544	3331.6223	191.11378	777.7143	874.0	645000	139.75801	64.74942	218.7417	-116.37366	139.75871	64.75171	222.10703	-117.11949	-141.40027	36.078365	6820.688793182373
130	2463.601	788.2965	3127.723	1278.6293	2669.1262	989.2583	3209.0208	17.792336	896.8	856.9	650000	140.2677	65.05172	218.16403	-141.50902	140.26785	65.056175	220.84467	-138.25157	-141.88367	36.514767	6878.729886054993
131	2927.3655	228.47882	3131.4907	2441.316	2716.3154	787.9473	3135.7595	362.14728	972.1667	914.2	655000	140.92648	65.17782	219.88666	-132.58109	140.92714	65.17883	222.66649	-168.11676	-142.4195	37.509262	6945.601990699768
132	2924.15	248.1352	3218.104	2604.6067	2928.7202	595.24646	3242.0903	1161.416	973.4	1000.0	660000	141.6818	65.26878	214.13072	-137.93243	141.68224	65.271324	216.1668	-147.51468	-143.41199	36.810356	7006.946942090988
133	3046.7778	55.388134	3113.29	2958.6445	2917.5737	33.617886	2990.9277	2865.8484	1000.0	1000.0	665000	142.18353	65.46204	220.61227	-110.025185	142.18443	65.461975	219.65132	-110.3784	-143.89325	37.06648	7068.527534008026
134	2583.3752	732.3694	2999.8047	1121.4294	3003.3708	594.9449	3384.9902	1230.399	877.6	939.3	670000	142.79646	65.712425	228.46233	-92.96847	142.79654	65.71643	238.4257	-131.21242	-144.54541	36.99906	7126.086309909821
135	2941.7075	307.20538	3226.5427	2349.495	3051.2798	76.62353	3176.6616	2917.9304	952.4	1000.0	675000	143.75275	65.79611	226.0063	-126.285034	143.75183	65.800064	238.57045	-141.70212	-145.4816	37.75595	7186.808191537857
136	2467.5432	1026.5826	3245.6973	572.6245	2654.7961	887.3651	3459.8816	861.2103	794.8571	890.9	680000	144.48032	66.209724	227.1526	-101.49122	144.47969	66.21211	226.24431	-123.95268	-146.20921	37.42302	7252.280786275864
137	2252.2537	930.5673	3213.1838	650.5613	2693.738	691.4726	3143.9219	910.26697	767.2857	1000.0	685000	145.66277	66.465126	223.8877	-124.66447	145.66368	66.46541	231.38469	-116.38597	-147.5227	37.25578	7319.48668217659
138	2469.4512	869.5253	3253.2812	1094.9586	2946.3203	591.1069	3306.9053	1414.172	807.6667	943.1	690000	146.71533	66.57059	243.13748	-116.01216	146.71526	66.57339	222.88725	-158.32613	-148.46318	37.79011	7381.786408185959
139	2297.3738	1187.6781	3315.3132	64.253456	2819.8582	839.0915	3223.7305	315.21652	749.6667	910.3	695000	147.5804	66.61687	222.42918	-104.218025	147.57973	66.62244	224.99988	-102.426956	-149.45064	37.334507	7440.310121059418
140	1829.0104	1254.9935	3107.4294	50.85402	1393.0574	1070.8474	2983.3289	81.523315	669.5	616.3	700000	148.193	67.13403	229.92348	-108.11724	148.19286	67.137054	237.4956	-128.10538	-149.83073	37.77185	7501.02635383606
141	3010.1133	109.52096	3176.8972	2853.4238	2459.9888	918.3439	3256.1108	527.6084	1000.0	863.3	705000	148.92188	67.47037	226.07712	-119.168045	148.92223	67.47214	225.09332	-120.33359	-150.59235	38.8391	7562.979224443436
142	2246.7458	1174.9858	3156.8042	72.64933	2361.1023	1117.5701	3319.473	226.0921	759.7143	842.5	710000	149.68472	67.91067	225.32033	-128.15128	149.6846	67.9138	237.58846	-155.83014	-151.58467	39.061726	7627.298496007919
143	2596.9724	888.93066	3116.713	821.50964	2734.972	790.3318	3207.1526	484.9004	1000.0	916.2	715000	150.60292	68.199524	232.37215	-117.59065	150.60309	68.20415	230.29877	-105.97288	-152.4291	39.31961	7690.177762746811
144	2600.607	723.9986	3022.7395	1156.634	2594.4722	557.1779	3021.232	1468.1447	873.6	885.2	720000	151.32666	68.40392	227.05917	-119.82114	151.32687	68.40764	240.91891	-154.21552	-152.97122	38.694622	7748.214193344116
145	2587.983	999.63153	3202.7666	364.38815	2661.5303	1034.6512	3294.9827	498.5966	854.5	839.1	725000	152.12961	68.48468	234.58818	-123.37788	152.12964	68.48681	227.78413	-138.6509	-153.88411	38.684933	7810.654069185257
146	2895.7427	394.10806	3128.0427	2109.804	3304.3496	82.93853	3435.3372	3153.519	1000.0	1000.0	730000	152.71318	68.75385	232.66359	-156.40862	152.71318	68.756996	231.61945	-167.66318	-154.46968	39.64769	7872.736821651459
147	2628.1091	1002.1588	3171.6838	390.23108	3060.3848	434.97986	3458.062	1928.5804	855.6667	1000.0	735000	153.26683	69.14136	233.962	-123.36884	153.26686	69.14428	238.82857	-131.3336	-154.95805	38.378334	7936.15335392952
148	2342.3918	1001.63385	3215.6763	321.8594	3279.1777	106.03237	3429.7659	3128.6316	762.0	1000.0	740000	153.57832	69.61119	240.16243	-134.1707	153.57964	69.61072	237.25464	-134.05254	-155.18199	39.13705	7996.269788503647
149	2375.6875	1002.2397	3254.755	728.7552	2805.4287	825.0926	3341.3506	845.34247	869.8333	949.5	745000	154.28345	70.06842	231.65823	-121.98377	154.28334	70.07053	238.10107	-125.622475	-155.9963	39.0587	8060.325184583664
150	2552.5334	1067.4296	3257.9485	185.5495	3261.9004	73.274376	3353.803	3146.021	846.0	996.2	750000	154.51901	70.83125	238.7197	-156.36235	154.5201	70.83351	238.92331	-144.45134	-155.96434	40.00667	8122.958868026733
151	3129.1506	115.54742	3257.7107	2985.7266	2999.5298	499.96246	3320.7915	1908.9264	1000.0	923.7	755000	154.97244	71.15834	236.10536	-121.6443	154.97136	71.161545	237.86925	-140.5241	-156.6	40.38434	8184.370657920837
152	2999.5322	398.24597	3322.7095	2244.3105	3319.5093	68.57536	3404.2659	3165.5093	1000.0	1000.0	760000	155.79468	71.32317	235.37865	-94.518654	155.79465	71.32675	238.85379	-103.77817	-157.37016	39.680748	8246.514051437378
153	2775.3743	557.369	3208.3318	1563.5786	1561.2329	994.0283	3104.8894	281.34167	892.0	619.2	765000	156.69891	71.314964	239.08849	-147.7702	156.69815	71.319405	247.17055	-147.92459	-158.1816	40.521797	8306.629460573196
154	2478.1929	628.5672	2984.7563	1386.8744	2890.221	788.42053	3367.5605	1271.4584	899.2	882.2	770000	156.93306	71.55504	237.96465	-109.48928	156.9336	71.5587	238.11127	-120.97915	-158.57173	42.526886	8364.8091340065
155	1592.9604	1146.6471	3314.8608	46.763397	2623.3103	995.7491	3301.0088	362.90686	592.1111	852.4	775000	157.65034	71.44451	240.45845	-111.35601	157.64859	71.45057	249.80576	-128.2028	-159.21095	41.25368	8428.272276163101
156	2533.365	1081.399	3127.552	134.7603	2757.0183	863.7462	3365.613	514.3443	817.6667	911.6	780000	158.48186	71.49881	234.67986	-98.648705	158.48145	71.504524	249.12044	-118.09906	-160.11725	40.646454	8489.233189582825
157	2725.378	523.28107	3253.1453	1847.8268	2579.434	1156.0447	3462.1116	151.45467	1000.0	795.6	785000	159.20912	71.56855	242.03308	-94.93204	159.20755	71.576385	235.26878	-140.68407	-160.8507	41.743595	8549.907207012177
158	2388.0984	1222.6957	3248.6978	101.54167	3387.396	62.670834	3519.1255	3313.3828	761.1429	1000.0	790000	160.25505	71.515335	234.25934	-106.85252	160.25517	71.518974	251.02881	-100.76362	-162.10931	40.95809	8616.145370960236
159	3143.4067	105.15775	3319.7708	3008.4702	2587.0122	920.9121	3450.9487	1156.7269	1000.0	828.1	795000	160.90282	71.51596	244.53522	-103.049866	160.9033	71.51643	250.33162	-106.635506	-162.38728	42.590126	8676.33932852745
160	2774.2747	548.7283	3133.7515	1699.9763	3107.9065	370.85934	3348.9812	2022.8987	903.8	951.0	800000	161.8237	71.30439	238.61102	-115.291145	161.82335	71.30744	239.45792	-155.41023	-163.4971	42.30663	8735.652800321579
161	3078.0073	104.41348	3219.0715	2951.9133	3244.229	31.932467	3290.7004	3186.362	1000.0	1000.0	805000	162.21956	71.415276	241.65688	-135.25208	162.2189	71.41714	251.96678	-96.03548	-164.03833	43.027214	8798.89358329773
162	2897.63	613.79346	3282.3647	1534.5773	3268.9666	308.19595	3461.9705	2376.1824	905.8333	970.9	810000	162.63252	71.624344	241.793	-166.0031	162.63205	71.62732	262.12335	-203.65059	-164.32074	42.512222	8864.320678710938
163	3104.9497	109.20937	3248.8623	2934.1812	2422.6787	1044.872	3440.5286	848.11896	1000.0	742.4	815000	163.57388	71.51792	245.88335	-144.91023	163.57367	71.5193	244.04227	-127.62392	-165.30557	40.591373	8922.878578424454
164	2646.2063	888.1285	3354.6448	783.6847	3188.8865	565.2072	3465.8083	1506.6213	814.0	946.5	820000	164.1099	71.39298	259.5458	-130.1656	164.10924	71.39672	257.10446	-118.359215	-165.8249	41.70114	8985.377016544342
165	2644.616	962.2617	3282.8667	735.1144	3256.741	294.20816	3481.8032	2411.8518	1000.0	974.5	825000	164.44627	71.70145	245.55074	-98.68851	164.44627	71.70533	245.34218	-117.59294	-166.1262	40.884983	9049.139241695404
166	2784.0088	716.35767	3266.941	1391.7175	2671.2134	1067.9609	3307.634	230.4225	893.6	836.8	830000	165.06491	71.90886	240.60616	-175.56569	165.06491	71.91058	240.38123	-131.31642	-166.73354	40.241154	9106.775329113007
167	2523.0251	986.6273	3209.2085	401.82886	2703.4915	1131.3206	3506.999	299.68106	806.7143	806.7	835000	165.99335	71.98951	245.63264	-117.09983	165.99379	71.99126	243.68488	-129.08034	-167.72778	41.35691	9172.427062749863
168	2822.1807	766.34344	3312.6702	1295.9602	2758.3635	999.5145	3387.5925	300.9464	886.2	840.6	840000	166.65875	72.04472	241.61671	-115.88132	166.65771	72.048096	241.12215	-97.26791	-168.20705	42.78	9229.95989203453
169	3103.1963	126.55042	3298.984	2932.6943	3216.8005	49.049446	3298.0532	3129.3696	1000.0	1000.0	845000	167.10649	72.13788	247.26813	-130.68803	167.10591	72.145256	250.6617	-113.36868	-168.63687	42.602425	9293.284351825714
170	2430.966	1158.4578	3256.0103	593.03815	3082.6816	736.8335	3565.3794	939.2132	771.4286	991.5	850000	167.78262	72.211525	267.2351	-165.40129	167.7823	72.216835	266.59036	-134.50287	-169.43803	42.0193	9360.038713693619
171	2379.9434	1123.6858	3267.094	10.645073	2829.2231	908.22656	3600.4275	892.84845	764.6667	905.5	855000	168.78441	72.0658	241.72664	-127.32962	168.78401	72.06727	252.34438	-146.65141	-170.33635	43.28115	9419.05054116249
172	2414.952	920.5347	3251.0134	910.83984	3064.0894	616.0426	3420.9868	1229.7201	774.8571	1000.0	860000	169.435	72.17138	242.1685	-124.988434	169.4357	72.173195	244.46516	-125.50082	-171.0897	43.94666	9485.633687496185
173	2521.6084	827.1639	3286.5037	1011.10175	3208.4883	37.63716	3292.4836	3161.3127	783.3333	1000.0	865000	169.65697	72.66125	253.4004	-89.79019	169.65707	72.662506	259.9086	-99.91818	-171.39037	41.863632	9547.034090518951
174	2656.0967	958.2286	3568.6294	1187.5914	3011.0735	653.1802	3354.5068	1058.5377	892.0	934.3	870000	170.16866	72.71726	244.39037	-120.3993	170.16821	72.72214	247.83878	-132.40396	-171.98999	45.207287	9612.429370880127
175	2838.3728	915.2657	3444.2283	807.722	2837.9502	1028.3689	3566.7131	128.65775	877.3333	850.5	875000	170.77847	72.81124	243.794	-113.55103	170.77849	72.81625	246.1851	-107.50438	-172.51784	42.91281	9676.34369468689
176	2616.6904	602.3995	3258.4744	1740.6256	1946.7178	1138.1499	3329.9702	158.90335	834.4	662.1	880000	171.61275	72.85053	246.89636	-142.06172	171.61159	72.85625	246.80556	-128.29279	-173.34207	43.050884	9729.507471561432
177	2506.7815	1219.775	3433.6106	31.245441	3227.4182	235.5192	3459.1685	2637.8699	929.8333	967.7	885000	172.11765	72.99987	248.00311	-124.15138	172.11674	73.00196	249.80415	-160.31596	-173.91284	44.431522	9796.692980766296
178	2235.199	1168.3019	3288.9282	178.10426	3091.5637	952.08844	3518.2668	241.24326	707.1429	906.7	890000	172.6279	73.24315	254.43417	-112.86249	172.62752	73.2436	251.64517	-174.34364	-174.2081	46.17232	9859.062827587128
179	3104.1797	228.3654	3382.0576	2734.5808	2757.0393	881.2549	3325.7424	291.66467	984.2	852.9	895000	173.33966	73.16502	250.82458	-149.4519	173.33987	73.16372	249.46523	-134.20543	-175.03531	43.193638	9921.402511119843
180	2756.795	608.6834	3152.0308	1447.3817	3379.274	95.00205	3513.5383	3269.18	882.8333	1000.0	900000	173.99913	73.32455	249.83427	-125.137566	173.99974	73.32684	254.19171	-117.52898	-175.62228	42.31723	9991.439528226852
181	2351.3503	1152.0491	3267.2812	290.1214	3133.505	420.04526	3421.4053	2009.1725	725.8571	959.4	905000	174.35623	73.67927	246.75916	-152.00336	174.35631	73.680725	253.4747	-126.75277	-175.94891	43.918427	10059.83831167221
182	2393.551	1294.5852	3326.0344	6.4958925	3134.688	616.8406	3429.971	1298.1975	835.1667	938.3	910000	174.62422	74.03176	256.48178	-113.40399	174.62338	74.03331	249.03915	-160.99066	-176.38263	46.289112	10126.735134840012
183	3309.093	160.21355	3464.1606	3036.824	3199.893	572.85254	3532.598	1627.9254	974.8	980.9	915000	174.99501	73.70813	247.31586	-131.85521	174.99362	73.71049	257.26395	-101.09048	-176.55042	45.886097	10193.35660982132
184	2455.3252	1133.6445	3393.7566	412.5932	3261.9531	618.84784	3549.3672	1417.9916	764.3333	941.3	920000	175.54439	73.7708	256.9909	-110.80908	175.54442	73.77447	267.99176	-113.37563	-177.37262	44.774	10257.593270301819
185	2100.2478	1353.367	3309.7266	17.025942	3122.2554	841.76514	3489.288	601.6111	650.2857	919.6	925000	175.68513	73.90299	253.08679	-114.775764	175.68398	73.910255	256.5012	-109.165054	-177.14386	45.22351	10321.09797167778
186	1608.6931	1204.8843	3241.7388	454.1975	2769.9758	976.421	3426.3867	186.94995	699.625	883.3	930000	176.50359	73.741806	260.8739	-149.56902	176.50424	73.74325	254.67023	-145.53058	-178.21034	45.79625	10391.254354953766
187	3216.857	223.54184	3419.3152	2794.2373	2689.4854	1285.561	3653.297	17.055855	1000.0	852.1	935000	176.53229	73.81599	262.58694	-160.85849	176.53128	73.82446	252.06238	-113.31456	-178.16548	46.06573	10457.083806037903
188	2893.1494	953.59503	3454.8308	768.0696	2873.3672	996.74176	3548.1826	446.08002	873.6667	903.4	940000	176.93863	73.82609	251.65683	-121.01829	176.93585	73.83179	258.39523	-131.92528	-178.75096	46.48821	10526.133971452713
189	2727.992	1088.4158	3370.2332	558.4389	3424.7573	61.991707	3536.7595	3347.481	840.8	1000.0	945000	177.3499	73.59235	262.2754	-107.33896	177.34973	73.5968	261.55344	-135.14455	-179.07487	46.851562	10585.437656402588
190	3259.998	75.284904	3405.5786	3199.6924	2844.482	1236.4622	3594.5586	260.22147	1000.0	822.4	950000	177.58704	73.46043	250.08955	-134.59962	177.58688	73.46643	258.99405	-133.73103	-179.27756	47.11914	10647.326416254044
191	3068.6743	393.45905	3419.194	2303.446	3275.762	72.649025	3406.5356	3163.9805	1000.0	1000.0	955000	177.8983	73.34808	275.0166	-134.85445	177.89763	73.34893	267.09534	-109.72471	-179.4207	46.303364	10711.857213973999
192	2812.7136	645.9261	3423.071	1662.621	3182.2583	508.6398	3619.579	1750.1132	947.1667	1000.0	960000	178.22336	73.349625	253.10612	-111.92244	178.22302	73.35384	262.10654	-119.59297	-179.95992	45.575096	10782.718517065048
193	2410.972	1242.0841	3405.6987	446.1277	2993.1855	471.42282	3371.8948	1909.3884	857.1667	938.9	965000	178.3129	73.50369	262.5121	-132.75363	178.31165	73.510635	264.7764	-153.00934	-180.0333	48.991608	10848.36934709549
194	2773.4976	857.152	3338.0469	1065.9905	2677.1963	959.11444	3472.5452	1164.077	864.6	913.4	970000	178.85143	73.45632	261.2834	-208.97964	178.85109	73.46073	267.2356	-140.87656	-180.70996	48.707764	10907.215255975723
195	2266.1606	1073.0023	3375.1938	941.64374	3360.3242	90.258675	3486.7002	3203.208	929.6667	1000.0	975000	179.23079	73.44442	260.87445	-145.62639	179.23048	73.44852	260.831	-153.85312	-180.99394	48.002632	10976.641190767288
196	3274.19	111.46679	3423.9448	3113.7915	3306.8633	89.96889	3431.0903	3148.6367	1000.0	1000.0	980000	179.6033	73.3407	254.4557	-128.30734	179.60098	73.34702	260.21878	-140.21722	-181.3194	47.874355	11040.984575748444
197	2859.1978	595.8173	3255.697	1681.2562	3300.3652	578.5908	3657.8235	1584.8518	1000.0	1000.0	985000	179.73807	73.500496	256.22235	-108.81024	179.73845	73.50411	278.96063	-119.12872	-181.43843	46.938194	11105.211840391159
198	2568.6965	781.2817	3434.5383	1275.3745	3219.3274	862.004	3757.1914	652.2025	827.6667	919.1	990000	180.17603	73.52468	257.2557	-146.27657	180.17365	73.53085	270.70996	-168.86664	-181.81563	48.415672	11168.450690507889
199	3319.4937	129.4485	3506.721	3162.5566	3069.4692	527.1232	3359.2234	1508.2228	1000.0	948.8	995000	180.20427	73.45996	265.50296	-127.134415	180.20384	73.46385	259.1206	-149.68765	-181.8021	48.740467	11232.70456624031
