Epoch	AverageEpRet	StdEpRet	MaxEpRet	MinEpRet	EpLen	AverageVVals	StdVVals	MaxVVals	MinVVals	TotalEnvInteracts	LossPi	LossV	DeltaLossPi	DeltaLossV	Entropy	KL	Time
0	-579.86255	121.46929	-402.88776	-725.059	1000.0	-0.0048751873	0.49038443	1.3719467	-1.5096382	4000	-0.015768519	3459.6194	-0.010900488	-612.19385	5.488368	0.004389751	5.212382078170776
1	-622.67944	121.74668	-428.78656	-755.352	1000.0	-7.2379317	4.8105755	9.99972	-15.420061	8000	-0.034286175	2877.376	-0.008058533	-1260.3777	5.4966364	0.0052399365	9.307908296585083
2	-506.695	131.3058	-305.18634	-654.90356	1000.0	-16.773596	15.252289	23.902601	-24.199982	12000	-0.023098927	1574.5482	-0.006380953	-759.1352	5.52377	0.0034687987	13.822613000869751
3	-559.36035	92.297935	-410.19983	-638.24396	1000.0	-28.22144	1.0301776	-7.051468	-28.731993	16000	-0.0057084113	1085.2317	-0.0056304345	-189.22583	5.5349717	0.0016602916	18.067232370376587
4	-518.62494	83.634995	-392.10925	-601.6207	1000.0	-33.210194	0.5605101	-21.734337	-33.53401	20000	-0.044992875	831.4332	-0.0032301173	-87.96088	5.4879003	0.0012384624	22.41865062713623
5	-425.3888	105.34344	-266.84573	-557.9809	1000.0	-36.742004	0.565791	-25.755466	-37.00501	24000	-0.07450946	340.7493	-0.0029240996	-9.098938	5.4736753	0.0008964841	26.859277486801147
6	-518.0505	115.22831	-353.26474	-665.7068	1000.0	-37.20892	2.210945	5.8655605	-37.89827	28000	-0.003890684	589.549	-0.0054096915	-55.678772	5.496952	0.0026298682	31.36533546447754
7	-466.72357	75.26651	-346.46524	-554.0212	1000.0	-39.974037	1.6311381	-2.2700906	-40.481094	32000	-0.04188124	733.7045	-0.002498202	-41.091553	5.53299	0.0015235218	35.71986222267151
8	-412.98108	59.14724	-329.56863	-494.46335	1000.0	-39.345406	5.452219	19.532389	-41.768753	36000	-0.026230603	565.97296	-0.002619749	-62.68457	5.509925	0.0009381649	39.97076964378357
9	-480.7526	81.636635	-377.61258	-599.1328	1000.0	-38.241673	6.387773	23.258703	-41.92009	40000	-0.05183418	319.1408	-0.0025560595	-38.651733	5.50336	0.0010487597	44.1112105846405
10	-357.44757	88.92177	-244.1583	-475.90833	1000.0	-37.57849	7.2548785	22.746437	-43.09379	44000	-0.06647437	385.4735	-0.0012912378	-58.285645	5.4568095	0.0010120504	49.119763135910034
11	-378.4873	40.016403	-326.71915	-437.34406	1000.0	-33.76507	7.6436434	9.4151535	-42.44687	48000	-0.019541912	341.13165	-0.0026282612	-37.451477	5.560107	0.0012123627	53.37455701828003
12	-410.85205	48.88252	-342.4604	-465.76724	1000.0	-35.06847	7.1402817	24.621262	-42.53497	52000	0.016577343	339.62976	-0.0036155852	-34.40271	5.5155344	0.0011705625	57.65066695213318
13	-467.73788	56.440933	-426.45175	-564.71893	1000.0	-37.701656	5.7916117	10.788953	-42.648132	56000	0.025229435	337.4595	-0.0021588579	-41.415527	5.5377955	0.0013719965	61.64692282676697
14	-405.3487	86.99637	-331.1082	-547.04376	1000.0	-39.915874	5.4143972	9.907115	-43.948017	60000	-0.038427643	453.72302	-0.0027737655	-49.58499	5.5344095	0.0015482025	66.1548204421997
15	-383.49774	79.84388	-257.36386	-464.55518	1000.0	-38.29997	7.530743	10.617941	-43.920742	64000	-0.04595884	309.11258	-0.0014543384	-107.49127	5.5254374	0.00048896123	70.55874824523926
16	-417.66428	43.901405	-347.4685	-455.54233	1000.0	-28.219152	11.48752	6.558714	-44.184303	68000	-0.011710877	496.82687	-0.0017797472	-158.43997	5.4921317	0.0003202663	74.79323649406433
17	-259.68692	72.60855	-183.73534	-367.06598	1000.0	-33.56028	9.372559	21.495771	-44.73241	72000	-0.020463306	426.26297	-0.0020586196	-171.30392	5.531628	0.00092111004	78.86789536476135
18	-397.72943	93.436554	-300.064	-500.1902	1000.0	-28.82823	10.256132	9.775755	-44.02697	76000	-0.019996475	383.92636	-0.0012156721	-104.45535	5.5014963	0.0012780451	83.15240359306335
19	-320.2825	71.821175	-255.51091	-434.0044	1000.0	-34.40976	9.856513	19.006176	-44.771458	80000	-0.04875775	313.22437	-0.0015468597	-63.71164	5.5143948	0.00079496735	87.56949591636658
20	-280.59637	30.82459	-256.35785	-332.49698	1000.0	-25.560398	8.4013195	26.921274	-44.08285	84000	0.015316242	320.81436	-0.0023243772	-42.20883	5.4950128	0.000959622	92.13921451568604
21	-352.91882	59.522022	-271.85922	-429.38028	1000.0	-27.911915	9.013117	20.109379	-43.847477	88000	-0.037451882	341.96143	-0.002597306	-49.67337	5.475485	0.00016540087	96.27974700927734
22	-350.4817	90.774994	-253.82126	-499.3902	1000.0	-30.718645	8.692751	9.888321	-44.03615	92000	-0.020427203	317.1178	-0.0016409829	-34.170746	5.4782853	0.0014295871	100.53056859970093
23	-370.8686	135.32556	-163.54584	-496.4989	1000.0	-32.770634	8.578332	2.1313121	-44.45621	96000	-0.059313096	381.08035	-0.0023779608	-40.031097	5.5253916	0.0013793759	104.60996532440186
24	-376.10535	118.217964	-232.4904	-531.79913	1000.0	-34.97454	10.585317	14.41302	-44.783745	100000	-0.004187166	323.42645	-0.002011999	-46.523956	5.4998484	-0.00035165797	108.817880153656
25	-342.89713	62.572994	-280.99432	-425.50198	1000.0	-21.548725	20.231535	44.234867	-45.579254	104000	0.0004905701	908.45636	-0.0015782452	-497.69974	5.49088	0.00089558674	113.25214576721191
26	-243.35297	89.353355	-152.53204	-353.8888	1000.0	-28.120398	8.723459	11.94652	-45.438686	108000	-0.028817944	438.0133	-0.0024003554	-153.16028	5.452764	0.00062499265	117.60781788825989
27	-345.15543	110.107124	-231.19914	-521.9716	1000.0	-25.18543	10.4991865	6.8760114	-44.9189	112000	-0.036272354	367.04507	-0.00218698	-92.80377	5.534266	0.0012707985	121.81637215614319
28	-262.86392	110.824165	-121.10701	-426.83478	1000.0	-28.583073	9.508015	8.098418	-44.84559	116000	-0.06273112	261.9535	-0.0001463741	-74.14743	5.4437227	0.00032546348	126.25323867797852
29	-398.67523	48.13997	-316.76547	-437.28687	1000.0	-30.846844	11.173844	9.117548	-44.987144	120000	-0.018764546	313.7077	-0.0011911187	-84.37158	5.519625	0.00031933616	130.80935955047607
30	-328.35974	103.648315	-209.0581	-442.9582	1000.0	-33.195618	8.023432	10.614483	-44.630684	124000	-0.08808484	363.79205	-0.0015266985	-47.548706	5.5126796	-0.0005609442	135.6314182281494
31	-357.49615	99.365524	-193.51743	-461.26355	1000.0	-33.017063	10.647745	4.61067	-45.15893	128000	-0.028112434	204.39232	-0.0021111872	-25.578568	5.469105	0.0014519983	140.03984665870667
32	-448.19278	43.828663	-394.427	-512.9624	1000.0	-36.29303	7.9319606	-1.3920704	-44.66549	132000	-0.07564911	249.66869	-0.00087982416	-70.446915	5.5060215	0.00042907108	144.49030184745789
33	-385.44598	117.55089	-207.34543	-519.50433	1000.0	-38.455338	5.8078146	4.1273246	-45.38288	136000	-0.015976416	379.86374	-0.0012734551	-75.84985	5.4803576	0.0003419535	148.89055800437927
34	-325.54486	80.68795	-210.29462	-404.40207	1000.0	-36.05884	10.298125	29.981829	-45.658253	140000	-0.02227511	312.25146	-0.0015676394	-68.14653	5.4784384	4.0367722e-05	153.22247695922852
35	-370.05737	47.862995	-316.0323	-437.6455	1000.0	-25.549715	8.382149	20.23723	-43.764156	144000	-0.063443534	366.68793	-0.0017855912	-66.752625	5.507861	0.00020697141	157.7320156097412
36	-360.36005	110.992874	-180.01234	-476.16187	1000.0	-35.51144	7.0501447	2.075491	-44.43225	148000	-0.03501355	245.77177	-0.00094276667	-59.294373	5.4389253	0.00077427964	161.7513608932495
37	-337.4873	103.87151	-207.36693	-456.17944	1000.0	-31.008385	11.909777	20.758944	-44.350807	152000	-0.0220204	217.59422	-0.0011518113	-45.32686	5.4834194	-3.2656073e-05	166.04128336906433
38	-374.28964	88.58382	-276.15787	-485.10678	1000.0	-27.067278	11.851231	10.759765	-45.37626	156000	-0.01314295	496.11557	-0.0013494631	-127.31287	5.5335	0.00041310317	170.34578132629395
39	-392.96368	82.57724	-273.7466	-489.83862	1000.0	-35.446163	9.280929	8.57916	-45.647785	160000	-0.05562455	294.47083	-0.0017389543	-42.888443	5.452841	0.00053447165	174.75280022621155
40	-410.51782	74.614265	-286.8026	-476.59784	1000.0	-36.152546	6.355211	16.712833	-44.792633	164000	-0.030508216	299.9988	-0.0021074824	-43.48593	5.524666	0.00013734304	179.810373544693
41	-431.78897	61.47496	-363.86227	-500.3324	1000.0	-38.538986	8.435748	7.044507	-46.70375	168000	-0.020482136	301.15445	-0.0011879895	-41.74823	5.4721994	0.00012329442	184.25441527366638
42	-313.24445	92.76226	-212.17941	-419.3577	1000.0	-39.077587	8.041641	4.911189	-47.58503	172000	-0.03820645	340.25443	-0.0011718981	-163.2577	5.4533563	7.887876e-05	188.36241102218628
43	-335.43304	113.93059	-177.06175	-499.18726	1000.0	-29.219156	12.809155	18.555292	-45.250107	176000	-0.006099224	215.51743	-0.001919481	-25.12088	5.4799275	-9.0993286e-05	192.75462794303894
44	-376.99002	52.423527	-303.94482	-437.48672	1000.0	-35.606064	9.012062	9.016464	-44.99906	180000	-0.047918662	152.46822	-0.001571998	-11.501282	5.4961667	-0.0002382266	196.96040201187134
45	-372.53412	100.64091	-209.39336	-476.63452	1000.0	-33.974632	8.892778	0.5450499	-44.441734	184000	-0.02856451	184.18962	-0.001537405	-23.802124	5.433107	0.0006474637	201.27891874313354
46	-263.8682	89.83285	-196.54248	-418.53308	1000.0	-27.838232	12.726852	15.605551	-45.777634	188000	0.017728094	189.72054	-0.0017203242	-36.611343	5.422682	0.00013388616	205.6215181350708
47	-412.11008	53.29932	-348.7561	-487.4968	1000.0	-35.116096	8.686921	1.5502081	-44.028015	192000	-0.013450251	164.14381	-0.0011697887	-19.50943	5.471265	0.00017519468	209.6921169757843
48	-356.34543	57.05386	-262.8992	-416.8224	1000.0	-31.335463	10.993836	2.1148365	-45.55858	196000	-0.008854906	193.63412	-0.0015468383	-57.409348	5.5069366	-8.980602e-05	213.84710335731506
49	-401.4393	92.69428	-243.5787	-471.70813	1000.0	-33.030064	5.109486	-10.335684	-41.480858	200000	-0.033838417	291.99164	-0.0007989444	-46.234695	5.4698787	0.00033265506	218.27944159507751
50	-378.19827	56.508446	-307.95834	-461.65817	1000.0	-35.905437	9.495676	19.860806	-46.260822	204000	-0.074740835	322.52106	-0.0015172511	-31.111877	5.489577	0.00087693107	223.0491783618927
51	-340.36362	68.733086	-283.64374	-457.4581	1000.0	-32.717598	9.372389	7.9676294	-46.19716	208000	-0.017281	303.10126	-0.0012982152	-41.991425	5.4751034	0.00019704372	227.3319857120514
52	-336.39508	31.705078	-300.06497	-387.01752	1000.0	-35.785393	10.335038	19.218472	-46.659786	212000	-0.042212594	208.77203	-0.0016240589	-37.552933	5.498369	0.0010106998	231.7547163963318
53	-317.76038	118.57088	-167.84283	-485.79453	1000.0	-26.99666	12.446429	24.508133	-44.35651	216000	-0.057185482	275.82632	-0.0015477017	-37.081985	5.46141	0.000831951	236.20112538337708
54	-358.1373	104.90377	-182.65536	-449.96338	1000.0	-31.986937	9.701009	10.901951	-44.413654	220000	-0.0062298193	213.77602	-0.0011534155	-26.266876	5.425484	3.190106e-05	240.52429628372192
55	-385.84845	55.78047	-296.91937	-449.17245	1000.0	-30.02856	10.742967	9.862449	-45.608498	224000	0.0042709596	272.6645	-0.0013348386	-74.540985	5.4964004	-0.00039546232	244.8256802558899
56	-370.745	19.785816	-337.17184	-387.90067	1000.0	-38.99982	6.5712376	-1.8125331	-46.2979	228000	-0.0123563595	153.8071	-0.0015298892	-28.401535	5.494354	-0.00044574463	249.20642685890198
57	-353.58386	112.52151	-166.05096	-456.69635	1000.0	-34.91211	8.807457	8.794173	-43.447727	232000	-0.029923199	240.55113	-0.0015814435	-60.169373	5.429633	0.00031190092	253.42235231399536
58	-397.06155	40.861835	-354.21063	-445.30618	1000.0	-35.264374	12.393195	27.620235	-45.73233	236000	-0.069399044	145.5495	-0.002001837	-28.965103	5.475801	0.0009986631	257.68476819992065
59	-309.73785	93.10362	-181.22804	-408.9821	1000.0	-33.179142	12.075669	13.933362	-45.810055	240000	-0.043954052	247.45247	-0.0013540424	-51.442657	5.467395	-0.0005236187	262.0927312374115
60	-336.5689	81.73611	-238.00293	-433.3407	1000.0	-27.932247	11.244848	9.753408	-43.917942	244000	-0.057737347	155.42578	-0.0012109615	-36.016487	5.427152	0.00016256481	267.075808763504
61	-325.19916	122.86708	-131.49968	-468.5866	1000.0	-31.912477	9.672454	4.0179777	-44.893574	248000	-0.03862034	197.99237	-0.0014000833	-35.270462	5.437087	-5.6761502e-05	271.5108697414398
62	-364.20193	64.70847	-289.02914	-455.4838	1000.0	-31.603756	12.763804	17.359179	-44.678307	252000	-0.06653062	231.56447	-0.0013099313	-31.773972	5.49796	0.00045909386	275.8089916706085
63	-343.60623	25.515509	-308.74765	-375.5524	1000.0	-30.466476	11.604317	10.968658	-46.249832	256000	-0.030172518	236.27069	-0.0011023153	-40.183258	5.517635	0.00014249611	280.2449984550476
64	-393.86987	62.950962	-286.24033	-441.79193	1000.0	-35.688736	8.013824	-0.48251352	-45.472324	260000	-0.07941769	267.84033	-0.0014415458	-44.323242	5.4827385	-0.00061951345	284.51643228530884
65	-307.95258	92.48213	-203.62672	-411.87418	1000.0	-31.769043	13.19908	21.826136	-46.953384	264000	-0.010957052	376.10303	-0.002115841	-70.26666	5.4567695	0.0006211639	288.87644624710083
66	-341.17474	95.18286	-191.35464	-436.14908	1000.0	-32.480083	13.113309	28.71826	-46.73548	268000	-0.031031057	222.26628	-0.00067865476	-42.51654	5.477866	0.00020290524	293.27344703674316
67	-364.34296	59.700993	-273.44226	-418.33334	1000.0	-33.981586	9.898468	23.588789	-45.07989	272000	-0.00525655	210.74388	-0.0015154169	-25.503632	5.468637	-0.0002658941	297.63220381736755
68	-332.20386	42.667618	-274.4606	-382.08286	1000.0	-29.127167	9.80716	12.056941	-45.289185	276000	-0.06034903	333.23468	-0.0014614388	-66.642456	5.4660783	-0.00039215077	302.12482714653015
69	-250.27168	52.58045	-192.85307	-335.2612	1000.0	-30.63083	7.3017488	4.131664	-45.235985	280000	-0.07869993	218.13985	-0.0010761172	-70.11131	5.4338164	0.00020833772	306.4874954223633
70	-346.15228	74.79561	-228.77574	-422.1924	1000.0	-30.022573	7.527298	7.0704103	-41.610123	284000	-0.062062535	163.32527	-0.0018318556	-32.69359	5.4332685	0.00067875936	310.92024326324463
71	-329.85095	82.78605	-191.07153	-398.41855	1000.0	-28.173399	10.379638	0.9555337	-46.746906	288000	-0.00866022	294.48013	-0.0014243275	-84.20912	5.452555	0.0010333253	315.35489654541016
72	-385.4204	51.473648	-301.006	-439.84482	1000.0	-31.884066	5.303693	7.3549833	-43.083435	292000	-0.021898696	256.17633	-0.0011582039	-38.81964	5.497048	0.00044232942	319.74858713150024
73	-337.91205	98.77235	-174.84148	-418.08475	1000.0	-35.63385	7.031449	9.192291	-46.18115	296000	-0.048863165	185.06839	-0.0012069978	-60.493965	5.499744	-7.472384e-05	324.01885890960693
74	-318.75278	30.152836	-284.0184	-366.84866	1000.0	-25.946192	12.113441	13.024654	-45.928436	300000	-0.019663116	260.11508	-0.0013261717	-83.19409	5.4338727	0.00038333237	328.25055265426636
75	-321.73062	68.97208	-253.05148	-426.40677	1000.0	-31.219194	6.3579288	1.1884466	-42.921608	304000	0.026072817	158.8675	-0.0010738056	-17.148819	5.46643	5.139476e-05	332.51127648353577
76	-346.67566	51.139503	-280.58746	-412.85422	1000.0	-33.021587	6.8081274	-3.6442232	-43.17209	308000	-0.0068243006	169.69823	-0.0010753935	-26.240387	5.4175987	7.892257e-05	336.7412121295929
77	-140.12682	26.143715	-110.92761	-182.04182	1000.0	-20.002415	11.358527	14.600513	-42.648407	312000	-0.057401367	221.7885	-0.0014295541	-96.991776	5.435597	0.00017697358	341.0203912258148
78	-403.68295	65.26022	-327.75757	-486.34213	1000.0	-20.314922	7.192151	4.5633187	-36.00134	316000	0.009464245	473.0615	-0.0014981143	-326.5208	5.4378085	0.00064456486	345.5003283023834
79	-318.58032	62.74893	-221.38516	-382.82095	1000.0	-34.72161	7.005365	11.212702	-45.186745	320000	-0.012307545	302.70694	-0.0015863944	-55.621094	5.46608	0.00022220117	349.62282276153564
80	-286.54803	59.339573	-223.72581	-379.27582	1000.0	-30.85366	9.132896	23.483387	-44.463253	324000	-0.049984086	193.93365	-0.0012844764	-44.083588	5.4491057	-0.000110913934	354.5883455276489
81	-179.26187	92.81932	-112.50894	-339.39975	1000.0	-22.82953	8.332373	5.6969166	-41.37539	328000	-0.032995325	225.40843	-0.0010319576	-87.06818	5.414129	7.073641e-05	358.96721053123474
82	-397.38437	76.90065	-267.65085	-462.78836	1000.0	-31.40036	10.131719	12.016202	-43.78038	332000	-0.044492085	203.25784	-0.001396995	-53.341263	5.460434	7.8060686e-05	363.34312319755554
83	-326.77478	77.837975	-200.29416	-410.0501	1000.0	-32.06506	10.621954	1.7929612	-47.620193	336000	-0.0055654803	296.12668	-0.0020438689	-44.30162	5.37974	0.00079080235	367.7336251735687
84	-233.94391	60.20766	-171.1427	-333.3622	1000.0	-23.206688	8.671684	13.969864	-44.56311	340000	-0.027653152	270.91718	-0.0013143737	-49.498352	5.4555607	0.00068128126	371.9471764564514
85	-358.47888	102.17235	-222.05536	-483.15433	1000.0	-13.998569	18.695639	36.996475	-41.809326	344000	-0.003864044	1112.8573	-0.000917244	-834.4502	5.43855	-1.13129616e-07	375.25990438461304
86	-374.01764	73.14736	-275.74472	-455.0499	1000.0	-31.370441	4.822886	-12.163664	-48.80037	348000	-0.015772127	248.91313	-0.0016375724	-80.759476	5.4320617	0.0014220118	379.4404094219208
87	-400.06433	82.89986	-311.71667	-491.8654	1000.0	-33.64621	7.4887996	-5.394851	-48.283573	352000	-0.0171183	242.64232	-0.0013053045	-39.89482	5.4397416	0.0006617416	383.7402322292328
88	-377.635	90.85753	-232.70569	-482.56094	1000.0	-36.699142	9.443156	1.5342237	-51.432014	356000	-0.020357605	236.34898	-0.0016301386	-35.59442	5.477505	-0.0006709217	388.07353830337524
89	-262.40195	105.23448	-140.06987	-369.50195	1000.0	-32.32623	9.694267	0.75855225	-47.485825	360000	-0.06106209	246.13489	-0.0009316206	-85.28825	5.4753065	0.00056242634	392.476309299469
90	-342.11713	104.59162	-163.32237	-427.17685	1000.0	-26.925205	11.575555	6.4209523	-45.573208	364000	-0.031463522	329.71683	-0.0016869232	-94.49242	5.4610224	0.0002521955	397.2747688293457
91	-277.77252	31.183237	-228.58435	-313.41895	1000.0	-29.950996	8.608772	4.0043316	-45.17017	368000	-0.009529867	252.77896	-0.0014672587	-57.7287	5.4295416	0.00019448	401.71270847320557
92	-275.4524	44.96433	-228.00917	-333.89633	1000.0	-23.799883	7.7293935	6.082705	-40.768234	372000	-0.05320462	271.28693	-0.0019020773	-38.80397	5.434699	0.00047455978	406.15136528015137
93	-238.4685	93.62324	-112.021706	-342.34222	1000.0	-24.866457	10.095728	7.86999	-44.492516	376000	-0.013304184	231.53668	-0.00069324113	-37.840866	5.4417295	0.00065189955	410.5754427909851
94	-331.33524	55.52048	-273.09805	-390.5342	1000.0	-25.824474	11.410083	6.4791126	-44.6486	380000	0.021812275	289.39105	-0.0015855245	-88.04178	5.39746	0.00016366338	414.8941762447357
95	-297.07648	91.410904	-171.24313	-429.47195	1000.0	-32.758244	8.250526	11.6227	-45.247414	384000	-0.0869949	239.46532	-0.001848504	-47.64731	5.4265637	0.0001579212	419.0949034690857
96	-351.67493	103.64475	-195.24802	-472.42307	1000.0	-28.191923	10.211439	15.4879055	-44.66778	388000	-0.040045474	222.77492	-0.0020538159	-37.750015	5.439509	0.0001808505	423.3845181465149
97	-311.31287	51.86476	-225.1043	-363.82394	1000.0	-31.837696	10.022994	2.6223385	-48.40732	392000	-0.021778023	139.88953	-0.0015817937	-20.459457	5.4481916	4.299462e-06	427.4899432659149
98	-273.56824	85.75882	-178.06544	-412.49817	1000.0	-27.664793	10.533857	5.703241	-43.704994	396000	-0.015430549	213.04178	-0.0015162434	-25.403015	5.4295034	0.00027455224	431.45893263816833
99	-301.0187	144.45477	-109.9815	-456.18256	1000.0	-29.952158	10.956437	7.036542	-46.89556	400000	-0.041665338	187.52527	-0.001414556	-32.576736	5.4580283	0.0005924877	435.7609770298004
100	-241.35422	48.999096	-166.33289	-296.42368	1000.0	-18.417227	11.169109	8.447741	-48.524105	404000	-0.013776482	224.23778	-0.0012022797	-54.19153	5.428435	0.00011158699	440.5438640117645
101	-281.56958	70.0304	-183.02405	-377.71725	1000.0	-22.935707	7.8715315	8.471464	-43.16126	408000	-0.017998332	284.8786	-0.0016644411	-45.462784	5.4275665	0.0005846701	444.8179316520691
102	-277.19266	112.6032	-113.13351	-410.92038	1000.0	-27.28102	8.065733	5.3178077	-44.32161	412000	-0.02029679	276.891	-0.001762569	-75.11621	5.408904	0.0005876466	449.0518493652344
103	-291.56708	106.63961	-188.75443	-457.07776	1000.0	-23.999222	13.169043	16.77512	-46.99809	416000	-0.042083256	292.3942	-0.0014694631	-47.263474	5.4419737	-0.00031640398	453.29412627220154
104	-315.97278	100.57029	-176.06477	-418.71368	1000.0	-27.082329	9.96281	7.169431	-49.12693	420000	0.0008817978	356.39734	-0.0022439538	-64.53247	5.416122	-0.00020860219	457.4968264102936
105	-284.14307	57.380924	-193.40921	-341.0507	1000.0	-28.339842	9.484445	19.298758	-47.47065	424000	-0.094463296	269.71204	-0.0012231916	-32.73755	5.4648824	0.00037899805	461.68439197540283
106	-321.97076	26.794153	-291.87	-350.869	1000.0	-31.235788	10.479138	18.436256	-48.40423	428000	-0.01807809	217.4955	-0.0012744553	-39.548904	5.473541	-0.00027378244	466.2288484573364
107	-299.4625	93.69899	-194.47456	-414.06824	1000.0	-28.034168	11.681593	12.064125	-47.165127	432000	-0.05149018	214.1978	-0.0012967214	-29.740768	5.465366	0.00067989697	470.3966965675354
108	-248.12592	38.813667	-217.75732	-312.72168	1000.0	-21.456024	8.800766	9.583473	-45.316956	436000	-0.048127778	367.15576	-0.0013382956	-53.227753	5.425536	0.0004981063	474.58426666259766
109	-187.56308	104.67563	-89.64012	-363.7493	1000.0	-23.579184	9.491533	9.858704	-46.522552	440000	-0.02995422	285.72037	-0.002915429	-71.87587	5.405701	0.0006273881	479.11531805992126
110	-343.72797	54.626503	-278.00696	-400.8345	1000.0	-25.870016	9.9112835	7.876485	-44.780773	444000	-0.015342447	295.74158	-0.0012184689	-95.536835	5.410668	0.0006388228	484.2291851043701
111	-253.96147	168.82402	18.305374	-400.15372	1000.0	-30.9132	10.276953	15.596837	-50.74053	448000	-0.042848725	349.96994	-0.0017806254	-130.28972	5.438268	0.0009471923	488.717547416687
112	-283.5263	63.799107	-179.19359	-343.07907	1000.0	-21.667368	14.558621	21.63319	-45.967743	452000	-0.02489289	230.18198	-0.0014114119	-95.32463	5.482236	-2.805519e-05	493.2355043888092
113	-250.69916	32.027714	-208.18471	-291.52933	1000.0	-24.4528	7.3253202	5.195011	-41.95241	456000	-0.06999036	249.307	-0.001133725	-33.97409	5.408026	-0.0001858756	497.52862000465393
114	-339.08527	70.8467	-228.22842	-411.84625	1000.0	-29.271393	9.806102	7.483833	-44.072666	460000	-0.00036733627	236.3281	-0.0017087909	-35.568253	5.4416924	-0.00040640522	501.81518816947937
115	-332.70044	116.29597	-134.52823	-422.2696	1000.0	-30.08171	10.306786	13.997047	-45.59008	464000	-0.053304266	262.95966	-0.0014771633	-48.715805	5.4228253	0.0010511645	506.1373815536499
116	-248.60913	95.967445	-109.16526	-341.85895	1000.0	-25.720106	11.508582	17.113117	-50.00514	468000	-0.015654068	371.2994	-0.0018800814	-95.09375	5.4167485	0.0003857566	510.62926173210144
117	-312.57764	71.43788	-211.89687	-412.9412	1000.0	-24.382586	8.349966	8.881135	-43.751236	472000	-0.018164154	355.73874	-0.00090802833	-88.56799	5.422016	0.0007005386	515.0615954399109
118	-275.21198	83.283936	-166.08165	-389.30432	1000.0	-29.543406	13.540903	10.305716	-49.519287	476000	0.010941753	206.29759	-0.0011115	-39.972656	5.4158907	-0.0007454812	519.5984978675842
119	-257.3058	138.61325	-26.341967	-395.63416	1000.0	-23.501652	13.940613	18.00096	-47.406292	480000	-0.019614842	272.512	-0.0022742413	-39.850708	5.475039	0.0006741545	523.9680418968201
120	-113.566986	78.46858	-14.448088	-230.35522	1000.0	-17.05339	9.735596	17.187067	-44.530212	484000	-0.017468132	357.97687	-0.0013856888	-73.22247	5.4492674	0.00074546685	528.9926795959473
121	-379.8327	59.889164	-314.619	-468.27295	1000.0	-27.325855	9.168352	18.286102	-42.42687	488000	-0.006857563	301.93613	-0.0018735658	-119.73369	5.4448586	0.00028385836	533.3340408802032
122	-261.5018	135.8687	-73.01022	-410.81955	1000.0	-17.862919	20.853863	41.15497	-47.82553	492000	-0.017406693	749.1857	-0.00229376	-450.52988	5.4095263	-0.00019073558	537.6494691371918
123	-242.60138	96.87374	-135.01584	-399.77353	1000.0	-23.22025	13.24867	24.193884	-50.31251	496000	-0.0059254714	264.59824	-0.0012369421	-58.26355	5.4087706	0.0002646705	542.0093648433685
124	-296.3132	85.909	-185.32582	-414.07498	1000.0	-27.879406	13.747391	13.514769	-46.97332	500000	0.0026713905	239.31062	-0.0009761066	-44.088776	5.3835106	0.0001363917	546.3924245834351
125	-161.65334	38.612286	-114.78009	-216.90823	1000.0	-18.153086	11.738987	17.878492	-47.32896	504000	-0.037636083	480.2	-0.0016432144	-118.51709	5.460301	0.00047544503	550.8349206447601
126	-286.1575	78.5289	-195.23302	-410.8218	1000.0	-19.442642	12.026308	12.148184	-42.81094	508000	-0.040050317	314.73102	-0.0011726655	-102.8967	5.4361234	0.00035400796	555.1668708324432
127	-374.033	98.08531	-242.9222	-519.14246	1000.0	-29.321566	9.584323	6.6232157	-47.51484	512000	-0.043892905	316.01834	-0.0013516843	-65.10246	5.3864923	-4.6964466e-05	559.6195385456085
128	-367.62323	90.4796	-240.05379	-484.3777	1000.0	-30.045738	11.163087	25.981968	-57.146942	516000	-0.07673331	401.40588	-0.0017477125	-133.78412	5.422906	0.0005118642	564.025696516037
129	-191.61505	135.1433	-38.06489	-399.79596	1000.0	-30.518965	11.987073	6.022564	-52.103977	520000	-0.060841978	487.9728	-0.001891844	-208.24551	5.444342	0.0012608821	568.4629693031311
130	-90.43826	86.68371	44.350475	-180.99783	1000.0	-10.57309	10.046258	16.778133	-49.47085	524000	-0.038850464	242.91338	-0.0009880997	-54.903152	5.413837	0.00032535486	573.5837967395782
131	-305.6765	82.238754	-170.884	-393.3109	1000.0	-24.536789	12.873932	11.96142	-45.76464	528000	-0.014441334	204.0245	-0.001198303	-49.00113	5.405626	0.0007203248	578.0468306541443
132	-270.15082	46.354946	-210.85014	-340.84332	1000.0	-21.18864	10.176694	6.4935927	-45.893322	532000	-0.01806293	352.32	-0.001255637	-73.57498	5.4018736	0.00025848442	582.4647688865662
133	-336.99304	54.422123	-272.47772	-394.07993	1000.0	-32.762905	8.143063	0.768639	-47.543568	536000	-0.05423136	185.57979	-0.0011517331	-55.58168	5.404443	0.0001337809	586.8913085460663
134	-331.4867	138.3414	-93.728546	-431.0492	1000.0	-28.979803	14.861929	13.687897	-49.277344	540000	-0.0855777	221.27423	-0.0010524541	-43.432297	5.405968	0.0005948342	591.3530554771423
135	-146.25009	146.65858	38.975407	-371.5228	1000.0	-22.383617	14.217253	19.627645	-50.083317	544000	0.0080850925	316.79593	-0.0019991132	-111.34514	5.391623	0.00040317274	595.75048828125
136	-175.79285	150.06606	-19.724491	-423.57513	1000.0	-14.504508	15.257882	15.649353	-45.687576	548000	-0.026343614	374.04517	-0.0016412176	-71.94058	5.417795	0.0014505228	600.2454144954681
137	-276.8487	135.7333	-85.35703	-432.88824	1000.0	-24.832813	14.486044	21.037106	-48.328045	552000	-0.021135798	189.77603	-0.0013753287	-36.34401	5.3894696	-0.00047171058	604.7035896778107
138	-243.15376	129.57834	-102.085304	-449.0114	1000.0	-20.875051	16.19789	17.518911	-47.87884	556000	-0.060400475	251.13629	-0.0026152618	-39.563736	5.425211	0.00026414043	609.1787877082825
139	-198.64932	103.396286	-67.63583	-350.7902	1000.0	-21.902767	15.601113	14.723476	-49.35557	560000	-0.049354397	214.54955	-0.0014601424	-35.341476	5.427952	-3.8114547e-05	613.6792957782745
140	-177.60109	71.02986	-88.36154	-275.21704	1000.0	-16.221626	15.051805	21.464832	-47.496094	564000	-0.048930023	242.45258	-0.0010667667	-37.994553	5.4287925	0.0009096838	618.6187076568604
141	-215.26408	111.73717	-81.86979	-383.9428	1000.0	-20.587677	15.48623	19.17401	-46.771576	568000	-0.009626898	210.42941	-0.002213901	-34.257965	5.456859	0.00025355344	623.0445630550385
142	-315.84387	116.74854	-158.5126	-484.5915	1000.0	-25.263243	16.302856	20.510473	-49.19459	572000	-0.011280067	217.71187	-0.00097094197	-39.2498	5.38408	0.00011410051	627.5209457874298
143	-289.89023	96.18591	-146.11975	-385.45465	1000.0	-27.303968	15.487892	17.435707	-49.03193	576000	-0.029329617	250.64034	-0.0015752856	-38.99681	5.38179	0.00058511004	631.8306839466095
144	-237.32709	107.34311	-122.779	-401.05933	1000.0	-21.322239	13.180339	12.566697	-50.86963	580000	-0.07266614	258.9929	-0.0008315444	-41.690735	5.41154	0.00067940226	636.2169587612152
145	-246.05371	152.01309	-58.87412	-406.75897	1000.0	-28.303516	16.37271	13.3821535	-53.375347	584000	0.019746719	191.70068	-0.0015838351	-48.26509	5.403418	7.546306e-05	640.6285994052887
146	-148.50728	60.18244	-91.72962	-241.78636	1000.0	-11.276736	11.607703	17.75369	-47.124256	588000	-0.027497903	396.02643	-0.0019324049	-87.88461	5.3768387	0.0008581829	645.105616569519
147	-177.58704	213.36224	126.08078	-385.17883	1000.0	-18.788765	15.208891	25.277071	-49.001762	592000	-0.034764595	464.85123	-0.001247596	-91.54779	5.421475	0.00043044245	649.5945739746094
148	-291.7837	110.51134	-112.77793	-410.20065	1000.0	-23.253769	14.929071	26.485064	-45.378902	596000	-0.045888886	211.04865	-0.0012649037	-67.03558	5.400098	0.00029066813	654.0654637813568
149	-340.3892	32.934002	-292.1827	-376.46286	1000.0	-29.75013	12.733231	9.861973	-48.184555	600000	-0.07138489	273.97498	-0.0015455261	-60.935852	5.423218	0.00040179593	658.5823407173157
150	-281.80292	157.75249	-9.617695	-394.94608	1000.0	-31.537588	11.653809	17.903105	-53.55996	604000	0.0014795838	300.9173	-0.001663025	-125.92061	5.4320292	0.0001760965	663.7374060153961
151	-363.7211	42.57134	-292.69543	-405.60834	1000.0	-20.346113	17.574112	26.026878	-49.08058	608000	-0.10153223	742.9598	-0.0012408867	-438.86792	5.408323	0.00038874353	668.1163172721863
152	-339.55722	126.125595	-140.00327	-458.6927	1000.0	-35.80796	6.6480427	8.066597	-51.253765	612000	0.0072712735	266.28757	-0.0021976032	-98.40083	5.45979	0.0005144058	672.5439398288727
153	-271.9488	120.64618	-87.781815	-381.7989	1000.0	-27.408579	13.490013	14.867332	-48.26616	616000	-0.088455625	211.03029	-0.001631774	-42.624542	5.3889236	0.00033085214	677.0549528598785
154	-154.50777	77.06074	-82.23273	-280.09656	1000.0	-23.747461	13.902587	19.7794	-48.74346	620000	-0.0342791	468.7506	-0.00087258965	-182.9393	5.360781	8.541751e-05	681.518679857254
155	-270.17938	87.082756	-154.11182	-377.53174	1000.0	-18.156754	9.600948	26.283989	-41.68834	624000	-0.06241786	290.49515	-0.0015574135	-143.15965	5.4006906	0.00081647944	685.9427063465118
156	-191.40062	150.11589	-1.5069686	-410.4474	1000.0	-17.169615	14.437048	23.565308	-46.82861	628000	0.029551502	299.21042	-0.0015718769	-44.922043	5.4020705	0.00014032674	690.3246994018555
157	-238.58588	136.19423	-13.314201	-349.8404	1000.0	-24.751219	14.163308	28.033182	-45.898636	632000	-0.020545568	209.51974	-0.0015168451	-36.6183	5.3791122	0.00062779046	694.6756374835968
158	-368.2948	46.85435	-296.82684	-420.34595	1000.0	-32.08447	12.441263	19.679647	-46.65126	636000	-0.050847396	197.62065	-0.001396481	-40.453537	5.372036	0.0009246369	699.1544029712677
159	-171.79465	121.34886	-13.661499	-330.28503	1000.0	-19.799332	15.012633	21.765005	-49.698277	640000	-0.01544912	357.49475	-0.0010631569	-76.80539	5.3884096	0.00011166942	703.6038973331451
160	-205.44054	123.66185	-41.854023	-335.1703	1000.0	-15.14783	15.9863825	26.02363	-50.127728	644000	-0.004750271	255.37125	-0.0014041006	-50.436035	5.373393	0.00028053438	708.646627664566
161	-128.14804	56.705273	-37.932537	-193.9753	1000.0	-11.697992	9.763313	19.031988	-37.540874	648000	-0.045888793	307.05316	-0.00086351484	-53.192047	5.397911	1.3827979e-05	713.0758266448975
162	-280.80777	112.35206	-99.165855	-397.67264	1000.0	-19.839258	13.292982	26.449932	-45.58688	652000	-0.061693266	340.4323	-0.0016545355	-76.45538	5.413431	0.00060787366	717.5421223640442
163	-89.293655	129.26042	72.03422	-267.32654	1000.0	-17.8903	12.987155	21.517311	-47.51584	656000	-0.04375433	393.97507	-0.0018757805	-162.98257	5.3843145	-7.98499e-05	721.8792061805725
164	-176.7778	51.100098	-110.08284	-233.93463	1000.0	-13.531436	16.316362	32.744774	-43.9365	660000	-0.014409551	281.97025	-0.0017134529	-65.00212	5.3886294	0.001274616	726.2894449234009
165	-308.97357	113.4023	-122.17199	-407.14136	1000.0	-26.183847	12.649747	21.339045	-44.928825	664000	-0.0075361575	226.78032	-0.0011488614	-79.616516	5.412784	0.00045944966	730.7131114006042
166	-167.92065	51.805668	-109.52464	-251.58408	1000.0	-22.491358	19.041994	24.405855	-49.040527	668000	-0.0826862	220.10469	-0.0010357052	-76.34206	5.349697	0.00075413624	735.0794186592102
167	-137.7178	68.31213	-36.330406	-215.1417	1000.0	-8.547762	15.652531	25.97604	-41.131947	672000	-0.06834079	288.63065	-0.0026787668	-57.819992	5.4359465	-0.00019063639	739.4656004905701
168	-224.00885	67.27241	-114.22417	-296.0362	1000.0	-13.708379	13.881495	22.795708	-44.389023	676000	-0.02144439	289.09375	-0.0017611701	-96.936584	5.3733835	0.001067653	743.8716471195221
169	-200.1979	104.296005	-87.840294	-317.51205	1000.0	-21.907246	10.3832445	10.173893	-40.67397	680000	-0.07241325	236.01822	-0.0017985702	-74.48489	5.3733807	0.0009387091	748.300286769867
170	-129.72572	93.35833	-23.122849	-265.71927	1000.0	-7.777808	9.276134	23.717352	-40.40467	684000	-0.01651602	290.8481	-0.001213219	-60.80449	5.381354	-2.2056698e-05	753.3173203468323
171	-65.50821	37.645508	-23.992289	-122.404686	1000.0	-11.854606	8.407747	13.414775	-39.380676	688000	-0.046298515	263.82272	-0.0014922284	-66.6087	5.3634405	0.0005328406	757.7898344993591
172	-197.94298	105.098274	-102.76751	-366.10678	1000.0	-9.701201	10.050575	18.085909	-35.99301	692000	-0.026110744	277.74387	-0.0012116581	-91.99783	5.358782	0.00087281474	762.2358462810516
173	-166.2435	134.08185	20.287725	-298.7173	1000.0	-19.14603	11.221077	14.236834	-42.05547	696000	-0.014682528	334.076	-0.0018434115	-56.743988	5.3552485	0.00057756656	766.4701628684998
174	-115.54435	106.12021	32.16267	-222.16357	1000.0	-13.822303	12.749677	30.784029	-44.47181	700000	-0.017216546	278.92316	-0.0011883602	-46.650284	5.3679314	0.00045592565	770.9293658733368
175	-196.62238	137.64125	-66.47624	-420.89438	1000.0	-6.8436594	9.420586	34.80511	-37.87449	704000	-0.05281819	683.5086	-0.0014700368	-332.00415	5.3998046	0.00020969946	775.2849628925323
176	-138.19	42.667496	-86.74285	-191.44272	1000.0	-14.814955	10.00154	26.157272	-49.85165	708000	-0.0124720195	283.14694	-0.0012366865	-54.462845	5.3904963	0.0012389851	779.72239112854
177	-167.35785	116.165504	1.8957679	-297.1962	1000.0	-18.390003	11.860465	14.979627	-43.73546	712000	-0.021597939	297.6828	-0.0015665833	-86.12781	5.3666353	0.00026300133	784.1371400356293
178	-40.600594	54.729576	52.524715	-87.71882	1000.0	-3.4638803	9.331372	25.918398	-40.929287	716000	-0.05959815	284.53598	-0.0014415272	-43.837112	5.4391456	0.00039373297	788.6014568805695
179	-211.09128	116.74619	-29.06768	-354.31076	1000.0	-16.56323	15.799876	21.935436	-46.53267	720000	-0.010718435	285.5699	-0.0019152621	-85.2753	5.4089923	0.00094940315	793.179135799408
180	-289.46014	120.411026	-146.71828	-411.61374	1000.0	-23.086233	11.272994	11.738049	-47.11871	724000	-0.04115281	226.40837	-0.0016358495	-56.347534	5.3911943	0.00045238106	798.2963480949402
181	-240.64468	121.88303	-34.72012	-336.10068	1000.0	-26.976633	14.574617	18.477957	-48.728146	728000	0.011063956	186.78719	-0.001498322	-38.249954	5.3978095	-9.277183e-05	802.6608893871307
182	-140.73825	133.82294	7.8379154	-351.98456	1000.0	-11.1627245	13.315072	21.89378	-44.70796	732000	-0.04100227	239.48286	-0.0008447394	-46.710327	5.3367515	0.00081360276	806.9980545043945
183	-250.00323	108.746475	-96.33596	-403.86877	1000.0	-20.613153	15.183576	24.141308	-48.133804	736000	-0.007366468	205.63388	-0.0016734852	-53.31198	5.356977	0.0010554843	811.5223729610443
184	-162.7247	28.830627	-125.86395	-199.20076	1000.0	-19.933844	12.658038	13.807771	-48.26197	740000	-0.042328082	294.39832	-0.0033707246	-74.13974	5.4037867	0.0011293207	815.837671995163
185	1.1552904	58.592014	96.965195	-62.298542	1000.0	-12.132801	7.5649867	20.658241	-38.549023	744000	-0.06391256	410.7708	-0.002666384	-214.3293	5.3676143	0.0011208537	820.2381410598755
186	-231.8714	83.29227	-103.35684	-330.93326	1000.0	-10.1265	12.910642	28.211765	-35.877346	748000	-0.02339193	344.81418	-0.0014697015	-169.84692	5.3514543	0.0006706231	824.682309627533
187	-257.6235	142.73534	-58.576794	-398.32785	1000.0	-21.343958	11.881104	20.445543	-42.212666	752000	-0.035250872	237.94418	-0.0019857287	-71.905716	5.367735	0.0004867023	829.0311515331268
188	-261.4131	97.72056	-99.065254	-360.57886	1000.0	-28.18082	16.220959	17.100746	-50.655197	756000	-0.06763873	165.7377	-0.0016751736	-39.890068	5.3704686	0.00041594447	833.5318922996521
189	-286.07935	90.35412	-204.58578	-431.68225	1000.0	-29.793669	11.694108	17.503029	-45.035	760000	-0.040925357	184.12866	-0.0006808564	-36.824646	5.357525	0.0012864461	837.9510774612427
190	-197.16959	142.76396	26.119394	-364.19907	1000.0	-16.480518	15.458972	18.4764	-45.115005	764000	-0.014819995	262.89447	-0.0022083558	-49.69719	5.4148264	0.00073986076	843.1111791133881
191	-177.56042	111.85523	13.931271	-261.2229	1000.0	-19.03562	13.04542	15.705596	-42.2961	768000	-0.043517876	154.76147	-0.001362849	-28.625443	5.379043	0.0013894672	847.545422077179
192	-105.70813	59.383698	-19.214178	-170.83577	1000.0	-7.162494	7.6593437	17.57247	-33.172802	772000	-0.04047969	325.46915	-0.001286231	-46.744965	5.42249	-0.00050286273	851.9048628807068
193	-153.17664	59.395218	-92.73008	-235.17719	1000.0	-15.508029	12.92068	19.115711	-43.99887	776000	-0.018177135	191.38608	-0.0015924573	-47.758774	5.368781	-9.3895134e-05	856.4354135990143
194	-130.37595	34.44948	-73.08621	-165.16972	1000.0	-10.87321	6.574609	11.547305	-33.884743	780000	-0.051250394	285.43387	-0.0018555336	-39.286743	5.404702	0.00035319966	860.9163103103638
195	-193.67448	85.26686	-89.914856	-322.72757	1000.0	-17.02971	10.031995	9.772914	-41.266926	784000	-0.042881258	206.87642	-0.0017927289	-40.061096	5.389285	0.00070998975	865.2097227573395
196	-223.84006	116.93569	-88.446884	-351.4042	1000.0	-13.494133	9.017778	10.475689	-43.064526	788000	-0.049845267	389.86932	-0.0009995885	-93.34674	5.378637	-0.0004795683	869.6554665565491
197	-126.392815	80.994255	1.8698488	-222.48312	1000.0	-22.040817	12.129552	20.307049	-45.930172	792000	-0.06330273	378.00766	-0.000829868	-162.42618	5.3435683	-9.988457e-05	874.2716565132141
198	-170.5119	30.865833	-125.1576	-210.10818	1000.0	-11.86198	10.105824	17.825935	-39.8733	796000	-0.090857334	160.12167	-0.0018386245	-50.67296	5.371216	0.0006147295	878.7988765239716
199	-151.16048	84.827614	-44.72028	-239.83495	1000.0	-18.08246	8.890043	13.49751	-40.015373	800000	-0.09615958	256.3246	-0.0013215542	-90.4498	5.360154	0.00020552069	883.2719960212708
200	-187.72736	54.597893	-104.814354	-244.25485	1000.0	-10.658334	12.668222	27.507015	-44.200043	804000	0.0018639246	330.4023	-0.0014013743	-105.20639	5.3388805	0.00021178497	888.4702990055084
201	-212.34384	88.200554	-120.93213	-319.6838	1000.0	-23.675047	12.4771805	21.161217	-46.885384	808000	-0.067658596	281.56387	-0.00085983425	-88.66759	5.4028344	1.3786972e-05	892.8200628757477
202	-134.21864	99.23008	-1.8489517	-276.44843	1000.0	-11.196915	16.205757	25.101929	-45.74776	812000	-0.04180353	236.9149	-0.0015112795	-35.946976	5.363992	0.0005173788	897.3306570053101
203	-203.36594	107.935425	-78.9265	-368.12454	1000.0	-22.792347	17.660326	20.799677	-48.013668	816000	-0.052295145	173.21533	-0.0010418296	-30.318115	5.3593407	5.8755635e-05	901.8372638225555
204	-149.3703	95.33346	-27.019724	-292.3819	1000.0	-5.1785746	9.961727	24.088287	-40.5823	820000	-0.034652956	427.109	-0.0006111078	-125.33121	5.3331194	0.0006003827	906.2857434749603
205	-236.33565	126.8005	-39.596684	-380.554	1000.0	-20.548948	12.59032	16.70339	-47.908485	824000	-0.03962654	284.03555	-0.0016485564	-44.135544	5.362545	-0.00010674703	910.8337881565094
206	-188.92194	89.03725	-35.19311	-251.60782	1000.0	-19.02722	14.68295	18.374561	-51.102776	828000	-0.020303505	321.7597	-0.0017189886	-46.033142	5.3167963	-0.00040251165	915.378870010376
207	-201.9596	136.09242	-74.335014	-407.17572	1000.0	-20.196358	14.606667	21.351582	-47.230114	832000	-0.027289698	242.92554	-0.0016962085	-59.50537	5.413235	-8.507615e-05	919.6077170372009
208	-138.12912	48.72959	-100.25692	-221.86734	1000.0	-14.424499	15.161291	22.447502	-48.9371	836000	-0.06571605	288.05826	-0.0010395646	-49.976074	5.3306007	0.0006021803	923.9345486164093
209	-168.5777	125.63021	-16.273333	-365.857	1000.0	-12.876507	13.249407	19.468182	-46.329998	840000	-0.0684807	365.21942	-0.0011997595	-75.37311	5.3824887	3.007686e-05	928.2459647655487
210	-111.67456	155.03145	104.47583	-313.739	1000.0	-17.302914	16.218079	21.31587	-54.754547	844000	-0.085290045	339.23856	-0.0016179606	-82.6694	5.368455	-7.508397e-06	933.2439618110657
211	5.867521	149.97601	188.62448	-226.84778	1000.0	-2.9742496	10.169405	39.518856	-39.6995	848000	0.0018440189	494.21234	-0.00094934274	-90.25241	5.349163	-0.00015185475	937.5271098613739
212	-28.932709	73.31452	62.169872	-123.52452	1000.0	-0.64501435	11.773507	28.515087	-42.580032	852000	-0.07059047	387.89975	-0.0010719448	-68.41144	5.331348	3.5816433e-05	941.9523723125458
213	-140.21603	219.9431	94.39531	-403.23877	1000.0	-10.565381	14.731851	29.978657	-41.306347	856000	0.014520829	344.5758	-0.0012749732	-115.70007	5.330828	0.00019500626	946.2871265411377
214	-89.57999	125.58854	31.049479	-300.37692	1000.0	-7.672713	18.833838	29.445793	-51.586285	860000	-0.035692807	234.89032	-0.001139991	-44.82698	5.327333	0.00055148266	950.6343421936035
215	-63.522697	84.25655	35.42297	-190.03497	1000.0	-5.327874	13.621214	26.287712	-51.725338	864000	-0.06213378	272.1726	-0.0015014336	-39.857758	5.356467	0.0007414956	955.1110453605652
216	-76.5777	57.84392	-7.670134	-158.77463	1000.0	-1.9178047	8.829396	25.293503	-33.165836	868000	-0.09590219	268.86035	-0.0010505319	-75.23488	5.3458943	0.00055255636	959.4803535938263
217	-29.591856	114.67169	104.63348	-143.53159	1000.0	-7.841294	8.450201	19.285107	-44.08469	872000	-0.0023870536	344.90182	-0.002237927	-87.39084	5.330047	-0.00046336072	963.9660277366638
218	-137.59363	225.00003	138.36832	-366.13705	1000.0	-8.533415	13.8392725	29.838625	-42.71087	876000	-0.017403703	491.56094	-0.0016104691	-122.13623	5.321497	0.000707467	968.3516688346863
219	-95.13026	94.91358	18.072765	-210.04475	1000.0	-7.182646	16.724953	38.958652	-49.519485	880000	0.0011164212	482.01895	-0.0017339044	-117.61865	5.368208	-0.00043241412	972.6883978843689
220	-70.64156	93.03571	56.61716	-198.298	1000.0	-9.460817	12.392142	25.952278	-45.442913	884000	-0.04518571	289.92044	-0.0014028847	-57.886063	5.2995725	0.0012577949	977.8511176109314
221	27.05399	92.998024	143.73595	-115.64104	1000.0	-0.43829647	8.610085	29.53521	-36.7859	888000	0.00042401886	442.11063	-0.001133171	-84.517975	5.3556457	0.0005128412	982.31915807724
222	-145.06932	113.75686	15.77995	-283.80014	1000.0	-8.039503	17.000507	37.93228	-46.17348	892000	-0.014334735	224.41362	-0.00104097	-81.24681	5.282048	0.0006488927	986.8147733211517
223	-125.04221	177.77463	40.633167	-405.86368	1000.0	-13.066978	17.342794	22.989775	-48.22941	896000	-0.011883858	284.15768	-0.0018112715	-72.212906	5.3546576	0.00038233178	991.4033334255219
224	-87.407234	160.44273	83.96978	-330.62662	1000.0	-2.6708126	14.2534075	26.560526	-53.454063	900000	-0.037035875	639.3199	-0.0015062913	-168.03638	5.3833375	0.00040392453	995.8430051803589
225	-37.935604	177.99178	174.66129	-270.76364	1000.0	-10.326454	17.047235	35.41815	-50.90278	904000	-0.049295913	455.29324	-0.0018277913	-114.12781	5.317406	0.00056488713	1000.2426950931549
226	13.033199	148.28099	129.50938	-241.18697	1000.0	-1.5839324	18.368807	39.644432	-48.70161	908000	-0.061173454	348.25388	-0.0010228828	-87.547516	5.334624	0.0010459085	1004.7855908870697
227	2.8649654	146.13976	195.39305	-197.35426	1000.0	2.2503278	14.573258	34.33021	-48.250072	912000	-0.016214734	444.12256	-0.001038542	-73.912964	5.276179	0.00033252078	1009.24968791008
228	-202.1492	163.4889	25.157366	-417.6417	1000.0	-10.831803	17.573792	34.88741	-45.051926	916000	-0.042439934	476.30362	-0.00095114484	-159.02283	5.3116927	0.00012503743	1013.6561188697815
229	-97.26598	256.21872	218.32516	-428.51276	1000.0	-12.906203	20.463531	31.273159	-56.726402	920000	-0.075004034	587.38873	-0.0012179166	-121.769775	5.2972536	0.0002850591	1018.2104156017303
230	87.808495	63.123257	179.44682	12.361708	1000.0	-0.75153553	18.75712	41.076546	-55.1185	924000	-0.009170105	643.40564	-0.0017818492	-321.8761	5.375308	0.0011989028	1023.6321830749512
231	-34.78052	190.70021	114.28197	-360.40378	1000.0	4.608706	11.907966	40.007053	-35.424683	928000	-0.01843171	469.13516	-0.00067522004	-261.35394	5.3128495	-0.0003081211	1027.969160079956
232	-43.554577	170.22437	126.317635	-275.89307	1000.0	-4.3493066	20.005285	38.738045	-56.684837	932000	-0.0030779943	420.71976	-0.002408216	-90.27127	5.380409	0.00041558105	1032.4912731647491
233	8.91819	183.89941	225.8964	-223.33798	1000.0	-2.6936336	19.989933	44.34775	-53.770515	936000	-0.041082364	510.93057	-0.0010741428	-111.25818	5.3005314	-0.00012139028	1037.0084266662598
234	-209.09227	171.4948	-27.382387	-414.2227	1000.0	-10.510961	25.639006	40.067337	-57.812523	940000	-0.026446728	366.8573	-0.0012113526	-145.2038	5.328832	0.0007215192	1041.579743385315
235	-12.680228	19.40236	12.678697	-40.022736	1000.0	-3.4177065	8.558226	28.930218	-42.045197	944000	-0.075897574	298.00632	-0.002304569	-52.777405	5.308359	0.0006431519	1045.9665787220001
236	5.995867	110.268326	120.874435	-106.93157	1000.0	-3.7641644	13.217666	33.101105	-52.491467	948000	0.010259451	445.08868	-0.0008234568	-98.01419	5.3346443	0.0008595505	1050.4302365779877
237	-116.1841	208.17738	58.59744	-455.3805	1000.0	-4.336482	16.602917	31.386963	-45.975567	952000	-0.025752323	611.3862	-0.0014459547	-184.53223	5.3184433	0.0012321654	1054.9140980243683
238	-169.82018	169.94714	27.435238	-430.4453	1000.0	-11.589078	21.179556	32.92444	-64.935356	956000	-0.08052708	475.7202	-0.0008958429	-89.756195	5.334769	0.00068524096	1059.488028049469
239	-115.93689	115.81045	56.079582	-253.83308	1000.0	-13.151065	17.916674	35.959698	-60.09807	960000	-0.061567243	486.67056	-0.0013846941	-95.47659	5.3342824	0.0004639463	1063.983721256256
240	-40.45236	233.40623	187.23367	-366.0999	1000.0	-10.620752	20.083374	29.92551	-56.245647	964000	-0.07238462	388.55887	-0.0016740188	-101.37207	5.295353	0.0006948661	1069.3155043125153
241	46.60763	95.29082	121.81871	-115.82283	1000.0	1.4839746	18.300692	39.347454	-50.64176	968000	-0.082790196	459.546	-0.0011836961	-91.63663	5.3175726	-2.3348332e-06	1073.6072180271149
242	-90.51276	181.63591	89.32077	-319.63162	1000.0	-6.174667	26.912739	41.400646	-58.66649	972000	-0.04259303	253.86787	-0.0019922554	-63.41571	5.3118534	0.00028222246	1078.0100665092468
243	-104.99651	256.12042	242.16228	-351.29535	1000.0	-8.23277	25.293304	36.997856	-57.272305	976000	-0.005762496	422.95084	-0.0013696193	-84.07474	5.3153467	-0.00010410589	1082.3911774158478
244	-85.781105	131.52565	38.962597	-301.43677	1000.0	0.23480615	20.356739	43.513046	-59.650196	980000	-0.010569689	426.05402	-0.00037752185	-137.52194	5.331592	0.0005413538	1086.8366627693176
245	25.422688	189.04105	212.53925	-289.7217	1000.0	-1.1619476	10.508964	36.278008	-35.94819	984000	-0.013983679	762.0939	-0.0011777496	-176.72974	5.316984	0.00054049917	1091.1161770820618
246	-26.069187	172.30878	186.11246	-292.7583	1000.0	-6.917079	24.965937	50.614887	-65.71555	988000	-0.06359097	386.73572	-0.00170587	-136.37468	5.324592	0.0007163349	1095.2740709781647
247	-122.11419	111.797966	-5.576617	-306.6941	1000.0	-11.135836	23.887638	41.81707	-60.468998	992000	0.02983019	309.74188	-0.00087512285	-55.47429	5.3229594	-0.00014326435	1099.4696612358093
248	-30.342798	150.45447	125.57403	-228.54245	1000.0	-5.694645	20.762966	33.439255	-54.11318	996000	-0.035907157	372.2012	-0.0012050942	-67.2413	5.3058906	0.00039362084	1103.8517441749573
249	-47.678963	141.25214	98.71585	-213.87788	1000.0	6.074081	9.441547	38.974026	-33.288662	1000000	-0.021694005	583.62476	-0.0013202056	-186.51245	5.3161974	0.00023603499	1109.1946964263916
