Epoch	AverageEpRet	StdEpRet	MaxEpRet	MinEpRet	AverageTestEpRet	StdTestEpRet	MaxTestEpRet	MinTestEpRet	EpLen	TestEpLen	TotalEnvInteracts	AverageQ1Vals	StdQ1Vals	MaxQ1Vals	MinQ1Vals	AverageQ2Vals	StdQ2Vals	MaxQ2Vals	MinQ2Vals	AverageVVals	StdVVals	MaxVVals	MinVVals	AverageLogPi	StdLogPi	MaxLogPi	MinLogPi	LossPi	LossQ1	LossQ2	LossV	Time
1	-280.67926	50.409534	-230.15805	-369.8784	-486.77597	110.866516	-301.87186	-687.9177	1000.0	1000.0	5000	5.674086	5.538887	32.466427	-4.433282	5.6744857	5.539594	31.85921	-4.561011	6.7161016	5.764067	33.821957	-12.039334	-1.60174	3.1696553	82.28309	-15.020326	-6.989061	0.14885397	0.1429791	0.3190753	38.704551696777344
2	-209.61919	95.42716	-31.712011	-304.6331	-574.1639	119.1718	-375.47757	-741.52625	1000.0	1000.0	10000	37.917816	15.676699	97.17392	0.89131427	37.917763	15.678602	96.92753	0.8403158	40.514923	16.138832	99.75835	3.7762492	2.7955952	4.093576	27.786098	-15.61826	-41.518738	0.6536391	0.6246358	1.3567145	78.06122207641602
3	244.36275	406.83218	676.04156	-376.24625	1402.3236	37.723003	1460.5045	1339.6783	1000.0	1000.0	15000	65.12292	13.152859	107.89122	30.210854	65.12347	13.153138	107.14736	33.361004	65.94581	13.216388	104.42536	34.528797	-0.16804488	3.476988	28.847906	-13.670582	-66.933525	0.7630865	0.73000723	1.4425364	120.62979292869568
4	1194.6735	157.23425	1387.5066	957.859	1904.8024	33.2995	1956.4961	1849.6373	1000.0	1000.0	20000	66.775406	17.026909	112.31796	27.512436	66.77532	17.028025	111.02563	28.714157	67.344025	16.855238	109.09601	30.038515	-1.15187	2.6420827	24.304047	-15.81526	-68.08864	0.58545536	0.5668584	1.0435761	162.6950581073761
5	1933.3711	448.71378	2420.5933	1162.0974	2991.7163	78.47435	3066.1145	2865.7285	1000.0	1000.0	25000	76.33235	22.650091	140.3029	19.09308	76.33237	22.650982	139.322	24.678461	76.93379	22.37217	138.3263	16.991642	-0.4756713	3.097641	43.400776	-16.06752	-77.70113	0.85974765	0.8394655	1.4024034	205.15988087654114
6	2276.189	920.3883	2898.5408	452.74255	3183.9155	195.58029	3504.495	2785.6453	1000.0	1000.0	30000	91.746895	31.095905	173.59296	23.453482	91.74695	31.09622	175.44412	22.364103	92.40184	30.712214	171.40903	24.924503	0.29102805	3.3969471	30.790955	-15.938783	-93.28453	1.2404666	1.2303076	1.8921207	248.24079656600952
7	3063.779	100.974075	3254.5703	2982.112	3560.6636	82.21	3718.7148	3406.2766	1000.0	1000.0	35000	111.89065	39.44858	194.57567	20.958427	111.89027	39.4491	197.44481	19.032866	112.506386	38.95186	194.23878	22.889372	0.90821576	3.635305	29.6011	-16.013494	-113.481125	1.8328851	1.8446847	2.5705764	290.5681195259094
8	3354.2603	77.816734	3446.6758	3246.088	3796.1821	107.80964	3974.6387	3583.588	1000.0	1000.0	40000	134.17413	45.89185	217.40918	16.792816	134.17395	45.89254	219.01355	18.444855	134.74922	45.33215	218.71497	18.171436	1.3090677	3.7221038	30.949291	-16.204428	-135.79749	2.14506	2.1278696	2.9533968	333.194855928421
9	3620.4114	155.87936	3864.0698	3438.0032	4065.1187	65.850174	4205.0854	3935.0444	1000.0	1000.0	45000	155.88394	51.504208	256.7993	14.500232	155.88339	51.50628	256.23978	13.088947	156.38327	50.909622	256.0178	13.6667185	1.6201785	3.8124204	36.2696	-14.10524	-157.50038	2.5869184	2.557304	3.487557	376.112012386322
10	3849.7964	162.9502	4100.18	3664.6802	3528.2688	1288.1887	4413.4995	876.468	1000.0	1000.0	50000	176.91695	56.53295	276.07703	11.7920065	176.91698	56.53603	276.06345	11.003809	177.39525	55.89804	275.5882	9.579821	1.931328	3.927833	33.186886	-13.213831	-178.55557	2.8948722	2.7747948	3.7763891	419.1040024757385
11	4159.0127	84.38588	4291.2983	4069.947	4550.7554	168.38898	4860.0146	4177.549	1000.0	1000.0	55000	197.30127	60.95265	297.1529	8.174596	197.30064	60.95547	302.51517	8.354215	197.69283	60.291462	297.60352	7.009282	2.0966523	3.9015665	33.44902	-15.8984375	-198.88077	3.140557	3.0486386	4.072824	461.28666281700134
12	4350.0405	194.02942	4591.1216	4076.0671	4806.46	67.16687	4973.4976	4725.809	1000.0	1000.0	60000	215.98149	65.053314	317.27835	2.312779	215.9815	65.05573	317.9332	2.9034123	216.35675	64.3671	316.78204	4.111668	2.3627615	3.9959118	40.4288	-14.021919	-217.5871	3.4122875	3.2692919	4.3417296	504.08710050582886
13	3958.2786	1106.4408	4644.2026	1761.9863	4882.502	87.47733	5024.595	4764.7017	1000.0	1000.0	65000	233.1853	70.128586	338.13745	-0.17566156	233.18512	70.13074	339.1689	-2.0986252	233.55408	69.439255	337.0601	-0.34260356	2.5554836	4.064854	42.42984	-12.143244	-234.80243	3.6735172	3.5605721	4.687968	546.6857273578644
14	4582.1436	126.93541	4741.1094	4421.2964	5232.345	69.74324	5301.5483	5049.622	1000.0	1000.0	70000	249.14647	73.76776	350.12183	-9.044166	249.14638	73.77005	350.49042	-4.3357897	249.48248	73.060455	351.27777	-1.6103803	2.6698265	4.1085577	33.86788	-14.886379	-250.73793	3.704236	3.5729086	4.7588396	589.6056258678436
15	4634.3467	543.89404	5128.368	3596.033	5419.493	105.66829	5628.3877	5227.056	1000.0	1000.0	75000	264.2717	76.6429	367.54343	-1.6802099	264.2712	76.64456	369.06824	-4.4387026	264.55084	75.92495	364.5276	-4.0027995	2.7632759	4.161725	47.436684	-14.419627	-265.80264	3.6830747	3.5900226	4.832073	633.2274520397186
16	4809.366	748.5338	5333.9985	3323.5127	5327.383	67.98753	5462.0435	5229.412	1000.0	1000.0	80000	277.0127	80.425735	381.07642	-22.178604	277.01248	80.42727	382.48618	-24.72021	277.232	79.72862	379.84857	-7.6850924	2.8369088	4.2405796	41.79658	-13.918978	-278.49298	3.856895	3.8293524	5.1566954	677.2335703372955
17	4973.7056	98.22329	5081.3076	4817.212	5501.069	72.13555	5625.7915	5397.5947	1000.0	1000.0	85000	289.81805	82.762856	396.9002	-24.55266	289.81808	82.76373	396.88354	-19.171175	290.0109	82.03677	394.88824	-12.074936	2.981991	4.3123126	40.77233	-14.763133	-291.28275	4.3121047	4.2595797	5.675525	720.6574153900146
18	5022.1255	93.38068	5131.9814	4877.7207	5421.8193	86.74156	5561.685	5282.0605	1000.0	1000.0	90000	301.63388	83.85317	405.31274	-29.699293	301.6339	83.85354	406.6341	-36.584915	301.771	83.11205	408.52325	-29.785492	3.045383	4.328838	34.693142	-15.8057	-303.0532	4.4089766	4.3491135	5.7429423	763.5829374790192
19	5381.2188	180.32011	5568.9424	5070.435	5416.299	1191.4684	5926.0605	1849.8634	1000.0	1000.0	95000	312.44833	84.74314	418.40662	-16.88453	312.44836	84.74412	420.07065	-29.689188	312.57904	83.98914	416.2438	-16.893448	3.1735077	4.3742867	41.837837	-13.209457	-313.858	4.386332	4.3486576	5.68972	806.7954571247101
20	5321.5615	72.17129	5436.07	5221.798	6036.176	82.604294	6168.5796	5914.304	1000.0	1000.0	100000	323.3701	85.66794	429.9256	-18.118793	323.3701	85.66939	430.2317	-24.41608	323.47	84.91127	427.55975	-18.69403	3.2379363	4.3781614	37.044247	-12.979473	-324.73215	4.4641643	4.3316045	5.7419014	850.2488958835602
21	5456.757	168.93784	5679.7285	5169.1006	6194.879	139.09418	6462.9204	5933.7334	1000.0	1000.0	105000	333.6932	86.37873	441.2501	-25.41856	333.69302	86.379875	440.7018	-31.862131	333.7744	85.60716	439.34775	-19.31066	3.266122	4.385527	38.262085	-14.216951	-335.02997	4.5363584	4.464151	5.8619704	892.2107238769531
22	5717.634	165.77203	5955.056	5500.826	6144.5923	67.07102	6223.855	6018.815	1000.0	1000.0	110000	343.1653	86.97408	455.827	-20.460136	343.16562	86.97435	451.97687	-22.337116	343.21484	86.18347	453.25482	-27.890987	3.335682	4.427899	49.029182	-13.242434	-344.46326	4.3994927	4.343017	5.6459365	935.7563660144806
23	5698.06	78.20498	5808.261	5600.5254	6085.9653	360.06274	6319.9277	5031.205	1000.0	1000.0	115000	352.0717	87.910324	461.1035	-27.722992	352.07175	87.90978	461.09402	-30.977047	352.09573	87.116165	458.72864	-16.058502	3.385374	4.440521	44.785744	-12.416678	-353.3292	4.4625845	4.443876	5.8523536	979.7912344932556
24	5840.7393	130.10632	6003.7417	5635.1846	6172.5835	108.137505	6412.4263	6010.585	1000.0	1000.0	120000	360.89572	88.443665	469.05466	-13.129524	360.89578	88.44397	467.5471	-11.657034	360.891	87.650246	463.7381	-18.065384	3.4759054	4.4738994	40.708076	-16.470419	-362.13596	4.5071	4.4748735	5.9181714	1023.2559278011322
25	5705.044	92.9117	5846.2017	5587.28	6406.0986	78.17428	6533.5166	6244.9746	1000.0	1000.0	125000	368.82233	88.72795	471.8415	-33.739975	368.8225	88.728806	472.15735	-35.07136	368.8017	87.90362	470.60138	-15.60478	3.5101447	4.4983397	43.49926	-16.235184	-370.04745	4.662321	4.588443	6.071906	1067.692468881607
26	5897.4033	132.92921	6039.961	5678.376	5510.09	2046.8984	6753.4136	714.7285	1000.0	1000.0	130000	376.3599	89.05146	480.929	-29.822634	376.35986	89.05213	479.10294	-30.00236	376.31348	88.24548	479.01642	-26.904325	3.5858293	4.4789853	40.693665	-13.222553	-377.55374	4.61559	4.5589757	5.996687	1111.491593837738
27	6035.789	173.92722	6316.627	5821.2305	6253.057	87.06306	6388.3057	6107.1616	1000.0	1000.0	135000	383.68896	89.165215	497.22876	-25.496754	383.6889	89.165375	499.60947	-28.669437	383.60928	88.32267	497.22934	-26.588396	3.6145802	4.5019894	37.676613	-12.701304	-384.84894	4.5577626	4.5616946	6.0200257	1155.3911209106445
28	5965.825	111.5361	6096.1895	5772.183	5856.4272	935.4191	6509.8315	3646.7275	1000.0	1000.0	140000	390.69968	89.28291	503.1204	-16.390854	390.6999	89.28283	505.0311	-14.42636	390.6259	88.46791	501.7009	-21.75912	3.6896818	4.5293865	38.68148	-13.445322	-391.8732	4.7442	4.662799	6.1085362	1199.5385165214539
29	6149.646	174.78445	6404.182	5888.3813	6909.3623	114.36868	7076.756	6776.475	1000.0	1000.0	145000	397.6284	89.41431	509.00677	-32.046364	397.62845	89.41409	507.0285	-26.534477	397.53845	88.59204	507.61005	-18.917995	3.7604375	4.5522246	42.74663	-13.605935	-398.7931	4.825151	4.8045692	6.1858764	1243.254061460495
30	5637.0327	1220.1765	6499.4688	3211.7942	6803.8486	117.47335	7041.039	6646.517	1000.0	1000.0	150000	403.53278	91.20713	515.2392	-55.558693	403.53305	91.20627	515.9574	-60.644516	403.42712	90.40399	512.54755	-40.22791	3.7771297	4.571799	43.024014	-12.419375	-404.6649	4.858129	4.9113274	6.4635224	1289.2243483066559
31	6287.8916	74.760735	6400.922	6184.4844	5944.8506	1313.6086	6955.821	2454.6611	1000.0	1000.0	155000	408.55243	93.14801	521.2379	-32.961845	408.55243	93.14859	521.2014	-63.7101	408.42505	92.33422	523.239	-46.266705	3.8996418	4.579025	44.028168	-16.343105	-409.6755	5.1963797	5.1817155	6.676841	1334.4482502937317
32	6183.6636	341.366	6664.874	5691.1455	6988.7124	116.58439	7267.317	6819.485	1000.0	1000.0	160000	414.17157	94.115326	529.7066	-48.014927	414.17154	94.11449	532.34076	-49.857475	414.0354	93.30513	529.61914	-60.68472	3.9454813	4.6341968	43.716187	-14.371103	-415.30618	5.45624	5.458326	7.0234766	1377.9320740699768
33	6357.3057	222.57834	6601.3	6016.807	6860.539	651.4367	7244.875	4964.6304	1000.0	1000.0	165000	420.0851	94.781006	539.9468	-36.04847	420.08493	94.78212	538.9378	-37.66049	419.9521	93.95409	538.41034	-59.56758	4.02242	4.6793876	47.376316	-12.339312	-421.2085	5.7360163	5.752067	7.177203	1422.6231276988983
34	5296.4697	2257.2205	6492.711	783.19165	6147.696	1564.0319	7130.157	2743.5764	1000.0	1000.0	170000	424.75317	96.78049	544.25214	-299.72626	424.7538	96.778694	541.6927	-271.09683	424.56155	96.02373	539.6552	-235.88614	4.0555544	4.6244187	65.695274	-13.673812	-425.8568	6.4070187	6.4387693	8.0152645	1466.4055693149567
35	6410.204	145.29866	6618.3003	6271.9927	7193.4688	105.309044	7379.386	7051.609	1000.0	1000.0	175000	427.93646	101.49004	552.6237	-324.93387	427.93695	101.489624	553.1459	-358.98453	427.74942	100.754486	553.16144	-287.46164	4.1740804	4.6532054	55.562042	-13.190664	-429.05734	6.499195	6.5308905	7.798844	1508.6151518821716
36	6587.2344	161.04604	6858.1865	6378.0176	7498.686	182.66112	7711.5894	7173.932	1000.0	1000.0	180000	432.11737	103.19544	560.44415	-426.3925	432.11734	103.19444	562.43994	-385.31805	431.8858	102.4618	560.77106	-412.63538	4.2351975	4.6826487	54.609127	-14.318029	-433.2411	7.324936	7.2992725	8.697756	1551.6310667991638
37	5110.4927	2005.2083	6919.3193	2107.2834	6540.455	1238.8545	7213.914	2862.3352	1000.0	1000.0	185000	436.0559	104.00411	565.8398	-295.4245	436.0558	104.00481	566.6225	-279.23615	435.8113	103.22384	564.79333	-309.80927	4.2352257	4.664493	75.07787	-13.21856	-437.1505	7.1578913	6.997543	8.48822	1593.8267440795898
38	6581.5264	247.72485	6911.1045	6202.8125	6640.4053	1775.0883	7484.6724	1339.4476	1000.0	1000.0	190000	438.57184	106.62736	571.03906	-247.15404	438.57236	106.62793	571.585	-224.30974	438.31317	105.884415	564.2212	-222.30888	4.3127894	4.7119503	48.579132	-13.844116	-439.642	7.211422	7.108756	8.606663	1635.9657883644104
39	6771.728	107.47765	6928.9043	6599.015	6165.2188	2204.766	7411.2363	1052.3525	1000.0	1000.0	195000	442.6126	106.45142	572.75006	-210.43184	442.61295	106.45011	574.0984	-249.5843	442.33942	105.7092	571.56433	-204.2154	4.2582173	4.6770706	51.063957	-12.978613	-443.6407	7.0219827	7.0945764	8.410044	1678.6803181171417
40	6759.165	187.91367	7086.525	6558.828	7563.216	144.91035	7841.507	7321.413	1000.0	1000.0	200000	447.0149	106.73799	579.39154	-194.24174	447.01468	106.73754	577.2048	-179.46678	446.74338	105.98032	574.36346	-181.96367	4.359953	4.7143483	54.105858	-12.7128315	-448.0585	7.1502705	7.05125	8.508011	1720.9921610355377
41	6831.2354	114.01021	7022.2876	6674.1426	7555.022	138.55286	7715.302	7248.273	1000.0	1000.0	205000	450.96707	107.110504	578.6814	-185.4196	450.9671	107.11175	579.3046	-180.90932	450.67148	106.338	575.5074	-227.82178	4.354133	4.706369	64.453835	-12.439427	-451.99106	6.817072	6.8175507	8.246304	1763.2064197063446
42	6887.668	121.256165	6984.099	6666.4805	6783.5625	1944.8546	7920.3223	1264.1345	1000.0	1000.0	210000	455.29404	106.41793	580.0709	-195.87642	455.2942	106.416725	583.40784	-271.93573	454.98172	105.64486	579.8271	-183.88297	4.370455	4.7096033	66.91043	-22.489227	-456.2874	7.1221924	7.2041297	8.698031	1805.7997696399689
43	7133.3774	86.336494	7281.9985	7020.993	7314.9414	565.24194	7587.16	5633.0635	1000.0	1000.0	215000	459.70844	106.43133	585.0422	-219.10011	459.70847	106.429565	584.6634	-199.20602	459.41763	105.63706	584.3976	-206.72885	4.468489	4.7298603	51.201687	-15.280233	-460.7218	7.2058077	7.3049016	8.670923	1848.5934522151947
44	7126.7227	142.67415	7387.896	6967.9346	7776.163	120.046844	8000.3335	7587.689	1000.0	1000.0	220000	464.28012	106.51697	595.79425	-249.48772	464.28015	106.51774	596.933	-245.3446	463.97162	105.72511	596.1977	-236.05508	4.516504	4.7175055	52.954712	-15.8947935	-465.2851	7.14337	7.167433	8.507794	1891.5014305114746
45	7225.6704	136.16234	7471.6973	7074.943	7456.7515	76.65674	7541.1	7333.5303	1000.0	1000.0	225000	468.87183	106.0994	600.24194	-162.80577	468.87198	106.09838	601.4021	-174.37396	468.54944	105.295586	601.48627	-199.96756	4.544127	4.705836	65.90956	-13.947671	-469.85626	6.917447	6.9884615	8.181353	1934.2450323104858
46	7002.0117	286.19156	7547.446	6769.5923	7735.3037	107.64688	7892.549	7559.414	1000.0	1000.0	230000	473.42053	105.782005	604.27496	-213.36852	473.42056	105.78104	603.7156	-203.6938	473.10413	104.96516	604.6285	-195.30557	4.6261964	4.7164497	52.819607	-11.580273	-474.4196	7.295479	7.404408	8.689293	1977.6935453414917
47	7280.1665	364.09387	7884.829	6825.8794	8016.5493	138.39363	8187.1904	7764.324	1000.0	1000.0	235000	478.34677	105.65176	614.18396	-189.04276	478.34677	105.650444	614.36597	-192.12164	478.04062	104.824455	610.96277	-211.35301	4.6978507	4.738885	61.45966	-12.632658	-479.33344	6.7626953	6.854725	8.194041	2020.8140120506287
48	7259.392	236.22151	7589.688	6992.639	7782.509	187.15858	8132.646	7508.821	1000.0	1000.0	240000	482.5627	106.74243	620.6892	-207.31175	482.56244	106.74216	617.191	-198.06648	482.23297	105.93765	617.3172	-194.76758	4.7087636	4.7572308	61.014328	-14.163784	-483.5548	6.915542	6.957134	8.146342	2064.703132867813
49	7366.819	36.809174	7400.862	7305.962	7775.659	214.5591	8200.201	7362.865	1000.0	1000.0	245000	487.19727	106.16239	624.21234	-191.25809	487.19778	106.16019	624.27576	-204.96037	486.86502	105.32409	619.0862	-190.67453	4.6804094	4.7119737	51.52347	-12.903791	-488.1412	6.9043236	6.922072	8.098633	2109.667311191559
50	7574.6353	139.42131	7711.9424	7341.4775	7946.9897	166.89449	8341.976	7753.4727	1000.0	1000.0	250000	491.79953	106.64214	640.8684	-186.74503	491.79956	106.642586	640.4027	-179.61334	491.46893	105.84387	635.4601	-182.06721	4.751495	4.7127886	55.18882	-13.998833	-492.7491	7.0032673	7.0664797	8.246833	2154.460307598114
51	7591.538	202.9458	7898.299	7359.8135	8205.053	116.212494	8397.415	7964.297	1000.0	1000.0	255000	496.56583	106.894806	643.98505	-155.90472	496.5656	106.895035	645.5816	-150.54216	496.2265	106.0737	641.65454	-147.15633	4.816351	4.7548494	50.382324	-14.082887	-497.53214	6.9418783	6.961428	8.287275	2199.515810728073
52	7726.3687	121.88332	7845.951	7547.489	8071.5635	968.87036	8627.801	5199.501	1000.0	1000.0	260000	500.9413	107.5556	647.1853	-152.46745	500.94165	107.55415	647.50354	-144.4353	500.61273	106.72407	643.6733	-142.54666	4.860438	4.7384934	51.065586	-13.236538	-501.9258	7.105858	7.118279	8.317083	2244.160921573639
53	7906.4233	166.03899	8118.474	7669.6797	8379.685	115.28865	8647.303	8182.7314	1000.0	1000.0	265000	505.76007	108.188156	654.4515	-154.92976	505.7604	108.18622	654.214	-136.31738	505.43408	107.33783	651.79785	-137.58565	4.9624057	4.763318	63.581253	-13.994234	-506.73444	7.0874796	7.1863594	8.345658	2288.4799070358276
54	7629.9126	231.59038	8086.0103	7470.3594	8095.464	72.5329	8215.62	8013.899	1000.0	1000.0	270000	510.96884	108.12282	657.68304	-146.34787	510.96863	108.12302	656.27496	-151.21	510.65378	107.27075	657.39557	-147.82317	5.0232363	4.767024	52.927334	-13.696078	-511.95386	7.1940455	7.2601447	8.339037	2333.7266879081726
55	7838.991	219.74103	8065.9253	7502.9385	8391.807	116.04883	8565.35	8202.257	1000.0	1000.0	275000	516.3453	107.48802	668.71423	-165.27676	516.3453	107.48646	669.28986	-148.80888	515.999	106.629974	666.0423	-137.95686	5.060739	4.8142962	72.49976	-13.327396	-517.3093	7.292981	7.291783	8.512648	2380.2405569553375
56	8050.3	231.5829	8248.096	7602.6616	8020.035	125.69301	8293.782	7836.244	1000.0	1000.0	280000	520.2271	108.45414	675.72986	-198.72662	520.22687	108.453384	679.12634	-187.61815	519.872	107.57286	674.22455	-179.13234	5.16024	4.819695	57.66739	-13.968012	-521.212	7.7294555	7.8413453	8.7895155	2426.0611884593964
57	7898.7734	263.69937	8405.931	7674.6167	8737.656	74.333	8908.174	8630.959	1000.0	1000.0	285000	524.5547	108.793335	677.3918	-123.427795	524.5549	108.794556	680.7106	-164.3878	524.2212	107.89627	683.8128	-144.50896	5.2095847	4.7929034	56.529503	-13.480357	-525.55597	7.4977984	7.5368094	8.587062	2472.022779941559
58	7993.936	241.027	8245.291	7597.614	8750.143	182.30327	8967.763	8442.371	1000.0	1000.0	290000	529.3088	108.94194	684.1869	-117.921936	529.30853	108.94137	687.3569	-104.73666	528.9653	108.073204	683.5174	-134.98918	5.2223983	4.787896	62.741814	-15.324326	-530.2872	7.4800735	7.54685	8.675497	2518.5002970695496
59	8014.7046	171.55214	8301.496	7769.1226	8461.813	163.90186	8763.394	8200.3125	1000.0	1000.0	295000	533.46564	109.54316	688.9269	-113.1666	533.46576	109.54217	689.24286	-97.90094	533.1412	108.637634	684.4646	-128.79906	5.23938	4.7931514	72.69675	-14.155448	-534.4664	7.7086983	7.7608194	8.76534	2564.4771208763123
60	8049.9297	147.14429	8207.716	7853.4155	8529.924	163.47952	8762.552	8212.696	1000.0	1000.0	300000	538.5253	109.298546	692.1511	-161.01357	538.5252	109.29712	691.7203	-170.42313	538.19476	108.40978	692.0709	-210.58954	5.3049655	4.847403	61.279816	-13.324553	-539.5093	7.6601453	7.8383594	8.90907	2610.863986968994
61	8015.5376	216.39915	8274.813	7637.889	8820.316	185.7058	9178.281	8564.038	1000.0	1000.0	305000	542.5044	110.70458	699.94464	-193.56155	542.5045	110.70311	701.7232	-156.40747	542.16327	109.81061	699.1671	-168.2468	5.4160604	4.818337	71.896866	-13.21604	-543.5107	7.8741484	7.9898915	9.209885	2657.4299540519714
62	8383.6045	192.94298	8559.798	8037.258	8643.105	197.8926	8999.104	8263.994	1000.0	1000.0	310000	547.27954	110.354225	708.7509	-130.44322	547.2798	110.353	712.7945	-122.33082	546.9414	109.46476	712.5619	-150.96425	5.416101	4.8058147	67.09423	-12.921968	-548.2905	7.825671	7.957165	8.956001	2703.7973022460938
63	8290.589	278.52066	8807.073	7964.235	8716.478	110.48509	8844.223	8428.865	1000.0	1000.0	315000	551.87714	110.74568	714.63525	-137.77155	551.877	110.74503	714.4539	-100.73944	551.5253	109.84116	716.68274	-127.374626	5.489832	4.798461	67.43323	-14.351492	-552.888	7.979151	8.050191	9.15948	2750.545332670212
64	8289.971	216.19043	8701.801	8070.4155	9199.834	121.42662	9381.037	8973.766	1000.0	1000.0	320000	555.4848	111.71255	719.4646	-129.62169	555.4844	111.7136	718.0931	-124.137184	555.11884	110.82012	718.62933	-129.80017	5.461039	4.787124	70.3397	-15.556115	-556.48175	8.275721	8.471008	9.432023	2796.3412113189697
65	8303.664	199.37056	8569.109	8072.8955	9006.686	171.55211	9271.453	8796.51	1000.0	1000.0	325000	558.9319	111.81816	730.03955	-142.61377	558.93176	111.81826	733.447	-120.64284	558.5512	110.915245	728.54193	-145.43274	5.570211	4.839129	61.09578	-12.4692955	-559.9288	8.284289	8.298674	9.414214	2842.4239580631256
66	8394.878	105.36764	8492.964	8258.517	9214.12	80.60916	9320.913	9062.807	1000.0	1000.0	330000	562.7726	111.55876	730.0953	-201.96034	562.77295	111.55674	730.2393	-150.35025	562.4056	110.60709	730.9645	-135.35594	5.594436	4.760481	64.9706	-16.139019	-563.7811	8.213711	8.3251095	9.249449	2888.569191932678
67	8757.838	247.25505	9200.37	8506.64	9298.382	204.18053	9560.943	8827.219	1000.0	1000.0	335000	566.7162	111.39906	738.43207	-117.91188	566.71576	111.39809	737.3924	-123.20735	566.3436	110.47721	729.691	-116.25975	5.6531715	4.790187	70.81001	-15.251493	-567.7226	8.135555	8.366339	9.228203	2934.7598650455475
68	8643.803	318.1288	9119.139	8215.914	9407.854	172.88454	9681.862	9117.419	1000.0	1000.0	340000	570.6911	112.467064	738.71893	-119.848236	570.6911	112.46811	739.44714	-119.16399	570.3078	111.55871	739.9086	-127.83626	5.6651087	4.767702	70.60761	-13.384842	-571.7014	8.354488	8.534696	9.564201	2980.522758960724
69	7174.1313	3047.2292	8976.071	1105.5753	9342.817	148.61522	9523.486	9088.078	1000.0	1000.0	345000	573.6209	115.655945	739.1697	-215.35867	573.6204	115.65537	743.9074	-189.56235	573.25714	114.73214	737.2405	-195.47665	5.7166176	4.804217	69.13049	-14.105099	-574.6526	8.655482	8.680482	9.654744	3027.23477435112
70	8752.753	232.26663	9007.952	8349.611	7926.517	1635.6532	9166.34	4687.059	1000.0	1000.0	350000	576.8312	116.82211	750.8811	-177.21326	576.83057	116.82326	754.76337	-167.10135	576.44476	115.90599	746.00104	-169.66205	5.776059	4.8229876	59.149918	-12.943953	-577.8561	9.305178	9.416347	9.949644	3073.896877527237
71	8689.071	211.56	9034.595	8417.631	9559.939	92.382286	9729.623	9431.942	1000.0	1000.0	355000	580.3281	116.64681	751.7791	-226.65683	580.3282	116.647316	753.5192	-226.15242	579.91534	115.72001	749.6874	-203.87549	5.8537474	4.8085585	61.184944	-12.071656	-581.34735	9.900309	9.865569	10.455883	3120.3325505256653
72	8950.383	327.80063	9206.624	8314.77	9348.24	153.84003	9572.922	9162.386	1000.0	1000.0	360000	584.0131	116.84741	760.86945	-181.24182	584.01276	116.84817	760.7518	-197.39893	583.5974	115.92065	753.7128	-206.74474	5.890073	4.812585	58.646355	-16.13919	-585.0521	10.043706	10.163617	10.60606	3166.717166185379
73	9013.049	206.67148	9307.236	8772.695	9385.262	99.24532	9545.559	9196.402	1000.0	1000.0	365000	587.6173	118.131485	761.8197	-183.21858	587.6175	118.13078	763.7605	-181.8659	587.20264	117.23405	761.0601	-158.72372	5.929543	4.8215094	53.562325	-12.10084	-588.6436	9.091596	9.238793	10.138814	3214.2945675849915
74	9052.836	361.84955	9460.604	8439.393	8875.264	1860.1746	9653.246	3313.1055	1000.0	1000.0	370000	591.1144	118.975624	766.10095	-149.21973	591.11456	118.97483	769.2706	-147.16237	590.6941	118.05012	762.8821	-169.72147	5.96208	4.827966	73.46529	-14.115661	-592.15	9.551133	9.594768	10.4367075	3261.335610628128
75	8961.026	228.9157	9413.984	8810.226	9542.774	152.81693	9734.395	9262.115	1000.0	1000.0	375000	595.1591	118.306885	769.99945	-175.68216	595.1585	118.30611	769.8739	-170.27477	594.74493	117.33289	765.4105	-173.41959	6.050454	4.8223286	57.96099	-14.663418	-596.189	9.583664	9.588897	10.334621	3308.887600660324
76	7670.366	3255.3965	9658.168	1172.4523	9339.187	188.10786	9725.028	9112.578	1000.0	1000.0	380000	598.4983	119.61353	775.071	-153.38792	598.49817	119.61328	774.5507	-167.28154	598.0693	118.680565	771.76733	-143.00943	6.064476	4.8412595	58.664516	-13.722285	-599.524	9.407073	9.4446535	10.353362	3355.5732986927032
77	8289.811	1252.9498	9093.39	5791.641	9963.081	102.81138	10144.204	9808.99	1000.0	1000.0	385000	600.19574	124.2089	779.4105	-398.9564	600.19556	124.21065	781.0364	-413.88754	599.75635	123.307846	774.08606	-477.7111	6.0883837	4.8302417	63.07766	-12.583525	-601.2415	10.714094	10.834333	11.431328	3403.5515117645264
78	7997.288	2120.868	9368.555	3775.5952	9521.323	121.6698	9731.192	9316.366	1000.0	1000.0	390000	601.9937	127.720314	784.94775	-523.5496	601.99384	127.71805	783.4513	-559.5018	601.54034	126.86113	781.88837	-599.7677	6.2078633	4.8839397	80.257935	-13.081556	-603.0846	12.443716	12.740477	12.339873	3449.9649682044983
79	9161.983	235.79366	9446.02	8850.702	8915.219	2206.6736	9942.583	2314.4875	1000.0	1000.0	395000	605.0875	127.90248	789.015	-549.7685	605.08777	127.902374	788.4279	-613.4011	604.63257	127.00684	787.0125	-562.8515	6.20356	4.8395133	71.99065	-16.301256	-606.19055	12.997175	13.11375	13.012856	3497.197282552719
80	9284.187	276.69876	9812.431	9037.727	9704.984	91.48716	9906.596	9576.413	1000.0	1000.0	400000	608.53436	127.811806	792.98596	-488.70117	608.5346	127.80903	788.7333	-506.28217	608.0786	126.91505	787.55316	-482.34668	6.2521243	4.8577423	92.35834	-13.162268	-609.605	11.907506	12.037998	12.145277	3544.604301214218
81	9294.575	290.2363	9617.292	8843.649	9848.529	152.40605	10071.247	9618.11	1000.0	1000.0	405000	611.54645	128.22807	794.1216	-454.84576	611.5466	128.22693	795.28986	-458.0438	611.0849	127.3337	800.1284	-471.72348	6.2391596	4.8500943	80.19569	-13.732514	-612.6186	11.5243025	11.63243	12.194486	3591.525593519211
82	7870.3765	2855.8904	9528.479	2169.18	9867.224	142.85428	10077.664	9587.924	1000.0	1000.0	410000	614.40045	130.91948	801.944	-400.05963	614.39996	130.91943	802.1944	-340.16666	613.9495	130.00856	796.0546	-462.72656	6.3217525	4.8305483	60.42163	-12.84012	-615.4775	11.19681	11.291764	11.667034	3638.726002931595
83	9367.256	263.87766	9745.025	8936.6455	9756.8545	146.5487	9968.682	9463.324	1000.0	1000.0	415000	618.0473	131.9196	804.93726	-361.39798	618.0469	131.92097	804.5199	-389.10153	617.5782	131.03879	800.1419	-369.76282	6.3336873	4.8281355	70.74859	-13.88142	-619.1123	11.605003	11.761656	12.108634	3685.9018816947937
84	9221.6455	217.81787	9581.815	8945.961	9701.445	91.84631	9851.446	9508.402	1000.0	1000.0	420000	621.48315	132.88809	804.8461	-388.7718	621.4826	132.88982	805.4565	-386.87524	621.00964	131.9997	810.33276	-390.69278	6.4035945	4.8807216	71.204834	-13.301641	-622.57	11.38862	11.582662	12.069334	3733.1501421928406
85	9333.486	236.98099	9667.752	8943.018	9673.877	189.81686	9975.817	9372.812	1000.0	1000.0	425000	624.2051	132.80481	811.0881	-455.93378	624.2054	132.80255	810.3678	-418.9298	623.7114	131.89044	805.42596	-383.5498	6.4015245	4.880435	78.03953	-12.314105	-625.2777	12.091261	12.3438	12.421976	3780.5448184013367
86	9384.488	98.19333	9509.286	9216.245	9963.043	86.14111	10069.174	9832.761	1000.0	1000.0	430000	627.1478	132.67746	807.70526	-362.697	627.14667	132.67918	807.0769	-405.73923	626.67706	131.77664	812.9869	-420.18457	6.549916	4.8883204	70.92847	-15.258741	-628.2226	11.674107	11.993118	12.279009	3827.9319014549255
87	9137.967	444.557	9537.066	8317.128	8969.396	2316.75	10254.759	2506.7742	1000.0	1000.0	435000	629.938	133.75818	810.93164	-415.3393	629.93787	133.75916	811.9841	-426.0482	629.4373	132.85971	809.98456	-390.07806	6.489371	4.885445	70.269295	-13.271022	-631.0145	11.486878	11.71241	12.243916	3875.1167430877686
88	9437.437	322.7095	9724.608	8891.18	9906.672	120.74349	10124.065	9725.172	1000.0	1000.0	440000	633.10187	133.92203	812.81854	-331.76953	633.1016	133.92146	814.8423	-354.21906	632.6092	133.00195	811.86017	-395.28622	6.532035	4.8529906	60.871716	-12.826002	-634.1578	11.892165	12.1023035	12.393988	3921.327794075012
89	9563.202	116.93402	9718.971	9434.701	9911.962	108.72928	10069.958	9705.601	1000.0	1000.0	445000	635.87366	133.40479	821.2109	-285.94928	635.87335	133.40596	822.47076	-293.19724	635.3258	132.50046	817.56635	-428.6524	6.4563575	4.820489	74.87697	-13.132901	-636.9122	12.615716	12.611991	13.009683	3968.9728541374207
90	9556.192	103.153244	9684.443	9409.526	10134.203	93.03577	10295.205	9933.432	1000.0	1000.0	450000	638.46533	133.98157	820.93536	-403.1479	638.4645	133.98335	828.6943	-372.05725	637.95844	133.0506	819.56305	-358.66266	6.5675197	4.7999916	66.50552	-13.102979	-639.52563	12.248633	12.480878	12.630894	4016.0543365478516
91	9442.19	209.31094	9763.209	9133.005	9834.032	260.6633	10100.625	9142.112	1000.0	1000.0	455000	641.3114	134.18991	833.0437	-404.08026	641.3112	134.18954	831.3893	-405.07852	640.7857	133.26161	825.4759	-419.04156	6.6046896	4.8642755	65.14261	-12.100096	-642.3709	12.036524	12.140672	12.636543	4063.1516864299774
92	9620.438	103.70596	9741.396	9476.768	9906.645	115.00737	10101.119	9727.906	1000.0	1000.0	460000	643.6657	134.78333	828.0006	-354.92334	643.66534	134.7812	830.2569	-358.79153	643.11755	133.847	829.7057	-342.0608	6.5877666	4.849515	64.62434	-13.006986	-644.7191	12.943682	13.266648	13.100152	4110.441414833069
93	9518.552	194.62137	9736.4795	9205.314	10339.314	184.42586	10744.895	10116.061	1000.0	1000.0	465000	646.4782	134.75656	831.1327	-171.7164	646.4784	134.75723	830.64624	-161.12485	645.9456	133.816	833.6924	-179.98718	6.57534	4.793426	63.77625	-12.474259	-647.5105	11.628879	11.72949	12.146764	4158.471928596497
94	9589.936	263.16763	9891.814	9149.737	10007.127	90.81006	10169.64	9912.971	1000.0	1000.0	470000	649.28284	135.15935	833.0771	-223.15523	649.28265	135.16008	835.43494	-242.46178	648.7293	134.22137	830.28674	-267.6659	6.5919533	4.8048887	54.748123	-16.77732	-650.2988	11.733972	11.8567095	12.477605	4206.315050363541
95	9646.084	374.24585	10020.853	8964.131	10203.622	202.03197	10402.61	9907.847	1000.0	1000.0	475000	652.13385	133.93063	839.70874	-280.4358	652.1338	133.93008	838.18555	-265.1922	651.59686	132.97935	836.5223	-278.76776	6.6814413	4.8588066	55.73055	-14.098093	-653.1606	11.652082	11.76832	12.340936	4255.655232191086
96	9557.741	148.76779	9788.729	9383.816	10352.794	94.42925	10510.627	10201.257	1000.0	1000.0	480000	654.5112	134.87422	848.2838	-164.85178	654.5103	134.87508	843.6715	-190.31442	653.94556	133.90598	844.55475	-243.55399	6.5923696	4.7796702	51.533756	-11.414404	-655.507	11.53402	11.740486	12.353467	4302.726938962936
97	9856.486	245.93755	10291.231	9568.127	8945.964	2434.3938	9957.571	1648.1628	1000.0	1000.0	485000	657.5251	134.82713	855.27856	-228.4692	657.52576	134.82475	850.4746	-276.37692	656.9451	133.86806	849.34375	-145.0621	6.604293	4.82423	66.12358	-15.005068	-658.51917	11.481821	11.533034	12.341329	4351.303017854691
98	9751.362	144.24107	9903.692	9508.862	9510.433	156.2948	9707.384	9101.538	1000.0	1000.0	490000	659.5413	135.74146	852.10895	-197.08469	659.54016	135.74231	855.1583	-230.36923	658.95575	134.78188	848.2133	-198.46432	6.6649275	4.827731	60.093777	-15.639982	-660.5198	11.808148	12.030604	12.88982	4399.707466602325
99	9571.325	321.8011	9844.925	8961.362	9508.969	2615.6636	10585.056	1676.2952	1000.0	1000.0	495000	662.5118	135.04622	854.9671	-261.09244	662.51215	135.04529	853.97736	-278.91245	661.9549	134.07736	851.4028	-246.22536	6.652743	4.8088074	79.37297	-13.5263405	-663.51733	11.930106	11.927745	12.556327	4447.4437165260315
100	8836.32	2083.6729	10195.332	4691.3154	10104.854	127.405014	10384.65	9928.214	1000.0	1000.0	500000	664.1501	138.39336	857.79663	-325.00754	664.1487	138.39793	857.98376	-292.316	663.57184	137.46487	856.6036	-320.29602	6.650533	4.7824597	80.10651	-12.5150795	-665.1443	11.91321	11.845733	12.530046	4496.277981519699
101	9673.989	354.42343	9987.169	9012.621	9691.831	164.1676	9952.096	9412.85	1000.0	1000.0	505000	666.7308	137.67967	854.8392	-260.37997	666.73096	137.67926	860.16766	-267.36514	666.1269	136.74396	857.444	-330.5513	6.735671	4.824647	78.937355	-12.368629	-667.7256	12.0669155	12.112755	12.700569	4544.833745956421
102	9901.021	381.61462	10464.977	9381.164	10091.907	137.84982	10366.461	9824.707	1000.0	1000.0	510000	668.89417	138.85306	860.58234	-263.16336	668.89435	138.85356	856.55835	-274.98926	668.3035	137.90326	855.006	-334.97244	6.7745557	4.793531	61.58945	-12.036759	-669.8865	12.324972	12.259568	12.976817	4592.417808771133
103	9120.189	1485.5256	10154.567	6181.3335	10564.406	196.02682	10891.397	10237.223	1000.0	1000.0	515000	671.11096	138.78996	868.39594	-257.53946	671.1112	138.7885	863.5833	-268.88412	670.5008	137.8291	858.0743	-238.56914	6.703345	4.7773714	78.99352	-12.360272	-672.0635	12.44165	12.543346	12.951034	4640.844841241837
104	9739.151	234.30531	10089.987	9381.794	10489.178	154.69661	10702.777	10230.336	1000.0	1000.0	520000	672.516	140.05669	861.39056	-293.16263	672.515	140.05635	865.6252	-275.0009	671.8888	139.10204	862.4878	-319.1803	6.7684035	4.8275294	78.09675	-12.281471	-673.4813	12.635647	12.818616	13.194714	4689.280305147171
105	9917.813	247.5622	10103.488	9433.072	10402.964	122.21535	10529.938	10165.193	1000.0	1000.0	525000	675.09625	140.19984	866.78796	-293.52878	675.09607	140.19981	864.8101	-256.6316	674.4896	139.2522	864.8079	-323.53143	6.79821	4.8107586	80.36413	-13.930674	-676.0975	12.535558	12.823555	13.152371	4737.223280668259
106	9754.56	205.61485	10138.692	9523.481	10466.646	145.76639	10690.29	10163.299	1000.0	1000.0	530000	677.56793	139.91887	874.4016	-291.12302	677.56805	139.91646	871.4585	-264.69418	676.9536	138.9286	868.1735	-349.2363	6.7635636	4.7824383	61.449074	-11.406879	-678.5649	12.814345	13.0162325	13.146978	4785.460187673569
107	9882.512	269.08163	10222.136	9537.672	10300.556	97.08505	10453.197	10114.794	1000.0	1000.0	535000	679.6917	140.50632	869.8635	-325.5283	679.6922	140.50433	871.5682	-290.08813	679.0739	139.56125	867.04865	-288.79132	6.837189	4.823827	74.60305	-14.293961	-680.6857	12.69423	12.773642	13.289288	4833.837011575699
108	9897.659	259.57532	10222.744	9426.064	10571.404	179.82317	10910.5	10287.191	1000.0	1000.0	540000	681.997	140.95885	869.1824	-277.2794	681.9968	140.9577	870.085	-288.9081	681.36536	139.99977	872.13837	-310.67892	6.8654866	4.826965	77.521576	-12.362297	-683.004	13.242787	13.273252	13.529143	4882.3976674079895
109	9941.416	383.14594	10551.914	9471.262	10518.748	210.29532	10930.399	10331.715	1000.0	1000.0	545000	684.8081	140.0983	875.7052	-266.27014	684.80817	140.10004	877.0417	-277.73636	684.17444	139.1106	867.8797	-321.12958	6.8743935	4.785356	61.760002	-14.775642	-685.78186	13.000711	12.988184	13.233961	4931.023030042648
110	10154.956	317.2813	10644.19	9794.752	10506.759	130.71536	10701.2	10279.155	1000.0	1000.0	550000	686.4991	140.41188	881.4468	-360.31378	686.49854	140.41083	881.9352	-339.31433	685.85535	139.41579	877.3748	-323.04184	6.838307	4.801553	72.21865	-11.817852	-687.4478	12.610454	12.573278	13.194403	4980.220818996429
111	10054.784	289.35257	10433.311	9703.926	10351.473	183.7299	10672.908	10008.076	1000.0	1000.0	555000	688.6126	139.67432	883.0711	-322.13306	688.61255	139.67554	884.3668	-323.29242	687.9376	138.6913	883.4033	-336.23862	6.843762	4.7995057	70.90505	-15.916461	-689.5545	13.040698	13.102917	13.731056	5028.792829751968
112	9829.514	143.54109	10027.167	9699.949	10667.528	171.5539	10824.518	10223.431	1000.0	1000.0	560000	689.7222	141.2883	884.0886	-372.59106	689.72156	141.29216	887.1203	-344.46777	689.0173	140.32169	881.1732	-433.94562	6.8326783	4.7792068	81.84602	-14.376879	-690.6303	13.504151	13.458515	13.775772	5077.148620843887
113	10112.786	317.52643	10548.576	9804.061	10391.594	130.448	10568.172	10107.951	1000.0	1000.0	565000	691.31226	140.62462	887.8314	-356.03836	691.31244	140.62418	886.15027	-381.5754	690.6023	139.6629	888.7224	-364.36768	6.887086	4.78054	81.49155	-14.180687	-692.24457	13.932595	13.898056	14.142916	5126.242912054062
114	10201.062	149.99185	10417.869	9963.961	10520.982	177.40239	10745.392	10258.994	1000.0	1000.0	570000	693.45544	141.22488	886.50665	-382.56024	693.45514	141.22668	888.3087	-307.54852	692.7672	140.24016	887.96466	-341.65	6.929898	4.8130255	73.69509	-12.496714	-694.3912	12.963008	12.915682	13.506305	5175.386797904968
115	10185.4375	210.67505	10494.6455	9854.713	10514.794	241.245	10862.194	9985.178	1000.0	1000.0	575000	695.3783	141.14894	889.9923	-317.88052	695.3781	141.14857	888.10846	-368.5982	694.69714	140.16092	891.3719	-420.19485	6.949694	4.8108325	76.766754	-13.304433	-696.3103	13.37425	13.670392	13.816084	5225.3340945243835
116	8073.642	3493.842	10193.493	1106.2621	10670.399	129.67555	10860.961	10447.234	1000.0	1000.0	580000	695.9419	143.59474	889.56976	-376.3546	695.94165	143.59615	889.5804	-359.29175	695.2476	142.61821	889.0809	-466.90125	6.9309754	4.8420625	68.38119	-12.637766	-696.8755	13.38921	13.192977	13.777684	5273.992314338684
117	7953.721	3351.4353	10428.625	1391.231	10721.375	162.89415	10928.04	10402.582	1000.0	1000.0	585000	698.2108	144.7006	899.68933	-285.5869	698.20996	144.70457	895.91547	-289.95773	697.5201	143.75484	890.6517	-305.38406	7.021089	4.858576	73.232834	-11.896662	-699.1492	13.254085	13.329872	13.931494	5323.34610247612
118	10102.941	137.96074	10293.015	9987.812	10332.35	208.81613	10709.214	9861.718	1000.0	1000.0	590000	698.54517	149.31235	893.2065	-312.42386	698.5447	149.31412	893.2479	-335.25516	697.80865	148.40579	890.9107	-308.7356	6.955008	4.8339567	68.541985	-11.801478	-699.4791	14.351876	14.141794	14.432769	5373.145796060562
119	10402.033	125.03852	10559.596	10215.443	10095.02	608.31433	10366.708	8281.653	1000.0	1000.0	595000	700.5674	148.9577	901.18445	-316.23596	700.56683	148.95865	897.2421	-314.68503	699.85815	148.01338	893.968	-316.6979	7.050463	4.844392	76.081924	-12.934765	-701.4907	13.888739	14.007639	14.002825	5422.125426530838
120	10207.99	311.09515	10449.804	9620.678	10624.248	172.75739	10904.243	10302.446	1000.0	1000.0	600000	702.86096	148.9542	897.48706	-322.84247	702.86	148.95502	900.07367	-333.73837	702.1257	147.99835	899.7543	-324.81424	7.0888376	4.8216887	65.85871	-12.894669	-703.7492	13.939997	14.033487	13.743259	5471.7582585811615
121	10003.154	303.98093	10367.515	9445.551	10511.932	177.11333	10775.154	10233.986	1000.0	1000.0	605000	705.19604	147.9313	898.1921	-320.42624	705.1961	147.93271	899.16833	-332.0713	704.4808	146.9834	899.65063	-312.3694	7.045314	4.7668223	65.13698	-14.809506	-706.0942	14.0066185	13.848738	14.157212	5521.761789083481
122	10110.08	187.87401	10483.83	9981.902	10342.997	127.64963	10516.747	10063.928	1000.0	1000.0	610000	706.63165	149.00728	900.9063	-324.94376	706.63025	149.0092	900.4115	-321.59576	705.8994	148.04529	896.2174	-318.78372	7.0234923	4.804292	59.35729	-12.64707	-707.52075	13.478822	13.481628	13.996875	5571.459554195404
123	9508.371	1515.0632	10654.066	6509.058	10571.725	353.9841	10837.282	9608.389	1000.0	1000.0	615000	708.18695	148.20978	900.9018	-317.48975	708.1874	148.20839	903.52045	-320.79852	707.45886	147.2731	902.3277	-320.53143	6.9791946	4.80817	62.33782	-13.543671	-709.0765	13.436112	13.550056	14.111316	5621.069542884827
124	10440.893	84.51719	10543.3125	10315.17	10700.463	177.93071	10914.334	10420.782	1000.0	1000.0	620000	710.1976	149.63602	905.6614	-333.20862	710.1972	149.63751	907.8572	-343.585	709.4856	148.68506	904.0807	-323.81937	7.096523	4.870695	67.05041	-11.828877	-711.1198	14.055282	13.985266	14.448064	5671.151710510254
125	10282.697	232.55916	10568.066	9949.978	10706.154	141.58664	10868.431	10444.228	1000.0	1000.0	625000	712.3589	149.27048	907.5647	-315.76495	712.35864	149.26958	907.01	-328.3036	711.5972	148.33067	903.4905	-315.53223	7.122384	4.8604302	63.169933	-13.006632	-713.22235	14.389259	14.687407	14.177125	5720.43270111084
126	10248.034	369.78317	10557.69	9569.418	10365.3545	249.16086	10692.023	9823.569	1000.0	1000.0	630000	713.3258	148.74443	906.9782	-322.6905	713.3258	148.74756	906.45544	-313.63922	712.566	147.75845	905.55304	-301.45255	7.066563	4.817331	67.681885	-13.912885	-714.2064	14.247122	14.519227	14.359823	5770.0881016254425
127	10129.06	113.22372	10276.844	9983.174	10671.614	172.94127	10989.368	10298.25	1000.0	1000.0	635000	715.20703	148.56076	907.1658	-292.50256	715.2063	148.56621	907.8432	-296.9195	714.4272	147.60335	906.57166	-292.01807	7.090132	4.8246717	73.636345	-12.650688	-716.0658	14.084958	13.998069	13.837159	5820.301802635193
128	10272.945	149.695	10556.118	10142.724	10912.186	184.73532	11169.025	10567.856	1000.0	1000.0	640000	716.9209	148.37509	912.7541	-279.9498	716.9209	148.37378	909.3211	-294.0467	716.1666	147.40039	907.59467	-287.2846	7.137839	4.8198843	79.89768	-13.926127	-717.75446	13.917409	13.831897	13.820995	5870.99410533905
129	10247.216	278.7433	10499.208	9722.028	10776.515	201.71153	11260.508	10469.529	1000.0	1000.0	645000	718.4135	149.22784	908.94885	-294.77335	718.4134	149.22699	909.5186	-296.39935	717.6434	148.26785	909.6916	-289.1998	7.1576524	4.787923	64.564964	-13.646052	-719.26587	13.809625	14.15439	13.907454	5921.123095989227
130	10189.548	337.11246	10482.939	9567.882	10359.723	176.45087	10592.385	10054.269	1000.0	1000.0	650000	720.1945	149.00412	912.8114	-302.78067	720.1943	149.00322	908.8886	-302.43048	719.40857	148.0294	912.86115	-296.59262	7.129488	4.83416	64.55627	-14.284598	-721.0431	14.840828	14.79686	14.748062	5971.3239233493805
131	10455.156	243.89685	10744.017	10193.045	10535.174	259.60928	10912.215	9967.286	1000.0	1000.0	655000	721.75665	148.90207	913.9595	-306.85083	721.7565	148.90363	912.82733	-303.09695	720.9845	147.93314	911.75726	-295.77158	7.1462593	4.816046	89.03025	-13.991019	-722.609	14.1598625	14.538561	13.878247	6020.9511132240295
132	10205.466	259.86795	10555.142	9865.545	10525.922	177.19171	10811.231	10250.83	1000.0	1000.0	660000	723.58325	149.04967	917.08405	-296.9068	723.58325	149.05101	918.2822	-292.41275	722.7986	148.07207	912.6382	-293.00394	7.232473	4.8312364	70.78456	-11.458619	-724.4186	14.750984	14.723183	14.542925	6071.015127897263
133	10198.896	197.89067	10538.723	9999.868	9160.956	3175.959	10922.231	2487.6143	1000.0	1000.0	665000	724.8991	149.26355	914.33417	-305.9181	724.8986	149.26515	919.7899	-299.43564	724.102	148.31358	914.7307	-301.736	7.2137175	4.8303046	68.65482	-12.244795	-725.7369	14.772394	14.758481	14.223964	6120.770700454712
134	10405.372	187.90607	10625.885	10065.438	10575.693	175.80515	10786.305	10218.687	1000.0	1000.0	670000	727.0222	148.43565	917.9051	-310.1964	727.0216	148.43703	919.1741	-325.75665	726.21704	147.4524	912.8846	-322.94843	7.206611	4.8258586	74.05547	-13.304131	-727.8439	14.67221	14.687619	14.471934	6170.871975183487
135	10436.162	276.1179	10811.788	10184.819	10338.818	1086.8967	10866.191	7089.0015	1000.0	1000.0	675000	727.8455	149.54282	917.48865	-318.54285	727.84485	149.54413	918.02167	-322.07846	727.027	148.58395	915.6435	-318.68658	7.220878	4.8284802	69.408	-11.814703	-728.6545	14.837633	14.764754	14.12724	6221.019370794296
136	8733.937	3286.5615	10595.251	2176.6375	10911.096	82.028915	11082.241	10790.829	1000.0	1000.0	680000	728.4551	150.78226	918.0351	-317.72546	728.4544	150.7843	918.6767	-335.39398	727.64185	149.82602	918.25684	-315.81567	7.2499614	4.8405156	61.495415	-13.520608	-729.2644	15.211267	15.310622	15.104296	6271.93684220314
137	10278.739	148.68208	10528.622	10123.788	10903.783	108.011375	11068.888	10702.156	1000.0	1000.0	685000	729.2658	152.21753	921.30896	-307.85565	729.26544	152.2185	922.9116	-312.0049	728.4505	151.27681	922.5662	-311.662	7.204983	4.8249784	66.278656	-12.244391	-730.0542	14.343856	14.489275	14.051937	6321.805282592773
138	10389.647	137.17921	10546.2295	10183.372	10671.592	197.14851	11006.933	10371.468	1000.0	1000.0	690000	731.17267	151.80615	920.4175	-318.47446	731.1721	151.80893	922.42957	-342.30264	730.35876	150.85092	922.3814	-315.80722	7.208386	4.815891	69.80322	-14.209444	-731.9652	14.256997	14.373874	14.304715	6373.507827758789
139	10216.464	202.66238	10561.066	9934.3955	10815.009	149.37766	11021.564	10481.344	1000.0	1000.0	695000	733.1596	150.60219	926.2555	-301.18436	733.1597	150.60086	926.3849	-303.5528	732.3475	149.647	925.87756	-297.80624	7.298819	4.7938647	77.02643	-15.2738285	-733.9488	13.628425	13.688275	13.847478	6424.345461368561
140	10470.525	107.14242	10647.699	10332.806	10765.89	134.74352	10915.518	10489.882	1000.0	1000.0	700000	734.3624	151.11237	925.00116	-300.41403	734.36224	151.11337	925.8868	-313.25488	733.5179	150.13454	922.18634	-329.89987	7.326503	4.8394756	74.56879	-12.494131	-735.1426	15.520197	15.75431	15.002175	6475.443923711777
141	10309.393	300.8241	10857.361	10044.258	9958.674	2004.06	11220.496	4748.672	1000.0	1000.0	705000	735.5951	150.44061	927.77295	-296.91824	735.5948	150.44366	930.41406	-472.17664	734.7401	149.43475	928.34766	-291.55975	7.2547736	4.804515	62.49817	-11.198631	-736.37256	14.909175	15.248361	14.805718	6526.5492305755615
142	10179.479	434.41766	10688.271	9637.675	10803.44	106.69012	10976.883	10595.971	1000.0	1000.0	710000	737.48627	149.83517	929.36255	-289.77292	737.4861	149.83409	931.49945	-307.42535	736.6815	148.8651	928.4545	-297.1021	7.269067	4.7782145	65.03129	-11.435936	-738.28	14.462397	14.494164	14.387547	6578.307984828949
143	10350.999	316.59488	10917.634	9959.195	10674.1875	115.404305	10875.36	10481.38	1000.0	1000.0	715000	738.46246	150.71602	929.91895	-299.27213	738.46246	150.71675	931.9949	-300.04276	737.6178	149.74478	932.906	-290.22165	7.26606	4.840048	69.29927	-11.738981	-739.257	14.75895	14.842283	14.780219	6629.852694511414
144	10386.338	142.01274	10641.162	10267.741	10943.373	66.34647	11065.367	10845.612	1000.0	1000.0	720000	740.18964	150.31981	927.14856	-305.25504	740.18994	150.31714	929.02026	-304.2059	739.3295	149.36066	930.64374	-293.69455	7.26899	4.827401	73.19627	-12.187961	-740.9523	14.116975	14.480197	14.161865	6681.63254737854
145	10334.632	294.1966	10755.299	9909.653	10720.803	94.789856	10856.005	10537.106	1000.0	1000.0	725000	740.55634	150.1877	932.1671	-327.21625	740.5557	150.18718	930.0708	-283.58627	739.6755	149.19247	927.1272	-288.42593	7.312977	4.7998614	64.19094	-12.961327	-741.3295	15.592896	15.601416	15.155197	6731.621329545975
146	10145.506	413.133	10562.351	9479.091	11089.935	128.49463	11369.596	10944.509	1000.0	1000.0	730000	740.97314	150.05684	931.6416	-289.3047	740.9726	150.06029	930.2054	-287.04977	740.10156	149.07579	930.43933	-277.934	7.233635	4.78016	71.123184	-10.821353	-741.7189	15.0513	15.032163	14.387872	6783.011348962784
147	10197.818	415.46118	10668.034	9462.336	10312.576	94.521645	10432.594	10142.452	1000.0	1000.0	735000	742.3	149.7702	929.5503	-277.0483	742.3	149.76932	931.4238	-277.9882	741.42633	148.7792	933.55176	-277.65894	7.338365	4.8012056	76.9323	-12.271126	-743.0287	15.2357	15.188345	14.407227	6834.335696220398
148	10347.846	274.76328	10832.218	10016.763	10934.32	124.302536	11215.473	10766.817	1000.0	1000.0	740000	743.2946	149.66702	931.8812	-272.7162	743.2941	149.66972	934.10223	-269.71994	742.4242	148.6731	930.8099	-273.2449	7.2725525	4.787553	61.068035	-12.411379	-744.0218	14.255608	14.2027	13.656495	6884.002412557602
149	10504.043	103.96805	10648.518	10353.035	10646.389	228.99849	11024.798	10190.714	1000.0	1000.0	745000	744.5009	150.20456	933.0267	-274.12918	744.50055	150.20421	935.58246	-284.70135	743.616	149.24677	929.5557	-275.25357	7.250209	4.770061	63.316727	-15.650673	-745.19476	14.52306	14.638658	14.234869	6933.20938706398
150	10446.873	313.76114	10889.084	10028.827	10868.557	170.73254	11121.299	10526.509	1000.0	1000.0	750000	746.3002	149.62016	933.3089	-290.41083	746.29944	149.62305	933.86633	-291.86575	745.43115	148.63455	932.2987	-278.37936	7.2668476	4.7753453	67.904976	-14.639886	-747.03485	14.159267	14.138261	14.177482	6982.867296934128
151	10599.06	236.13368	10880.91	10180.763	11310.684	177.59624	11688.414	10900.749	1000.0	1000.0	755000	747.1273	149.84619	935.58356	-281.5178	747.1273	149.84601	934.3052	-287.0031	746.2361	148.85126	933.4173	-346.61868	7.3021655	4.808085	66.135216	-13.219822	-747.8565	15.204853	15.006886	14.906691	7032.429114341736
152	10609.673	167.2814	10882.255	10373.862	11005.762	145.67508	11239.55	10776.138	1000.0	1000.0	760000	748.52734	149.3612	937.4584	-312.78772	748.52716	149.3644	935.7468	-319.96744	747.6284	148.36174	934.6983	-287.45212	7.332104	4.7801557	66.26602	-17.54353	-749.2283	14.472825	14.318153	13.670521	7082.27912569046
153	10601.539	190.25319	10865.256	10340.784	10656.975	194.09056	11027.965	10342.879	1000.0	1000.0	765000	749.61584	149.75227	936.68555	-289.20187	749.6154	149.75201	937.99963	-285.54297	748.71234	148.7746	935.3954	-295.32275	7.3112044	4.7618184	74.52997	-13.289011	-750.327	15.639642	15.362043	14.926063	7131.640414714813
154	10485.891	232.35988	10720.427	10053.72	10662.707	154.81686	10874.226	10411.699	1000.0	1000.0	770000	750.9822	150.00235	943.0733	-402.89572	750.9827	150.00085	943.90405	-393.63663	750.0649	149.04697	935.6382	-379.52728	7.2291536	4.713587	66.56963	-11.682843	-751.6788	14.86381	15.156411	14.191933	7181.3393976688385
155	10716.075	257.19403	10929.986	10223.797	11167.943	178.64746	11463.707	10819.916	1000.0	1000.0	775000	752.07007	150.03865	940.8868	-490.69534	752.0698	150.03954	942.84863	-476.0606	751.15436	149.0471	940.63654	-446.74826	7.3040895	4.7374244	71.986	-11.541935	-752.7951	14.554003	14.898081	14.714006	7230.849370718002
156	10754.342	249.94249	11198.173	10488.587	10765.706	153.38106	11021.758	10408.592	1000.0	1000.0	780000	753.4079	149.6011	947.7799	-279.86572	753.40784	149.59822	948.0114	-280.80115	752.47925	148.59792	940.83356	-277.92984	7.4486947	4.760471	61.170834	-13.256767	-754.117	15.874784	16.309841	14.850278	7280.970101118088
157	10276.237	367.36023	10821.412	9830.766	11081.675	235.80272	11412.74	10662.24	1000.0	1000.0	785000	754.91296	149.4243	943.55273	-295.44955	754.9132	149.42586	942.0573	-289.13834	753.98346	148.44638	948.649	-299.0914	7.4373546	4.796857	85.04437	-11.94354	-755.6102	14.686059	14.771017	14.264763	7331.24779343605
158	10438.985	688.0721	10856.444	9067.445	11115.076	93.176506	11283.037	10956.226	1000.0	1000.0	790000	755.9003	149.9682	946.10596	-288.0553	755.89984	149.97017	944.5725	-284.07886	754.9678	148.98067	942.2967	-279.88522	7.344592	4.768404	83.63463	-12.357434	-756.5809	14.710499	14.616216	14.231731	7381.377358198166
159	10383.722	199.6622	10775.819	10213.747	10851.203	766.5052	11372.397	8620.49	1000.0	1000.0	795000	756.9823	149.39925	948.03705	-285.49295	756.9824	149.39546	945.48096	-284.09387	756.0189	148.382	943.329	-277.81308	7.3490024	4.776514	59.180794	-14.98984	-757.6663	15.47297	15.640364	14.3608	7431.360879898071
160	10552.053	163.54811	10832.49	10369.948	11110.213	328.88004	11510.263	10300.189	1000.0	1000.0	800000	758.229	148.4622	947.7187	-295.4849	758.2293	148.46135	947.25775	-319.77548	757.28314	147.4605	942.85895	-283.34125	7.3824906	4.708061	62.598022	-13.193431	-758.9005	15.108978	15.210184	14.133016	7484.523012876511
161	9770.786	1547.5204	10655.701	6678.951	11278.328	97.66629	11430.211	11084.691	1000.0	1000.0	805000	759.0577	149.49432	947.79	-307.052	759.0575	149.49432	948.0107	-328.4358	758.1366	148.50673	951.9024	-330.7601	7.3417306	4.6970816	74.198265	-12.712282	-759.75104	16.308363	16.174273	15.021927	7537.604301452637
162	10819.799	122.92969	10985.703	10682.972	10919.384	82.781784	11029.223	10801.793	1000.0	1000.0	810000	760.58417	150.06233	946.7271	-296.18222	760.584	150.06142	946.0244	-294.65195	759.6709	149.09052	949.2795	-291.79242	7.379662	4.747263	86.236694	-13.315329	-761.2576	15.232534	15.266798	14.145371	7589.680598735809
163	10570.709	242.11873	10810.811	10157.178	11204.604	147.65372	11380.734	10912.598	1000.0	1000.0	815000	762.33344	150.64577	949.4027	-305.23825	762.3334	150.64563	950.1161	-312.48746	761.3892	149.66245	950.28564	-285.54022	7.375368	4.77896	75.35529	-12.637492	-762.99927	15.657006	15.611365	14.826253	7642.820450544357
164	10730.913	171.07469	11005.39	10496.629	11229.589	158.76749	11624.493	11012.753	1000.0	1000.0	820000	763.3057	150.80273	952.4625	-454.5492	763.30505	150.806	952.40106	-461.41034	762.3613	149.83714	950.8865	-438.65555	7.266681	4.711437	58.53802	-13.370337	-763.96875	15.09795	15.020981	14.546444	7695.7762405872345
165	10551.861	196.60129	10860.526	10359.272	11342.104	124.006004	11503.69	11105.977	1000.0	1000.0	825000	764.39374	150.35072	951.2441	-340.78238	764.3927	150.35208	953.54865	-350.88245	763.4164	149.33629	953.05975	-324.65115	7.3067517	4.7152905	68.0129	-13.344126	-765.0507	16.185677	16.478163	15.23425	7749.760996103287
166	10695.08	77.14999	10770.851	10581.905	11158.595	139.36748	11405.345	10891.571	1000.0	1000.0	830000	764.6113	150.2881	952.6104	-304.1453	764.6115	150.28691	951.61084	-306.66644	763.6597	149.31236	952.9747	-299.8791	7.3457303	4.720649	64.809296	-13.343026	-765.2445	15.125071	15.159906	14.278063	7803.370256900787
167	10647.314	149.66791	10848.03	10396.604	11152.766	137.41573	11413.543	10978.882	1000.0	1000.0	835000	766.2455	150.36858	955.5716	-307.71786	766.2455	150.36897	955.1302	-316.1433	765.28265	149.39137	950.6645	-313.06754	7.368708	4.7511086	88.82032	-11.410883	-766.8837	15.628559	15.479727	14.374303	7856.778459310532
168	10560.251	194.95874	10740.59	10248.213	11335.687	152.30534	11559.599	11055.557	1000.0	1000.0	840000	767.83057	150.15964	953.94147	-302.43665	767.8302	150.16196	952.8508	-308.1076	766.8896	149.1848	955.2344	-304.36624	7.421868	4.7328835	78.94089	-11.262709	-768.4614	14.966763	15.081437	14.075699	7910.358090162277
169	10637.95	258.57	10999.465	10204.834	11392.154	233.63846	11746.711	10865.415	1000.0	1000.0	845000	769.6998	150.51161	958.26373	-307.4944	769.6995	150.5119	954.725	-311.01904	768.75745	149.55487	952.19916	-304.4809	7.418768	4.729399	62.294235	-11.736582	-770.34076	15.19203	15.19755	14.15999	7965.286461591721
170	10759.318	373.6636	11100.944	10031.743	10603.833	133.56621	10754.295	10380.242	1000.0	1000.0	850000	770.87994	150.63388	960.3085	-296.44897	770.8793	150.63377	956.18677	-302.71722	769.9092	149.65828	953.8908	-294.99435	7.4991045	4.754903	57.724594	-12.786951	-771.52435	15.966128	15.836205	14.921266	8020.087545871735
171	10636.075	572.25616	11015.076	9501.732	10029.515	2705.369	11164.732	1923.6724	1000.0	1000.0	855000	772.29266	150.66385	957.6356	-292.78574	772.2935	150.66418	957.4069	-295.54916	771.3387	149.68018	958.81134	-294.91177	7.485616	4.734915	63.92831	-12.642323	-772.9287	15.632563	15.408472	14.096875	8073.996177911758
172	10543.909	148.46513	10687.34	10271.356	10493.242	2528.9167	11693.085	2933.203	1000.0	1000.0	860000	773.5716	150.18611	959.0463	-318.12265	773.57135	150.18582	961.9215	-307.21896	772.5937	149.22816	961.2721	-300.2199	7.394704	4.7243676	59.895115	-12.489641	-774.1758	15.39157	15.388219	13.968591	8127.644050121307
173	10629.214	65.905716	10732.079	10550.513	11173.472	140.41556	11421.112	10929.347	1000.0	1000.0	865000	774.1448	150.68434	960.00775	-291.8119	774.1448	150.68498	960.25665	-297.98834	773.1536	149.71385	955.3349	-288.10297	7.399776	4.7231984	68.96628	-14.075115	-774.7467	15.611269	15.771949	14.256966	8182.200448036194
174	9836.369	1718.1277	10956.643	6434.3726	10720.486	889.44385	11169.7295	8068.9077	1000.0	1000.0	870000	775.154	151.3222	960.91284	-288.41003	775.15405	151.32262	960.69824	-293.59793	774.1829	150.3602	958.889	-302.70807	7.469013	4.724858	61.589798	-12.152157	-775.7822	15.691142	15.577496	14.460206	8236.070080518723
175	10006.236	1452.2946	10912.465	7108.191	10709.35	110.71234	10915.957	10553.672	1000.0	1000.0	875000	775.80347	152.2838	964.2879	-287.94412	775.80316	152.2862	961.80035	-289.15268	774.8192	151.3197	957.1447	-289.35757	7.40168	4.753829	90.38854	-11.613666	-776.4336	15.951918	15.979706	14.746172	8290.473147630692
176	10689.594	287.07516	10945.636	10157.512	11141.182	360.40488	11593.886	10602.269	1000.0	1000.0	880000	776.295	152.99344	963.51416	-513.8677	776.29517	152.99207	965.29816	-529.3284	775.2797	152.06984	957.92535	-534.6135	7.300921	4.7232494	63.3251	-11.873368	-776.8913	16.047815	16.09044	14.876909	8344.96050286293
177	10809.43	205.45021	11151.099	10537.809	10977.322	137.79778	11112.655	10648.37	1000.0	1000.0	885000	777.3411	152.44635	967.15533	-484.77777	777.3408	152.44917	971.78125	-484.2931	776.31146	151.46341	961.5008	-474.99576	7.408631	4.78907	69.42441	-14.019996	-777.94855	16.58372	16.571688	15.2186	8398.811456680298
178	10847.948	137.27345	11047.483	10676.348	11059.589	134.41405	11239.349	10819.886	1000.0	1000.0	890000	777.9614	152.79716	967.1564	-435.0072	777.961	152.79588	962.78864	-431.09268	776.97833	151.8347	962.39716	-419.47226	7.5119934	4.757946	62.689995	-11.374927	-778.566	16.065035	16.192616	15.001253	8452.816968679428
179	10692.314	286.70404	11143.446	10381.756	10141.232	3230.3584	11505.82	469.72568	1000.0	1000.0	895000	779.5957	152.1571	972.1353	-290.25577	779.59546	152.15858	971.766	-303.9006	778.626	151.1979	971.7733	-293.89774	7.459639	4.762071	66.69066	-12.455435	-780.1912	14.750053	14.711681	14.299733	8506.09187579155
180	10814.838	268.79086	11261.379	10526.898	11217.605	195.05344	11615.909	10914.278	1000.0	1000.0	900000	781.4728	151.9572	980.0028	-318.14432	781.4725	151.95647	982.4191	-362.1224	780.47644	151.0094	974.0847	-291.24423	7.5314093	4.7870564	64.506035	-15.024613	-782.06195	15.027028	15.023422	14.156886	8560.9629342556
181	10863.067	274.6397	11344.66	10581.3	11371.103	164.5513	11681.8	11156.052	1000.0	1000.0	905000	782.5724	152.15013	982.6839	-309.75034	782.5722	152.1521	984.5849	-322.57104	781.5822	151.20071	981.3243	-311.82178	7.4959407	4.7571893	64.394554	-11.923047	-783.1725	15.866206	15.641222	14.613556	8614.568497657776
182	10920.715	137.79419	11086.67	10739.449	11547.281	149.53964	11749.946	11312.362	1000.0	1000.0	910000	783.7135	152.64311	986.1753	-425.6707	783.71356	152.64313	985.2473	-440.9624	782.7149	151.66582	977.43	-459.97693	7.4639964	4.760902	65.41897	-13.084943	-784.3096	15.442581	15.478552	14.405359	8668.405896663666
183	9414.695	2691.089	11102.92	4055.4321	11579.385	184.21974	11995.951	11315.149	1000.0	1000.0	915000	784.4008	154.37099	979.9502	-494.2108	784.4008	154.36981	984.6628	-535.53235	783.41516	153.45953	981.142	-516.0456	7.415345	4.7867966	74.521996	-13.6308775	-785.0447	16.413877	16.616093	15.236012	8722.938757658005
184	10575.018	366.7248	11103.0625	9951.483	10018.079	2240.35	10934.882	3307.8381	1000.0	1000.0	920000	785.2126	155.09792	981.88574	-501.78018	785.21204	155.09984	981.9505	-550.7894	784.20746	154.15808	973.55634	-479.53796	7.3632264	4.7668176	80.173836	-12.167688	-785.8248	15.883392	15.848567	15.064125	8777.997067689896
185	10919.2	171.39412	11097.978	10684.092	11507.173	153.15404	11758.824	11264.963	1000.0	1000.0	925000	786.52423	155.16327	984.97217	-495.88382	786.5244	155.16095	988.9558	-472.5629	785.5284	154.231	982.8573	-465.13098	7.479046	4.7916555	70.7238	-11.859593	-787.1372	16.526424	16.520565	15.107303	8831.766534805298
186	10819.383	281.24408	11219.799	10431.197	11522.0205	196.56505	11858.593	11191.597	1000.0	1000.0	930000	787.3477	154.75883	986.1274	-531.111	787.3472	154.76318	988.81305	-520.71924	786.3008	153.86623	980.1738	-536.86383	7.4246573	4.7577143	67.07432	-13.387638	-787.9674	17.311451	17.198227	16.016972	8886.526612758636
187	10827.713	411.7405	11414.303	10160.573	10607.979	2462.4778	11572.079	3235.3845	1000.0	1000.0	935000	787.2743	156.60303	983.42	-643.66547	787.2749	156.60272	983.4855	-618.334	786.1968	155.71674	981.4523	-613.8641	7.434453	4.8212233	80.18915	-12.647796	-787.9111	17.119534	16.90094	15.589061	8940.449295520782
188	10689.828	226.11823	10944.728	10302.967	11470.998	178.31609	11795.278	11157.961	1000.0	1000.0	940000	787.6572	157.53468	978.3694	-982.7449	787.65735	157.53004	978.5668	-958.643	786.6175	156.74089	981.16345	-962.46844	7.4779973	4.8210387	77.15912	-13.568658	-788.33405	17.702488	17.41374	15.855084	8994.67745065689
189	10797.05	206.34477	11107.67	10499.475	10944.099	1128.9989	11507.437	7577.6577	1000.0	1000.0	945000	788.55316	157.30849	985.4422	-951.0207	788.5536	157.31245	989.35803	-953.11896	787.50745	156.41165	978.12067	-863.7632	7.4738197	4.8048716	101.33411	-12.949547	-789.214	18.25405	18.171614	17.203682	9048.88559103012
190	10892.549	263.40906	11180.476	10408.992	10997.318	178.75938	11362.728	10717.844	1000.0	1000.0	950000	790.093	155.2335	984.10706	-753.38074	790.0922	155.23529	989.70135	-843.18036	789.09375	154.23824	985.85376	-755.20306	7.5533967	4.7613473	76.55311	-12.68879	-790.7382	16.869076	16.8968	15.152006	9103.83697271347
191	8960.932	3490.844	10954.727	1985.4246	10804.35	224.136	11201.043	10333.992	1000.0	1000.0	955000	790.11066	158.02725	987.09283	-837.8928	790.1103	158.02982	987.5041	-765.65027	789.0313	157.195	982.8921	-760.82086	7.4003663	4.816224	84.83651	-13.916121	-790.7321	17.452597	17.117836	15.684318	9157.707261800766
192	10292.508	998.31177	11109.866	8344.941	11582.116	151.94507	11831.333	11284.712	1000.0	1000.0	960000	790.34125	157.55318	991.32587	-761.681	790.3413	157.5535	991.2993	-818.05914	789.2955	156.60434	989.52954	-727.7583	7.5098357	4.783102	68.92972	-11.763032	-790.9773	17.590038	17.600025	15.845916	9211.4703643322
193	11034.932	229.47707	11429.626	10797.473	11189.585	186.159	11488.399	10743.486	1000.0	1000.0	965000	791.11237	155.92004	990.2856	-528.5776	791.1122	155.92136	991.9316	-536.29474	790.05493	154.99377	995.19336	-586.6427	7.4988003	4.7623606	80.09042	-11.392802	-791.6793	17.403215	17.531574	15.2756405	9266.154869794846
194	10117.352	1949.5206	11457.176	6238.6714	11151.911	184.26132	11387.021	10879.574	1000.0	1000.0	970000	791.3562	157.03406	995.4294	-467.87146	791.35645	157.03458	994.9805	-478.00336	790.3264	156.11917	992.764	-437.9261	7.6484795	4.797201	65.99218	-14.626586	-791.96533	17.774437	17.53389	15.308501	9321.871948719025
195	9914.242	1504.8544	11231.58	7039.0146	10982.428	228.0963	11512.249	10713.021	1000.0	1000.0	975000	792.0899	158.11867	998.3391	-568.25476	792.08997	158.11873	994.9727	-570.70935	791.0238	157.23854	985.7564	-601.1955	7.54616	4.783906	69.27435	-11.76057	-792.68713	17.436813	17.74645	15.5663185	9376.87511920929
196	10949.479	329.7583	11282.876	10349.576	11263.225	108.78083	11497.432	11137.892	1000.0	1000.0	980000	792.5115	158.89845	993.76917	-601.7178	792.5114	158.89912	993.9631	-582.94714	791.4324	158.00919	994.2278	-606.9023	7.563801	4.808512	78.21956	-13.871806	-793.0946	18.464691	18.420944	15.67351	9432.721834659576
197	10022.928	1877.6554	11401.089	6299.29	11404.409	192.31194	11683.262	10985.668	1000.0	1000.0	985000	792.4692	158.91148	990.86676	-629.0551	792.4694	158.90935	992.86597	-629.61096	791.3632	158.05844	986.0555	-635.7418	7.6047606	4.821536	68.38265	-11.662696	-793.03906	18.526731	18.3778	15.697496	9487.191288471222
198	10876.088	284.13742	11057.728	10312.821	11422.347	229.58778	11888.409	11202.763	1000.0	1000.0	990000	792.9305	159.4548	992.085	-614.7299	792.9311	159.452	989.9922	-595.67993	791.84576	158.58693	996.46295	-634.31433	7.5741153	4.8220444	85.196754	-12.685593	-793.54553	18.157288	18.304558	16.21787	9543.138580083847
199	10555.221	519.7195	10980.256	9562.704	11315.387	169.75256	11643.573	11070.429	1000.0	1000.0	995000	793.8327	159.1526	990.4626	-572.3384	793.8323	159.1534	992.26715	-581.1985	792.74097	158.22285	991.929	-568.6285	7.5214005	4.7978053	66.191986	-16.095804	-794.404	17.46876	17.423077	16.052322	9598.3574655056
