Epoch	AverageEpRet	StdEpRet	MaxEpRet	MinEpRet	AverageTestEpRet	StdTestEpRet	MaxTestEpRet	MinTestEpRet	EpLen	TestEpLen	TotalEnvInteracts	AverageQVals	StdQVals	MaxQVals	MinQVals	LossPi	LossQ	Time
1	-326.09967	16.188614	-302.23126	-352.5327	-492.6607	81.39546	-360.27783	-596.45917	1000.0	1000.0	5000	18.349033	15.019215	68.67124	-4.1484857	-21.05928	0.77741075	55.51811456680298
2	-321.91693	65.345085	-241.05338	-430.7987	-704.6141	27.78922	-657.0514	-745.73627	1000.0	1000.0	10000	106.94498	34.629345	195.8273	32.428215	-113.12502	4.611521	109.86755466461182
3	-557.7694	122.00764	-326.54764	-673.78156	-422.36856	32.51981	-356.89728	-473.6412	1000.0	1000.0	15000	181.5863	8.501267	220.55544	138.5663	-184.22565	8.914567	169.99799704551697
4	-326.5472	66.88805	-248.13367	-409.42618	-244.48811	151.07317	79.98415	-476.7782	1000.0	1000.0	20000	171.40077	10.114379	214.70717	141.51161	-172.59798	5.3128624	230.98923635482788
5	-112.60288	276.18518	350.67	-401.94165	641.36664	393.38605	1023.4928	-242.08768	1000.0	1000.0	25000	149.06648	9.64557	195.51747	113.54062	-149.93077	3.9963164	291.90963792800903
6	251.50436	530.934	1113.7673	-557.20874	148.98389	350.22754	633.90137	-380.6198	1000.0	1000.0	30000	153.54712	12.072624	206.86966	116.35451	-156.01814	6.572853	352.78429079055786
7	-311.2481	467.14014	603.81976	-631.94995	-517.8526	54.9952	-424.41632	-620.32666	1000.0	1000.0	35000	159.61186	15.009557	220.07039	108.654045	-161.74185	6.4325743	414.1853594779968
8	835.2295	611.85583	1554.0736	-302.20538	1309.259	145.02739	1596.6775	1077.9642	1000.0	1000.0	40000	164.36371	22.02897	227.74501	84.2437	-166.1056	6.8029923	475.1051506996155
9	1362.6422	946.64594	2253.3875	-353.75354	1307.1179	1191.9618	2550.019	-566.23584	1000.0	1000.0	45000	169.6851	30.035831	256.0011	77.25648	-171.56693	6.82659	534.8190371990204
10	1818.2332	1152.3154	2747.0024	-422.05817	2037.0247	699.42224	2911.0688	805.5828	1000.0	1000.0	50000	181.9061	43.503464	277.06882	58.49565	-183.94753	8.069232	595.1612029075623
11	1694.0813	1307.9982	3099.8225	-212.36441	2465.562	911.4784	3230.6697	545.4013	1000.0	1000.0	55000	195.30107	53.604633	304.89883	53.37194	-197.27756	9.30466	656.0833859443665
12	2842.367	105.066826	2959.8691	2658.9827	2410.598	273.58453	2805.683	1998.2288	1000.0	1000.0	60000	210.08456	64.746735	327.95782	39.011925	-212.0484	10.880257	715.1655926704407
13	2952.2163	313.64627	3357.9795	2606.3765	3115.874	138.45491	3370.064	2889.8147	1000.0	1000.0	65000	229.41843	72.26846	347.81894	35.111526	-231.5199	12.053497	776.6093866825104
14	3252.142	150.371	3412.1677	3045.6357	3405.53	93.61359	3531.4795	3237.435	1000.0	1000.0	70000	250.31052	77.008224	372.97324	34.9034	-252.4238	12.192438	837.3688538074493
15	3263.339	166.68831	3471.2957	2985.331	3182.3228	761.7085	3651.0732	946.1428	1000.0	1000.0	75000	270.55704	80.061066	393.2034	38.67665	-272.7211	12.461264	898.4015052318573
16	3166.2493	278.04187	3471.4497	2722.7551	3563.257	108.00507	3799.4004	3379.6887	1000.0	1000.0	80000	288.3965	80.9815	399.68655	42.43343	-290.47488	12.317801	960.5662484169006
17	3295.6694	545.4307	3648.9502	2233.0835	2860.6484	478.5318	3400.3684	1719.5238	1000.0	1000.0	85000	303.13626	80.9312	409.74045	44.44791	-305.15176	13.057052	1022.8877854347229
18	3058.8909	501.29608	3641.794	2235.4502	3735.3442	231.03685	4002.3218	3178.928	1000.0	1000.0	90000	315.84198	82.15061	428.15735	41.085938	-317.8333	14.015556	1085.589059829712
19	3774.173	147.24973	4001.6729	3567.3335	3668.2788	320.9886	3923.063	2964.3713	1000.0	1000.0	95000	327.24915	85.171	440.05084	35.2889	-329.20178	15.67514	1147.8163781166077
20	3674.1304	154.60117	3894.2456	3424.5835	3895.1538	112.83053	4062.0532	3661.7937	1000.0	1000.0	100000	339.38715	86.93552	447.6209	31.057327	-341.35593	15.70546	1209.32794880867
21	3672.0327	41.390648	3740.0166	3609.9778	3948.1313	57.649605	4029.1033	3840.1882	1000.0	1000.0	105000	350.43756	87.89833	452.02774	30.688248	-352.4099	15.486669	1272.0594055652618
22	3858.0027	75.84353	3986.3003	3762.5928	3777.6636	88.440796	3908.663	3571.2249	1000.0	1000.0	110000	361.42703	83.01287	460.32776	29.50955	-363.42142	15.120888	1332.8542864322662
23	3734.3484	136.0707	3966.7278	3583.6316	3852.108	274.74298	4097.51	3303.9482	1000.0	1000.0	115000	371.46844	75.64633	466.36942	61.960266	-373.4238	14.226046	1393.1174371242523
24	3872.3508	113.915665	4066.4902	3753.6533	3892.0308	251.32239	4178.2476	3391.1245	1000.0	1000.0	120000	380.22476	71.36701	472.5023	87.51455	-382.14084	14.203448	1451.1510758399963
25	3936.313	172.39996	4174.8857	3717.1177	3802.5266	281.64075	4157.9556	3188.0664	1000.0	1000.0	125000	388.67032	69.095894	483.15823	115.73257	-390.59167	13.918608	1510.9311673641205
26	3932.2026	72.359856	4056.232	3846.5046	4179.4604	132.20203	4292.6733	3932.4485	1000.0	1000.0	130000	396.21915	67.29106	487.4594	126.44287	-398.07834	13.608739	1571.0478789806366
27	4084.6316	159.48027	4209.849	3782.2834	4142.333	145.59601	4329.276	3897.003	1000.0	1000.0	135000	402.44897	66.03774	488.72955	144.17535	-404.29388	13.183907	1630.852385044098
28	3942.8171	263.5785	4143.249	3447.4934	3915.106	204.42197	4127.4165	3553.8972	1000.0	1000.0	140000	407.84036	66.21943	495.67862	163.11337	-409.65906	13.234438	1690.9767134189606
29	4142.41	144.65039	4378.068	3944.4934	3734.5344	468.07822	4196.313	2520.6453	1000.0	1000.0	145000	413.1576	67.98492	517.1914	173.40622	-414.9361	13.506253	1751.029298067093
30	4269.105	207.48491	4482.379	3909.4	4177.3076	492.2134	4681.8965	3006.77	1000.0	1000.0	150000	418.45377	71.55919	521.6771	157.55646	-420.23425	14.123225	1810.332947254181
31	4242.003	137.02495	4419.7383	4018.6167	4208.421	242.40288	4523.41	3604.6167	1000.0	1000.0	155000	423.62558	74.062546	526.0615	139.05945	-425.4072	14.466043	1870.520740032196
32	4163.757	233.15306	4482.429	3864.0686	4115.1333	1360.1478	4823.4604	92.862724	1000.0	1000.0	160000	429.61475	72.38146	530.4047	131.36688	-431.4259	14.337139	1929.7199144363403
33	4498.452	158.05952	4632.8755	4210.523	4498.9067	159.16373	4752.503	4305.692	1000.0	1000.0	165000	436.20462	70.05466	540.1667	145.01927	-438.0314	15.106612	1991.4850325584412
34	4162.841	616.91595	4617.743	2946.0588	4033.9028	1032.0936	4738.9824	1145.4521	1000.0	1000.0	170000	441.93893	69.824844	546.13776	143.40735	-443.7207	14.992308	2048.9917776584625
35	3939.338	522.3183	4433.8174	2959.1362	4865.568	99.3823	5003.286	4669.04	1000.0	1000.0	175000	445.71942	73.22623	548.03265	132.00414	-447.4575	15.795244	2110.9685311317444
36	4586.5796	347.23807	4862.66	3902.1301	5164.0483	90.63372	5402.475	5063.9746	1000.0	1000.0	180000	449.7314	77.68663	561.34814	136.43169	-451.511	16.741888	2174.1524000167847
37	4896.4053	200.61665	5110.8784	4607.798	5030.787	235.33957	5276.9707	4474.454	1000.0	1000.0	185000	455.93784	81.68173	571.84985	133.46771	-457.771	18.201412	2237.5504908561707
38	5083.6367	226.6065	5306.405	4646.5728	5044.8945	180.55377	5385.0356	4701.2026	1000.0	1000.0	190000	465.44537	82.25044	582.3878	137.89178	-467.4385	18.34141	2300.3413741588593
39	5075.673	211.74998	5255.1426	4673.83	5124.456	108.52339	5333.3003	4921.6963	1000.0	1000.0	195000	474.69296	81.98165	593.0514	146.989	-476.71024	18.683722	2361.23765707016
40	5134.8584	237.89433	5392.039	4755.4424	5367.283	71.01171	5470.6143	5237.5747	1000.0	1000.0	200000	485.31213	81.08573	603.51373	175.5893	-487.3629	19.55996	2422.8379487991333
41	5203.655	144.32086	5394.886	4958.102	5500.1274	119.04202	5683.9956	5344.0225	1000.0	1000.0	205000	494.61887	81.54129	608.07056	160.29597	-496.6811	19.437666	2485.1754961013794
42	5408.524	150.45193	5650.1323	5202.983	5702.199	98.143585	5885.0254	5504.297	1000.0	1000.0	210000	503.66183	83.60168	628.54944	161.58118	-505.7458	20.79412	2548.635309934616
43	5251.6533	422.1474	5668.748	4449.079	5537.6084	67.5214	5627.9204	5411.7524	1000.0	1000.0	215000	513.46545	86.245865	640.824	158.8852	-515.68933	21.722515	2611.799165725708
44	5521.507	270.49136	5736.8936	4996.2695	6175.1543	94.45224	6381.902	5997.356	1000.0	1000.0	220000	526.4729	86.62497	653.11646	177.71892	-528.8022	23.716793	2674.5903012752533
45	5890.0327	171.0926	6042.301	5565.6187	6013.247	63.38693	6089.6504	5921.475	1000.0	1000.0	225000	538.4304	87.16456	675.9291	189.49652	-540.754	23.486015	2737.4534595012665
46	5874.8784	159.83089	6178.3306	5720.424	6106.716	120.481705	6324.71	5905.962	1000.0	1000.0	230000	550.41327	89.16815	685.2713	179.2487	-552.8532	24.41977	2799.732587814331
47	5751.0327	330.2527	6131.9033	5169.535	6157.1313	56.447002	6221.1084	6042.9014	1000.0	1000.0	235000	563.8335	89.690155	697.99207	195.67505	-566.3414	24.89737	2862.3510246276855
48	5970.2256	71.409134	6066.7197	5863.238	6289.2803	92.0169	6457.8433	6147.5215	1000.0	1000.0	240000	576.1822	90.78274	716.5124	218.35036	-578.6881	24.940138	2926.4501564502716
49	6007.2515	195.62578	6271.866	5754.1494	5891.2725	823.2603	6515.977	3546.055	1000.0	1000.0	245000	587.6047	90.918625	726.38965	227.33798	-590.1611	25.562931	2990.795220375061
50	6286.817	74.10217	6363.774	6168.542	5879.755	162.8184	6179.5566	5616.315	1000.0	1000.0	250000	598.9644	91.08148	734.86755	211.1803	-601.5464	25.074326	3055.193204641342
51	6105.7866	195.75192	6421.9297	5819.739	6275.304	312.14072	6957.4336	5892.9517	1000.0	1000.0	255000	608.19507	93.118675	748.3574	192.00728	-610.7548	25.03838	3120.153353691101
52	5878.132	128.02473	6091.371	5713.309	6827.2524	131.19325	7014.367	6600.648	1000.0	1000.0	260000	616.986	93.09976	756.28345	200.99261	-619.56055	26.475374	3184.643210172653
53	6104.665	166.2505	6395.1675	5908.014	6804.221	126.60136	6988.3096	6603.6387	1000.0	1000.0	265000	625.5756	94.24967	767.46484	224.2065	-628.2208	26.55317	3248.389637231827
54	6366.9937	107.1435	6540.418	6246.887	6724.947	154.75883	6957.433	6470.818	1000.0	1000.0	270000	635.00146	93.81673	769.82666	218.23083	-637.66235	27.629265	3313.4610800743103
55	6435.3867	139.40144	6625.29	6225.7793	6903.4414	119.01828	7041.8726	6681.0825	1000.0	1000.0	275000	642.9403	95.37284	778.7073	189.78918	-645.62	26.369707	3377.7602145671844
56	6474.3247	70.21966	6560.5786	6348.9067	6841.4976	389.75763	7312.8867	5860.135	1000.0	1000.0	280000	651.25305	94.63478	784.06116	189.19183	-653.90375	28.130468	3441.208119869232
57	6531.538	131.79384	6648.4917	6294.6685	7182.126	74.852615	7299.112	7070.432	1000.0	1000.0	285000	657.62964	94.44417	790.7217	196.16824	-660.2678	29.553112	3506.1779589653015
58	6450.9556	239.92577	6671.7305	6007.1216	6422.7764	585.1213	6900.4453	4885.104	1000.0	1000.0	290000	663.79694	95.034225	795.64905	180.27869	-666.44867	28.813425	3571.023737192154
59	6670.7695	71.448715	6793.4487	6581.6704	6838.729	209.26035	7095.5654	6458.803	1000.0	1000.0	295000	669.14417	95.7508	805.17926	158.25171	-671.679	27.02121	3634.942934513092
60	6678.3228	108.65314	6840.9424	6542.152	6867.1772	176.93286	7165.7886	6593.686	1000.0	1000.0	300000	673.0047	95.375725	808.2576	163.39775	-675.5654	27.601131	3698.282156944275
61	6846.3896	72.40198	6917.7065	6736.386	6991.461	167.26396	7377.5464	6786.3467	1000.0	1000.0	305000	676.5136	97.715324	812.57776	141.294	-679.0565	28.636396	3761.1420941352844
62	6660.1533	123.10947	6862.9756	6475.3076	6160.5283	2003.1311	7121.5728	295.9268	1000.0	1000.0	310000	681.3487	97.106606	818.40485	128.77809	-683.9417	31.668018	3820.059100627899
63	6663.794	108.22587	6820.4707	6540.3257	7001.9194	79.673035	7136.2656	6893.3174	1000.0	1000.0	315000	686.35614	94.1867	820.47296	122.63855	-688.92993	30.106869	3879.4618611335754
64	6800.593	158.8324	7026.177	6572.268	5392.9653	1424.3115	6542.109	1279.8035	1000.0	1000.0	320000	689.8219	94.24061	824.90393	135.28616	-692.3262	27.42277	3940.5793080329895
65	6746.4727	178.00279	6985.49	6539.01	7191.861	148.7251	7444.316	6976.7954	1000.0	1000.0	325000	692.59595	94.0809	826.18823	117.55146	-695.0979	27.647425	3999.9077575206757
66	6826.3955	297.65765	7050.8286	6247.3647	7253.839	131.33969	7399.8438	7033.283	1000.0	1000.0	330000	696.29095	92.669525	826.06195	140.47589	-698.7805	27.17945	4059.0727581977844
67	6797.169	193.69466	7030.822	6487.1416	7115.2275	518.3013	7495.618	5608.564	1000.0	1000.0	335000	699.05	95.68014	832.05743	144.09482	-701.5238	26.34279	4118.696546077728
68	6813.0654	160.47893	7061.883	6577.1714	7450.6562	126.07551	7649.3667	7255.2666	1000.0	1000.0	340000	702.01874	97.77266	833.98724	134.52782	-704.5145	27.356268	4179.08126449585
69	6757.564	168.27606	6965.246	6524.7354	7357.944	118.95162	7607.377	7174.3804	1000.0	1000.0	345000	704.7176	97.00017	838.2713	127.875946	-707.1474	26.948204	4238.082315444946
70	7007.6416	158.47824	7227.7056	6748.1187	7123.861	987.3133	7685.813	4198.073	1000.0	1000.0	350000	707.10175	97.96766	842.638	139.31427	-709.5875	27.135925	4298.285600662231
71	6999.095	142.50761	7173.2695	6791.366	7481.417	85.07326	7583.9263	7272.469	1000.0	1000.0	355000	710.7788	97.92175	842.2914	122.95724	-713.2412	27.032644	4359.310985565186
72	6889.2563	97.55276	7001.207	6752.0537	7391.7686	167.60616	7659.081	7164.031	1000.0	1000.0	360000	714.3486	100.04474	848.748	95.69055	-716.7946	27.078775	4422.095622062683
73	6818.8623	110.07926	6950.9443	6638.693	7602.79	156.37892	7903.894	7300.0703	1000.0	1000.0	365000	717.80035	101.800476	849.7157	68.41369	-720.2691	27.037823	4485.323348760605
74	6964.7593	93.86128	7100.328	6807.6377	7469.172	145.95659	7633.14	7192.3257	1000.0	1000.0	370000	720.94495	101.58192	850.9147	50.618694	-723.37823	27.011282	4548.162175178528
75	7036.6064	40.323444	7102.408	6994.2407	6977.439	207.41228	7148.7036	6397.6343	1000.0	1000.0	375000	723.16693	102.50871	852.25903	19.467716	-725.5738	27.927353	4612.984825372696
76	6927.4297	155.87112	7210.025	6757.5103	7363.792	524.1685	7699.821	5846.931	1000.0	1000.0	380000	725.98206	101.733215	855.0772	16.904755	-728.4303	27.687725	4678.515945196152
77	7082.3555	157.53662	7263.3237	6843.5024	7435.464	94.573235	7631.2705	7304.7144	1000.0	1000.0	385000	727.85144	101.88519	857.0392	32.077423	-730.2102	28.154366	4743.666656732559
78	6961.496	362.73636	7328.928	6267.8857	7444.436	142.19983	7680.1377	7220.9854	1000.0	1000.0	390000	729.6641	102.31137	858.86145	20.331661	-731.99316	29.316706	4810.315678596497
79	6751.7173	539.4491	7212.477	5729.2017	7330.3086	124.419365	7554.5684	7115.843	1000.0	1000.0	395000	730.53937	103.05601	861.71497	28.483957	-732.8898	27.823582	4875.410721063614
80	7077.1274	169.6801	7303.9897	6821.6636	7706.827	97.516174	7850.8413	7488.3413	1000.0	1000.0	400000	731.97266	102.023384	861.1594	31.785542	-734.2819	26.5598	4940.109099149704
81	6864.5845	481.74158	7197.1533	5922.6445	7709.79	91.37212	7918.938	7600.3813	1000.0	1000.0	405000	733.3232	101.480965	866.4284	17.010302	-735.6035	26.841595	5008.506813049316
82	6533.3916	1012.63477	7213.827	4523.191	7553.175	154.34727	7768.1606	7302.9854	1000.0	1000.0	410000	734.4245	103.31608	866.5005	34.442352	-736.7361	25.890036	5075.942942619324
83	7110.211	105.72343	7265.9546	6977.311	7546.047	83.99296	7683.785	7377.0146	1000.0	1000.0	415000	735.688	104.88627	864.38086	44.359978	-737.9636	26.488277	5143.023150444031
84	7001.361	205.92387	7244.5195	6738.4033	7498.286	110.94238	7674.551	7331.4707	1000.0	1000.0	420000	737.33563	105.48806	863.7295	4.981372	-739.6228	27.002188	5208.64867067337
85	7137.8345	135.49896	7362.187	6966.6465	7092.2476	216.54906	7435.8027	6678.862	1000.0	1000.0	425000	738.61346	107.90893	870.8518	-21.020592	-740.823	28.586132	5274.33315205574
86	7207.633	22.656122	7244.3086	7182.0796	7696.639	76.57291	7806.1606	7531.129	1000.0	1000.0	430000	739.5903	109.36172	867.15283	-21.1287	-741.7937	28.231155	5341.727378606796
87	7081.626	116.54579	7207.3564	6875.133	7457.629	122.00772	7617.2046	7154.6436	1000.0	1000.0	435000	740.50446	112.088165	872.8799	-32.78978	-742.7174	27.786644	5408.623475313187
88	7290.449	136.91779	7519.6147	7118.5156	7081.3906	740.0551	7520.912	4901.1313	1000.0	1000.0	440000	741.76715	110.7616	868.5361	-16.861847	-743.9854	28.817266	5475.4738030433655
89	7165.9116	150.74043	7413.1636	6938.643	7656.4834	125.69981	7843.386	7442.627	1000.0	1000.0	445000	744.65564	107.29709	870.3496	16.324492	-746.9233	28.881166	5542.9659287929535
90	7228.8047	128.83713	7436.3633	7072.7974	7294.161	234.21013	7548.634	6765.8174	1000.0	1000.0	450000	746.91187	106.358315	878.1798	38.281662	-749.13776	27.79675	5609.545749425888
91	7057.202	216.51312	7382.677	6761.479	6791.6514	1401.1312	7581.9062	2628.1797	1000.0	1000.0	455000	749.30035	105.47044	878.44183	66.162605	-751.5347	27.96643	5675.140438318253
92	7017.3257	105.476494	7176.076	6919.1484	7550.882	96.10007	7724.6396	7373.2373	1000.0	1000.0	460000	751.1183	105.46853	876.3994	70.023834	-753.3639	27.478975	5741.562470674515
93	7153.843	176.73901	7466.0923	6946.3096	7670.3384	252.22028	7985.1104	7180.017	1000.0	1000.0	465000	752.2788	105.90454	877.4605	50.52407	-754.46063	26.16543	5807.026718139648
94	6945.4937	234.48541	7220.888	6652.7085	7227.1025	764.4269	7940.708	5570.0894	1000.0	1000.0	470000	752.62946	106.98837	875.171	31.264626	-754.7457	26.077906	5872.316951751709
95	7265.292	257.77878	7615.0615	6951.106	7695.2124	93.45482	7834.8047	7523.61	1000.0	1000.0	475000	753.2561	106.8404	876.0545	39.321697	-755.4566	27.3479	5937.928487539291
96	7186.064	155.35463	7364.647	6900.441	7260.802	188.16072	7547.569	7002.4434	1000.0	1000.0	480000	754.5351	104.13592	876.9788	52.358173	-756.6746	25.94185	6002.986413002014
97	7241.122	106.58002	7374.798	7073.9375	7747.836	81.354355	7862.9165	7618.383	1000.0	1000.0	485000	755.2877	102.420586	878.8217	97.4049	-757.4172	26.039925	6067.44145655632
98	7196.798	270.10397	7489.7944	6725.5986	6234.954	105.474075	6412.373	6030.0796	1000.0	1000.0	490000	756.03485	102.66543	883.25366	126.9401	-758.1148	26.296831	6133.556765079498
99	7016.7734	462.95068	7384.105	6159.843	7321.072	117.58806	7560.267	7161.864	1000.0	1000.0	495000	756.6707	103.04439	881.3993	142.27945	-758.80237	26.24035	6197.680208444595
100	7198.0576	156.07277	7404.884	6920.0454	7743.5493	167.59749	8071.5225	7472.684	1000.0	1000.0	500000	758.89465	100.49552	885.0209	189.77307	-761.0105	26.774202	6263.174707651138
101	7280.853	44.115707	7328.7275	7211.414	7168.593	97.21136	7368.9243	7013.054	1000.0	1000.0	505000	760.27826	100.35195	884.8659	241.31386	-762.3712	27.410107	6326.58483839035
102	7248.753	147.53403	7364.436	6959.2856	7368.4194	285.39792	7582.619	6574.38	1000.0	1000.0	510000	762.7097	100.144165	888.505	257.94388	-764.8474	25.719818	6394.361182928085
103	7324.968	142.53073	7513.383	7073.5996	7044.6577	1027.147	7826.118	4223.911	1000.0	1000.0	515000	764.95123	99.92698	890.8551	259.39606	-767.0621	26.90405	6461.518537282944
104	7233.8853	175.37257	7431.259	6944.7754	7591.6313	118.34542	7816.848	7435.1895	1000.0	1000.0	520000	766.1426	98.82645	890.1222	254.05618	-768.2357	27.481623	6527.517500162125
105	7378.9873	134.00214	7553.3413	7201.989	7662.5674	186.414	7948.997	7279.7573	1000.0	1000.0	525000	766.68024	98.088486	890.6827	252.7131	-768.7394	24.931343	6593.109909296036
106	7470.117	100.604164	7624.7627	7328.4126	7865.2085	104.06333	8043.0825	7651.8184	1000.0	1000.0	530000	767.88617	98.49068	891.0206	245.73132	-769.9423	24.90339	6658.731785774231
107	7389.371	62.31848	7466.9165	7293.0415	7251.8804	366.74783	7870.4004	6679.7065	1000.0	1000.0	535000	768.4565	99.938484	892.1412	253.49318	-770.4995	26.005571	6725.4299964904785
108	7184.1826	178.73532	7473.1484	6916.8174	6866.6865	300.46057	7313.6504	6118.5684	1000.0	1000.0	540000	770.3519	99.56062	898.6426	256.42078	-772.454	25.462862	6791.531863212585
109	7292.659	158.52274	7489.899	7100.507	7862.5537	98.31653	8030.7793	7744.581	1000.0	1000.0	545000	773.1782	99.000435	896.7392	250.98314	-775.2763	24.841076	6860.29244685173
110	7246.1094	485.4182	7610.367	6284.707	7840.1826	110.88006	7996.5093	7671.446	1000.0	1000.0	550000	774.3228	99.39648	897.5031	243.52235	-776.3549	25.550459	6927.35902929306
111	7391.81	133.81693	7612.5605	7221.504	7736.682	117.527466	7902.275	7481.381	1000.0	1000.0	555000	774.657	100.04109	898.107	211.08788	-776.6921	25.315643	6994.061014175415
112	6883.346	646.8488	7547.7773	5730.8887	7908.841	119.24936	8079.107	7732.671	1000.0	1000.0	560000	774.7841	101.858665	901.37054	182.91182	-776.7803	25.847971	7059.865688562393
113	7280.4233	234.56271	7685.7495	7029.809	7788.4736	139.82806	8016.1245	7558.8228	1000.0	1000.0	565000	775.4722	104.236145	900.027	164.22414	-777.4858	26.961544	7126.203438282013
114	7322.4688	163.09744	7478.296	7013.533	7817.371	135.63414	7957.9097	7469.6543	1000.0	1000.0	570000	777.1536	103.517555	902.63916	164.08179	-779.1892	26.716352	7192.686190605164
115	7291.5156	145.69334	7516.0244	7096.1313	7885.5874	165.22139	8171.6724	7632.1655	1000.0	1000.0	575000	778.707	103.38049	901.027	164.37788	-780.7323	28.320244	7260.320257663727
116	5969.5557	2479.4155	7422.495	1024.5192	7692.6533	64.69023	7796.348	7563.7476	1000.0	1000.0	580000	779.2322	104.383545	903.4006	162.77979	-781.23584	27.545376	7327.595910787582
117	7380.431	205.55765	7767.8496	7217.43	7982.298	111.61791	8167.8213	7776.222	1000.0	1000.0	585000	780.3607	105.63532	905.2793	127.60061	-782.3684	26.914679	7394.167108297348
118	7519.4985	200.69386	7837.9556	7287.809	7943.294	135.74971	8157.2944	7747.7437	1000.0	1000.0	590000	781.5324	106.58923	906.5921	102.89087	-783.533	28.44567	7462.149274349213
119	7421.7134	98.83371	7558.352	7277.695	7827.2227	185.0696	8032.4243	7483.4185	1000.0	1000.0	595000	782.17706	107.05552	909.05994	105.67991	-784.13806	27.10448	7528.597066640854
120	7334.3438	110.516815	7475.793	7200.475	7970.59	95.40714	8091.443	7761.6367	1000.0	1000.0	600000	782.63885	107.75687	908.6936	65.46344	-784.6024	26.641644	7592.712650775909
121	7433.2227	147.97475	7598.334	7162.9106	7950.207	119.415306	8199.307	7740.1167	1000.0	1000.0	605000	782.9834	107.91302	906.6277	71.254	-784.9319	26.07755	7656.516051769257
122	7365.2266	236.64194	7596.2603	6914.9165	7946.9194	103.87705	8065.1436	7745.6367	1000.0	1000.0	610000	784.4027	107.96012	908.40826	62.92366	-786.4286	27.72095	7720.008360385895
123	7501.15	115.01721	7650.9272	7348.8086	7975.083	123.61188	8194.928	7802.4624	1000.0	1000.0	615000	785.8783	105.946655	913.19183	59.547894	-787.8331	27.599	7783.12915968895
124	7343.9946	238.54166	7562.0264	6881.117	7131.814	337.0671	7576.718	6622.1343	1000.0	1000.0	620000	787.9886	103.34445	913.4555	84.828705	-789.9736	26.9465	7846.070558309555
125	7323.1533	146.20377	7514.651	7070.804	7931.0376	187.84256	8280.85	7659.1196	1000.0	1000.0	625000	788.70245	102.5891	912.79767	98.10761	-790.695	26.776018	7910.253485918045
126	7289.2563	375.31094	7691.738	6794.668	8099.1016	115.163795	8329.0	7943.656	1000.0	1000.0	630000	789.66187	101.88568	912.0695	95.63254	-791.5738	26.60199	7974.695429801941
127	7402.357	182.41772	7623.133	7126.7847	7209.004	261.35886	7744.3984	6853.639	1000.0	1000.0	635000	788.8729	102.70882	910.6402	113.89302	-790.7452	27.452713	8037.543043851852
128	7421.81	148.50734	7591.3486	7243.73	8078.862	175.61214	8433.254	7740.387	1000.0	1000.0	640000	789.6657	103.18759	912.37335	127.940155	-791.58887	27.674583	8100.9599397182465
129	7350.2173	308.0414	7681.3423	6781.1025	8093.0923	129.47766	8347.589	7950.0464	1000.0	1000.0	645000	790.88116	104.19817	911.81775	131.44621	-792.8186	26.535141	8165.97839140892
130	7534.272	82.13642	7648.4424	7437.5327	6991.5024	609.7934	7641.4146	5760.0103	1000.0	1000.0	650000	792.25916	103.64983	916.3848	127.275826	-794.1727	25.816141	8232.398333787918
131	7545.897	104.95597	7671.3457	7378.5684	7969.2915	117.14702	8086.95	7713.6807	1000.0	1000.0	655000	792.1989	105.02752	913.1132	125.03304	-794.0823	27.456184	8298.826689243317
132	7479.6484	73.20801	7580.6504	7398.745	7877.207	181.54305	8212.766	7654.482	1000.0	1000.0	660000	794.23114	104.58064	920.28827	107.3569	-796.1926	26.814207	8365.561033248901
133	7230.858	397.7287	7623.869	6531.082	6472.9595	626.18964	7550.082	5028.5225	1000.0	1000.0	665000	795.8661	104.48304	918.7906	98.39393	-797.8047	26.439713	8431.878823041916
134	7380.616	556.2379	8000.0444	6390.2837	7819.6396	113.293	8038.364	7598.9185	1000.0	1000.0	670000	796.66614	105.038536	919.387	104.17028	-798.5806	26.502632	8500.000407218933
135	7651.9297	116.52193	7777.3047	7506.1523	7896.1846	82.607414	8014.557	7761.8594	1000.0	1000.0	675000	797.8363	104.58421	920.25085	93.64236	-799.7741	27.452309	8568.481882572174
136	7314.7095	340.81522	7686.1196	6761.574	8126.0596	94.315506	8284.142	7946.3965	1000.0	1000.0	680000	799.33307	104.05931	921.84155	101.08242	-801.2638	26.77931	8637.662578344345
137	7674.375	163.75615	7883.912	7446.3955	7430.503	154.71004	7597.9956	7104.566	1000.0	1000.0	685000	799.47473	103.475174	916.45013	103.482285	-801.34924	26.685974	8704.587772846222
138	7361.215	247.46892	7736.6123	6983.8755	6432.717	93.32505	6543.109	6239.787	1000.0	1000.0	690000	800.0414	102.794975	922.8475	114.89489	-801.9428	27.849527	8770.01940369606
139	7348.211	470.71115	7913.643	6516.464	8057.5	170.99185	8280.523	7688.8467	1000.0	1000.0	695000	801.9641	100.86769	921.4154	112.06625	-803.91504	26.61575	8834.901030778885
140	7525.7686	334.05142	7885.1787	6905.3486	7856.9053	137.0715	8066.518	7583.7827	1000.0	1000.0	700000	803.3133	99.4422	920.6759	126.69915	-805.2085	25.331678	8898.411714792252
141	7499.093	210.52321	7834.9907	7306.834	7283.3267	931.3697	7762.785	4508.2734	1000.0	1000.0	705000	803.41205	99.586815	921.34814	126.85218	-805.2549	25.994083	8962.352261066437
142	7140.5874	414.57275	7496.592	6332.372	7518.745	188.19894	7884.812	7256.8057	1000.0	1000.0	710000	802.68896	102.407295	922.1885	121.47378	-804.48596	27.911655	9026.989372253418
143	7332.839	503.22412	7769.8716	6376.923	7979.923	123.123825	8191.8516	7760.3135	1000.0	1000.0	715000	802.8037	103.01176	921.77844	130.15118	-804.7111	29.30614	9092.764639377594
144	7357.3936	359.622	7741.9966	6763.37	8124.6143	144.11694	8309.2	7912.7544	1000.0	1000.0	720000	804.60175	101.730446	922.93335	141.7223	-806.49506	27.769987	9156.77240395546
145	7472.913	134.21646	7728.7437	7360.119	8245.213	87.876205	8343.05	8064.3794	1000.0	1000.0	725000	805.3894	101.383316	925.30176	161.7728	-807.26447	26.50302	9222.800406455994
146	7514.302	102.54866	7649.209	7367.0703	7763.9775	119.28694	7924.4927	7573.945	1000.0	1000.0	730000	805.4888	101.48065	923.76196	160.35522	-807.3026	27.635006	9286.647380113602
147	7621.9946	215.04851	7865.0254	7286.942	8038.8525	151.55824	8274.29	7799.0806	1000.0	1000.0	735000	805.8533	101.47018	924.57007	164.95113	-807.681	27.474688	9350.849282741547
148	7501.1523	193.41002	7768.031	7173.2114	8127.7603	114.14955	8319.1045	7951.387	1000.0	1000.0	740000	807.0699	101.22686	924.48145	160.24281	-808.9447	26.336197	9418.400730848312
149	7609.025	153.91516	7820.701	7386.3193	8173.04	102.217186	8309.136	7975.6914	1000.0	1000.0	745000	808.199	99.27451	927.69684	174.91464	-810.0756	26.646393	9487.756003379822
150	7608.8047	257.1394	7859.5107	7213.165	8014.9414	115.11318	8189.101	7834.216	1000.0	1000.0	750000	810.05145	97.69735	926.92664	180.56935	-811.9357	26.424488	9556.735253810883
151	7539.1235	163.65031	7833.272	7375.628	8107.2905	177.61345	8403.445	7781.5044	1000.0	1000.0	755000	810.70905	98.53719	926.84454	167.4589	-812.57544	26.34069	9625.87400341034
152	7643.2397	212.98662	7917.1436	7367.7285	8099.9014	64.09501	8208.209	8007.976	1000.0	1000.0	760000	811.657	98.655785	929.4195	172.9562	-813.4814	26.845034	9694.24501991272
153	7683.007	148.98572	7929.0796	7510.645	7370.5703	1675.2915	8253.769	2637.4023	1000.0	1000.0	765000	811.75586	101.01285	927.4257	152.91547	-813.5987	28.546106	9762.664427042007
154	7497.199	234.25574	7808.5557	7206.28	8002.004	133.92592	8191.0513	7680.7065	1000.0	1000.0	770000	811.9852	101.880844	928.62134	133.72011	-813.7762	28.710337	9831.958493232727
155	7553.71	218.84804	7787.5874	7174.9688	8107.4507	77.612236	8278.556	7994.6675	1000.0	1000.0	775000	812.8956	102.282585	933.00006	134.78531	-814.729	26.706875	9902.230144739151
156	7668.7725	62.92132	7738.1953	7552.9653	7671.828	165.63477	8063.154	7443.6724	1000.0	1000.0	780000	813.9128	101.626465	931.3295	94.67639	-815.7371	27.422707	9967.241910457611
157	7479.618	302.13943	7824.077	7033.128	8064.5303	316.22473	8356.662	7198.629	1000.0	1000.0	785000	814.0664	101.81694	931.43134	103.796486	-815.8665	26.546179	10031.520764827728
158	7776.233	110.86754	7985.3574	7668.318	7644.663	323.23	8017.498	6787.606	1000.0	1000.0	790000	814.0306	102.74615	930.7553	110.43985	-815.821	25.640667	10093.948009967804
159	7629.693	117.39328	7809.9883	7496.734	7974.6743	195.69617	8228.84	7630.057	1000.0	1000.0	795000	814.4715	102.60775	931.5165	114.23447	-816.283	26.9416	10157.082784891129
160	7453.379	201.44879	7741.248	7121.1	8352.607	82.33592	8511.052	8209.366	1000.0	1000.0	800000	815.21075	102.048615	934.27704	111.638535	-817.0126	26.208841	10220.467890024185
161	7697.9424	169.20361	8013.472	7543.597	7893.853	123.72133	8049.8486	7723.301	1000.0	1000.0	805000	815.863	100.45807	931.2247	131.48393	-817.6934	26.082554	10284.699093818665
162	7493.271	170.52618	7693.2153	7191.526	8106.163	114.8247	8334.402	7973.071	1000.0	1000.0	810000	817.31903	98.2376	932.0518	156.41006	-819.1422	25.423773	10348.514904022217
163	7675.2563	292.30615	8050.2417	7178.587	7999.4443	117.37307	8138.6436	7799.4146	1000.0	1000.0	815000	817.74695	97.82669	934.6444	164.5336	-819.5189	25.480433	10411.796370744705
164	7641.8174	226.72047	7990.7656	7408.977	8053.1104	111.61953	8188.0625	7784.633	1000.0	1000.0	820000	817.9508	96.81368	932.8293	148.6025	-819.70917	25.993618	10474.9801363945
165	7583.8486	125.63397	7765.596	7454.5645	8197.427	124.10662	8346.235	7912.884	1000.0	1000.0	825000	818.65265	96.84151	932.15094	166.35986	-820.42694	26.864285	10538.731353998184
166	7535.503	371.59567	7915.7935	6855.5537	7785.91	157.58453	8013.4526	7454.147	1000.0	1000.0	830000	819.13495	96.52097	933.8933	172.90843	-820.9422	25.983335	10605.482509613037
167	7589.4404	117.808205	7774.6562	7405.4956	8044.167	304.06488	8455.415	7392.0176	1000.0	1000.0	835000	819.536	97.15941	933.53656	179.51773	-821.3453	25.747087	10673.694848060608
168	7658.8857	167.03867	7867.079	7416.2173	8004.4453	144.17802	8181.727	7789.9194	1000.0	1000.0	840000	819.4042	96.288414	932.40027	188.40201	-821.124	24.905163	10742.177304029465
169	7455.3765	508.85443	7870.5117	6487.2314	8110.5483	67.45924	8216.887	7990.3394	1000.0	1000.0	845000	819.13763	95.868774	933.46735	170.35585	-820.8435	24.367928	10809.176352500916
170	7726.168	124.33319	7941.705	7584.7754	8298.77	92.44994	8408.357	8142.7603	1000.0	1000.0	850000	819.00507	97.13864	932.832	162.25783	-820.75287	26.291862	10877.164643764496
171	7787.678	158.75058	8090.236	7645.382	7505.681	313.77313	7919.9185	6724.0166	1000.0	1000.0	855000	819.31854	98.4208	936.8277	150.63977	-821.035	25.845629	10943.962934017181
172	7685.608	197.03127	7923.665	7395.009	7920.4165	467.79245	8274.428	6573.4316	1000.0	1000.0	860000	819.941	98.55383	935.3654	134.48466	-821.70593	26.440197	11011.887273073196
173	7371.366	416.69266	7750.7817	6559.773	7762.85	576.1139	8125.1494	6081.772	1000.0	1000.0	865000	820.80695	98.829506	937.251	120.71986	-822.53436	26.297888	11080.069557189941
174	7666.9336	208.39139	7978.824	7325.0913	7968.349	316.38855	8294.746	7102.7837	1000.0	1000.0	870000	821.61035	98.93497	939.4041	115.81645	-823.3491	26.713732	11148.629482984543
175	7732.665	211.17622	7933.574	7344.6655	8306.757	106.59207	8527.276	8182.54	1000.0	1000.0	875000	822.06866	98.44283	943.3536	124.056435	-823.8202	27.111715	11214.543968200684
176	7812.8867	67.04575	7899.387	7706.241	7593.596	205.02933	7914.8506	7190.6807	1000.0	1000.0	880000	823.01526	98.92173	945.414	103.748055	-824.7504	27.593563	11280.950232505798
177	7569.9688	171.84561	7774.2534	7341.0435	8014.3467	113.59401	8197.104	7842.262	1000.0	1000.0	885000	823.6838	98.50502	942.20514	111.056564	-825.3982	28.49417	11346.502982616425
178	7797.431	143.37564	7959.2583	7617.3867	8247.733	95.47493	8347.413	8089.501	1000.0	1000.0	890000	824.0965	98.21246	940.8822	106.15828	-825.8022	26.93817	11412.25945353508
179	7762.997	93.47025	7891.4194	7630.2266	8227.564	101.327354	8399.032	8076.4385	1000.0	1000.0	895000	823.80334	99.385796	941.99097	89.86888	-825.49066	28.660583	11479.14411687851
180	7647.828	169.45738	7900.879	7472.2407	8186.0107	203.29906	8412.548	7847.71	1000.0	1000.0	900000	823.9583	100.885	944.83746	84.08797	-825.66345	27.04542	11546.525913000107
181	7850.198	137.8781	8052.366	7687.772	7494.837	1248.103	8102.788	3758.45	1000.0	1000.0	905000	824.7004	101.17584	944.25287	43.80609	-826.4104	27.432234	11614.3083589077
182	7435.302	140.21144	7701.6343	7289.8013	7161.8975	1232.4683	7778.0615	3527.33	1000.0	1000.0	910000	826.0224	100.22835	945.0274	87.22327	-827.7598	27.686363	11681.696358442307
183	7472.2085	165.03123	7659.7275	7231.9526	8161.6455	166.76338	8393.005	7794.7534	1000.0	1000.0	915000	826.74457	100.44263	946.17847	70.926605	-828.412	26.824678	11748.950684785843
184	7736.7095	239.30464	8022.2837	7378.2085	8191.729	168.70183	8418.256	7805.0493	1000.0	1000.0	920000	827.29706	100.6707	949.85443	54.929398	-829.0307	27.188982	11815.548729658127
185	7779.457	125.39038	7926.7036	7549.7295	8115.8857	672.4073	8673.906	6164.404	1000.0	1000.0	925000	828.5122	99.61458	951.3791	58.1417	-830.2488	27.662535	11881.926186800003
186	7773.8174	81.973946	7920.1797	7670.3013	8337.779	80.2524	8492.638	8215.262	1000.0	1000.0	930000	829.29596	99.810585	949.19794	59.688072	-831.0144	27.138525	11946.742861747742
187	7802.505	143.91417	7989.422	7576.3496	4748.4033	1130.948	5519.6787	1403.4572	1000.0	1000.0	935000	829.86743	100.59883	948.28143	82.97546	-831.5687	27.184988	12013.973546266556
188	6995.5225	1003.2369	7855.9385	5121.2607	8089.233	63.68234	8229.432	7992.4424	1000.0	1000.0	940000	830.3909	100.02986	948.6984	105.749466	-832.1119	27.552956	12080.827233314514
189	7770.2163	85.37454	7855.8013	7617.3784	8308.467	144.27727	8613.055	8153.109	1000.0	1000.0	945000	831.0924	99.66316	946.7749	90.29619	-832.7882	27.826176	12147.093911409378
190	7988.721	122.91346	8119.027	7765.2964	8115.6094	153.49504	8404.59	7820.546	1000.0	1000.0	950000	831.3026	99.436455	949.6822	96.61599	-832.9958	26.98095	12211.814241170883
191	7770.4424	124.02141	7956.586	7590.801	8448.759	144.45555	8648.209	8210.55	1000.0	1000.0	955000	831.42346	98.54997	951.6415	90.116394	-833.1072	26.516932	12278.9305331707
192	7797.075	282.58862	8046.6694	7293.8936	7965.0405	232.12207	8270.286	7515.1567	1000.0	1000.0	960000	831.5629	97.656006	951.1968	98.96209	-833.20557	28.729841	12345.021118879318
193	7850.8916	167.65851	8073.708	7641.96	8283.94	121.96395	8498.421	8026.6006	1000.0	1000.0	965000	831.6706	96.44226	955.21747	115.941246	-833.35657	26.9311	12411.551513433456
194	7632.6396	376.386	8063.7173	6983.3735	7870.425	108.17359	8022.8535	7706.279	1000.0	1000.0	970000	832.6217	97.46806	953.7776	98.37294	-834.2968	25.904007	12479.453965425491
195	7810.0845	188.82404	8085.0596	7504.6797	7986.118	125.97004	8180.6577	7773.8843	1000.0	1000.0	975000	833.3346	99.37453	952.71686	83.01961	-835.0288	27.363424	12546.498526573181
196	7777.093	203.76923	8030.8564	7552.7417	7747.7944	215.11494	8089.4683	7344.6074	1000.0	1000.0	980000	834.2018	100.0553	954.5027	92.66864	-835.8915	26.8584	12613.181114435196
197	7554.9844	539.43835	8127.3687	6552.543	8201.005	143.24475	8367.101	7882.5967	1000.0	1000.0	985000	835.05927	101.64194	962.2948	92.54567	-836.7529	27.739618	12679.371635198593
198	7763.5674	412.8368	8111.8623	6958.872	7883.818	199.84729	8286.728	7689.3916	1000.0	1000.0	990000	835.7353	103.26618	955.91833	75.62594	-837.39606	27.009819	12746.70307636261
199	7600.267	264.52658	7889.6206	7112.958	8219.164	663.49164	8629.692	6263.741	1000.0	1000.0	995000	835.4429	104.88011	960.1953	69.853165	-837.124	27.626787	12813.22161579132
