Epoch	AverageEpRet	StdEpRet	MaxEpRet	MinEpRet	AverageTestEpRet	StdTestEpRet	MaxTestEpRet	MinTestEpRet	EpLen	TestEpLen	TotalEnvInteracts	AverageQVals	StdQVals	MaxQVals	MinQVals	LossPi	LossQ	Time
1	-75.83882	111.18683	7.515954	-398.21985	-538.8715	979.09735	-30.286892	-2915.6965	189.38461	185.5	5000	15.382325	16.708628	79.874626	-14.87681	-18.509823	0.93543303	47.35968041419983
2	-43.97633	82.619484	12.552036	-371.24472	-1352.0969	1320.204	-178.35477	-2982.2075	147.16667	460.8	10000	211.13359	124.46254	581.2765	-127.69223	-234.93893	71.701256	95.67025327682495
3	-287.5549	650.81476	-12.697693	-2677.162	-2161.043	1294.3057	-102.6627	-3064.5447	120.95556	716.7	15000	767.5292	146.77174	1114.8353	-338.3701	-797.79645	908.52606	158.8654088973999
4	-445.62527	876.5414	-24.261429	-2720.1533	-345.81195	767.5925	-31.146	-2637.0508	169.44827	119.4	20000	982.65204	103.273415	1227.868	-1576.1042	-1003.18365	1163.9788	208.57978796958923
5	-538.6083	949.18085	-19.913357	-2709.232	-79.23918	42.34436	-38.812237	-161.67479	203.76923	26.5	25000	1018.8746	95.48692	1214.9801	-553.71173	-1035.2948	962.5983	260.4329311847687
6	-205.61288	486.4741	-23.09153	-2630.7705	-669.51575	1117.8856	-27.177431	-2968.5183	78.14035	231.1	30000	959.38544	97.350784	1166.1685	-584.23987	-972.46533	1147.7432	308.769259929657
7	-416.90854	806.9814	-40.203617	-2657.0984	-934.0026	1277.5604	-30.604206	-2955.6133	159.26471	326.5	35000	865.49976	97.265045	1090.4875	-481.7692	-877.9771	928.39923	366.69949173927307
8	-761.26886	1019.7018	-27.37279	-2634.0623	-966.2547	1122.272	-46.175797	-2674.8477	298.82352	368.9	40000	792.7376	87.006195	962.7401	-440.41772	-804.87384	687.9484	422.08533668518066
9	-250.71297	582.8895	-7.634035	-2428.9211	-316.38095	673.4985	-25.88926	-2328.5159	122.48781	153.8	45000	737.57605	74.04271	872.2949	-428.66562	-749.3182	556.838	473.8723123073578
10	-171.09528	423.48874	-12.976692	-2140.437	-173.84764	303.00394	-17.624262	-1069.9281	96.60465	86.1	50000	690.2033	68.60349	804.16504	-422.08633	-701.48065	562.66516	517.474062204361
11	-283.64624	574.70233	-5.8302054	-2184.7988	-53.399456	39.419033	-15.793326	-135.89754	154.28947	58.6	55000	632.24115	67.02327	769.3739	-693.55176	-642.36224	447.25732	574.8286077976227
12	-311.55106	657.2086	-25.958145	-2155.3918	-80.73462	33.446056	-22.167414	-160.3013	166.84616	51.0	60000	560.5978	60.24415	722.12415	-466.64355	-568.9473	336.11844	619.0585551261902
13	-603.0953	866.74805	-2.662894	-2059.1135	-477.1844	615.24744	-22.894497	-2138.7412	312.66666	284.8	65000	481.8803	57.55625	630.5815	-388.5735	-488.76138	220.21677	678.3437838554382
14	-599.1135	842.2037	1.9682089	-2015.4579	-422.49307	684.6174	49.10443	-2208.6863	377.36365	380.5	70000	404.90164	52.562145	542.74854	-354.6625	-410.6512	163.49667	727.0838892459869
15	-860.134	589.5693	-126.48769	-1676.6499	-95.76301	333.9531	102.1488	-1087.7852	780.2857	266.9	75000	337.04025	54.1516	473.7385	-366.83167	-342.03427	113.01227	784.8804049491882
16	-902.77826	650.53973	-114.4336	-1614.1812	-531.42615	742.2273	23.348206	-1805.3055	773.7143	532.4	80000	273.70135	59.536057	416.84937	-296.01254	-278.1705	79.66907	847.3096785545349
17	-420.47974	499.45862	-8.572448	-1267.1985	-636.4888	596.46875	-16.02055	-1591.1262	612.625	529.9	85000	227.4805	68.984276	375.42892	-247.8125	-231.69344	62.98114	905.6820194721222
18	-454.29233	562.0799	-3.9912498	-1541.0868	-746.4626	578.8101	-3.9482431	-1726.6842	387.16666	727.7	90000	193.96037	77.90403	356.76306	-276.95102	-197.99796	59.617344	963.8822090625763
19	-555.6607	558.79297	-0.44402415	-1695.0542	-512.7275	592.70526	-30.327871	-1500.9541	565.5	454.9	95000	167.0203	85.64129	337.37686	-221.78531	-170.89128	58.913246	1017.0905661582947
20	-358.9361	430.68494	-8.4284725	-1257.0835	-619.27484	626.9647	-4.60338	-1547.0397	398.84616	527.7	100000	147.33925	94.97961	346.27847	-234.40155	-151.1721	62.038734	1077.0637836456299
21	-436.6799	525.27655	-10.88649	-1526.3502	-186.60915	263.94757	-10.122716	-801.2983	454.0	401.8	105000	132.88771	102.81923	339.8835	-153.21425	-136.76097	62.075855	1137.802887916565
22	-225.65504	398.8446	-18.967848	-1401.9093	-337.924	339.1715	-12.279111	-1031.1172	197.5	316.1	110000	127.51586	109.09901	403.44128	-255.38269	-131.48524	66.43889	1194.0181498527527
23	-528.772	355.80814	13.339907	-1209.3676	-245.57791	408.49033	-14.882785	-1444.4622	626.25	237.5	115000	124.280846	112.877426	401.98837	-219.65675	-128.26617	66.57708	1249.2075843811035
24	-359.101	455.86578	-24.780947	-1468.3826	-345.2166	393.9956	-10.160404	-1187.8201	318.8125	321.8	120000	125.947876	118.76639	420.64676	-168.87122	-130.09656	72.13865	1306.540358543396
25	-267.6897	387.66904	-11.858485	-1565.4172	-449.00952	456.27814	-21.472105	-1363.9049	193.5	489.5	125000	129.40129	127.808815	450.45	-157.6304	-133.58794	80.52974	1366.668399810791
26	-232.96346	349.41702	-12.792497	-1338.2681	-238.68987	369.77682	-4.5030603	-1091.9225	207.95833	216.5	130000	132.47444	134.9401	454.84033	-209.0791	-136.788	100.83781	1421.5549881458282
27	-300.11984	423.5374	-13.369259	-1539.7424	-121.386826	130.1127	-11.861237	-433.20853	256.5	76.2	135000	136.53282	141.20454	489.975	-210.47946	-141.24496	112.17362	1466.4249622821808
28	-519.16064	563.2745	-34.18018	-1618.5516	-621.72473	666.52295	-48.68199	-2036.0994	345.70587	362.7	140000	150.17755	153.50175	520.10156	-148.73169	-155.27539	133.32559	1532.0812718868256
29	-320.53546	423.58792	-40.68583	-1840.8839	-403.69928	282.90952	-25.550877	-803.7383	231.09525	426.2	145000	167.88565	165.25055	535.37415	-166.85168	-173.25037	148.42902	1589.7757515907288
30	-377.96628	420.51093	-20.61113	-1340.9629	-131.32553	50.407078	-26.908339	-195.00957	236.0	115.7	150000	184.82082	172.67282	558.32526	-371.97415	-190.3703	167.51883	1644.145084142685
31	-237.80528	250.44504	-30.520302	-1281.231	-287.8302	243.22145	-49.05437	-769.0493	149.07143	185.8	155000	195.26555	175.18529	576.9303	-181.29547	-200.70741	172.46855	1691.735009431839
32	-351.49014	505.89398	-11.871225	-1903.5897	-259.01663	309.96765	-14.968845	-1047.1779	208.5	134.5	160000	199.25609	176.92558	616.957	-381.10468	-204.61305	182.5829	1751.366884469986
33	-179.0557	236.04572	-8.649598	-1166.6752	-243.56038	180.18994	-35.258797	-581.06433	121.410255	127.4	165000	204.50409	177.09042	651.6677	-189.3471	-209.91779	197.12158	1802.5949556827545
34	-242.09029	315.27554	-9.0290785	-1162.189	-212.54178	167.37727	-20.8634	-544.67255	136.97368	125.1	170000	212.43565	173.45914	628.2111	-382.3969	-218.01335	222.41191	1856.9981982707977
35	-263.43173	393.06378	-17.032778	-1846.4717	-194.3757	252.17958	-17.402893	-765.487	148.91176	97.2	175000	214.93077	171.93312	648.4645	-382.9878	-220.41171	225.7967	1910.6359069347382
36	-156.91537	233.42072	-12.714467	-1190.3073	-120.09386	82.618866	-11.957136	-306.7984	93.830185	68.1	180000	216.86955	171.95624	665.08624	-271.94424	-222.4079	235.0144	1963.35213637352
37	-214.16582	296.6491	-16.235945	-1357.229	-257.80255	385.97534	-17.895876	-1022.56744	127.128204	182.5	185000	219.53473	170.83904	680.1097	-254.68123	-225.02837	244.3037	2017.3785347938538
38	-440.9052	477.5391	-15.615352	-1946.9541	-409.15707	455.9318	-7.615597	-1438.1135	254.8421	231.6	190000	217.70105	168.69681	698.17804	-218.82881	-223.22331	238.1284	2070.9564995765686
39	-463.5311	462.2616	-17.965712	-1882.071	-165.392	117.81443	-45.92464	-433.41867	260.05	78.6	195000	218.9159	168.4588	655.3795	-191.87036	-224.43237	237.16708	2125.4196112155914
40	-308.71298	488.90616	-21.015924	-2141.1099	-426.8919	681.56714	-14.88742	-2348.0063	162.03226	200.2	200000	219.12274	169.25035	661.965	-198.51486	-224.59999	236.64548	2181.4798028469086
41	-227.73213	205.66916	-7.0644236	-820.79315	-238.1718	208.76009	-40.861988	-792.0205	133.8108	140.3	205000	218.64587	168.69595	640.33905	-363.08316	-224.08879	238.57549	2236.9568927288055
42	-268.17712	412.53204	-19.887781	-1803.2339	-619.06055	584.2942	-134.61629	-1750.3534	161.81482	331.1	210000	216.6673	165.3303	597.3916	-284.13757	-221.89879	226.4794	2289.7187366485596
43	-582.7279	734.1585	-25.582207	-2518.4553	-165.39012	151.74197	-28.203959	-444.4094	297.44446	89.6	215000	214.52228	159.69687	571.78357	-265.85507	-219.72952	206.04674	2346.7064757347107
44	-391.49677	486.44916	-25.804499	-1830.8634	-652.0211	599.3673	-67.646454	-1930.0558	227.30435	371.5	220000	211.04198	153.77301	564.17004	-243.67915	-216.07297	191.52736	2407.752756357193
45	-170.05463	224.47864	-9.767049	-1294.1643	-150.08093	178.52214	-32.973385	-629.1784	101.47727	96.3	225000	204.21393	147.37927	527.19525	-162.82065	-209.01361	184.3897	2458.1618773937225
46	-400.84598	521.15717	-17.913128	-1558.3673	-210.00557	380.25116	-7.17469	-1316.4409	271.6111	161.2	230000	193.39903	139.42162	518.29065	-185.41829	-197.8921	170.95795	2512.637634038925
47	-322.00183	435.93326	-23.470314	-1443.0034	-571.6589	637.7602	-51.867268	-2093.1692	258.5263	382.9	235000	182.70677	133.39584	481.22736	-161.9196	-187.10759	153.91042	2570.4941744804382
48	-311.42197	452.46558	-2.2663453	-1552.0928	-383.55518	434.2075	-15.544431	-1231.8936	238.91667	263.2	240000	172.75658	125.95845	456.40872	-192.82898	-176.9743	141.7102	2632.990783214569
49	-369.30603	414.3624	-18.499544	-1420.5048	-500.03168	470.6606	-8.54292	-1431.7454	282.94446	406.8	245000	162.9562	118.66003	442.8473	-193.109	-166.97038	124.21588	2692.269926548004
50	-548.1777	482.71017	-22.256636	-1471.5059	-509.99927	355.79327	-7.971403	-1022.2722	411.16666	471.6	250000	152.35753	110.45533	379.84778	-237.57382	-156.0985	110.18253	2753.1643068790436
51	-318.18927	433.72546	-7.282885	-1243.8577	-480.5096	509.50003	-13.370143	-1538.3733	234.57143	361.8	255000	140.69064	101.021	336.7632	-225.2209	-144.23717	92.67987	2811.692917585373
52	-482.35956	448.70306	-16.912231	-1455.3915	-239.72855	401.8754	-12.083297	-1187.6798	366.69232	158.4	260000	129.74347	90.9741	326.9998	-194.07799	-133.01277	78.71789	2865.673710823059
53	-400.90866	486.72775	-11.404882	-1635.0214	-449.93604	431.3386	-13.793447	-1136.2249	326.33334	383.6	265000	115.40712	81.09478	364.8998	-181.87416	-118.359116	65.392685	2925.3845496177673
54	-712.4254	465.09903	-16.645544	-1255.3065	-849.9206	746.6536	-6.8779917	-1855.5835	647.5	600.4	270000	99.5853	71.82284	315.83624	-129.22627	-102.25442	51.51302	2990.615903377533
55	-503.2906	404.40613	-5.8294973	-1316.9719	-302.09497	299.44083	-21.328947	-805.2065	558.1111	424.2	275000	84.31297	63.63852	241.17392	-209.66049	-86.71514	41.29828	3047.9952535629272
56	-386.7747	275.65723	2.3184714	-865.9267	-760.6275	220.70235	-227.40372	-1020.4676	604.875	870.3	280000	71.08153	56.560738	213.48878	-124.074615	-73.26628	31.813665	3111.850124359131
57	-602.80255	356.18985	-27.640314	-1079.6741	-541.0733	508.47263	37.881737	-1414.5099	748.5714	1000.0	285000	58.883797	50.56786	225.35452	-162.24571	-60.90746	25.259722	3181.8056247234344
58	-99.6426	201.30984	221.48979	-429.0616	-448.18262	145.24866	-176.31184	-648.19824	704.1429	1000.0	290000	46.42095	46.23504	171.14078	-97.94911	-48.31052	19.829927	3248.9842069149017
59	-328.54672	359.80692	263.74274	-870.6893	188.73972	83.30157	263.55902	-10.757363	1000.0	891.9	295000	36.7958	42.391655	145.94249	-163.98758	-38.716152	16.518654	3317.0998582839966
60	-22.457111	249.24158	266.41464	-419.87344	-102.26582	79.35303	6.313379	-252.59776	886.2	964.3	300000	31.698723	38.56598	141.77309	-108.45362	-33.615967	15.417208	3379.961673974991
61	-86.35592	252.07674	333.89233	-457.14966	202.12436	165.00539	407.40332	-96.59621	1000.0	877.4	305000	28.289114	36.02354	119.0731	-103.53509	-30.183882	13.752753	3445.4227242469788
62	193.9066	155.46617	388.05945	-5.828946	65.98915	80.14894	235.81177	-59.07307	852.6667	982.7	310000	26.0609	33.88525	130.80623	-105.69213	-27.963638	13.073536	3514.435474395752
63	198.24068	129.53542	444.8065	56.29487	114.946	32.154137	179.03905	81.35472	852.3333	1000.0	315000	25.359375	32.74065	126.936104	-91.85322	-27.261976	11.795093	3582.474484682083
64	134.75865	285.6298	478.6941	-472.48984	614.99414	64.1509	709.149	512.5823	777.8571	987.5	320000	26.28178	32.280006	119.3395	-73.235725	-28.242554	11.956537	3654.7549073696136
65	405.8961	254.8735	784.44226	44.185127	121.45131	109.95425	299.85992	-40.27037	933.2	934.3	325000	28.278717	31.70798	182.83049	-79.19207	-30.25573	11.921852	3718.5875854492188
66	364.13834	141.45593	553.04	179.80496	422.9611	224.49173	804.594	88.947624	789.6667	762.6	330000	31.000006	30.772947	201.59253	-92.9295	-33.02513	12.173888	3780.7074933052063
67	353.98248	219.99345	677.7636	59.551414	436.00372	136.71234	596.2035	141.19757	730.1429	853.0	335000	33.982178	30.025593	184.10815	-97.18336	-35.999916	11.938724	3844.8005447387695
68	316.1049	176.00381	497.74765	23.680216	575.4246	270.39624	934.8424	58.206753	695.875	818.3	340000	36.838936	29.597668	175.24495	-82.12166	-38.886723	12.034351	3913.792979955673
69	251.42302	263.34888	611.64716	-66.20346	329.00006	196.20108	693.98975	55.174355	505.8889	667.5	345000	40.130756	29.428707	192.04004	-64.065704	-42.185623	11.776894	3972.0949144363403
70	135.07199	349.56122	763.3031	-660.7671	225.33737	250.36662	499.79703	-322.04645	476.1	920.0	350000	42.88442	29.94524	181.11667	-83.46032	-44.947384	12.423196	4036.6587874889374
71	205.5805	123.39534	363.35876	27.865059	374.30124	188.78958	652.7632	28.987555	634.0	728.3	355000	45.33648	30.597406	178.8094	-101.993416	-47.400795	12.451287	4107.202771902084
72	332.8547	367.78925	1115.6743	11.669971	225.03096	161.1432	532.26324	42.592438	588.2857	393.2	360000	47.70542	31.299524	183.9363	-71.008194	-49.787277	12.742032	4159.998534202576
73	475.58374	176.71506	681.4846	225.17691	12.400671	396.8429	512.6634	-775.34955	886.8333	570.6	365000	50.104607	31.193909	158.6289	-79.67986	-52.226192	12.43371	4225.172848701477
74	151.66214	210.48001	465.78104	-260.91687	267.87753	161.89667	568.5824	40.35876	670.7143	360.4	370000	53.329697	30.638664	138.12549	-51.89509	-55.473278	12.55511	4282.139267206192
75	362.46558	215.48344	592.7888	2.1392272	362.79477	207.06439	679.6695	46.0542	1000.0	674.7	375000	56.00055	30.451134	217.05649	-73.21501	-58.149662	12.65162	4345.909358739853
76	345.73892	216.77	681.36505	19.731688	274.69418	168.50253	469.1641	38.069794	839.6667	595.0	380000	58.731777	30.65529	145.69052	-80.36835	-60.88758	12.301348	4408.71759724617
77	397.9349	145.10739	678.9167	210.92812	717.60333	363.64413	1134.887	78.92436	797.8571	865.2	385000	60.88849	30.727934	149.96527	-50.160328	-63.009388	11.733702	4480.946250915527
78	445.16934	240.15802	745.42377	101.220474	359.00208	229.16336	741.69604	87.96307	727.3333	577.9	390000	63.20134	30.652256	151.13792	-80.352234	-65.3355	12.148457	4537.91455245018
79	330.5305	224.60689	683.7785	0.86653143	500.70963	174.73206	800.5241	92.175865	720.7143	895.0	395000	64.73927	30.434172	170.15364	-138.76135	-66.84036	11.81737	4603.236054420471
80	502.73697	264.494	1105.5668	234.12509	441.0293	248.5914	781.8739	53.64018	721.7143	869.3	400000	66.422424	30.408127	145.6366	-166.18045	-68.58722	12.083721	4671.143043518066
81	325.6846	175.19586	592.84796	80.96826	160.89873	163.20714	465.14374	17.933962	765.0	271.1	405000	69.42244	30.3579	180.38632	-95.59655	-71.564125	12.361689	4733.160688877106
82	307.90677	261.35648	984.5648	24.926374	512.4479	296.21808	1062.316	129.8809	429.45456	701.9	410000	71.22757	29.985136	179.86946	-93.71472	-73.363434	12.566773	4795.081150531769
83	498.98767	273.3792	767.87396	46.687634	456.6176	211.18639	682.195	13.675819	681.25	713.1	415000	73.32128	29.398903	168.13179	-126.24858	-75.45341	12.204105	4863.001356124878
84	337.98114	271.9929	930.8405	-3.5046647	536.7974	227.14511	931.81024	248.0192	516.9	879.6	420000	75.05274	29.135855	168.43575	-62.74252	-77.214005	12.885629	4931.569086790085
85	280.2004	196.49924	508.1958	-0.27673528	349.84616	239.77211	772.82117	53.625103	559.75	578.8	425000	77.11314	29.334259	179.75087	-75.4778	-79.29073	12.723085	4990.923714399338
86	487.46182	118.24348	674.24493	342.50974	669.9097	188.06628	953.2615	263.87436	1000.0	899.3	430000	79.10885	29.790897	172.50995	-101.59997	-81.28085	13.03068	5058.479718208313
87	537.1367	414.4461	1113.7096	-23.99479	376.93253	247.01605	742.2538	-10.479056	605.6667	727.2	435000	81.33806	30.315487	166.1365	-87.96721	-83.502106	13.367613	5128.295599937439
88	380.8883	185.04308	619.6425	12.275156	518.6204	271.49948	829.80707	98.33407	643.625	742.4	440000	83.936356	30.768393	188.69579	-93.308464	-86.12949	13.985666	5195.02507686615
89	289.5558	172.13843	605.3508	59.976135	389.26962	251.25798	677.8755	-7.184266	503.8	709.5	445000	86.06614	31.24974	217.77069	-73.5633	-88.264244	14.789022	5260.847025156021
90	442.56137	144.53395	631.8513	154.9747	414.68326	259.60446	682.06995	-4.777812	720.1429	657.0	450000	88.21576	31.339432	229.53578	-76.485565	-90.45536	15.651297	5325.0327179431915
91	351.13614	245.23563	698.4732	3.8602629	477.07104	282.29825	846.7961	5.6979475	570.125	580.9	455000	91.38748	31.943703	258.50455	-64.84675	-93.66008	16.869114	5384.496083974838
92	510.3488	245.99777	755.8494	23.580566	567.94226	298.67554	904.3215	74.13874	837.1667	759.4	460000	93.14932	32.123074	249.18974	-74.65402	-95.31459	15.755552	5449.254037618637
93	425.8837	255.75134	697.719	21.001497	449.34174	209.17868	748.4511	51.06081	736.4286	760.3	465000	93.26553	32.249313	241.6596	-123.65538	-95.411415	15.857147	5515.007435321808
94	501.274	90.23995	599.06116	340.85297	405.7557	277.47348	803.5915	64.63249	858.0	541.8	470000	93.91134	32.488785	254.7448	-77.98494	-96.0698	15.339622	5571.174406290054
95	348.34082	260.88275	735.71	27.939798	382.05832	254.29453	664.70746	55.47789	512.0	650.6	475000	95.190445	32.71146	275.90387	-98.80128	-97.35245	15.969816	5637.282168626785
96	425.8682	229.4137	730.20844	55.23401	553.65497	336.23685	1021.7281	54.346172	725.25	613.9	480000	95.65801	32.737293	306.0543	-96.42237	-97.80491	16.495848	5707.439678430557
97	372.86368	287.35608	745.5334	-0.9321864	249.81763	258.29	698.9942	6.6555314	550.625	311.9	485000	97.0424	32.65718	329.79214	-92.053024	-99.20976	17.02929	5762.015504837036
98	554.1913	190.33092	767.27515	152.90598	506.309	257.97488	873.18286	7.407153	857.5	658.0	490000	98.32951	32.84038	321.40564	-86.28281	-100.50248	16.964077	5827.715008497238
99	474.43646	235.4119	783.15717	86.60904	379.91357	244.2515	712.55505	6.1312284	652.0	618.8	495000	100.54524	33.846207	302.62225	-82.75051	-102.78288	17.509665	5888.036054849625
100	413.94702	247.2064	688.7539	26.687666	-36.727684	606.9224	660.9077	-1626.077	665.625	588.2	500000	102.999855	35.59408	338.73682	-80.37027	-105.22347	19.57656	5955.482844114304
101	289.62112	258.66882	719.5682	3.365935	363.74188	248.82742	702.271	10.191969	441.08334	525.5	505000	105.48436	36.635204	266.92215	-76.90898	-107.72171	18.852861	6021.79020357132
102	296.49228	251.80254	683.14484	5.393513	703.13074	332.04694	1100.8573	176.94339	527.8889	835.9	510000	107.85894	38.889668	251.26942	-86.206985	-110.074974	20.300087	6086.280064105988
103	369.99573	294.67694	935.5747	18.590038	299.93048	399.61618	667.2274	-711.7588	595.3333	748.5	515000	108.3038	39.39651	238.03117	-95.96049	-110.441124	19.807438	6156.647143363953
104	198.82845	234.23137	636.55664	-11.484661	483.96753	248.77594	896.87775	39.789577	366.58334	757.3	520000	108.22656	39.960114	215.76982	-90.3206	-110.377365	19.505854	6216.944029808044
105	286.62378	167.44902	506.72946	36.957222	309.33698	287.10553	611.043	-251.57347	501.27274	708.9	525000	108.205574	39.64357	248.32373	-116.61473	-110.33481	20.189217	6287.786736726761
106	346.45096	355.88657	669.63855	-405.4964	320.95776	276.60873	698.3779	-67.6165	875.1667	874.3	530000	107.75433	38.906357	283.45303	-115.70615	-109.82427	19.308537	6357.8079652786255
107	331.24203	257.9708	729.89307	-3.1938229	337.11743	238.30995	634.5225	-3.0364592	514.75	601.2	535000	106.90408	37.563198	261.93854	-99.72154	-108.95421	17.94906	6414.961358785629
108	197.16203	395.1206	1057.5642	-475.20535	506.5879	311.59036	899.77905	91.2661	604.3333	566.4	540000	106.06698	35.973286	274.7254	-89.67243	-108.07238	17.29994	6483.913321256638
109	570.4914	453.66028	1224.2316	16.31522	805.9873	445.56485	1505.3519	131.3367	562.55554	754.7	545000	104.81253	34.368156	274.19208	-119.87773	-106.77795	16.354326	6552.213891029358
110	561.5956	423.22803	1301.2632	-6.466126	584.84186	255.17749	848.2621	26.682732	667.25	769.6	550000	103.15412	33.349514	237.37802	-85.440895	-105.10963	15.944754	6623.748135328293
111	471.83063	476.1892	1109.7819	-96.25804	392.7338	359.01535	1057.9286	3.3037882	1000.0	471.6	555000	103.08133	33.313133	225.51372	-96.54936	-105.0901	15.855905	6685.58158826828
112	726.7733	206.50221	1133.22	565.23615	503.93115	287.35217	831.72516	9.844629	1000.0	682.6	560000	103.37643	33.369564	197.33643	-85.62483	-105.33482	15.111769	6751.223683595657
113	630.639	388.61914	1273.7241	120.27846	654.9579	248.77237	976.8654	277.8773	615.1429	768.2	565000	104.66906	33.76417	206.93965	-113.92016	-106.7628	15.971354	6811.4391260147095
114	604.4829	395.46213	1173.8835	52.359196	683.7479	354.79593	1294.7238	90.19682	609.125	696.8	570000	109.75915	37.71759	273.41364	-160.52292	-112.02655	18.616724	6876.611604213715
115	683.9577	93.578926	825.9662	538.9609	-53.33338	814.56604	937.01526	-1632.2875	922.3333	552.8	575000	115.35735	43.73391	293.90167	-145.01212	-117.602806	21.740997	6944.290895462036
116	-204.02942	903.78705	715.7258	-2147.2668	-260.5508	711.05975	719.41754	-1245.9135	690.0	918.6	580000	119.24552	47.381554	301.8232	-110.42838	-121.471664	24.184172	7011.796998977661
117	171.95349	425.4265	646.99695	-594.01587	222.33682	196.44945	746.67596	1.2147808	726.7143	720.2	585000	121.53903	48.110344	277.96582	-80.56212	-123.67432	23.363497	7079.212891578674
118	182.29805	234.47687	581.7873	-308.0167	231.22949	271.96365	658.0628	-45.39336	599.3333	617.0	590000	121.95378	46.30132	246.94278	-102.054	-124.08069	21.891682	7146.935973167419
119	-0.4914638	434.05103	558.1113	-725.966	-160.25116	256.5478	15.552606	-911.9198	641.2857	809.7	595000	122.193184	45.14272	250.97034	-89.71494	-124.335976	21.97938	7211.345443487167
120	-136.84708	111.09402	46.730106	-256.34106	59.16404	279.26492	789.2968	-258.30225	1000.0	796.7	600000	122.322235	43.497288	308.96338	-86.798515	-124.4059	21.354143	7278.719640493393
121	386.6852	272.83716	821.3857	139.12828	478.0233	182.38321	791.27795	152.92456	1000.0	806.3	605000	120.21393	41.007233	283.37015	-86.26836	-122.20761	19.61606	7346.509549379349
122	594.92645	577.71387	1272.2803	-503.4674	758.5509	473.76816	1226.4584	-0.6067781	840.1667	693.5	610000	117.74407	39.06529	212.78235	-96.05867	-119.734825	18.536652	7413.1497194767
123	432.4935	583.7775	1350.4216	-782.5174	1007.529	325.01166	1324.5319	270.1329	611.125	983.7	615000	116.50267	37.800827	240.91495	-81.873	-118.486336	17.544836	7481.891371488571
124	635.271	441.67917	1287.7635	97.10591	447.67877	438.45465	1101.3319	19.846352	612.125	433.2	620000	116.050766	37.402203	260.79892	-135.69691	-118.07451	17.660086	7542.862101078033
125	503.84494	307.3849	920.1428	33.80523	439.20013	433.93866	1044.7698	-237.59282	598.3333	629.0	625000	116.20801	37.26617	266.10266	-84.44421	-118.187416	16.888252	7612.1567277908325
126	829.09296	170.64946	1065.9583	605.829	508.13345	379.65002	1035.6473	10.93067	914.8	631.3	630000	116.5127	37.61473	213.8829	-95.82777	-118.52213	17.331213	7674.048251390457
127	987.07666	301.7216	1538.3895	674.45306	1310.2004	204.44739	1550.1111	860.423	939.5	1000.0	635000	116.40058	37.736588	227.59303	-108.97728	-118.372116	16.571781	7749.44530749321
128	727.2382	652.03906	1530.4695	-255.71318	736.2368	244.19125	935.5826	247.51526	843.6667	758.6	640000	116.81184	38.05975	224.38046	-129.40138	-118.80004	16.580605	7817.293171882629
129	417.0627	420.8358	1484.9749	12.368539	1173.9807	208.98337	1587.0992	837.6047	376.75	999.7	645000	117.08665	38.25094	217.56383	-92.7196	-119.056435	17.07592	7882.12575340271
130	1101.2859	244.84464	1488.002	776.8479	786.1279	311.6134	1084.3019	194.32362	1000.0	788.8	650000	117.34684	38.492123	212.54323	-83.10031	-119.33429	17.051418	7950.17488861084
131	664.89075	407.81204	1086.5529	47.560722	656.8627	366.72562	1224.2372	94.38084	736.4286	676.7	655000	117.9271	38.939636	226.84726	-67.90307	-119.90846	17.082232	8018.717822790146
132	747.30615	457.71997	1626.295	16.498512	708.87823	401.46307	1431.7258	66.997154	658.0	625.2	660000	118.584694	39.270905	219.89267	-107.11676	-120.58531	17.33193	8086.702896595001
133	341.7574	350.44318	765.6676	-323.44022	1057.8558	219.8563	1327.3589	629.1438	511.0	1000.0	665000	120.51447	39.872803	262.26035	-83.45419	-122.54697	17.747047	8158.914238452911
134	638.13617	451.825	1437.4576	29.36269	931.9049	440.6249	1492.1871	134.0441	617.5	809.0	670000	122.23328	40.72449	236.1322	-101.369255	-124.25276	18.008549	8226.189340353012
135	935.41437	319.11642	1423.6501	629.51697	702.3658	533.85144	1725.2189	30.45689	1000.0	698.2	675000	123.31659	41.631496	213.7893	-87.43231	-125.32064	18.667591	8292.710865974426
136	660.83435	363.1889	1203.2512	107.43862	518.3695	237.43095	759.3275	108.76831	733.0	513.5	680000	124.13255	41.787525	221.81673	-112.84447	-126.13152	18.327549	8350.842010974884
137	701.77344	224.02832	983.71625	234.8128	656.2247	456.07178	1386.4164	61.467648	802.1429	580.6	685000	123.92801	42.356186	219.78645	-113.133156	-125.88247	17.905205	8422.514014482498
138	538.9448	189.1455	862.8606	249.46524	503.29663	368.65204	829.4413	-194.36899	631.875	639.5	690000	123.856705	42.463287	221.75705	-80.30332	-125.83577	17.875021	8487.868839740753
139	716.46576	434.76828	1436.0599	25.303299	640.31903	390.0199	1105.9164	-0.8040068	693.2857	610.8	695000	124.524124	42.86485	232.82303	-94.85141	-126.50211	17.92339	8551.87909579277
140	813.8572	254.16476	1299.5803	555.287	611.8063	494.64352	1659.134	41.9159	1000.0	575.3	700000	124.768425	43.1964	219.8287	-129.35753	-126.738	18.500671	8616.899797916412
141	548.9079	244.9979	855.2664	137.90489	863.3667	553.8199	1737.6417	32.238544	471.1111	703.3	705000	125.07266	43.453934	214.83066	-137.364	-127.035774	18.39134	8677.28754067421
142	616.2915	388.22635	1564.331	210.69229	838.18994	317.0396	1563.9519	337.6129	655.2222	727.4	710000	125.52566	44.273342	216.92052	-90.2666	-127.491905	18.777454	8752.683659791946
143	804.83887	432.912	1573.8499	80.17836	920.53577	517.02203	1493.801	8.438732	705.2857	723.5	715000	126.39044	44.809673	220.19768	-90.96006	-128.36015	20.22478	8820.271562099457
144	840.4615	374.91922	1259.5538	189.95184	1118.96	406.52957	1782.463	335.42377	850.0	866.5	720000	126.911514	45.07971	221.50043	-78.303474	-128.87564	19.651903	8892.325808525085
145	488.77493	381.66507	1169.0203	19.111662	433.0398	269.6473	821.971	65.9207	415.54544	576.4	725000	127.70502	45.191216	223.84001	-73.329834	-129.66805	21.191727	8953.559362411499
146	463.35004	378.6654	1271.6564	97.66742	529.41113	317.1238	1012.4543	-29.399826	525.44446	622.8	730000	128.40247	44.667885	246.96335	-115.1791	-130.36024	20.623692	9016.709437847137
147	494.35754	445.14835	1444.4314	113.43451	516.91547	338.90112	954.4152	8.883877	539.1111	524.5	735000	129.04744	44.44019	253.37444	-95.52374	-131.01976	20.289516	9078.849160909653
148	611.4277	273.94437	1134.7084	376.6394	477.87262	367.51413	1288.7397	-19.680496	881.5	531.1	740000	129.68925	44.421055	250.87703	-150.91402	-131.64343	20.326796	9147.69120812416
149	735.04266	420.28143	1421.6907	46.835953	638.74506	375.36514	1378.3984	80.6055	708.1429	721.6	745000	130.52382	45.001434	271.52655	-103.618286	-132.51125	21.447004	9215.864585399628
150	851.9971	162.95082	1050.7346	596.4701	597.6525	392.41757	1064.9791	77.5108	893.1667	655.0	750000	131.27104	45.66566	273.9674	-126.06921	-133.21664	20.91397	9286.100351333618
151	466.405	233.07812	825.95544	209.10104	1141.7112	514.0428	1610.9772	14.063975	672.8571	802.7	755000	131.54218	46.229744	278.1214	-133.61429	-133.49727	21.458385	9351.852625608444
152	807.96533	546.61774	1609.3604	32.519463	1058.6481	536.349	1875.1754	19.494503	656.7143	762.0	760000	131.97043	46.79585	272.21524	-110.55376	-133.91533	20.3272	9416.392753362656
153	716.70856	480.04172	1886.1553	156.97052	927.99835	393.51724	1544.4946	154.09744	618.3333	707.7	765000	132.77084	47.51067	269.57858	-94.44613	-134.7309	21.540855	9488.061253547668
154	956.535	243.51657	1135.5663	489.74887	1061.1023	510.65674	1719.5834	71.555885	973.2	718.7	770000	133.94939	48.400063	311.51837	-127.96405	-135.89928	22.094406	9553.44834113121
155	899.4526	491.25372	1466.4625	130.69008	729.07434	337.47174	1200.5055	113.4934	684.7143	572.3	775000	134.24942	48.91614	283.5223	-109.322876	-136.20418	22.196194	9616.545580863953
156	671.2121	153.2745	896.52246	417.36	1140.4849	346.04526	1785.8975	654.6303	874.0	931.4	780000	134.66388	49.484993	299.8244	-95.68751	-136.63417	22.01313	9688.452821969986
157	797.3154	378.13034	1445.1741	246.99663	894.1035	318.27747	1539.7946	431.38577	805.5	860.6	785000	135.4688	50.11088	237.30829	-113.93962	-137.45459	21.665005	9757.008168697357
158	492.48654	301.1868	824.5475	35.58522	551.7014	436.72586	1146.928	-338.32236	614.7778	757.7	790000	136.28893	50.32494	252.82149	-112.212654	-138.2514	22.231287	9830.356934547424
159	894.3326	732.9537	1884.8232	68.6475	432.2416	496.44897	1343.543	0.5747414	612.1429	327.6	795000	136.8051	50.503822	253.03764	-131.27097	-138.73732	23.050554	9885.961252689362
160	460.51328	411.2317	1363.3978	-20.807775	453.20795	331.7429	1127.0167	-0.005693073	481.27274	476.6	800000	137.45505	50.84752	254.61815	-132.58119	-139.41225	22.701324	9953.909588575363
161	724.989	343.0207	1441.4673	182.99178	708.68695	403.94464	1529.3938	192.05399	648.75	592.1	805000	138.37	51.33832	248.13141	-130.8167	-140.33928	22.498444	10022.573570489883
162	806.1521	519.131	1593.8981	92.67657	718.31384	290.0857	1116.681	193.57292	577.375	841.6	810000	138.58282	51.66603	282.75275	-144.83463	-140.50525	23.413574	10091.162722349167
163	821.86975	375.08463	1484.0118	358.01712	918.2953	560.0139	1592.4836	12.388229	804.2857	710.7	815000	138.55869	51.997276	255.79364	-107.099495	-140.46078	22.609138	10164.720744371414
164	1158.6588	522.5292	1540.3127	36.712173	1039.348	412.36108	1711.1971	297.69846	828.1667	903.6	820000	138.88669	52.377117	279.09354	-115.477325	-140.83324	22.911665	10234.909889698029
165	923.37305	178.94365	1106.9089	650.7544	822.596	501.99707	1638.2902	20.713665	916.2	614.0	825000	139.19313	52.429054	285.92572	-105.44768	-141.13878	24.256737	10297.940955400467
166	881.17206	459.17535	1825.36	398.15134	657.14386	376.7482	1285.2722	42.78468	792.3333	572.9	830000	140.15977	52.978146	258.51263	-81.90307	-142.12485	23.663914	10364.318142414093
167	1177.8623	614.59644	1866.0461	184.10994	843.64355	462.56036	1599.2478	162.91388	755.8571	743.6	835000	140.78046	53.57539	279.3893	-119.41547	-142.69278	23.13559	10436.435314178467
168	987.3947	337.26648	1395.988	516.8743	770.51025	367.26266	1479.9304	136.82118	1000.0	740.0	840000	141.29689	54.165062	263.69385	-97.26745	-143.22308	22.951591	10504.045395612717
169	1023.3277	334.18497	1484.359	523.4035	1110.7673	643.91785	1858.8516	236.4468	775.7143	681.5	845000	141.85083	54.38843	314.32703	-164.78087	-143.79027	22.713762	10576.837862253189
170	697.55347	505.7386	1645.7134	37.969738	791.6944	320.12686	1182.2744	140.44449	432.36365	761.0	850000	143.2807	54.534195	252.50754	-106.11595	-145.25298	24.597963	10645.099996566772
171	730.88916	516.5843	1657.6525	100.33076	1076.1648	560.5468	1757.6666	102.08353	592.25	703.5	855000	144.35872	54.616486	266.8522	-86.58234	-146.32506	24.863085	10711.77583861351
172	770.1225	422.31943	1470.4807	115.8488	557.4164	458.05817	1215.4137	-4.5084853	602.0	504.3	860000	145.39511	54.74934	305.89102	-94.57862	-147.33517	23.843506	10781.764346837997
173	472.24316	379.91223	1247.9338	44.97746	429.77637	440.63794	1405.8861	28.693718	401.83334	370.5	865000	146.09866	55.119286	288.9575	-126.54563	-148.05154	25.384356	10845.26162314415
174	907.9516	356.29413	1345.0295	433.3766	488.39948	374.0221	1087.2605	23.205133	879.6667	423.5	870000	146.70076	55.265434	277.53714	-132.28934	-148.65938	24.625154	10914.494775533676
175	837.81964	303.40323	1401.8184	523.7291	1425.5903	462.34973	1927.5475	437.642	816.6	886.0	875000	147.36308	56.13	270.2497	-85.16916	-149.30219	24.71017	10976.85114812851
176	788.91077	575.35675	1850.4598	143.8948	862.75635	442.32065	1458.6497	64.243256	539.2	738.9	880000	147.66754	56.38002	308.15427	-116.04804	-149.59474	25.734306	11049.709751605988
177	1134.489	541.1136	1682.2948	299.47382	529.3017	395.76093	1109.6957	41.236977	796.4286	465.9	885000	148.1851	57.014587	313.61182	-127.14175	-150.11374	24.80014	11120.943707227707
178	713.27844	618.4653	2141.559	191.80724	1582.8131	386.5796	1912.1183	907.6386	474.9	912.2	890000	148.74117	57.451603	283.10394	-118.56502	-150.7178	25.961443	11190.43509721756
179	849.689	530.8535	1686.3463	32.23828	1126.3752	524.6728	1797.9099	271.79074	647.5714	798.7	895000	150.40045	57.94441	281.56567	-91.92282	-152.36226	25.022852	11254.158448457718
180	1032.058	616.363	1809.551	16.951166	1277.3313	592.6229	2006.2969	207.6125	733.7143	703.6	900000	151.32718	58.021297	311.16858	-100.60055	-153.27866	26.261003	11322.613721847534
181	1487.744	416.20303	1906.6901	938.6575	1174.2661	480.91602	1678.4722	53.158024	922.2	842.6	905000	152.07571	58.03611	321.02625	-106.57303	-154.05547	26.16214	11389.932181835175
182	583.06067	336.22552	1055.213	29.490551	1171.8867	490.27386	1818.4529	129.60397	581.55554	778.7	910000	153.34695	58.521873	292.8905	-123.84691	-155.32022	26.304285	11462.829543352127
183	494.16385	341.41306	1139.2524	35.508247	637.7118	385.5371	1508.4156	92.92431	416.75	561.7	915000	154.26308	59.1556	285.2487	-212.27057	-156.22002	27.23371	11530.10197877884
184	888.2058	562.3771	1921.4801	10.101929	1290.9392	621.5594	2000.0591	255.26204	702.875	820.2	920000	154.11392	58.871563	292.0722	-134.71536	-156.031	27.084997	11606.232772827148
185	631.0206	479.84753	1641.5107	51.083668	436.7434	333.34195	885.1971	34.39604	515.0	480.4	925000	153.99959	58.34445	257.877	-159.00099	-155.90579	26.669638	11664.57771730423
186	812.0254	511.86978	1656.1595	6.266248	874.33984	456.73633	1739.9885	107.007324	616.6667	717.4	930000	153.94354	58.94352	258.96054	-126.85971	-155.85474	26.69783	11739.857209920883
187	892.9419	578.78546	1739.875	31.945627	735.18567	472.11887	1815.8618	17.234877	737.8571	714.6	935000	154.60342	59.670227	284.63882	-109.84094	-156.5384	27.626455	11812.082652807236
188	1326.9973	542.25464	2112.3347	722.9408	1249.4357	427.873	1723.1917	606.4946	930.4	1000.0	940000	155.0731	60.1544	275.33093	-124.19835	-157.04015	29.382706	11882.005490779877
189	790.78467	456.4935	1739.5905	106.50179	745.9806	400.6472	1549.3307	194.91162	581.1111	714.5	945000	156.34084	60.15906	327.799	-104.68448	-158.2859	28.506514	11953.838013887405
190	654.16766	472.5629	1393.325	66.08424	1252.8586	448.77686	1813.6523	478.5148	565.55554	1000.0	950000	157.84306	60.222095	351.48282	-178.30083	-159.80203	29.610891	12026.623082399368
191	1457.3531	309.84137	1709.7291	896.92114	1229.6179	476.1392	2119.1863	473.80313	995.2	882.3	955000	159.21211	60.1946	304.10513	-130.69246	-161.22238	30.247137	12098.486057281494
192	749.7476	333.25284	1373.4501	286.99652	937.49817	625.728	1955.8593	34.31233	703.4286	578.8	960000	160.16385	60.177765	278.52332	-111.05696	-162.11461	28.864344	12164.576939582825
193	1185.0076	630.0991	2127.79	84.915634	768.8634	472.34622	1662.3086	26.69664	731.1429	668.3	965000	160.1898	60.579124	266.73557	-122.26977	-162.08852	27.26409	12236.749020814896
194	754.5957	372.3149	1289.0066	78.02014	1325.2008	533.45355	1906.1145	170.55075	764.8333	718.5	970000	159.22908	61.01477	280.93085	-104.3417	-161.13286	28.174906	12301.636427640915
195	759.16156	487.38892	1833.955	70.78649	1415.8953	533.0492	1992.8303	606.7771	605.2222	882.3	975000	158.57315	60.97765	302.326	-117.27287	-160.44681	28.106802	12376.9852039814
196	1269.7604	480.8703	1713.1697	305.05206	1318.0569	584.1589	2067.89	538.40955	867.1667	806.8	980000	157.89717	61.136757	279.72693	-135.01143	-159.7476	27.994003	12448.731283426285
197	898.6706	539.0995	1576.047	87.08078	1043.0598	460.29388	1823.3959	317.25446	729.5	852.9	985000	157.70132	61.25352	301.09915	-106.998405	-159.5638	28.17117	12513.782057523727
198	1133.7755	580.6582	1925.6389	195.64531	1085.9647	657.71814	2082.7827	46.478355	758.4286	770.5	990000	157.71423	61.719257	294.71866	-130.84583	-159.58144	27.458107	12585.80919957161
199	1461.3942	546.5819	2167.2449	558.736	1356.7074	165.58777	1491.6495	1010.555	1000.0	965.0	995000	158.65652	62.774315	346.84848	-172.83345	-160.57979	28.601757	12657.346100330353
