Epoch	AverageEpRet	StdEpRet	MaxEpRet	MinEpRet	EpLen	AverageVVals	StdVVals	MaxVVals	MinVVals	TotalEnvInteracts	LossPi	LossV	DeltaLossPi	DeltaLossV	KL	BacktrackIters	Time
0	-593.15796	41.22049	-530.3291	-644.0028	1000.0	0.017248658	0.7757399	2.2520566	-2.2204928	4000	4.8160555e-08	3362.3916	-0.05899049	-891.6245	0.008790251	0.0	5.7069666385650635
1	-504.55774	90.10539	-361.1908	-609.2665	1000.0	-9.907176	5.0904317	8.889326	-15.7564335	8000	2.8252602e-08	1884.1973	-0.057668462	-736.7942	0.008830851	0.0	10.49570107460022
2	-542.9659	100.22461	-434.05344	-704.8318	1000.0	-12.924519	16.030851	22.949389	-23.268297	12000	1.5079975e-08	2236.1218	-0.058800623	-1254.9849	0.008825803	0.0	15.292724370956421
3	-548.85925	121.39282	-380.76385	-698.5136	1000.0	-27.234055	1.2537936	-7.296056	-27.782595	16000	-2.7358531e-08	986.9973	-0.0605821	-203.25146	0.008857386	0.0	20.257425546646118
4	-523.722	82.040665	-430.017	-643.21436	1000.0	-32.503567	1.0482985	-12.72022	-32.939682	20000	2.5391579e-08	660.53644	-0.0602737	-92.98016	0.008670944	0.0	25.25813055038452
5	-501.88464	73.234505	-423.09192	-594.38403	1000.0	-36.087105	1.3305235	-7.559987	-36.555035	24000	-1.0371208e-08	520.3698	-0.058159366	-49.959198	0.008729809	0.0	30.36480474472046
6	-484.61557	104.98707	-310.27295	-571.13007	1000.0	-38.93966	0.7940605	-22.872887	-39.242702	28000	4.1723253e-10	592.3391	-0.06201278	-51.0755	0.008783415	0.0	35.28676104545593
7	-579.42883	48.124054	-523.005	-632.54	1000.0	-39.67969	4.560404	15.105422	-41.356464	32000	2.8133393e-08	652.1731	-0.06092135	-106.420715	0.008858402	0.0	40.218002796173096
8	-543.4433	81.477776	-403.59644	-607.8862	1000.0	-44.393257	1.0924629	-13.791843	-44.72047	36000	9.775162e-09	478.38956	-0.06127528	-28.194061	0.008852034	0.0	45.35028004646301
9	-465.84088	107.25838	-281.4287	-539.9797	1000.0	-45.28468	3.7099552	-0.4128956	-46.623947	40000	3.8146972e-08	586.0959	-0.06344459	-59.045166	0.008972528	0.0	50.360461473464966
10	-581.3388	80.08921	-493.6944	-676.92694	1000.0	-43.18463	6.0371823	9.646282	-46.730515	44000	-9.059906e-09	557.9809	-0.063258454	-58.210907	0.00887206	0.0	55.544368505477905
11	-557.91846	137.80562	-321.24957	-665.45953	1000.0	-47.244915	4.4961033	3.4814713	-48.98466	48000	-2.7179718e-08	354.8767	-0.061868124	-33.86676	0.008885809	0.0	60.64771890640259
12	-609.4635	70.42092	-497.39688	-692.2121	1000.0	-41.371666	13.037915	37.41303	-50.688793	52000	-4.9591065e-08	756.1071	-0.05915914	-363.30945	0.008778521	0.0	65.61117696762085
13	-438.82138	91.18505	-310.62247	-547.45166	1000.0	-51.387928	2.8837597	-1.6719629	-52.660816	56000	-3.2663344e-08	576.1447	-0.06080482	-151.50253	0.008840674	0.0	70.57375192642212
14	-539.5055	58.9888	-462.49152	-617.7843	1000.0	-43.362644	7.028569	4.083718	-50.64453	60000	1.1324882e-08	317.14282	-0.06177553	-64.364624	0.008774479	0.0	75.70517015457153
15	-552.66907	76.04299	-427.5977	-626.8967	1000.0	-47.350952	5.2339654	3.709927	-51.30901	64000	-2.849102e-08	430.73956	-0.06272324	-29.27362	0.008873355	0.0	80.89618802070618
16	-509.5343	121.94347	-312.7873	-615.6483	1000.0	-49.40575	5.117517	-1.6211866	-52.433403	68000	-2.6583672e-08	491.9875	-0.058835577	-87.28079	0.008842994	0.0	86.17920541763306
17	-507.9917	85.22477	-380.50537	-620.5306	1000.0	-46.880413	8.165763	2.4910107	-52.756096	72000	-1.9073487e-09	382.3378	-0.060740445	-55.000183	0.008722094	0.0	91.20263075828552
18	-520.04974	38.03799	-461.7454	-568.04175	1000.0	-48.871212	8.739512	4.0835485	-53.751877	76000	2.0742416e-08	231.98645	-0.066358365	-30.190796	0.008811953	0.0	96.15758967399597
19	-558.9605	40.373165	-490.5616	-594.3289	1000.0	-40.684055	12.91449	-0.573318	-54.380955	80000	1.5377998e-08	565.7053	-0.06279632	-189.74115	0.00887538	0.0	101.00742602348328
20	-506.52142	110.50031	-358.63095	-617.81915	1000.0	-50.13086	9.026661	9.308896	-55.854343	84000	-6.9141386e-09	559.6253	-0.057664312	-81.19171	0.008900393	0.0	106.08330273628235
21	-595.3777	38.949417	-551.56134	-658.28815	1000.0	-38.52125	20.270723	47.61989	-55.431087	88000	1.5735626e-08	969.86725	-0.058591966	-644.7804	0.008872379	0.0	110.78738307952881
22	-562.00226	52.945065	-482.85916	-623.2086	1000.0	-54.313335	3.3042984	-14.423696	-56.182415	92000	5.00679e-09	346.51852	-0.06853946	-23.147064	0.008948689	0.0	115.56170845031738
23	-552.8396	153.08531	-324.99667	-748.7734	1000.0	-49.994514	6.378211	-2.6141758	-56.225792	96000	8.8214875e-09	692.0297	-0.059168167	-59.002502	0.0088855745	0.0	120.53995060920715
24	-529.4641	53.825584	-442.19836	-589.4653	1000.0	-52.232006	6.9441767	20.257462	-56.62188	100000	-1.9311905e-08	373.31567	-0.060236257	-48.484863	0.008869466	0.0	125.1772985458374
25	-577.94165	46.72699	-525.6083	-635.88184	1000.0	-48.193104	9.670356	24.602856	-55.92518	104000	4.2915342e-09	448.07712	-0.06667785	-75.58264	0.008941927	0.0	129.63297772407532
26	-589.8747	42.888023	-534.69336	-632.8338	1000.0	-51.417297	7.693877	8.224055	-56.13282	108000	2.002716e-08	337.27814	-0.0612719	-68.038574	0.008800079	0.0	134.5978627204895
27	-494.4088	56.9101	-420.82172	-551.8787	1000.0	-53.497	4.2586055	-19.297976	-56.54131	112000	-1.6689301e-09	690.0825	-0.061310947	-135.98737	0.008824292	0.0	139.24463725090027
28	-490.47244	68.977425	-384.7804	-569.4563	1000.0	-47.580494	8.550985	7.5077825	-55.435738	116000	4.768372e-10	329.18457	-0.062074516	-58.702545	0.008777861	0.0	143.97713804244995
29	-567.77655	103.059845	-472.13953	-727.19073	1000.0	-44.450977	11.028143	4.674949	-55.399193	120000	-1.4305114e-08	644.5427	-0.0607715	-198.27399	0.008887353	0.0	148.7820520401001
30	-449.01617	136.09782	-254.50488	-605.1692	1000.0	-52.021084	4.418361	-1.212544	-55.839172	124000	-8.106232e-09	668.07916	-0.06369926	-209.84213	0.008965534	0.0	154.0402374267578
31	-413.4201	100.35598	-286.8171	-564.50995	1000.0	-38.729195	13.011635	35.25706	-54.633106	128000	-2.2172928e-08	680.4244	-0.0559965	-76.724976	0.008812174	0.0	158.87643337249756
32	-579.51544	53.537567	-538.80334	-670.9781	1000.0	-41.324	11.572492	29.059418	-54.08808	132000	1.1444092e-08	475.249	-0.060093347	-289.0401	0.008936545	0.0	162.6190984249115
33	-515.6433	44.883457	-469.86954	-569.3179	1000.0	-50.369236	4.133143	-15.490079	-56.118454	136000	5.722046e-09	232.48033	-0.065097935	-36.448532	0.008754118	0.0	167.2907292842865
34	-506.06186	40.72566	-436.776	-541.6367	1000.0	-48.056892	7.136861	9.694609	-55.12856	140000	-9.536744e-10	293.9892	-0.06675363	-39.0347	0.008910394	0.0	172.29877877235413
35	-478.44763	64.0566	-411.647	-577.0925	1000.0	-42.13955	12.0412445	13.285916	-56.313274	144000	-2.2530555e-08	387.8202	-0.060853407	-86.2453	0.008842548	0.0	176.70156812667847
36	-467.88922	141.72145	-223.2163	-559.9326	1000.0	-44.943436	7.737028	-6.215951	-54.77774	148000	7.1525574e-10	342.06384	-0.06538832	-84.61224	0.0088381255	0.0	181.08878231048584
37	-405.5366	89.41558	-302.17163	-544.89825	1000.0	-34.453518	14.063242	8.897348	-56.54253	152000	1.3768673e-08	530.04767	-0.0566828	-105.25586	0.008852842	0.0	185.47126936912537
38	-553.9648	56.071022	-478.20773	-630.4776	1000.0	-46.81774	8.999636	3.998889	-55.623623	156000	-1.6689301e-09	300.47644	-0.06373172	-57.433502	0.0088092005	0.0	189.9948534965515
39	-446.75552	101.61845	-301.95648	-589.2693	1000.0	-46.07919	11.618716	8.901424	-57.29815	160000	9.536743e-09	342.41833	-0.063034296	-71.46826	0.008928022	0.0	194.31474900245667
40	-465.58594	82.46078	-377.8426	-562.6679	1000.0	-43.384583	9.975416	3.6507013	-55.04384	164000	-2.5749207e-08	255.80185	-0.061849993	-22.086319	0.008808826	0.0	199.12276339530945
41	-478.60333	104.488556	-305.60788	-578.2858	1000.0	-43.876442	10.66401	3.4361098	-55.071846	168000	-2.18153e-08	250.89635	-0.06103633	-18.975754	0.008922574	0.0	203.74715185165405
42	-429.9099	116.99035	-264.50735	-587.3256	1000.0	-36.953888	13.754869	19.108547	-54.979996	172000	2.026558e-08	504.25858	-0.061726343	-255.8142	0.008909834	0.0	208.624990940094
43	-464.70575	50.135822	-388.08508	-513.2424	1000.0	-40.02429	8.987291	0.09846929	-54.513264	176000	2.4080277e-08	276.28757	-0.06089641	-51.53456	0.0088124415	0.0	213.133376121521
44	-554.15204	45.904198	-485.9923	-613.18085	1000.0	-47.23501	8.105188	-6.9685163	-55.49004	180000	-3.3378602e-09	255.79768	-0.0701846	-37.241028	0.008874832	0.0	217.6083209514618
45	-375.53384	115.51884	-269.21756	-570.2875	1000.0	-45.140533	8.608807	-5.0901766	-56.54262	184000	-3.8146974e-09	500.59155	-0.066155404	-182.11145	0.008835831	0.0	222.3876931667328
46	-372.95703	93.19564	-250.42693	-489.42523	1000.0	-37.11357	13.179922	4.8057947	-54.124786	188000	5.4836273e-09	332.32993	-0.060286097	-47.59503	0.008842826	0.0	226.93047451972961
47	-429.30624	136.51457	-286.04333	-588.3174	1000.0	-29.401146	10.683574	10.929806	-51.57623	192000	-3.409386e-08	564.1021	-0.059599806	-290.10306	0.0088308295	0.0	231.36505603790283
48	-459.5052	79.79599	-373.8025	-574.5554	1000.0	-38.01645	9.734891	3.0930638	-55.517155	196000	-1.26361845e-08	301.07468	-0.058474697	-76.34161	0.008783632	0.0	235.99279475212097
49	-526.6149	78.96397	-461.71585	-655.83453	1000.0	-43.987305	8.200917	-12.875251	-56.122128	200000	6.6757204e-09	310.6002	-0.06582597	-76.66463	0.008725702	0.0	240.62040543556213
50	-413.7577	162.81506	-233.9171	-604.2767	1000.0	-46.458633	5.743944	-10.2678995	-56.116356	204000	1.6212464e-08	497.43906	-0.06389937	-186.74289	0.009034247	0.0	245.95997190475464
51	-429.22937	95.88112	-279.15384	-542.818	1000.0	-38.855503	13.268427	12.805249	-55.64521	208000	-1.6212464e-08	279.46594	-0.061511565	-36.411316	0.008932876	0.0	250.2945659160614
52	-403.36484	74.722115	-320.67017	-521.8841	1000.0	-37.85696	11.010928	1.4336408	-53.934856	212000	-7.2717667e-09	311.957	-0.061103564	-32.29706	0.008806771	0.0	254.674786567688
53	-367.47482	99.08973	-231.10585	-476.58923	1000.0	-40.041298	12.5082245	7.7072077	-54.368954	216000	0.0	367.8362	-0.06405676	-98.74634	0.008827279	0.0	259.4299066066742
54	-403.53662	101.78268	-303.73276	-564.766	1000.0	-29.790035	13.601068	3.142928	-53.956547	220000	1.525879e-08	530.0651	-0.060023535	-171.51663	0.008839764	0.0	264.13168478012085
55	-461.7548	71.56098	-343.49484	-531.65	1000.0	-42.43464	8.818358	10.409309	-55.283558	224000	-2.6464463e-08	293.53305	-0.066889375	-33.535645	0.008762415	0.0	268.3658826351166
56	-203.2761	127.45438	-20.927374	-325.83994	1000.0	-34.427383	9.395203	2.7192447	-55.620846	228000	2.9325486e-08	749.07294	-0.059507873	-353.9825	0.008933479	0.0	273.117125749588
57	-500.53268	78.13778	-429.2114	-630.3993	1000.0	-27.786375	13.595533	31.91904	-53.616177	232000	3.0994414e-08	926.0494	-0.05988114	-566.37573	0.008899938	0.0	277.64893412590027
58	-405.803	122.53661	-220.62262	-546.4354	1000.0	-43.59214	7.779806	2.7415268	-58.713478	236000	-2.169609e-08	439.66672	-0.06429702	-139.61429	0.008996101	0.0	282.32592010498047
59	-486.3525	95.9901	-332.3191	-596.6653	1000.0	-43.006516	11.867165	2.8666396	-57.988148	240000	-1.3828277e-08	266.83224	-0.062029477	-51.447525	0.008869515	0.0	286.634503364563
60	-357.43436	118.14146	-205.33556	-490.32288	1000.0	-40.64663	11.012516	-3.4726	-54.727787	244000	1.9550324e-08	261.98016	-0.064475715	-85.67218	0.00888969	0.0	291.8189425468445
61	-425.65857	141.94525	-179.80865	-508.5773	1000.0	-34.54336	12.249502	3.8673024	-51.204575	248000	5.841255e-09	347.71228	-0.06771929	-68.405426	0.008978667	0.0	296.20080852508545
62	-273.92395	120.25206	-134.61351	-448.41486	1000.0	-37.206944	11.062039	3.1552722	-53.015034	252000	-1.9431114e-08	323.66476	-0.06322701	-145.39062	0.008946947	0.0	300.9221432209015
63	-314.01636	112.214645	-134.11766	-443.33316	1000.0	-24.351492	12.478933	7.132012	-47.110382	256000	-1.6689301e-09	344.81003	-0.06410173	-58.340546	0.008917398	0.0	305.8115544319153
64	-358.36996	59.53328	-302.29068	-448.35504	1000.0	-33.81127	11.155649	3.8221397	-48.98073	260000	4.768372e-10	189.67769	-0.06686759	-21.972855	0.0089133885	0.0	310.44877576828003
65	-389.0211	81.594795	-273.01187	-477.756	1000.0	-35.21405	9.24516	1.2559104	-48.31098	264000	6.6757204e-09	318.22476	-0.060606796	-84.70616	0.008996906	0.0	315.29076981544495
66	-406.2655	47.859238	-334.06012	-457.02512	1000.0	-36.063385	11.123732	2.169316	-52.865906	268000	2.503395e-08	220.00676	-0.06044266	-24.364304	0.008896479	0.0	320.15461564064026
67	-330.46167	187.5398	-23.785547	-498.86127	1000.0	-36.817547	11.448616	1.6941967	-54.516396	272000	3.0994416e-09	322.6303	-0.061735634	-83.0509	0.0088150725	0.0	324.98978996276855
68	-372.53485	39.229343	-332.66608	-428.4043	1000.0	-32.678005	14.085031	5.165719	-50.091026	276000	0.0	274.35806	-0.06256513	-45.350174	0.008823109	0.0	329.6949381828308
69	-259.76492	89.43208	-196.79149	-414.18402	1000.0	-26.307678	12.421202	14.484325	-51.53734	280000	-3.8146974e-09	214.45438	-0.060547657	-50.15886	0.008915051	0.0	334.28863978385925
70	-395.73218	110.402885	-288.7348	-573.4009	1000.0	-30.616367	13.161515	3.4413598	-52.113842	284000	-1.168251e-08	299.98203	-0.06284253	-76.10809	0.008851431	0.0	339.36866426467896
71	-319.27057	86.01722	-185.39131	-423.104	1000.0	-33.33454	11.226057	13.533481	-50.373974	288000	-2.8252602e-08	298.6322	-0.06681008	-43.17177	0.008846672	0.0	343.80580282211304
72	-278.0122	107.49196	-95.98364	-372.4063	1000.0	-29.082975	12.474143	23.20455	-52.420303	292000	-4.053116e-09	298.57556	-0.06000175	-44.40422	0.0087735215	0.0	348.39149379730225
73	-350.4799	83.21665	-239.97946	-439.89426	1000.0	-30.310377	12.346071	8.499858	-46.82154	296000	9.179115e-09	238.70963	-0.06385641	-30.981064	0.008916859	0.0	353.24709367752075
74	-358.85352	88.25885	-267.87454	-449.23718	1000.0	-33.633068	12.203442	4.522302	-47.826622	300000	1.6212464e-08	161.65044	-0.06643875	-18.537994	0.008881462	0.0	357.7629187107086
75	-351.54062	119.605774	-164.65125	-473.6048	1000.0	-31.90189	10.690691	0.06528062	-46.362057	304000	1.45435335e-08	258.0037	-0.06435046	-32.726227	0.00890995	0.0	362.03503155708313
76	-287.7567	99.059944	-148.01941	-426.57562	1000.0	-33.477474	12.172089	0.98448426	-52.048862	308000	7.629395e-09	249.86806	-0.06230578	-49.949844	0.008889081	0.0	366.61503767967224
77	-246.2241	77.48801	-128.57256	-324.1207	1000.0	-24.707497	12.712504	12.11096	-46.823296	312000	-2.026558e-09	279.40506	-0.061726555	-33.22644	0.008888793	0.0	370.9314076900482
78	-299.90756	104.533585	-184.89368	-440.13843	1000.0	-24.332829	13.947355	12.742241	-50.02731	316000	-8.8214875e-09	295.4093	-0.0608833	-54.331177	0.00886543	0.0	375.8394377231598
79	-330.3638	65.54324	-281.8074	-443.2813	1000.0	-30.593227	11.202605	1.6461124	-50.39715	320000	-4.148483e-08	242.64738	-0.061937515	-35.037918	0.008883641	0.0	380.717973947525
80	-382.18164	69.295204	-269.52905	-456.40347	1000.0	-36.438663	7.8609695	6.6655707	-47.476074	324000	-2.503395e-09	162.68185	-0.06883858	-36.98065	0.008877252	0.0	385.98722434043884
81	-243.72733	113.530655	-87.613205	-399.3678	1000.0	-26.619217	14.272808	14.606362	-46.772682	328000	-1.1742115e-08	200.17157	-0.06918686	-38.070282	0.008967266	0.0	390.63688015937805
82	-350.60138	148.05779	-126.24761	-505.8641	1000.0	-22.072344	14.346061	13.162519	-47.05367	332000	1.3947487e-08	441.4062	-0.06346001	-157.84271	0.008986091	0.0	395.1910560131073
83	-212.56277	94.515	-134.64676	-367.38297	1000.0	-25.797255	12.130051	5.989273	-51.034744	336000	-1.3113022e-08	290.6947	-0.057536423	-69.408615	0.008916668	0.0	400.23659014701843
84	-270.75098	138.4184	-102.07715	-440.99652	1000.0	-27.002851	16.691893	11.72213	-56.131203	340000	-1.7881394e-08	257.91275	-0.06409248	-56.06447	0.008988406	0.0	405.072402715683
85	-199.03964	147.47177	-27.359118	-350.87195	1000.0	-16.042429	14.590803	15.421778	-53.071	344000	-3.0994416e-09	320.8628	-0.05968584	-59.715942	0.008809113	0.0	409.98306584358215
86	-260.7959	58.74053	-178.5797	-323.88657	1000.0	-24.643051	15.469322	13.343832	-54.003258	348000	1.6212464e-08	257.42386	-0.06347654	-53.37108	0.008844954	0.0	414.9439368247986
87	-225.11075	134.69203	-31.119608	-353.0031	1000.0	-23.886332	11.940902	4.093647	-46.622208	352000	2.3841857e-09	264.00824	-0.061483126	-81.4474	0.008834828	0.0	419.6173028945923
88	-249.21487	186.68048	-64.17303	-550.6013	1000.0	-20.809801	18.069605	27.466825	-54.495728	356000	8.8214875e-09	198.97525	-0.06168653	-51.674805	0.008915865	0.0	424.3439185619354
89	-182.22858	70.35612	-113.69056	-290.66226	1000.0	-16.404858	15.040229	17.716309	-48.682823	360000	-6.198883e-09	310.02316	-0.0610717	-56.190704	0.008849184	0.0	428.7753462791443
90	-312.29736	111.45978	-129.39716	-421.27896	1000.0	-23.650194	14.1954365	14.8564205	-47.276306	364000	-1.525879e-08	341.25275	-0.059670772	-77.81406	0.00886845	0.0	433.69903898239136
91	-269.51736	121.74387	-116.14252	-401.64746	1000.0	-28.943872	14.132867	21.740997	-50.379757	368000	1.0490417e-08	205.17238	-0.06480743	-63.907806	0.008908812	0.0	438.44684290885925
92	-243.26733	103.17491	-146.46832	-393.66022	1000.0	-16.811924	14.758173	14.9469	-46.67786	372000	7.152557e-09	412.1809	-0.061807685	-104.64328	0.008876842	0.0	443.030868768692
93	-305.79294	173.1445	-12.464196	-433.66196	1000.0	-29.918144	13.476751	7.773382	-49.282715	376000	-1.847744e-08	214.8545	-0.0644015	-44.540024	0.008907585	0.0	447.3530423641205
94	-91.0766	85.991104	-4.8589826	-231.60963	1000.0	-13.799813	15.092329	31.503363	-50.516495	380000	1.9073487e-09	260.48053	-0.06127065	-59.891037	0.008816673	0.0	452.00009965896606
95	-174.92278	72.3279	-73.321495	-277.5287	1000.0	-12.368228	15.392513	27.51989	-47.85734	384000	-1.680851e-08	336.468	-0.057877485	-74.8544	0.008827391	0.0	456.40139865875244
96	-210.24832	71.5922	-152.8073	-331.9857	1000.0	-17.422085	13.73905	18.941765	-50.018246	388000	3.5762786e-09	347.39462	-0.060435567	-68.48361	0.008942045	0.0	461.23492980003357
97	-297.95764	100.13366	-143.11392	-396.22372	1000.0	-24.956465	10.241867	17.945112	-46.14897	392000	-3.0994416e-09	217.67119	-0.06166248	-59.208405	0.00888938	0.0	465.79182386398315
98	-260.51138	65.41937	-183.9648	-332.18613	1000.0	-23.891785	13.055556	7.970176	-45.99973	396000	-8.8214875e-09	204.22021	-0.061991718	-31.385483	0.008859977	0.0	470.09557342529297
99	-106.569626	47.509846	-38.5377	-158.21404	1000.0	-14.987838	8.9038725	18.296835	-41.92472	400000	-5.00679e-09	326.97824	-0.060139593	-63.783875	0.009043758	0.0	474.7457160949707
100	-211.77037	151.76031	0.5441749	-426.18195	1000.0	-18.85094	14.574431	20.422132	-45.593662	404000	3.8146974e-09	305.99863	-0.062411893	-61.483444	0.008960489	0.0	479.9505925178528
101	-256.9074	131.89938	-88.09056	-389.81107	1000.0	-17.343142	15.787934	32.487885	-49.47099	408000	-2.5749207e-08	359.65887	-0.06151087	-160.34587	0.008962517	0.0	484.3907039165497
102	-156.41492	177.86388	10.183077	-433.53452	1000.0	-16.391472	12.419617	15.262419	-56.654514	412000	-2.4080277e-08	413.13718	-0.05800025	-65.97623	0.008897243	0.0	489.0145208835602
103	-287.68396	93.30073	-140.1694	-398.99713	1000.0	-21.570692	16.322128	21.9157	-56.575523	416000	0.0	385.29807	-0.060908973	-116.91531	0.008891243	0.0	493.79386854171753
104	-137.23232	105.57021	27.242035	-267.15863	1000.0	-23.849083	10.134468	12.975224	-50.968987	420000	4.529953e-08	338.8275	-0.062212903	-165.83076	0.008960596	0.0	498.7234935760498
105	-84.968285	97.21065	64.5485	-203.55466	1000.0	-11.938518	12.318185	18.352299	-44.00658	424000	2.682209e-08	271.5695	-0.058523227	-41.904205	0.008896497	0.0	503.24573159217834
106	-129.23624	113.352295	-19.8972	-319.3097	1000.0	-10.168899	11.701741	24.610159	-43.13606	428000	9.417534e-09	451.41757	-0.058494914	-92.438385	0.008892901	0.0	507.7911489009857
107	-259.57935	196.46841	-60.51893	-459.56726	1000.0	-18.071558	18.250206	45.09977	-56.077515	432000	1.7166137e-08	469.15958	-0.05860847	-163.47745	0.00893502	0.0	512.5507338047028
108	-151.84094	138.11687	-18.582146	-346.4088	1000.0	-16.42558	14.213584	16.385305	-55.809208	436000	-1.168251e-08	377.88275	-0.057847843	-67.1723	0.008840569	0.0	517.1187009811401
109	-159.88333	121.38863	-56.90051	-363.83456	1000.0	-14.644306	14.620094	26.145645	-52.00811	440000	1.859665e-08	293.20807	-0.057541247	-57.336197	0.008973781	0.0	521.5487868785858
110	-16.90763	65.488625	60.42854	-91.799164	1000.0	-6.26989	8.78895	22.578735	-44.470463	444000	1.1205673e-08	200.1287	-0.057605572	-45.519592	0.0089961225	0.0	526.7631673812866
111	-73.36948	28.332897	-53.28917	-122.0434	1000.0	-4.0875597	7.890906	25.51886	-35.47455	448000	1.1444092e-08	199.87044	-0.05831241	-35.57939	0.008934124	0.0	531.494143486023
112	-167.01271	132.89108	-21.59076	-369.23724	1000.0	-10.648039	12.541953	17.60608	-48.13224	452000	3.8146974e-09	322.22726	-0.06081377	-104.16809	0.008878275	0.0	536.0871398448944
113	-111.12605	90.44434	14.980814	-207.71342	1000.0	-12.698153	8.571127	16.020563	-37.433144	456000	-1.4424324e-08	228.39806	-0.060668178	-42.988983	0.008894709	0.0	540.5615699291229
114	-66.711975	56.55527	9.921006	-140.2378	1000.0	-7.9737344	7.251094	21.12068	-44.445545	460000	-1.192093e-10	357.59088	-0.059379984	-55.755463	0.009093944	0.0	545.1373572349548
115	-32.560585	84.02285	75.88749	-157.57007	1000.0	-6.846585	9.07094	31.720333	-38.101543	464000	2.4676323e-08	295.38022	-0.059057236	-50.53128	0.009033788	0.0	550.0506942272186
116	-307.04922	172.71562	-53.51791	-512.83734	1000.0	-20.177393	16.209885	25.045761	-51.278217	468000	-1.7166137e-08	410.89218	-0.061862394	-161.92789	0.00900256	0.0	554.7148652076721
117	-115.4678	160.01045	89.302246	-322.60223	1000.0	-13.319158	17.824564	22.292698	-62.72973	472000	-1.9073486e-08	307.77426	-0.059929706	-60.458298	0.008940395	0.0	559.4729461669922
118	-13.419223	106.733604	105.33852	-174.17387	1000.0	-5.2172003	8.684512	27.768284	-44.95155	476000	2.026558e-08	290.88208	-0.058450144	-62.359375	0.009042799	0.0	564.0776791572571
119	-56.500477	170.29324	76.76742	-345.79352	1000.0	-6.4729633	15.640798	25.419548	-48.786877	480000	-3.170967e-08	271.47925	-0.057948995	-65.31064	0.008947538	0.0	568.5253190994263
120	-128.01804	146.04482	35.568806	-348.629	1000.0	-8.679531	19.28483	33.675323	-54.173443	484000	4.7683715e-09	369.01556	-0.05705433	-79.21716	0.008928758	0.0	573.7885491847992
121	32.517906	42.948063	92.65598	-15.461931	1000.0	-3.2205305	8.634874	25.398539	-40.72944	488000	-8.8214875e-09	269.11612	-0.056348532	-66.89351	0.009029124	0.0	578.1074392795563
122	-37.008762	114.85869	125.72667	-195.89555	1000.0	-2.8041492	14.25018	25.726536	-47.74531	492000	8.106232e-09	175.16042	-0.0646312	-41.167175	0.008972666	0.0	582.7190318107605
123	40.29812	95.10976	192.54189	-69.29957	1000.0	2.821542	6.756289	25.826723	-31.566254	496000	-3.4332274e-08	231.52934	-0.057471927	-37.60135	0.008939864	0.0	587.3622663021088
124	-103.356094	141.62091	106.76006	-280.9868	1000.0	-11.314099	22.28835	27.896105	-54.668728	500000	1.1205673e-08	263.70554	-0.05951122	-48.127136	0.0090622865	0.0	592.133985042572
125	-57.161327	167.67412	93.22705	-341.51703	1000.0	-3.8390336	16.513441	26.286987	-50.330166	504000	2.5987624e-08	333.733	-0.056450784	-52.05304	0.00906411	0.0	596.8230903148651
126	25.18262	164.2773	177.28618	-250.81294	1000.0	-4.970471	17.719732	29.140316	-49.48385	508000	-1.2397766e-08	243.70703	-0.059940226	-79.79591	0.009029553	0.0	601.4748523235321
127	-109.08	83.68662	5.4627805	-211.40793	1000.0	-4.0985613	21.682398	37.788597	-47.925835	512000	1.3232231e-08	321.9523	-0.06136582	-134.97104	0.008932962	0.0	606.1817927360535
128	-2.7065868	82.59628	92.21501	-90.93633	1000.0	-4.604046	9.984793	32.92856	-38.759274	516000	-1.7285346e-08	318.78998	-0.05827891	-68.364975	0.00907305	0.0	610.7826943397522
129	-50.481583	81.02453	50.262245	-166.69257	1000.0	-3.554427	14.6988	33.08857	-39.777485	520000	3.8146974e-09	253.98476	-0.0613677	-51.42804	0.009146376	0.0	615.5828063488007
130	-36.636875	170.74504	162.95729	-307.68234	1000.0	-5.6434608	16.086725	31.123022	-44.118378	524000	3.8146974e-09	293.77087	-0.06128957	-55.375244	0.009006022	0.0	620.7684762477875
131	26.052092	145.70859	226.25192	-161.09918	1000.0	0.26526222	15.360062	38.438503	-54.052216	528000	5.4836273e-09	354.374	-0.055625446	-67.52127	0.008930754	0.0	625.6308727264404
132	76.01166	84.32673	134.54918	-69.608864	1000.0	4.3937564	10.461977	39.49896	-45.034306	532000	-9.059906e-09	226.65518	-0.05913185	-61.9646	0.009116547	0.0	630.3335909843445
133	30.345245	169.52768	190.50801	-250.42554	1000.0	4.3627276	12.829629	31.811457	-39.606144	536000	2.026558e-08	377.0703	-0.059221447	-69.59378	0.008936747	0.0	635.1357712745667
134	52.715134	168.1538	162.97295	-237.71808	1000.0	4.0491943	12.930956	35.447556	-45.085438	540000	-5.8174134e-08	319.32712	-0.061612763	-107.42949	0.009067451	0.0	639.5411643981934
135	14.934467	108.856285	106.44353	-170.98947	1000.0	2.6687381	18.611376	34.51967	-51.787983	544000	9.536744e-10	294.50742	-0.06079441	-61.90503	0.009000238	0.0	644.3183250427246
136	65.56244	148.43294	203.95146	-182.45511	1000.0	3.1899042	14.153636	34.363796	-43.791767	548000	-2.8371812e-08	250.39957	-0.060466446	-54.388947	0.009004347	0.0	649.2560842037201
137	-10.425127	144.72618	95.033104	-259.93967	1000.0	0.78122705	18.587427	40.68519	-49.214718	552000	5.841255e-09	233.81496	-0.05935157	-51.119797	0.009067542	0.0	654.0638854503632
138	-56.52831	281.43732	185.70045	-534.16846	1000.0	-1.8003472	17.924976	34.38068	-51.078587	556000	7.152557e-09	381.22025	-0.057757124	-119.12833	0.0091042975	0.0	658.9178485870361
139	-148.74377	247.59605	82.55937	-566.01	1000.0	-8.479398	25.019154	30.218483	-63.148254	560000	-1.1920929e-09	384.7966	-0.06053495	-105.13016	0.0090369675	0.0	663.5708928108215
140	57.53717	106.32593	201.74252	-92.71621	1000.0	-5.0769134	15.0384	30.722248	-52.831596	564000	6.437302e-09	411.46	-0.06073863	-199.89677	0.009094246	0.0	669.1183936595917
141	-30.54982	93.196625	127.245255	-111.72502	1000.0	1.1172493	19.839844	40.647816	-51.20301	568000	2.2411346e-08	326.19653	-0.06173832	-87.473526	0.009003031	0.0	673.8194484710693
142	119.10483	139.27425	281.967	-71.3681	1000.0	3.9706933	7.426621	34.286537	-30.815401	572000	-1.0967255e-08	388.1415	-0.057455618	-106.657074	0.00907251	0.0	678.5928425788879
143	162.17601	30.437708	213.89117	136.34906	1000.0	11.477524	10.613331	49.978546	-34.240513	576000	-2.1457673e-08	243.05704	-0.059854552	-66.51189	0.009035143	0.0	683.1677761077881
144	-42.969482	273.5131	127.661224	-516.4543	1000.0	5.0964026	16.793936	42.578236	-45.66154	580000	-4.768372e-10	441.29932	-0.06032695	-241.78754	0.009002338	0.0	688.1246695518494
145	69.80174	46.014133	124.21502	7.4455047	1000.0	5.2949357	13.782131	33.92912	-60.238735	584000	-3.0994414e-08	211.03185	-0.05681725	-51.29767	0.009117116	0.0	692.8954799175262
146	39.385574	54.7574	109.08134	-26.738625	1000.0	8.292154	6.040113	33.479744	-20.482208	588000	-1.34706495e-08	256.07904	-0.057909943	-61.150833	0.009144944	0.0	697.4518918991089
147	100.7762	61.949104	197.09808	24.62868	1000.0	3.8045104	7.089288	32.100193	-31.951418	592000	3.3378602e-09	253.20993	-0.055397946	-53.151123	0.009082625	0.0	702.0803265571594
148	83.72087	91.64554	149.65685	-74.14197	1000.0	7.8349895	7.253752	29.78984	-36.93983	596000	1.4305115e-09	472.6091	-0.060035836	-80.15518	0.009042353	0.0	706.9354166984558
149	10.826185	161.84734	149.75653	-249.34206	1000.0	2.2514455	17.349483	38.82815	-54.754246	600000	2.002716e-08	313.14713	-0.06009328	-94.13611	0.008978541	0.0	711.6681163311005
150	152.04916	90.600624	264.7514	11.662044	1000.0	9.494376	7.8267584	37.29049	-35.34103	604000	1.5735626e-08	307.45193	-0.059806883	-83.87596	0.00918337	0.0	716.8927755355835
151	137.61641	44.43976	192.1985	71.719444	1000.0	15.0566635	7.3165812	39.90977	-24.12909	608000	6.198883e-09	186.03125	-0.06213363	-49.43335	0.00910964	0.0	721.5287747383118
152	25.705452	278.87097	219.33936	-455.9706	1000.0	1.4092773	22.481676	41.84603	-53.8136	612000	-2.3126603e-08	268.05984	-0.06347611	-74.22221	0.009052768	0.0	726.258428812027
153	-42.041107	221.94592	212.20952	-333.59335	1000.0	-1.6524936	26.232964	47.69823	-60.532887	616000	-1.990795e-08	316.62787	-0.05840898	-106.435394	0.00915302	0.0	731.1446423530579
154	83.24424	97.05607	191.02081	-58.027504	1000.0	12.576088	7.9437118	43.979565	-32.97195	620000	-3.051758e-08	277.27927	-0.056112744	-83.8427	0.009163694	0.0	735.8798623085022
155	126.90632	68.64852	219.51985	57.47586	1000.0	7.934538	6.6959786	35.293488	-24.565336	624000	2.6702882e-08	274.85553	-0.05653703	-61.000717	0.009122511	0.0	740.8400535583496
156	-130.8449	132.18622	63.973694	-308.78574	1000.0	-2.4885569	23.203695	42.700333	-59.580727	628000	9.298325e-09	747.296	-0.05918776	-272.65115	0.009023448	0.0	745.537707567215
157	103.929985	23.869469	132.17404	69.3108	1000.0	0.42572486	11.179673	40.401314	-50.43739	632000	2.6226044e-09	267.21298	-0.05768863	-148.02797	0.009084121	0.0	750.4111971855164
158	155.49939	67.85975	242.1671	64.610085	1000.0	10.006664	6.4668593	30.706373	-31.07964	636000	-6.198883e-09	198.36218	-0.056768037	-48.45436	0.0091199735	0.0	754.998042345047
159	20.603096	229.4555	267.8192	-241.42387	1000.0	3.6110475	19.274143	39.205524	-47.08032	640000	-1.6212464e-08	291.7978	-0.062514566	-97.98848	0.00913893	0.0	759.5763168334961
160	97.568184	46.42834	149.79417	36.292564	1000.0	14.217165	7.67224	38.10704	-34.10353	644000	2.8371812e-08	251.97092	-0.0583539	-68.31409	0.009179445	0.0	764.7025535106659
161	73.50447	195.01842	278.4411	-242.65298	1000.0	3.2666895	18.598461	33.290634	-55.576714	648000	2.4795533e-08	308.9257	-0.060829885	-63.32257	0.009177807	0.0	769.2802658081055
162	188.6753	39.977013	236.70865	130.9401	1000.0	13.22332	7.0395575	39.19137	-35.62124	652000	1.6212464e-08	254.3765	-0.055886786	-56.402374	0.009110251	0.0	773.924019575119
163	187.28754	32.446293	220.85072	139.08832	1000.0	17.55364	6.551451	51.83909	-27.176771	656000	-3.3378602e-09	134.51794	-0.057306357	-25.90004	0.009258576	0.0	778.6704664230347
164	22.123047	179.93428	211.87001	-272.1572	1000.0	7.1734695	19.746828	45.07073	-45.27598	660000	-1.2874604e-08	322.8887	-0.05729581	-99.48123	0.009197208	0.0	783.1654529571533
165	18.013863	158.1885	177.7135	-216.26414	1000.0	1.8366152	20.08059	34.522247	-56.17881	664000	-2.5987624e-08	483.13156	-0.059628565	-92.836945	0.00919518	0.0	787.9181191921234
166	133.23752	30.386772	163.37187	87.63507	1000.0	8.173324	10.764392	41.606472	-38.44749	668000	1.07288365e-08	364.94147	-0.055338383	-81.19321	0.009039631	0.0	792.3493647575378
167	-136.54103	210.33315	77.84251	-359.66852	1000.0	-5.8483877	24.023478	42.230824	-51.14029	672000	-2.3841857e-09	301.23706	-0.05905435	-133.3208	0.009236895	0.0	797.1004920005798
168	142.90138	19.53413	161.00714	110.15314	1000.0	3.4214115	9.479205	36.43785	-48.624104	676000	1.7404556e-08	292.7305	-0.05641032	-145.59402	0.00909535	0.0	801.6759421825409
169	233.46968	94.03581	349.20276	97.15001	1000.0	16.350588	7.349856	45.175423	-14.656126	680000	-1.3828277e-08	259.0116	-0.05490235	-76.294846	0.009228531	0.0	806.3523404598236
170	199.27432	78.485176	307.1049	100.50552	1000.0	22.528893	7.063038	43.690083	-13.051587	684000	3.2901763e-08	272.485	-0.06049589	-64.295135	0.009126798	0.0	811.6787703037262
171	197.96455	98.018265	359.82047	96.18396	1000.0	15.512099	12.034859	41.57833	-49.753418	688000	4.7683715e-09	304.27405	-0.05854141	-61.546234	0.009157315	0.0	816.1762816905975
172	204.0858	103.74654	356.9605	75.4726	1000.0	20.07039	7.641738	45.863735	-29.351784	692000	7.987023e-09	321.20474	-0.062301837	-57.127106	0.009210799	0.0	820.8514323234558
173	107.288895	116.72881	175.97462	-94.87567	1000.0	13.160383	16.347834	44.052124	-41.080807	696000	1.3351441e-08	195.86494	-0.060105026	-60.51294	0.0092218965	0.0	825.4689559936523
174	26.19661	366.72635	273.92453	-607.02527	1000.0	5.3888335	20.035725	41.82275	-45.900158	700000	2.861023e-09	454.90268	-0.060399283	-235.35887	0.009194101	0.0	830.4872989654541
175	-20.940216	337.50638	257.95694	-597.28937	1000.0	0.40767774	32.244915	44.71073	-67.84622	704000	-2.3841858e-08	263.2623	-0.05673877	-55.028656	0.009300497	0.0	834.8473498821259
176	300.64752	19.328363	324.49783	276.1294	1000.0	16.057718	6.7435737	37.789608	-21.843828	708000	-1.8835069e-08	340.712	-0.060141597	-179.59691	0.009169445	0.0	839.4612185955048
177	219.09238	62.003296	277.87363	116.26376	1000.0	26.697775	6.8009777	46.818657	-30.277346	712000	3.7670137e-08	196.87148	-0.05664706	-75.89415	0.009221905	0.0	844.1106445789337
178	273.7143	65.81164	343.93985	198.05959	1000.0	20.733757	5.5703516	43.900093	-6.447302	716000	9.536743e-09	234.05399	-0.057768177	-52.53131	0.009195961	0.0	848.6652882099152
179	232.77815	43.86971	274.86322	162.96758	1000.0	25.142784	6.6775227	47.946342	-18.970272	720000	-4.7683715e-09	271.861	-0.055033285	-48.574738	0.00913545	0.0	853.3184328079224
180	238.93835	31.59923	273.14877	187.3324	1000.0	21.557697	6.533846	44.488705	-18.583693	724000	-2.861023e-09	166.48148	-0.05896541	-26.421051	0.009206022	0.0	858.7431266307831
181	264.30994	66.97532	364.78262	181.14711	1000.0	22.546667	6.664737	45.13466	-12.053095	728000	9.536744e-10	238.09605	-0.054016314	-35.833466	0.009263389	0.0	863.3697698116302
182	256.94586	15.198758	276.48917	234.63463	1000.0	24.420597	6.0572195	48.382008	-7.459453	732000	-6.198883e-09	100.21236	-0.055784192	-23.52246	0.0091832755	0.0	867.7880580425262
183	298.09116	61.069424	351.49332	195.19519	1000.0	22.254951	5.5164413	42.822166	1.8799345	736000	-1.1444092e-08	149.94444	-0.059232846	-41.30831	0.009325964	0.0	872.6036469936371
184	-17.644264	211.15201	178.5413	-359.02924	1000.0	12.279455	28.143574	55.388626	-54.382843	740000	1.4305115e-09	712.403	-0.05604673	-326.61975	0.009131914	0.0	877.4503033161163
185	157.28757	241.76315	347.63623	-257.76663	1000.0	2.3709538	22.175383	46.826233	-60.076427	744000	4.7683715e-09	428.4023	-0.056770388	-201.29146	0.0091560455	0.0	881.9210071563721
186	168.74684	108.81162	279.82474	-4.1662927	1000.0	23.390734	7.752527	50.54919	-38.468426	748000	-1.66893e-08	413.41388	-0.05964016	-119.70383	0.009217033	0.0	886.3495116233826
187	256.96375	84.54889	370.7776	167.34021	1000.0	16.921154	8.543856	50.51092	-24.409388	752000	-5.722046e-09	279.46725	-0.059643637	-79.94267	0.009266639	0.0	891.11132645607
188	307.80927	33.291515	352.005	268.454	1000.0	22.524977	5.437236	46.319347	-10.26079	756000	-1.6570091e-08	216.48752	-0.0563686	-54.37555	0.009225532	0.0	896.1259455680847
189	170.19691	89.48551	229.86562	15.68679	1000.0	21.532297	19.900164	56.990025	-57.56696	760000	3.98159e-08	335.90942	-0.05700135	-96.46504	0.009280498	0.0	900.6736018657684
190	333.4079	103.08	480.11505	191.4644	1000.0	21.160461	6.3151374	46.760925	-17.97419	764000	2.0503998e-08	431.97263	-0.0575109	-154.99426	0.009236101	0.0	905.9954550266266
191	273.3722	31.716066	326.22876	243.9893	1000.0	30.702065	7.9766884	65.8402	-20.456331	768000	9.536744e-10	261.94427	-0.057526	-61.112274	0.009177355	0.0	910.4253880977631
192	268.15698	98.90167	423.16745	147.75043	1000.0	25.700382	5.7884994	52.043713	-10.427888	772000	-5.2452087e-09	250.11469	-0.055446416	-34.269714	0.009120167	0.0	915.291889667511
193	92.31258	385.88007	366.73846	-573.5415	1000.0	10.723434	26.902328	50.35213	-54.896843	776000	-3.838539e-08	349.15964	-0.058701266	-116.68007	0.009182348	0.0	919.9153351783752
194	235.70892	26.60692	264.10208	204.29166	1000.0	25.087404	8.184544	56.49578	-21.38719	780000	-1.1920929e-09	269.53964	-0.055937055	-60.197052	0.009242884	0.0	924.438339471817
195	381.83817	28.771284	414.71265	346.8624	1000.0	23.245476	6.6353073	50.790245	-31.83261	784000	2.2411346e-08	376.0301	-0.060433578	-168.67969	0.009304193	0.0	929.0591375827789
196	389.2199	36.644623	432.08533	348.61438	1000.0	33.945152	5.9033356	57.651627	-0.44522488	788000	-5.4836273e-09	185.22781	-0.05532356	-26.669434	0.009285853	0.0	933.9027864933014
197	281.13345	78.59529	373.48163	157.14557	1000.0	34.801258	6.2530966	58.898155	-13.390767	792000	-2.861023e-09	352.77838	-0.056168158	-143.24065	0.009278774	0.0	938.4826712608337
198	126.38523	304.694	339.2102	-399.5697	1000.0	11.990765	26.997744	55.653145	-57.49368	796000	-1.0251999e-08	281.789	-0.058794994	-113.98262	0.009339781	0.0	943.3776853084564
199	369.36615	96.475105	513.5644	242.71982	1000.0	27.384	6.0153975	49.479214	-18.028645	800000	-5.543232e-09	388.534	-0.057885308	-108.270935	0.00921446	0.0	947.889750957489
200	274.73337	85.68695	348.66232	129.96494	1000.0	27.88	19.713589	59.584164	-62.148464	804000	6.7949295e-09	349.92856	-0.058148764	-88.0293	0.009337442	0.0	953.1150801181793
201	197.96912	264.694	387.31494	-256.09753	1000.0	22.636457	23.670874	54.858017	-59.08592	808000	-2.6226044e-09	576.02423	-0.057270154	-133.57336	0.009232925	0.0	957.8743276596069
202	126.65091	432.45688	410.4531	-619.9502	1000.0	8.524442	33.713333	61.328552	-67.710396	812000	-2.4795533e-08	426.35812	-0.056604587	-101.7861	0.0092191445	0.0	962.3569748401642
203	102.76505	351.28894	362.16327	-496.47308	1000.0	19.291576	24.741282	61.832954	-51.755627	816000	-1.8119811e-08	553.7615	-0.05867689	-300.39142	0.0091985045	0.0	967.1657221317291
204	359.6103	48.239017	416.7638	288.45367	1000.0	25.846388	8.340616	56.38542	-22.098915	820000	-6.6757204e-09	238.03596	-0.05810692	-102.3111	0.009367808	0.0	971.7486867904663
205	284.17737	58.653103	344.06525	218.4346	1000.0	31.650507	7.6308017	60.19251	-16.641117	824000	4.005432e-08	333.94363	-0.056460917	-80.503845	0.009329689	0.0	976.2521216869354
206	312.407	68.58402	388.03366	201.07922	1000.0	27.000645	6.7480173	53.43524	-14.187951	828000	3.5762786e-09	247.69016	-0.05564679	-44.527466	0.009324591	0.0	980.556037902832
207	240.11627	182.42001	397.50595	-70.6157	1000.0	21.414457	26.530684	59.69165	-63.167385	832000	-5.9604646e-09	476.76282	-0.05627868	-87.33435	0.009251407	0.0	985.5885102748871
208	325.39328	56.88574	393.7657	240.54868	1000.0	28.144798	12.016945	58.57397	-47.37403	836000	-1.7642975e-08	277.21964	-0.058125533	-60.741913	0.009325796	0.0	990.1301820278168
209	361.5946	45.115288	416.99905	309.22092	1000.0	30.821379	6.9663835	61.853455	-14.744867	840000	2.4795533e-08	222.04927	-0.055354625	-36.497696	0.009291935	0.0	994.6631536483765
210	197.64272	367.27216	482.59512	-432.27753	1000.0	20.333176	29.009056	61.98771	-63.004276	844000	1.8119811e-08	681.4939	-0.0566558	-162.4654	0.009319195	0.0	999.7999517917633
211	314.46484	49.943184	397.49084	274.74966	1000.0	30.644718	11.200386	69.41928	-51.308037	848000	-3.683567e-08	283.10553	-0.05913038	-68.71208	0.009246298	0.0	1004.145405292511
212	126.3439	376.964	394.1426	-524.1116	1000.0	13.27693	32.601818	60.06341	-64.23156	852000	6.198883e-09	447.50107	-0.05678811	-114.39786	0.009442518	0.0	1008.5525352954865
213	330.83252	124.12051	508.84253	177.88864	1000.0	26.931898	8.435436	52.422558	-22.815645	856000	4.2915342e-09	315.21732	-0.057620496	-67.71768	0.0093471	0.0	1013.2617497444153
214	421.52167	24.770224	459.85077	390.68036	1000.0	31.822536	8.08874	59.29281	-8.206682	860000	1.4305115e-09	317.96036	-0.055266988	-82.79468	0.009410578	0.0	1017.9299159049988
215	86.25151	443.79553	447.92993	-667.3789	1000.0	13.846952	37.24492	63.71	-63.011467	864000	1.4305114e-08	357.03357	-0.053641398	-119.63463	0.009311941	0.0	1022.3374176025391
216	238.21077	216.22093	442.01468	-108.87613	1000.0	20.858402	30.744766	60.811012	-66.69589	868000	2.8610229e-08	356.21487	-0.058245823	-66.6333	0.009263474	0.0	1027.0097649097443
217	380.99567	82.80708	513.2603	286.8181	1000.0	30.805258	8.806156	56.600876	-47.46391	872000	-2.3841858e-08	333.70938	-0.059684604	-90.98213	0.009375137	0.0	1031.899272441864
218	182.39035	239.64403	397.60275	-211.5657	1000.0	21.877104	29.704922	59.92142	-59.882107	876000	2.2411346e-08	376.45993	-0.058781143	-101.88016	0.009214676	0.0	1036.7397754192352
219	223.67404	340.5617	448.69547	-365.02808	1000.0	14.528125	32.87562	61.954525	-64.1349	880000	4.7683715e-09	457.19888	-0.05710947	-98.63043	0.009312664	0.0	1041.061077594757
220	438.3519	57.85523	526.53894	370.632	1000.0	35.76264	7.853289	67.31611	-13.821587	884000	-1.8835069e-08	288.50323	-0.058212537	-67.82199	0.00932267	0.0	1046.6376340389252
221	32.576912	404.19562	464.50766	-482.2139	1000.0	8.863822	43.314384	63.713493	-66.305084	888000	-1.9073486e-08	578.619	-0.057782695	-180.9209	0.009361746	0.0	1051.316477060318
222	141.5054	235.3251	399.01505	-190.03098	1000.0	9.86543	34.9197	56.015324	-64.70303	892000	4.529953e-09	445.6538	-0.057756618	-74.09082	0.009395391	0.0	1055.7881808280945
223	143.22713	327.35373	357.50397	-421.95087	1000.0	12.041085	32.171207	54.14865	-63.649	896000	1.26361845e-08	547.9046	-0.058422264	-84.677795	0.009292295	0.0	1060.6585092544556
224	339.30164	182.64508	446.2963	22.964424	1000.0	22.13022	25.0514	59.75172	-64.16531	900000	4.768372e-10	437.65732	-0.06290621	-113.08676	0.009385036	0.0	1065.7860779762268
225	352.7022	61.425854	410.32758	250.08801	1000.0	35.666306	10.360857	62.46187	-40.870216	904000	2.5510788e-08	350.67236	-0.060368456	-86.68286	0.009474896	0.0	1070.6483249664307
226	236.59538	491.60223	671.8985	-593.4376	1000.0	16.815065	32.89067	61.961044	-57.025536	908000	-1.7881394e-08	597.3706	-0.057639614	-227.74762	0.009288221	0.0	1075.1485888957977
227	396.58624	11.932629	410.30743	381.25375	1000.0	44.032303	11.2476015	72.78559	-29.992722	912000	7.629395e-09	335.7921	-0.057696186	-137.16748	0.009401122	0.0	1079.7973680496216
228	415.04068	47.283745	465.29373	344.8714	1000.0	35.3382	7.1245866	62.960857	-12.13863	916000	7.629395e-09	303.02982	-0.05781182	-51.917725	0.009424526	0.0	1084.4758503437042
229	180.59076	279.34506	461.71155	-264.575	1000.0	21.303438	33.937584	65.73805	-61.246235	920000	-1.6212464e-08	457.98694	-0.055331808	-160.99747	0.009435215	0.0	1088.8524460792542
230	425.4173	53.519463	510.02667	362.2404	1000.0	32.531147	7.849801	59.811077	-32.02839	924000	-2.2888184e-08	297.5748	-0.056524627	-82.0455	0.009302895	0.0	1094.0063886642456
231	355.03842	177.25603	500.8675	54.822735	1000.0	31.149954	23.187605	65.92616	-64.84019	928000	-2.8610229e-08	370.4722	-0.053189356	-60.614014	0.0093143815	0.0	1098.562829732895
232	194.54942	386.10806	487.9365	-464.50934	1000.0	21.53722	32.42374	64.508934	-61.046177	932000	-4.8279762e-08	470.7865	-0.05487785	-119.44476	0.009407798	0.0	1103.0890665054321
233	484.816	60.862907	582.5027	426.05807	1000.0	35.360733	8.017453	60.95287	-32.084877	936000	1.502037e-08	377.8649	-0.058964904	-141.69489	0.009304043	0.0	1107.6998219490051
234	430.24463	30.710794	478.34583	394.5231	1000.0	43.46309	8.650318	71.990326	1.0096474	940000	-8.5830685e-09	274.82443	-0.05353769	-60.211304	0.009312209	0.0	1112.3876717090607
235	375.87	112.26982	521.0514	210.55	1000.0	36.21098	16.408815	74.35569	-60.49139	944000	1.2874604e-08	388.71786	-0.05837357	-88.826416	0.0093149375	0.0	1117.3853495121002
236	442.19266	108.81032	538.09924	261.6914	1000.0	36.36427	8.292199	66.67765	-7.6221313	948000	-1.4305115e-09	326.0521	-0.054391593	-64.26776	0.009316712	0.0	1122.1115601062775
237	-84.61929	516.60284	464.73007	-618.2849	1000.0	5.3166127	36.210438	71.92832	-53.30371	952000	3.051758e-08	610.9116	-0.053518195	-367.7244	0.009282387	0.0	1126.917927980423
238	484.06348	73.227844	542.5836	360.3625	1000.0	38.029087	8.682502	67.44909	-31.494877	956000	-4.2915342e-09	346.79355	-0.06078584	-99.841644	0.009330848	0.0	1131.475136756897
239	14.882973	392.22092	417.56192	-464.18555	1000.0	12.854899	39.367912	71.55418	-68.15567	960000	1.26361845e-08	779.9645	-0.056367468	-471.14136	0.009280281	0.0	1136.1627051830292
240	36.199715	390.74445	450.68185	-412.60385	1000.0	-0.30739647	38.981937	63.132057	-62.460346	964000	2.157688e-08	563.4523	-0.058813002	-88.12909	0.009254261	0.0	1141.1783163547516
241	313.05753	225.59363	507.2026	-70.61509	1000.0	20.212852	30.58539	65.31985	-62.404278	968000	4.261732e-08	294.73453	-0.058541946	-113.61374	0.009351674	0.0	1145.76495885849
242	392.8752	34.47094	425.63342	335.53198	1000.0	39.378212	8.672695	66.987175	-19.187147	972000	-9.536743e-09	335.97626	-0.053493414	-71.50311	0.009397721	0.0	1150.2186951637268
243	470.73047	72.38413	554.5992	377.59613	1000.0	35.84691	7.742133	68.734825	-19.115017	976000	2.9563903e-08	290.213	-0.05596392	-86.28459	0.009376974	0.0	1154.9996094703674
244	231.21039	406.39603	495.32492	-470.40656	1000.0	23.540577	38.078766	71.651115	-68.42222	980000	-4.768372e-10	379.0442	-0.055506624	-72.90051	0.009409961	0.0	1159.510080575943
245	455.23526	62.19576	527.1293	356.6385	1000.0	39.87021	7.4597044	68.467834	-16.979738	984000	2.1457673e-08	339.8128	-0.05706293	-49.981293	0.009477343	0.0	1164.426244020462
246	192.59111	228.82454	436.49615	-150.9817	1000.0	17.214867	41.28095	74.32343	-68.729256	988000	-1.680851e-08	543.6471	-0.056297168	-86.21423	0.009429367	0.0	1168.9113335609436
247	492.47482	51.314587	578.6341	448.38205	1000.0	39.76613	8.674826	70.99879	-1.9023099	992000	-7.629395e-09	284.865	-0.054981258	-66.8324	0.009400844	0.0	1173.46275639534
248	315.69913	303.73663	544.8583	-201.10936	1000.0	29.827553	34.62875	69.60813	-62.800358	996000	1.3113022e-08	491.07468	-0.056684226	-78.9039	0.009392303	0.0	1178.0801749229431
249	329.13165	279.54053	524.8744	-153.46121	1000.0	30.830618	28.31435	72.79925	-59.493652	1000000	5.2452087e-09	301.84457	-0.05738388	-65.71477	0.009390532	0.0	1183.343312740326
