Epoch	AverageEpRet	StdEpRet	MaxEpRet	MinEpRet	AverageTestEpRet	StdTestEpRet	MaxTestEpRet	MinTestEpRet	EpLen	TestEpLen	TotalEnvInteracts	AverageQVals	StdQVals	MaxQVals	MinQVals	LossPi	LossQ	Time
1	-47.214516	74.8289	9.210068	-328.33554	-1925.093	1340.9706	-27.33414	-3012.2754	128.27026	642.2	5000	44.9036	51.222435	238.14934	-40.858334	-54.824993	5.772878	53.07591509819031
2	-76.889755	113.49664	28.741814	-382.7043	-964.3843	1316.9451	-29.41323	-2991.2737	222.85715	324.2	10000	711.9806	403.09055	1846.5009	-497.2617	-784.42175	489.1171	101.0801751613617
3	-1143.9769	1202.7986	-36.320942	-2702.928	-2708.3433	887.3857	-46.22918	-3008.331	479.45456	901.4	15000	2735.5505	732.84644	4373.862	-834.06104	-2865.8994	5696.0425	166.30589818954468
4	-859.8339	1181.4353	-22.935656	-2714.9749	-390.0857	880.9555	-31.665205	-3026.159	318.5	128.4	20000	4583.0107	512.5476	5749.069	-2024.1051	-4697.877	15274.59	218.594988822937
5	-169.29602	419.89444	-18.156883	-2713.98	-644.65045	1160.725	-28.574211	-3026.5286	62.66265	213.6	25000	5221.1646	457.73178	6140.4385	-3397.675	-5301.2715	35910.94	273.2891409397125
6	-387.9395	752.76483	-21.40287	-2728.5603	-68.94234	20.895592	-37.519794	-101.6838	142.45714	23.4	30000	5159.2227	610.07697	6257.8145	-2263.4956	-5235.863	37012.094	323.10637044906616
7	-835.1778	1117.6841	-61.199665	-2763.8337	-741.75806	1092.39	-50.53319	-2960.6992	308.33334	257.2	35000	4984.053	627.0483	6215.4927	-2866.1033	-5046.097	31897.973	372.77818393707275
8	-748.34247	1124.7487	-22.245779	-2718.402	-400.4737	853.3696	-29.887638	-2957.5854	281.8421	134.1	40000	4562.137	562.98926	5967.898	-2501.6587	-4608.3286	19633.844	427.17583894729614
9	-475.69757	845.50903	-22.23586	-2680.585	-146.89091	86.44632	-48.455055	-316.25778	178.52174	45.0	45000	4061.699	478.38516	4909.994	-2495.976	-4102.1333	16966.748	469.6164336204529
10	-632.4148	970.82214	-26.118622	-2738.0303	-445.73444	830.78033	-40.207714	-2922.867	236.66667	151.0	50000	3549.9324	419.44366	4466.41	-2572.9727	-3583.09	12128.731	526.824586391449
11	-610.30524	1011.13824	-58.95921	-2776.8655	-374.101	872.52814	-26.795704	-2988.4072	225.61905	125.4	55000	3057.2126	343.6886	3795.9368	-2888.274	-3085.4487	9048.457	576.1735460758209
12	-403.77255	795.7453	-35.24581	-2724.1838	-942.90857	1237.3479	-46.927597	-2950.3108	149.72728	319.2	60000	2617.3816	315.53726	3244.7239	-1842.9556	-2638.4055	7572.224	629.4147071838379
13	-869.52783	1169.2119	-32.778576	-2698.134	-415.4121	860.08057	-29.53429	-2984.7952	324.47058	139.9	65000	2172.5774	265.9943	2712.6965	-1723.4691	-2190.629	4603.508	685.4878535270691
14	-880.43896	1129.9886	-41.24359	-2715.2102	-716.96594	1115.3318	-78.924614	-2951.0254	327.57144	243.1	70000	1804.3376	209.36536	2207.593	-1531.526	-1818.2615	2811.5652	736.0918810367584
15	-579.226	1024.498	-27.57546	-2748.1294	-388.72815	838.61475	-43.845833	-2902.3882	216.90475	132.9	75000	1497.6309	181.6287	1829.3646	-1304.8846	-1508.123	2110.5862	783.708251953125
16	-684.58795	1048.3053	-20.833382	-2727.9985	-471.9956	888.4051	-33.166214	-3001.3557	256.6087	162.3	80000	1184.6312	157.15622	1525.4377	-752.2061	-1192.8365	1200.1687	844.4901225566864
17	-994.6914	1135.5895	-56.60596	-2720.0527	-645.4313	873.1252	-35.595097	-3030.939	376.36365	222.0	85000	936.6099	118.8449	1151.6865	-728.06604	-942.8773	716.99524	891.2211275100708
18	-852.48773	1135.2075	-41.24868	-2755.705	-698.29364	1144.7479	-28.742025	-3008.413	316.8889	231.1	90000	725.1494	106.33921	950.7792	-968.5752	-729.5591	426.96133	951.0541944503784
19	-487.4155	916.3113	-23.75574	-2658.89	-606.5833	1080.1788	-34.19198	-2990.6924	181.8077	206.3	95000	535.93274	78.41255	702.5871	-582.18024	-539.0007	240.99185	1000.7298002243042
20	-943.7679	989.7272	-21.718903	-2729.685	-1623.5862	1201.0048	-44.21289	-3025.4246	347.46667	539.6	100000	385.68436	65.15867	527.53314	-375.12512	-387.7676	135.9662	1060.755080461502
21	-675.27234	931.71857	-78.225586	-2758.0847	-692.3287	1160.5012	-70.31061	-3019.1008	248.11111	228.6	105000	262.94534	49.269226	372.13837	-284.84543	-264.3566	69.98757	1109.7080941200256
22	-590.9112	950.97424	-30.80566	-2680.241	-708.43524	1136.5525	-43.784584	-2983.8035	223.0	239.0	110000	165.99881	40.93456	269.256	-214.35309	-166.96274	34.80127	1164.8540153503418
23	-634.6752	958.6019	-51.36307	-2690.346	-546.12195	842.1426	-37.10036	-3035.324	240.80952	180.8	115000	84.095665	31.12472	167.43822	-149.47	-84.79557	14.842758	1217.3075242042542
24	-1218.881	1232.1448	-50.584892	-2691.2188	-2708.7712	844.0556	-177.49612	-3051.344	453.5	905.4	120000	19.970448	23.653902	92.00181	-90.08765	-20.408743	5.913336	1284.6009833812714
25	-183.52567	517.02496	-10.047815	-2691.6467	-70.105804	35.834476	-19.886786	-127.62557	70.0411	23.0	125000	-29.836859	13.483699	27.27789	-67.13275	29.227043	7.067582	1336.919869184494
26	-60.162643	48.63642	-8.2743435	-307.90442	-43.844173	15.486133	-25.343458	-74.06367	23.272728	14.3	130000	-55.918663	17.047808	30.712685	-98.270325	54.927876	9.347791	1386.7711837291718
27	-45.067284	151.37704	-9.371715	-2691.2092	-51.596752	22.709917	-24.41035	-103.62497	17.314102	19.4	135000	-71.47917	28.091831	21.187517	-144.67444	70.33401	11.8329935	1444.096575975418
28	-34.479527	24.239584	-6.725079	-239.88264	-42.284325	24.256752	-11.99014	-88.607796	15.099398	16.2	140000	-79.8402	39.054485	36.23758	-140.74388	78.58434	12.571295	1497.9634156227112
29	-31.127577	66.830956	-5.5486536	-1218.9648	-26.481527	10.825837	-10.275858	-43.105362	14.901492	10.2	145000	-82.30606	44.223576	26.52245	-145.4006	80.94167	12.939412	1553.0820534229279
30	-26.116035	21.834423	-3.791553	-338.1305	-31.29807	17.313429	-17.879166	-80.05025	12.52	13.5	150000	-83.596725	48.708595	17.886223	-148.83116	82.26454	12.514221	1608.1606767177582
31	-26.67868	15.3953	4.991057	-87.38784	-31.375126	9.263218	-18.232	-48.676117	13.21164	13.2	155000	-84.44664	52.25867	38.201553	-767.6904	83.14063	13.577875	1663.2978851795197
32	-28.36426	59.909397	-2.9429197	-1023.3214	-29.9862	12.648699	-10.072372	-53.473675	13.944134	14.4	160000	-83.07057	54.168167	18.335835	-152.64351	81.76398	13.225461	1718.4911799430847
33	-25.26585	37.669186	-3.7847946	-657.02124	-29.176449	27.969816	-12.381725	-108.55159	12.886889	12.7	165000	-82.26913	56.213863	28.990835	-161.06734	80.945175	13.47135	1773.3466589450836
34	-20.64636	15.362079	-4.185597	-127.1173	-31.527445	35.433914	-10.773866	-132.98216	11.68458	10.8	170000	-80.3518	56.98487	25.647198	-160.6643	79.01859	13.657124	1828.8485667705536
35	-21.638294	18.030848	-0.17880577	-145.22447	-23.12032	13.081973	-11.064317	-47.741207	11.5	10.1	175000	-77.26424	56.081726	28.211311	-154.69133	75.89598	13.72747	1884.0926496982574
36	-19.070612	14.263148	13.794399	-151.1593	-22.769747	11.913545	-6.4669724	-43.91649	11.432494	9.5	180000	-72.462906	54.175285	30.998192	-149.626	71.01167	13.763156	1939.2896239757538
37	-20.849964	17.033741	11.5455675	-190.59436	-28.471613	28.074205	-10.866045	-105.16154	11.493119	13.3	185000	-67.48064	51.759663	47.066574	-147.941	66.08751	12.926988	1995.5330896377563
38	-19.514242	13.662695	-4.8050194	-91.264046	-17.775105	8.012172	-12.091278	-31.767431	11.059734	9.7	190000	-64.378365	50.367855	83.06739	-143.09377	62.98197	13.170376	2051.2708883285522
39	-19.436817	12.429819	-0.74742377	-87.54552	-17.3819	13.647142	-8.263936	-54.56009	11.555555	11.4	195000	-60.12404	48.24121	49.831665	-139.4889	58.71631	12.652991	2107.3807916641235
40	-20.89625	15.23774	-1.9359635	-143.87227	-18.794186	8.687033	-10.358751	-38.591743	12.182482	10.0	200000	-56.297657	45.667824	82.24387	-134.82248	54.913464	11.65672	2163.5545909404755
41	-19.528614	13.375265	-1.2924442	-102.61112	-29.229076	30.684923	-5.825753	-116.63887	11.664335	13.4	205000	-54.11061	43.970863	34.597855	-127.757324	52.756813	11.199961	2219.7237870693207
42	-17.5336	16.27879	8.035014	-265.84985	-24.294924	17.800638	-7.662259	-64.641525	11.217978	11.8	210000	-50.42718	41.26761	41.88525	-123.3244	49.03628	10.904188	2275.605652809143
43	-17.18953	10.305148	-4.7925496	-66.55971	-23.181084	11.44864	-10.665565	-43.346687	11.199105	11.8	215000	-47.511974	39.67552	49.30805	-114.89937	46.16886	9.860444	2332.650696992874
44	-17.18714	10.910514	-4.152539	-70.55237	-17.490082	8.695992	-10.845888	-38.511356	10.919037	10.3	220000	-45.983086	39.04001	39.678505	-115.753006	44.692364	9.4815235	2389.03768157959
45	-18.025373	12.499825	0.9135174	-135.08842	-16.152212	6.759226	-9.227748	-29.944181	11.55787	8.2	225000	-44.13829	37.974834	37.426514	-110.058846	42.830032	9.040723	2445.932883501053
46	-16.82449	10.520195	-1.5208813	-78.46886	-19.568165	12.302386	-8.604588	-46.9361	10.997807	10.4	230000	-42.63073	36.845802	29.211418	-104.91043	41.391582	8.487329	2503.147762775421
47	-17.43925	11.41824	-2.8612492	-79.42299	-23.682205	22.131973	-8.245862	-71.84342	11.319004	12.5	235000	-41.467632	36.387173	27.721317	-105.53906	40.226063	8.503035	2560.2669405937195
48	-17.446444	16.776178	-4.1499057	-227.26936	-23.118153	8.641391	-10.154258	-40.425068	11.4827585	10.8	240000	-39.787735	35.602787	32.83116	-105.228165	38.558727	8.280868	2617.6461765766144
49	-17.521317	13.809247	2.6141257	-136.62404	-17.295996	9.34079	-9.960052	-37.023808	11.827423	10.4	245000	-39.23657	35.47502	17.619936	-104.044106	38.04304	8.0917845	2674.5026247501373
50	-16.23009	12.182069	-4.1855264	-138.9733	-20.924267	13.2185545	-8.412615	-56.532356	10.712446	11.2	250000	-39.112717	35.8583	21.74912	-105.106285	37.95378	8.272903	2731.2759912014008
51	-15.642163	15.557753	5.729799	-191.6517	-16.366825	6.9918237	-7.8539433	-32.693607	10.820734	10.1	255000	-38.41115	35.985504	28.413862	-108.034546	37.20896	8.32769	2788.4626290798187
52	-14.012842	9.177917	5.5102396	-90.007965	-16.541649	6.864258	-7.8868237	-30.844305	10.352697	9.2	260000	-37.25532	35.243023	30.104313	-106.58371	36.07413	8.091497	2845.300216436386
53	-14.814052	10.706577	20.76885	-125.32231	-19.538996	6.49088	-9.783623	-32.36636	10.871739	11.5	265000	-36.749893	35.74166	23.68925	-109.55189	35.572918	7.8884473	2902.2779603004456
54	-14.712298	9.854785	2.9594567	-101.80262	-15.328819	6.396397	-7.2923713	-25.431614	10.956236	9.9	270000	-36.34423	35.996113	25.00868	-110.70637	35.124893	7.915624	2959.223524093628
55	-13.665513	11.246863	13.593968	-128.80365	-14.072911	5.3920403	-8.888006	-27.983496	10.714592	10.0	275000	-34.987103	34.65662	29.194279	-225.34012	33.7812	8.072971	3016.3487730026245
56	-13.366413	9.072558	-2.6477282	-76.192505	-16.848713	10.960246	-8.258128	-41.02963	10.174797	9.9	280000	-34.210793	34.28102	22.673697	-102.81304	33.01824	7.533881	3073.0917999744415
57	-12.255277	7.4116983	-0.51844025	-102.13466	-16.445944	9.790241	-6.3310003	-41.926933	9.838583	12.2	285000	-32.81311	33.23418	19.38679	-101.0352	31.593945	7.3378696	3130.0133817195892
58	-13.016303	10.645481	-0.81094515	-164.4313	-17.96393	10.434302	-7.822977	-39.59504	10.466527	10.9	290000	-31.741207	32.59542	22.559395	-98.18812	30.520788	7.1037207	3188.0458357334137
59	-13.030301	8.934378	-1.6813402	-94.05468	-10.913696	4.2408543	-6.040074	-22.019817	10.505285	8.0	295000	-31.253492	32.62433	27.097961	-100.04025	30.048765	7.13778	3245.241633415222
60	-11.413511	9.764664	8.308134	-121.72469	-14.4762745	13.748699	-4.633508	-53.70505	10.571428	13.9	300000	-30.341204	32.512455	30.651276	-102.23879	29.111422	6.900206	3302.1080622673035
61	-4.0768037	21.01715	89.66768	-158.28464	83.81911	297.73926	923.063	-296.30118	18.531599	142.0	305000	-28.920479	33.023617	29.726683	-101.69965	27.499191	6.4456863	3360.0617175102234
62	39.776	49.133835	154.21141	-193.39061	51.54093	39.38294	116.376625	-0.16923155	66.9589	56.8	310000	-24.853428	31.56971	22.047915	-99.197464	23.016823	5.636849	3414.8681173324585
63	225.08061	219.22244	870.7627	14.340459	682.92834	153.3788	781.35724	228.95633	284.5	933.1	315000	-17.418774	28.694479	27.406158	-85.35379	14.917681	6.3106685	3477.982522726059
64	540.7313	152.96548	769.9958	370.74048	215.01302	227.50877	492.96982	-72.63372	936.6	1000.0	320000	-7.7202034	28.945576	49.366184	-71.954414	4.2248707	12.286045	3544.47540640831
65	206.22214	158.96844	341.3765	-30.86028	-43.84631	80.23838	90.66149	-169.6178	1000.0	1000.0	325000	4.4893093	34.089355	75.92343	-65.65888	-9.314644	27.306597	3612.474868297577
66	-164.15683	205.05382	44.380447	-515.90485	-202.9715	218.94061	130.04526	-704.64606	1000.0	1000.0	330000	19.48113	40.68405	105.01292	-62.641453	-25.940027	50.528267	3680.715935945511
67	-337.7635	365.42972	37.98333	-1022.17926	-422.05533	148.79265	-197.10446	-710.3384	1000.0	1000.0	335000	37.47681	47.553265	140.4699	-170.0285	-45.519135	89.705284	3748.2465398311615
68	-534.99744	218.64984	-368.74832	-948.6514	-232.81084	71.59342	-131.00525	-382.5465	1000.0	1000.0	340000	55.9159	54.60737	168.1412	-52.52856	-65.41111	138.53072	3818.305202484131
69	-441.84814	183.58676	-91.65513	-616.4098	-356.95807	176.18039	-111.41107	-709.14386	1000.0	1000.0	345000	76.76638	61.39092	204.0236	-61.79352	-87.86758	203.22432	3887.8244960308075
70	-584.28894	244.22914	-239.5327	-961.83813	-411.05463	429.2778	-181.91853	-1683.4427	1000.0	1000.0	350000	97.53525	66.65882	264.10464	-71.7036	-109.86668	258.13354	3956.2230985164642
71	-828.0389	365.15677	-326.6418	-1407.9131	-1282.7717	631.47797	-556.3808	-2632.1067	1000.0	1000.0	355000	122.03831	76.34048	458.45114	-114.91718	-135.51573	347.2419	4024.123200893402
72	-1422.5095	616.4776	-773.2682	-2319.941	-1873.058	635.65265	-294.86014	-2745.7986	1000.0	920.1	360000	155.70486	94.04388	564.4308	-146.35593	-172.00705	591.5778	4091.566047668457
73	-1062.4312	887.5522	-15.850645	-2552.236	-1851.0637	212.2369	-1630.5205	-2358.517	576.9	1000.0	365000	215.65315	122.71984	684.0476	-140.05762	-237.45934	1071.901	4167.621062994003
74	-1510.4502	539.1794	-507.10104	-2025.4769	-1739.133	85.721275	-1571.1929	-1870.3855	863.6	989.7	370000	275.70703	145.31036	653.77783	-221.68971	-301.9709	1412.1106	4230.949945688248
75	-1079.982	547.27277	-148.02423	-1801.4146	-1449.6045	870.5294	-110.54473	-2366.736	753.8571	735.2	375000	314.0739	156.40712	685.24493	-202.26117	-342.47864	1616.7489	4296.713414669037
76	-1287.8507	600.8945	-87.990105	-1829.7933	-1463.5339	492.29477	-382.73218	-1943.0902	820.3333	871.5	380000	344.51965	156.27298	722.6292	-267.76218	-373.49756	1757.1046	4362.293308258057
77	-1741.7207	131.76205	-1594.1764	-1957.2301	-1806.5582	468.4542	-776.859	-2345.668	982.4	954.9	385000	365.85385	159.1615	755.07733	-308.84842	-395.9844	1924.6335	4430.613585472107
78	-1377.6035	646.2325	-295.94073	-2255.7744	-1906.0486	706.52673	-35.287514	-2613.209	813.1429	902.5	390000	390.9616	163.49786	811.65137	-249.6288	-421.7705	2087.9238	4504.192074537277
79	-1224.1345	635.6467	-327.9047	-1978.1031	-1324.2158	866.1071	-6.690461	-2375.8538	791.8333	720.0	395000	405.55206	167.08702	832.66284	-248.77832	-436.552	2213.9226	4566.122542619705
80	-1107.3671	880.4459	-18.075636	-2285.2656	-1417.9716	860.1669	-19.046865	-2065.1272	617.7143	724.4	400000	408.04086	167.51538	771.90186	-372.2051	-438.51358	2239.999	4626.4036321640015
81	-1665.4877	645.38904	-509.78934	-2497.5698	-1721.7885	538.9042	-495.51074	-2343.5413	895.1667	903.2	405000	405.10278	170.45432	829.0812	-251.3088	-434.95044	2216.555	4697.973636865616
82	-1347.6458	545.23175	-441.31924	-2024.0857	-1482.3376	890.3625	-20.357569	-2461.3147	817.5	706.1	410000	408.30865	177.34158	741.9415	-401.51428	-438.231	2317.226	4761.255670309067
83	-1914.9996	105.38349	-1740.7992	-2053.6484	-1713.6868	759.5733	-160.76959	-2316.8704	1000.0	824.4	415000	397.11356	177.2067	782.831	-294.8811	-425.857	2190.904	4828.5040719509125
84	-1800.6476	764.44806	-118.419426	-2263.5684	-1689.6936	785.9664	-52.813854	-2360.6792	848.8333	823.4	420000	386.96143	175.24373	728.40674	-344.53482	-414.88577	2058.2534	4896.480756044388
85	-1945.8796	369.35602	-1208.7286	-2173.6194	-1436.3201	1123.2307	-90.5475	-2699.0393	940.8	606.7	425000	378.2318	171.49539	699.62836	-242.85902	-404.79694	1908.3552	4956.036526679993
86	-1332.2842	785.022	-27.760048	-2426.4048	-1843.155	741.7046	-530.62445	-2539.7268	688.75	799.9	430000	364.76575	171.6752	705.29224	-361.52884	-390.33633	1845.7662	5026.603055477142
87	-1774.0077	802.811	-15.157026	-2364.4414	-1484.6365	1040.7249	-104.83435	-2706.688	836.3333	623.3	435000	353.90494	172.3634	705.27924	-328.57504	-378.4882	1772.1017	5090.78175163269
88	-1815.1613	690.4921	-324.3428	-2374.3801	-1283.1306	1014.9731	-45.427074	-2530.7917	881.8333	588.8	440000	343.69348	174.86455	727.81116	-285.33572	-367.83643	1735.5708	5157.396585226059
89	-1597.444	592.355	-475.41867	-2068.4397	-1943.5896	685.86426	-74.506485	-2643.1255	859.6	905.3	445000	332.83047	173.0347	867.51184	-325.16916	-355.88983	1610.923	5217.962468624115
90	-1395.473	834.9507	-194.99301	-2267.8184	-2045.6615	904.7011	-157.1772	-2869.1326	688.625	833.0	450000	325.66992	176.62042	848.08826	-306.1175	-348.28772	1584.2299	5291.167015790939
91	-2143.6611	177.18556	-1855.4678	-2309.5083	-1917.402	908.562	-164.21904	-2836.9502	1000.0	795.5	455000	313.88077	177.08287	888.42865	-329.13757	-335.8458	1508.9948	5357.421349525452
92	-1781.4092	784.6451	-216.19089	-2405.9768	-1697.7197	988.56506	-193.76088	-2675.0227	858.5	738.8	460000	303.15503	174.06041	928.45715	-302.4816	-324.00684	1364.8966	5425.220851659775
93	-1473.2053	968.2244	-69.166695	-2482.9885	-1130.4987	615.6097	-136.5789	-2350.3716	655.5714	597.2	465000	292.25375	169.41016	937.0229	-302.39688	-312.33618	1286.7352	5485.992000818253
94	-1834.9623	830.1714	-29.591417	-2392.1545	-1531.8448	1262.8865	-65.062126	-2905.0017	839.1667	589.1	470000	277.75412	162.76947	918.5409	-278.2495	-296.39374	1126.5131	5551.30411028862
95	-2313.2424	80.10571	-2226.63	-2465.0527	-2054.7717	514.62866	-650.47797	-2655.4033	1000.0	937.2	475000	265.68625	156.93115	899.01904	-231.65076	-283.4926	1031.494	5620.48221373558
96	-2012.6107	718.62317	-458.49466	-2540.7607	-629.35657	754.8994	-52.291653	-2721.9424	875.8333	276.6	480000	251.12654	151.21136	997.04474	-260.13892	-268.08435	972.4997	5682.6116416454315
97	-2005.1836	498.6435	-1128.963	-2441.7793	-1414.6696	1009.87445	-56.543602	-2690.631	933.6	639.4	485000	231.9922	145.97162	817.97107	-277.58496	-247.6951	823.8401	5743.484184026718
98	-1373.3142	932.877	-113.06922	-2468.9688	-1706.5013	808.3827	-432.2025	-2712.0957	631.0	813.1	490000	215.12077	140.86467	905.67523	-321.06033	-229.74792	740.64246	5812.386602401733
99	-1208.4296	862.7539	-73.189186	-2468.5342	-1008.5119	521.0993	-308.67053	-1935.2969	585.44446	630.5	495000	199.50142	136.81393	985.5383	-207.85188	-213.34404	672.18207	5880.170707941055
100	-1399.3728	449.12918	-583.48706	-1954.0857	-1143.3427	779.7776	-27.225487	-2417.1218	903.4	628.4	500000	184.26498	130.86705	761.1583	-250.01846	-197.0552	585.65686	5941.024000644684
101	-1453.955	669.0999	-203.35147	-2247.137	-1794.0693	216.23618	-1539.9227	-2408.113	850.3333	1000.0	505000	175.92741	130.7401	701.04816	-181.88763	-189.32353	545.6095	6013.497370004654
102	-1465.6366	551.16016	-347.02603	-2192.1165	-1081.0592	669.57043	-376.07898	-2120.7415	874.8333	632.0	510000	200.95564	161.77448	876.16907	-237.85518	-216.85687	769.3303	6081.003357410431
103	-1278.9554	651.85895	-111.50624	-2165.7	-1519.2979	607.5844	-222.92738	-2157.6794	788.1667	831.2	515000	203.3465	165.49945	860.62024	-232.45926	-218.6973	869.3232	6145.887686729431
104	-908.7799	855.57947	-34.292545	-2644.5957	-1246.5231	789.744	-29.404222	-2859.9702	499.18182	694.6	520000	193.15651	156.77292	957.5561	-246.52357	-207.65703	815.42267	6216.91464304924
105	-1148.3843	816.3786	-172.14655	-2316.086	-1109.2235	905.94653	-88.402115	-2596.7031	631.25	572.8	525000	182.22005	145.89847	716.2289	-188.63002	-195.8931	698.20795	6282.417422056198
106	-1455.5392	792.1231	-374.55905	-2561.673	-1230.3717	1010.9917	-91.18388	-2796.3433	749.5	572.2	530000	168.84726	140.17244	835.2492	-218.77296	-181.33438	613.31366	6342.197337150574
107	-1712.0927	800.3628	-338.86874	-2460.4897	-1151.2272	732.58734	-11.451852	-2640.1228	791.1429	672.8	535000	157.09715	139.99596	867.8286	-324.13474	-168.82607	574.8836	6412.729199647903
108	-1025.1614	855.4057	-93.80464	-2356.348	-1514.1887	751.7037	-121.68701	-2478.0051	579.5714	785.2	540000	146.90074	137.23463	872.06213	-205.52162	-157.8221	530.7912	6470.041691541672
109	-1291.3984	745.67346	-386.70575	-2239.2456	-1216.278	1045.7795	-168.58066	-2897.027	690.375	534.4	545000	140.29842	136.84581	857.9262	-208.18839	-150.61787	488.39117	6539.53898692131
110	-1143.5859	825.80414	-27.935392	-2403.0735	-1056.3746	772.6175	-149.38145	-2534.46	639.125	496.6	550000	130.89494	131.89146	857.9146	-210.02412	-140.62921	448.78192	6603.996510267258
111	-1126.913	572.0224	-445.92746	-2402.2266	-1090.9485	893.0496	-21.640436	-2675.104	565.7778	501.2	555000	121.93196	125.19997	798.8235	-182.36671	-130.9891	394.67648	6668.6576635837555
112	-951.6806	907.6025	-48.71256	-2409.826	-767.4979	875.9613	-13.290116	-2561.3457	462.45456	340.9	560000	111.5196	119.39526	729.43494	-292.70212	-119.72741	357.51257	6730.8882484436035
113	-1368.1512	1059.4559	-23.908758	-2440.4868	-765.9357	975.96765	-13.289159	-2760.3794	655.0	335.7	565000	101.45244	115.595345	722.7308	-219.14317	-109.22718	320.71484	6788.453525304794
114	-694.6765	812.21906	-26.148203	-2120.05	-578.97327	1078.6105	-11.451678	-2763.1357	385.23077	231.8	570000	94.90537	114.154816	712.73694	-142.14102	-102.3377	325.2762	6847.939475536346
115	-642.2572	546.4091	-45.7501	-1799.0792	-761.81146	727.94073	-22.896423	-2207.8342	337.8125	351.3	575000	92.07794	113.66661	765.9561	-164.20831	-99.56945	331.98688	6914.493149757385
116	-914.57904	941.2149	-11.874855	-2549.4006	-884.4032	706.78595	-55.30813	-2216.1592	412.41666	385.7	580000	88.145	113.93362	737.3267	-161.82373	-95.48549	334.4036	6977.215593576431
117	-679.9432	880.12555	-7.330856	-2450.1526	-555.7103	835.8438	-11.8455305	-2494.6648	337.6	227.4	585000	82.4768	113.456276	730.35187	-150.3752	-89.61815	315.06616	7037.1757118701935
118	-972.9438	829.78674	-25.205221	-2491.0366	-792.17883	884.66156	-13.956328	-2853.0579	428.25	344.1	590000	72.24078	108.34196	630.361	-197.46571	-78.58153	245.65889	7098.832460403442
119	-418.3899	669.51984	-7.4751396	-2574.9353	-438.74835	620.39294	-24.480082	-2242.3892	214.21739	251.3	595000	57.89	102.63442	607.48016	-144.24626	-63.38883	195.89626	7158.686768770218
120	-508.3981	437.73224	-9.083107	-1721.228	-830.3579	685.0037	-12.029645	-2178.9905	369.25	515.8	600000	45.533577	96.991745	518.6775	-198.23927	-50.43561	156.47977	7217.087763786316
121	-1379.5968	430.79214	-829.54736	-2072.3633	-1109.2063	704.2633	-38.764297	-2372.7385	873.1667	666.6	605000	34.719933	91.24131	515.5415	-137.95853	-38.99565	121.650925	7286.509479761124
122	-1103.6659	824.2683	-84.63479	-2431.367	-2365.107	236.01756	-1917.3545	-2567.3044	606.625	1000.0	610000	23.937202	85.89443	471.50183	-145.83582	-27.927715	92.85331	7356.401700735092
123	-2087.956	143.92268	-1898.3414	-2309.0283	-2009.1178	44.714737	-1883.4425	-2047.0779	1000.0	1000.0	615000	29.791822	91.53251	574.64764	-271.08148	-35.513847	103.7556	7428.677187919617
124	-1435.7123	180.853	-1200.2498	-1727.6259	-1331.5027	100.451965	-1157.0923	-1495.877	1000.0	1000.0	620000	53.89898	110.752426	478.49652	-264.0603	-61.576393	153.68867	7500.480185747147
125	-1266.8522	69.190865	-1184.115	-1350.6855	-1098.4143	86.33047	-1012.65765	-1308.9124	1000.0	1000.0	625000	60.93947	115.37927	545.7458	-172.5436	-68.18633	168.82278	7572.907908916473
126	-1046.3025	164.65875	-826.8561	-1273.5768	-815.3778	151.34308	-673.3656	-1156.0209	1000.0	967.9	630000	58.394417	110.02067	587.9015	-138.20285	-64.98975	151.4425	7645.1723692417145
127	-989.3706	357.33258	-599.2119	-1601.7506	-773.30286	113.48662	-439.31607	-832.3217	939.8	949.9	635000	50.894867	103.543655	516.0522	-115.74347	-56.633694	126.36755	7713.124754190445
128	-665.64703	123.89994	-428.41693	-791.533	-1230.2504	280.7702	-604.93915	-1814.6005	874.8333	958.2	640000	40.737877	97.15336	593.6489	-122.8651	-45.857025	102.621475	7786.448400020599
129	-669.9767	327.87177	-90.92729	-1105.7991	-553.74805	251.16464	-256.47253	-977.9966	698.0	898.5	645000	31.494328	90.74897	460.43634	-163.51479	-35.95976	82.63653	7853.284107685089
130	-567.97266	318.28696	-173.85725	-1095.9951	-783.4939	297.5154	-297.828	-1164.347	682.375	747.3	650000	23.214632	83.58942	458.04068	-156.90852	-27.109974	66.76065	7925.833069086075
131	-790.05615	720.7202	-175.3904	-2097.5222	-638.6404	292.54898	-186.88727	-1031.642	557.1111	522.0	655000	16.596792	77.88944	567.84735	-125.566605	-20.159433	57.937458	7990.1124494075775
132	-435.26172	408.4497	-79.094734	-1430.0814	-1484.9183	488.87814	-140.42242	-1891.8014	427.41666	920.7	660000	10.70184	71.81961	328.92163	-116.7969	-13.930157	48.595333	8063.224224805832
133	-532.5204	274.9299	-269.42795	-1023.1541	-486.11182	260.8313	-141.21773	-845.9347	662.0	663.9	665000	5.4185886	66.61056	276.38712	-116.9742	-8.3923025	38.659073	8126.738925933838
134	-271.3644	113.54465	-73.48795	-423.25305	-826.5477	764.2481	-14.035352	-1978.9695	759.3333	693.1	670000	0.6691984	63.450893	180.48668	-117.98477	-3.4274142	31.633684	8189.797933340073
135	-633.161	667.49664	188.29688	-1675.2756	133.98462	108.46693	319.3284	-46.83136	1000.0	945.7	675000	-4.3637695	62.181396	141.78014	-133.8797	1.7547002	26.231497	8259.770208120346
136	41.62583	99.96323	133.6644	-147.29031	92.83576	82.31243	227.16266	-51.640594	1000.0	1000.0	680000	-8.176637	61.779896	187.21391	-124.540474	5.546889	23.54147	8332.121242284775
137	46.060215	313.1083	451.18228	-470.01355	366.1316	69.13507	456.90598	272.79993	1000.0	1000.0	685000	-9.286224	61.832058	134.58	-125.87554	6.5730634	23.640526	8403.336024045944
138	214.20271	134.12006	359.3082	51.897877	453.98706	38.143448	506.8653	398.49365	1000.0	1000.0	690000	-8.975024	61.84356	141.79642	-142.42795	6.152981	23.521063	8474.142285108566
139	396.8271	100.79598	586.69116	296.00372	431.90527	19.096996	474.84235	406.77466	1000.0	1000.0	695000	-6.9716396	60.97112	232.16333	-120.98527	3.9921134	23.115322	8545.789327383041
140	424.86212	157.55388	593.39124	141.35666	717.0321	33.051445	772.776	655.0492	1000.0	1000.0	700000	-3.1054337	59.69238	226.63528	-114.2509	0.03489575	24.050303	8617.910969257355
141	390.25986	131.27109	513.8756	152.50612	234.98123	249.22626	411.02505	-341.3583	1000.0	1000.0	705000	0.6928309	58.6586	281.5075	-107.576515	-3.8372836	25.105112	8690.788430690765
142	346.219	288.92932	567.9844	-214.37518	526.7883	44.26371	610.19586	455.9925	1000.0	1000.0	710000	3.2013133	58.472088	215.33945	-105.83276	-6.359437	25.86013	8763.925812005997
143	427.98163	81.19221	506.12152	281.79196	273.1382	210.90681	537.33624	-81.42884	1000.0	1000.0	715000	5.1580343	59.304577	219.6675	-101.17613	-8.364434	26.81794	8834.786023378372
144	380.3764	203.69304	639.23334	75.97175	293.90015	126.55548	529.54095	124.07913	1000.0	1000.0	720000	7.736272	60.586365	234.97287	-103.340904	-11.113614	29.421337	8906.867517232895
145	266.75296	132.67043	502.01837	124.90159	532.54626	95.185005	672.3598	332.67654	1000.0	1000.0	725000	10.66559	61.71201	213.8097	-102.219696	-14.053804	30.010012	8978.608089447021
146	312.52448	125.51322	445.14667	146.74863	440.5479	184.30276	625.76465	17.213717	1000.0	879.4	730000	13.357224	61.871326	215.4678	-98.535446	-16.819824	31.156557	9048.701465845108
147	485.04288	96.14911	648.53595	374.95316	120.9754	28.75412	184.72446	81.74344	1000.0	1000.0	735000	15.257445	62.776493	176.22125	-101.276	-18.74347	32.1075	9120.226833820343
148	226.98103	332.78113	541.63794	-361.52554	530.1991	78.78331	642.2024	360.37692	1000.0	1000.0	740000	17.390003	63.27004	155.88387	-97.94356	-20.931307	33.251648	9192.796796321869
149	440.39728	24.093073	473.33517	398.4475	672.16907	83.05129	776.3116	460.0327	1000.0	1000.0	745000	18.958872	63.444942	119.46203	-97.94461	-22.542969	32.695095	9265.20388007164
150	457.26157	155.88025	699.96545	197.21645	700.30994	38.25617	788.9721	660.0735	953.8333	1000.0	750000	20.41574	64.18546	121.755745	-96.49657	-24.004051	33.52118	9343.040828466415
151	409.43643	202.23299	785.44916	245.41942	646.713	46.085064	764.5169	583.3416	1000.0	1000.0	755000	22.08561	65.67594	118.79753	-98.17047	-25.769835	34.336147	9415.680576086044
152	598.2313	38.83187	645.9999	546.02747	552.3341	45.33458	625.8481	466.41833	1000.0	1000.0	760000	24.672667	66.523705	125.03172	-96.52504	-28.3884	35.613045	9489.185243368149
153	537.54706	139.84476	750.95044	317.75272	622.4651	44.3218	693.9564	541.8944	1000.0	1000.0	765000	26.9108	66.9121	133.38184	-97.70465	-30.693926	36.25949	9561.720626831055
154	566.15686	85.30514	652.8221	413.54453	492.8292	36.39799	570.481	447.6221	1000.0	1000.0	770000	29.33195	67.037506	131.55151	-92.10211	-33.106007	36.92195	9634.752531290054
155	559.5812	50.620224	648.8971	503.40363	696.806	46.79143	781.1992	638.64343	1000.0	1000.0	775000	30.388643	67.516014	172.52158	-95.04857	-34.15045	37.623947	9707.017892122269
156	586.4067	75.208885	648.8535	447.3126	736.1385	35.141415	802.2312	692.4549	1000.0	1000.0	780000	31.553219	68.090454	146.77008	-96.9907	-35.336426	37.55862	9779.611806154251
157	482.91693	230.84923	784.2712	147.17282	378.71265	22.512915	402.78076	332.87225	1000.0	1000.0	785000	32.99719	68.93773	140.87044	-93.36879	-36.791733	38.47708	9852.792882919312
158	266.65546	533.1728	617.7293	-788.21124	483.18597	151.36208	571.08307	37.074753	1000.0	1000.0	790000	35.121952	70.08693	188.55042	-97.98596	-38.966576	40.491318	9926.9031188488
159	303.2703	244.65045	730.5148	18.904957	-49.14782	186.96075	265.1337	-349.66287	768.3333	1000.0	795000	36.771923	70.83003	138.32452	-108.6299	-40.58939	42.858223	9996.49877357483
160	146.68582	479.117	633.5663	-655.99866	775.672	19.543776	806.6764	747.9186	1000.0	1000.0	800000	37.828857	70.43558	152.27618	-91.57361	-41.6647	42.713055	10067.406167984009
161	343.35272	506.60355	729.89154	-640.57495	321.17682	33.70655	370.1851	274.14154	1000.0	1000.0	805000	38.104958	69.50292	156.0879	-92.0988	-41.84052	42.391533	10138.730102777481
162	408.57855	99.01628	556.5032	280.58838	188.5278	416.53357	445.84415	-772.16187	1000.0	1000.0	810000	38.259495	68.24926	139.65448	-87.07401	-42.00661	40.008907	10212.816380023956
163	437.49527	126.49918	622.40656	204.00383	499.35333	147.50876	641.64026	76.90313	929.8333	935.4	815000	38.741245	67.562195	146.72018	-85.96553	-42.4805	39.0183	10289.984433889389
164	515.82336	73.08433	605.9651	441.17273	421.8292	125.77463	598.8432	128.46167	1000.0	887.5	820000	39.540928	66.85737	135.67169	-108.35436	-43.23991	37.964806	10360.708443641663
165	267.13748	255.12672	540.0398	-164.7385	770.0193	127.760056	955.04645	453.03113	1000.0	961.4	825000	39.33994	66.501595	136.44379	-89.67413	-42.964645	36.034077	10432.903336048126
166	468.0909	174.25542	671.497	208.42969	421.67285	70.06713	553.9144	354.65692	1000.0	1000.0	830000	39.279778	66.97563	138.3335	-89.63143	-42.88264	36.02001	10504.541152000427
167	487.46094	210.53499	749.7773	129.62666	596.81213	43.044174	653.7402	539.25006	1000.0	1000.0	835000	39.431458	67.127464	146.48251	-90.01152	-43.002987	36.758114	10576.777440309525
168	562.5911	117.03837	756.7634	419.23245	435.64584	43.348587	483.74045	359.03577	1000.0	986.9	840000	39.441723	66.71311	149.82503	-89.532684	-43.014008	35.919987	10649.293297290802
169	362.80548	106.39827	466.78195	160.97688	843.31915	43.17673	913.5287	799.0255	1000.0	1000.0	845000	39.47513	65.830536	132.64296	-91.27231	-42.9818	34.56123	10721.70722079277
170	652.1872	120.89864	846.824	509.04413	767.6416	206.49466	933.3437	177.74866	1000.0	921.9	850000	40.058296	65.03303	143.86356	-88.95592	-43.587315	34.546406	10793.9655854702
171	714.62177	74.51593	863.2581	671.0238	576.1973	45.505646	647.0796	512.03656	1000.0	1000.0	855000	40.65386	65.18889	136.7923	-151.05377	-44.146355	34.07002	10867.775780916214
172	570.6639	114.532166	758.7855	454.65213	837.22363	64.28379	916.75183	726.6439	1000.0	1000.0	860000	40.74061	64.94149	134.0786	-85.6705	-44.167065	34.04485	10940.142055273056
173	593.58435	181.27032	752.5199	257.75317	394.33118	243.10233	675.29517	7.176439	1000.0	675.2	865000	40.729664	64.84216	133.92355	-86.83537	-44.159477	32.90339	11007.685882091522
174	417.0052	100.40778	532.51495	301.50232	495.19858	63.052845	611.9485	353.29193	925.2	971.4	870000	40.504242	65.38491	139.52557	-93.76697	-43.90193	33.618732	11076.770826101303
175	637.0721	151.30087	887.22943	437.21127	812.45715	54.350266	894.63995	743.346	1000.0	1000.0	875000	40.33253	66.53972	140.08902	-91.54495	-43.712433	33.210667	11148.959736585617
176	732.96674	88.77907	853.64	614.11523	857.54443	46.028996	943.64233	789.22034	1000.0	1000.0	880000	40.307606	66.41798	146.0617	-97.84148	-43.689888	32.327957	11221.244429588318
177	616.2875	168.15843	852.8538	394.67038	839.90234	38.5778	888.0493	741.81445	1000.0	1000.0	885000	41.640816	65.34087	138.23886	-88.25529	-45.036568	32.42766	11293.841757774353
178	684.7938	52.646175	746.9433	600.8135	814.8706	116.24789	933.2162	523.7718	1000.0	955.2	890000	41.548008	65.58939	133.26006	-102.686455	-44.856194	32.02741	11366.696824073792
179	692.3756	124.114876	884.6989	559.17285	855.04785	46.304276	930.9435	768.64343	1000.0	1000.0	895000	41.801098	66.3575	136.75267	-89.43047	-45.172256	32.675526	11441.038922548294
180	713.0342	133.54587	834.76855	480.3076	732.8066	40.798737	809.6536	659.69116	1000.0	1000.0	900000	42.193195	66.167725	134.01517	-92.839775	-45.521915	32.32012	11514.728301048279
181	679.53845	73.22222	777.5232	555.18243	974.48584	36.161457	1038.5654	912.6272	1000.0	1000.0	905000	42.747772	65.82963	166.16667	-89.322075	-46.054943	31.53752	11588.810424566269
182	735.2583	181.00269	954.1115	409.6987	733.5835	47.635036	808.2584	663.7311	1000.0	1000.0	910000	43.467743	65.71606	156.97821	-99.10853	-46.779743	32.15579	11664.086698532104
183	566.47125	294.05392	955.64355	35.14146	453.6508	113.09216	670.345	268.94656	847.3333	1000.0	915000	44.348797	65.67778	131.07828	-88.52144	-47.698402	31.470428	11739.99145269394
184	655.03204	144.68779	794.33203	446.73242	282.89114	19.78165	337.56842	260.93948	1000.0	1000.0	920000	44.780655	66.07246	137.16827	-92.93768	-48.06637	31.843548	11813.545031785965
185	688.0869	303.48422	1041.7357	242.47177	766.6848	77.7195	897.7931	622.24225	1000.0	992.4	925000	45.171463	66.18962	139.63855	-93.92931	-48.538284	31.672712	11886.689815044403
186	707.4225	111.882835	834.02124	510.9947	1027.4384	114.804634	1096.983	695.53906	1000.0	981.7	930000	45.790092	67.01824	135.09921	-93.63123	-49.094143	32.13749	11959.420987606049
187	823.31036	132.99608	1028.3219	651.52344	1077.9323	45.31773	1187.4152	1022.15985	1000.0	1000.0	935000	46.797783	67.262024	138.43668	-90.040146	-50.16516	33.51169	12031.858106851578
188	788.351	262.57614	1100.3715	316.68854	617.94916	25.381924	659.63074	562.53326	869.0	1000.0	940000	48.244724	67.18975	142.7925	-85.703964	-51.606018	33.637966	12100.834295272827
189	680.8789	78.958305	808.15857	597.5505	992.72864	52.927864	1116.4407	922.09296	942.5	1000.0	945000	49.27913	66.85484	148.72603	-88.02817	-52.6698	32.835846	12178.941498756409
190	680.8981	282.6649	991.8915	153.34763	871.6515	55.492264	946.11707	765.9357	867.8	1000.0	950000	51.013165	66.09765	147.73952	-85.08897	-54.38255	33.891006	12245.71678853035
191	732.93365	168.22255	869.2047	371.26508	811.61096	218.29298	1024.7632	292.25186	912.1667	920.9	955000	51.645184	66.01525	150.72981	-129.69278	-54.946648	32.091587	12323.071041822433
192	835.19806	301.8794	1139.7385	188.26186	1103.3152	79.64567	1236.6488	956.8916	868.6667	984.3	960000	52.440735	66.11969	146.5706	-96.803894	-55.774475	33.672134	12397.04783296585
193	864.56287	190.24335	1171.7153	590.5807	1041.5575	40.178917	1087.3032	954.9721	1000.0	1000.0	965000	53.054817	66.21648	143.41536	-103.27131	-56.35348	33.612225	12469.517414093018
194	769.2594	223.28836	1014.98816	425.2123	870.05896	315.57248	1134.0568	126.07435	925.4	832.2	970000	53.613506	66.256805	147.81912	-90.63437	-56.97978	32.984627	12536.606485366821
195	860.94403	203.99345	1092.4238	532.0528	627.79333	25.61851	663.9247	591.6831	1000.0	1000.0	975000	54.67163	66.43076	149.88348	-84.50982	-58.02011	33.169342	12608.625302553177
196	892.44073	164.04256	1137.6483	676.3156	1024.1177	60.2191	1101.9114	916.4862	1000.0	1000.0	980000	55.30454	66.68538	144.73816	-89.47839	-58.678383	33.082363	12681.990139245987
197	925.2345	162.89032	1111.6852	623.56866	1002.9486	199.94067	1220.2368	455.99454	1000.0	948.4	985000	56.571903	67.14605	199.44418	-92.35759	-59.952774	33.42841	12753.708655834198
198	807.7073	241.81747	1063.0684	295.74396	484.212	216.91812	654.08344	-31.381565	882.6667	807.8	990000	57.63679	67.55055	163.9453	-89.349625	-60.992607	33.280594	12826.677448034286
199	791.7264	168.60146	953.16016	520.12286	860.22186	237.8631	1034.8384	309.70697	1000.0	878.0	995000	58.37907	68.024376	162.70795	-96.59056	-61.737576	33.8352	12898.616712808609
