Epoch	AverageEpRet	StdEpRet	MaxEpRet	MinEpRet	AverageTestEpRet	StdTestEpRet	MaxTestEpRet	MinTestEpRet	EpLen	TestEpLen	TotalEnvInteracts	AverageQ1Vals	StdQ1Vals	MaxQ1Vals	MinQ1Vals	AverageQ2Vals	StdQ2Vals	MaxQ2Vals	MinQ2Vals	LossPi	LossQ	Time
1	-44.67739	70.53562	31.763391	-360.75253	-44.1315	37.647305	-5.522399	-118.40208	121.79412	24.6	5000	0.1749995	3.2052174	24.225313	-12.916248	0.17588057	3.2049477	23.902767	-12.554866	-1.4647921	0.3950573	31.83772325515747
2	-84.22852	132.25876	19.226662	-345.13992	-50.161015	46.145836	-16.97224	-180.22523	290.05	20.5	10000	12.974482	9.551941	77.23433	-12.24917	12.973819	9.553402	78.06502	-12.548961	-17.354671	2.8739412	72.7972469329834
3	-363.48587	730.34656	200.44545	-2203.0183	3.0567048	102.20706	85.11016	-276.60345	282.6	210.8	15000	26.626738	10.225535	87.99588	-7.1898584	26.628122	10.232918	86.57202	-8.002417	-30.088493	7.8050947	110.09199500083923
4	-67.37678	261.8394	267.32886	-839.55273	10.551152	36.744934	54.52257	-79.51975	365.2143	525.1	20000	24.972807	12.08293	86.3929	-13.728165	24.972878	12.087693	85.846565	-13.287512	-27.704044	5.6856346	157.7366144657135
5	113.036865	97.05876	240.80025	-38.181053	248.65054	103.40622	410.4492	29.860182	617.8889	681.2	25000	20.451906	13.210673	69.81505	-18.040224	20.45157	13.213019	73.71396	-18.950169	-22.720078	4.2968497	210.5476472377777
6	153.06862	122.45909	427.08566	7.3710103	314.94568	207.84662	605.3375	10.939086	420.0909	648.4	30000	17.633503	13.558024	71.342964	-20.788948	17.63318	13.560956	69.533455	-25.049591	-19.671846	3.8693194	257.42480993270874
7	137.69345	144.3418	522.0696	13.660114	203.7576	166.3928	607.92206	28.540754	339.06668	379.2	35000	16.608824	13.065237	70.38128	-17.923067	16.608862	13.067001	68.87267	-16.365822	-18.573698	3.9427118	302.8965365886688
8	185.92828	202.6892	601.75287	-3.4176238	190.96577	233.98656	649.7743	22.945826	395.23077	326.8	40000	16.467968	12.232398	71.77809	-16.536903	16.467623	12.23502	71.265816	-15.449727	-18.32479	3.905844	349.22216033935547
9	285.52292	281.6438	671.3125	14.307886	139.03679	161.42537	598.91895	30.683508	464.0909	208.4	45000	16.75446	11.324656	69.67376	-19.758911	16.754622	11.326929	69.74315	-20.752682	-18.55751	3.6700478	394.05750274658203
10	182.06427	188.59962	689.19214	11.888433	311.4488	262.9374	734.0774	26.417812	310.4375	468.7	50000	17.77714	10.610723	67.57744	-29.275393	17.777357	10.612566	67.43394	-23.582806	-19.535421	3.8898811	441.2442662715912
11	334.06775	234.87642	660.9798	49.76904	160.9869	184.8199	583.02014	27.295218	522.9	256.1	55000	18.822302	10.159186	64.47281	-23.173616	18.82211	10.1611595	62.527367	-29.332705	-20.486303	3.6882226	486.6261043548584
12	268.1725	275.20737	750.2578	21.520481	432.26093	311.82068	818.49304	12.365575	376.07693	595.2	60000	20.091501	9.7925	65.173546	-27.427654	20.09135	9.793977	63.529045	-30.927307	-21.703045	3.6644452	535.4356489181519
13	490.8203	322.44583	778.2406	32.492725	441.5379	286.51923	781.44543	19.692669	693.3333	586.7	65000	21.560574	9.476336	62.66068	-23.428154	21.560543	9.476999	63.54812	-21.587027	-23.156986	3.4503706	578.4679927825928
14	419.00403	309.37906	776.70764	57.732624	226.81393	276.87338	773.2382	12.2335205	539.9091	307.3	70000	23.05066	9.274355	65.74505	-28.56022	23.050661	9.274667	63.45659	-23.712305	-24.593313	3.3501654	629.5746502876282
15	365.86377	245.60266	769.5338	41.07142	303.37927	263.80405	979.7812	11.316787	525.8889	315.9	75000	24.835575	9.130229	62.349075	-26.496473	24.83547	9.131296	63.51898	-27.622927	-26.329552	3.549847	672.5632212162018
16	415.7202	331.24353	929.87506	78.98569	268.49545	293.6997	833.62976	21.472834	489.4	279.2	80000	26.368341	9.1322155	64.26307	-23.569582	26.368456	9.132936	66.49299	-23.729658	-27.811583	3.6024284	715.68505692482
17	420.46817	328.85376	833.151	18.509338	361.0382	399.33066	1073.0151	32.797123	535.9	374.4	85000	28.016981	9.094239	63.989895	-24.659298	28.0173	9.095736	64.270195	-18.737535	-29.426575	3.5820742	763.6516995429993
18	284.3336	282.9033	932.8847	21.418749	420.03287	324.36893	894.96625	49.03488	324.6	491.2	90000	29.747055	9.112672	64.33392	-25.335913	29.747107	9.113794	64.08272	-35.736153	-31.126238	3.7272227	810.9556245803833
19	342.20578	362.93524	873.15826	-139.25412	581.4785	332.98117	1079.5215	112.82788	429.58334	584.7	95000	31.289635	9.166102	64.9242	-20.368292	31.289562	9.166865	64.03007	-15.448778	-32.645157	3.8782437	861.6688034534454
20	328.803	341.30276	1054.9015	22.026611	419.54233	366.46884	921.33923	13.84739	340.6154	467.9	100000	32.7142	9.557452	61.760178	-20.68576	32.71417	9.558944	66.43078	-15.829816	-34.053032	4.186052	906.3118970394135
21	369.22775	284.72305	845.805	40.968006	408.00787	265.85706	902.8829	59.861217	400.58334	353.9	105000	34.102985	9.842673	63.594864	-22.798388	34.102993	9.844328	63.925865	-21.294802	-35.420124	4.2245917	951.1807758808136
22	594.40735	341.88278	1158.9918	88.61096	311.28412	336.42453	978.2103	-19.99437	688.75	268.5	110000	35.4005	10.138544	68.47375	-23.75282	35.400425	10.140555	68.62935	-21.814865	-36.737846	4.358656	998.2190277576447
23	918.18567	88.97899	1009.6337	766.434	582.90643	424.34177	1442.2144	177.65135	932.0	526.0	115000	36.76744	10.333327	68.53699	-22.20175	36.767555	10.335083	68.88326	-17.428484	-38.061672	4.4111347	1045.1471564769745
24	440.8512	304.60266	868.0573	13.695787	474.90155	439.25513	1204.8955	15.560906	457.0	460.4	120000	38.11054	10.511781	70.84734	-24.648888	38.110542	10.514879	71.630615	-23.719051	-39.426506	4.4339385	1095.9642572402954
25	532.3284	316.50345	863.4652	84.93188	445.25824	407.43735	1103.8263	51.655525	636.8571	458.9	125000	39.24919	10.624167	71.16417	-23.063654	39.249176	10.626679	72.32233	-22.193775	-40.57763	4.6158543	1140.3863332271576
26	599.5414	458.9186	1305.3038	19.057573	511.93076	380.40613	1174.8939	25.791351	614.375	544.2	130000	40.329872	10.717054	69.68373	-25.20324	40.329983	10.718615	71.36257	-20.987743	-41.644302	4.787521	1189.1940605640411
27	613.8954	351.49683	993.67163	50.528507	621.1278	366.71985	1008.246	28.657597	606.44446	659.3	135000	41.345673	10.81021	73.25343	-21.239983	41.34566	10.81181	75.397995	-39.558205	-42.631783	5.048078	1243.1200256347656
28	646.8782	331.97958	1034.783	130.80923	1053.041	297.6248	1491.5125	325.92575	642.875	892.0	140000	42.247284	10.770746	73.88549	-24.952211	42.247353	10.771421	74.996994	-22.334835	-43.51152	5.2312984	1299.027359008789
29	757.79333	376.31458	1323.5126	230.55063	676.8992	364.99286	1105.6332	-6.8497458	675.8571	635.6	145000	43.111004	10.76591	72.58047	-30.743471	43.110756	10.768661	74.43674	-28.588318	-44.372677	5.273606	1347.8614783287048
30	692.2192	495.67053	1565.9437	63.207294	766.0755	489.26508	1453.2863	40.38992	542.1111	593.5	150000	44.05265	10.789459	72.25742	-21.452282	44.052975	10.790463	75.12141	-20.91312	-45.30398	5.5256886	1396.918105840683
31	689.52686	430.6423	1358.6166	54.643627	485.46674	367.99365	1069.1492	102.64195	680.0	413.2	155000	44.903885	10.837013	75.83734	-29.70233	44.904186	10.836801	77.30058	-25.927914	-46.149105	5.6831436	1447.197036266327
32	493.36148	383.19995	1268.2458	-0.020807605	834.9411	262.5114	1195.7557	248.89908	422.08334	847.9	160000	45.86321	11.06852	77.692375	-26.938366	45.863094	11.068886	79.18563	-34.785175	-47.128872	5.8739657	1501.94287109375
33	666.9413	513.8898	1443.0348	23.656246	685.78894	378.07678	1165.1833	127.75659	478.4	652.2	165000	46.882534	11.363144	79.20396	-26.0187	46.882896	11.363668	81.11122	-32.06441	-48.103695	6.305585	1552.4817843437195
34	992.38403	392.7355	1493.0787	215.44426	801.18097	606.1287	1891.767	72.340355	854.6667	490.9	170000	47.95013	11.667026	82.42946	-29.000835	47.95009	11.667026	82.91145	-23.184143	-49.24508	6.701987	1602.973834991455
35	646.4808	299.62863	1048.2357	179.18997	612.93427	434.34055	1423.3616	17.086641	665.4286	574.5	175000	48.967342	11.895312	84.651375	-30.277428	48.96763	11.893529	85.95994	-26.802847	-50.241074	6.562759	1651.8705759048462
36	842.7281	364.87817	1395.5615	160.00171	736.8072	438.56918	1360.2745	49.30433	850.0	599.9	180000	49.859367	12.265337	98.31587	-28.891193	49.859196	12.265192	96.152534	-36.040802	-51.140522	6.922152	1703.5109593868256
37	794.76514	461.20734	1389.5399	83.31782	661.3432	383.03497	1193.7601	84.35924	620.0	528.7	185000	50.62909	12.715961	103.08709	-20.456375	50.628876	12.714378	104.71312	-47.26658	-51.92405	7.244468	1753.0960896015167
38	470.92117	302.95786	1119.8711	90.873695	941.82996	575.6348	1997.3586	311.56952	338.53333	603.8	190000	51.362648	13.249194	98.2026	-47.370308	51.36278	13.248419	99.67942	-56.575268	-52.59354	7.737038	1804.6300246715546
39	658.4824	442.33218	1405.99	43.500057	1316.7297	382.8095	1786.4286	738.1281	608.0	892.5	195000	52.09343	13.805502	99.155876	-32.885315	52.093307	13.805673	96.66272	-40.117676	-53.40392	7.958347	1858.956000328064
40	746.616	482.6634	1519.7067	70.31676	693.4483	432.58044	1439.8219	3.975592	506.22223	589.8	200000	52.812523	14.357246	96.645	-28.556368	52.812496	14.355472	98.35478	-29.963848	-54.09399	8.007176	1907.126140832901
41	598.12976	329.73166	971.921	88.87981	1056.3279	451.06854	1836.1558	176.63354	568.55554	830.6	205000	53.462593	15.000114	96.36737	-41.966698	53.462696	14.999805	96.670265	-33.77937	-54.78517	8.496874	1962.8633031845093
42	496.3266	365.47662	1279.6803	71.10017	816.93475	518.9803	1466.9031	64.81918	483.3	568.6	210000	53.95833	15.36566	98.043465	-50.56575	53.95827	15.362582	98.43177	-36.59906	-55.26545	8.603673	2013.346952676773
43	1041.3942	454.03644	1828.312	233.34671	1220.5089	559.8212	2056.5632	18.74487	655.7778	783.0	215000	54.5585	15.810393	99.64598	-58.44527	54.558533	15.8087225	97.44637	-48.35286	-55.785122	8.907072	2072.300940513611
44	584.67377	437.87164	1637.3425	59.399117	949.4899	739.32367	2171.9333	90.43964	357.35715	484.8	220000	55.593475	16.44566	101.83947	-41.239407	55.593052	16.44495	100.02984	-47.217655	-56.865097	9.231166	2122.0570130348206
45	594.6838	360.29016	1192.3009	113.50761	795.89856	573.5475	1809.3036	50.974487	452.5	477.1	225000	56.44519	16.994823	102.80966	-47.23195	56.445312	16.991104	103.61143	-45.04105	-57.66432	9.680404	2168.392801761627
46	1464.6846	641.56	2119.5635	411.9546	1295.0237	450.95343	2282.9866	722.84607	874.1667	1000.0	230000	57.303844	17.614939	105.569046	-37.588005	57.30374	17.614109	107.973015	-41.281643	-58.610756	9.994191	2227.339494943619
47	1016.63806	618.0775	2043.427	115.43423	1275.2594	494.08594	2101.2954	424.65857	659.0	855.2	235000	58.513523	18.386728	108.12566	-35.7336	58.513214	18.387247	110.763626	-30.256466	-59.844154	10.132399	2279.898353099823
48	1081.1459	719.3443	2221.759	34.962204	1187.0393	780.3348	2361.0784	43.06887	678.375	810.5	240000	59.681263	19.247137	112.3954	-53.43457	59.68118	19.24744	116.77364	-30.902475	-61.03117	10.590445	2338.2610623836517
49	1315.8859	668.6633	2005.213	186.50226	1862.0647	487.5279	2363.6782	893.1456	691.7143	976.0	245000	61.211433	20.284842	118.43763	-26.534935	61.211243	20.28359	119.99198	-52.197807	-62.506386	10.593603	2395.1192111968994
50	1666.232	367.3179	2096.4194	1058.1782	1605.3207	697.9412	2445.9912	50.339443	988.0	765.7	250000	62.50767	21.331656	119.22543	-33.250336	62.507595	21.33093	125.17036	-33.032536	-63.826656	11.453432	2448.2650175094604
51	1428.995	529.7977	2028.3539	783.4258	981.81903	436.19974	2032.8851	345.96207	913.4	918.1	255000	63.532715	22.14124	124.6311	-36.181934	63.5327	22.139736	122.5446	-37.82311	-64.83192	11.74408	2502.927515029907
52	798.4674	538.0872	1702.1528	60.264545	1031.8772	704.78076	2542.244	117.28258	585.44446	636.6	260000	64.79395	23.024942	126.776855	-37.10325	64.79379	23.0217	126.25137	-33.21579	-66.124626	12.059404	2557.3646986484528
53	1087.8168	491.3658	2051.6416	406.44788	1983.8894	661.7497	2615.0854	623.82104	876.1667	990.1	265000	65.900665	23.911194	128.68982	-45.15631	65.90052	23.910492	130.23863	-38.720867	-67.28256	12.892571	2615.474495410919
54	1090.7346	744.5941	2254.4534	5.8436403	1027.4398	579.5239	2315.1	307.545	621.5	678.7	270000	67.237564	24.878757	136.82938	-44.328606	67.23758	24.877672	134.28792	-37.192394	-68.64838	13.168696	2668.6171686649323
55	1192.5298	489.35977	2084.5881	742.75824	1667.1614	816.3197	2837.2046	247.50461	785.6667	751.8	275000	68.465996	25.99659	134.12141	-33.826416	68.46573	25.996056	134.69807	-35.831715	-69.84574	13.760573	2721.071355819702
56	1204.9712	917.80853	2538.2769	59.041553	880.6251	449.29837	1652.9796	124.91042	665.625	494.1	280000	69.85996	27.178875	142.90233	-41.016018	69.86015	27.176252	142.87315	-34.66901	-71.3299	14.785874	2773.521608352661
57	938.8419	848.7098	2569.5935	53.140907	1832.3914	718.957	2783.883	595.85626	525.7778	847.0	285000	71.24146	28.33651	145.8225	-75.67675	71.240845	28.336119	147.54932	-51.26991	-72.78979	15.361434	2826.6675062179565
58	1248.704	813.49585	2552.4265	309.63406	1299.782	558.663	2455.3857	339.34644	615.6667	668.2	290000	72.65926	29.506227	150.0199	-71.54343	72.6594	29.504673	151.16795	-58.738796	-74.232086	16.25271	2883.8400180339813
59	1806.6035	892.64606	2789.0557	476.1224	1682.4626	1212.1154	3083.453	36.160683	692.2857	672.1	295000	74.40705	30.916079	155.99715	-47.17555	74.407196	30.913986	157.29868	-45.694695	-76.00559	17.997292	2934.94961977005
60	1765.6494	751.639	2819.8403	827.2554	712.1791	783.8727	2622.174	58.179947	946.6	327.5	300000	75.708466	32.056206	162.80647	-58.30325	75.70882	32.053932	161.9597	-44.544506	-77.25165	18.067831	2980.879734516144
61	1535.2257	822.661	2737.6057	205.50027	2507.9348	877.2556	3215.8796	539.6733	715.1429	888.4	305000	77.063065	33.41398	162.79291	-73.65231	77.06257	33.412704	161.07602	-48.965454	-78.80637	19.503477	3036.2336921691895
62	1314.2902	824.60034	2740.534	287.9523	1842.526	1217.2776	3481.6426	281.01788	820.6667	614.6	310000	78.647934	34.733395	164.893	-69.398865	78.647995	34.73205	163.23575	-67.91988	-80.23964	20.590149	3088.714129924774
63	1383.2986	1085.2617	3087.3306	17.376862	2141.8977	1061.2705	3237.4602	440.9729	535.0	707.2	315000	79.64605	36.166283	169.65198	-89.97187	79.64642	36.161263	172.90628	-48.492653	-81.29937	21.481094	3145.22078871727
64	969.7807	811.09735	2800.371	139.44685	686.5751	441.47696	1527.1106	39.242474	735.5714	487.9	320000	81.052284	37.59366	172.32062	-71.43543	81.05143	37.590134	171.63509	-61.136063	-82.80426	21.83139	3197.934037208557
65	612.9413	242.485	836.08	84.00584	1504.3347	716.7357	2620.3723	567.01794	589.5	721.0	325000	81.57904	38.848557	178.45319	-61.3222	81.57893	38.848316	176.23662	-63.87142	-83.33106	22.706757	3251.260142803192
66	1968.7465	772.3562	3139.1511	886.67786	2049.7827	1114.8604	3238.2893	122.42033	841.1667	776.4	330000	82.56341	40.070595	179.8665	-55.540417	82.563576	40.06854	181.27806	-48.925613	-84.44596	24.144838	3306.6896438598633
67	2453.2065	998.7239	3088.35	283.38098	2814.984	681.20624	3238.0686	923.9797	854.1667	904.6	335000	84.01672	41.258675	181.82396	-63.583107	84.016815	41.255444	186.53151	-56.45782	-85.83407	24.682941	3364.6688289642334
68	1941.4553	1066.2314	3109.1199	259.86792	1583.3372	919.8998	2837.3552	219.20302	737.0	698.0	340000	85.34604	42.56073	185.97226	-55.56374	85.345406	42.560055	185.87007	-70.740814	-87.16899	25.080252	3420.4346210956573
69	854.56305	752.60114	2690.9705	72.669075	3011.1511	890.01605	3481.1353	366.50323	464.1111	915.3	345000	86.44291	43.84083	190.18727	-52.51992	86.4429	43.84127	192.68184	-45.071014	-88.13453	26.021158	3472.247971057892
70	2249.3782	1360.2916	3569.108	19.30845	2636.5344	1199.1514	3790.0298	403.53442	690.625	848.1	350000	88.34422	45.29466	194.74443	-59.773354	88.34412	45.29167	196.1657	-48.791973	-90.21345	28.201492	3532.2480494976044
71	2105.4014	1215.4945	3371.9233	115.82097	2271.5986	777.44073	3326.8938	917.71893	664.375	841.2	355000	90.24386	46.78002	195.38402	-91.92985	90.243355	46.779232	199.41187	-67.736984	-92.13175	29.20893	3591.5427765846252
72	2420.387	1213.9435	3826.999	306.1875	2818.3604	842.0455	3577.409	971.6747	773.6667	933.0	360000	91.64938	48.183598	197.86865	-60.334858	91.6493	48.183697	198.54982	-52.038223	-93.646736	30.590967	3646.3557500839233
73	1916.991	1307.202	3729.3032	236.36281	3201.5178	715.5728	3751.0635	1563.6764	695.2857	959.3	365000	93.206795	49.81112	198.87271	-68.16903	93.206345	49.80792	203.07642	-60.29106	-95.26907	30.84906	3701.920858860016
74	2014.515	1188.9617	3232.5596	395.9346	2685.5093	999.52246	3560.4604	36.23	664.1429	890.2	370000	94.49148	51.648895	204.85449	-71.36341	94.49148	51.64754	203.3317	-55.544018	-96.540695	31.829832	3755.783576965332
75	2123.4949	974.0512	3378.2004	714.9529	3687.9883	221.98756	3979.5356	3087.6575	624.6667	1000.0	375000	96.56814	53.747635	210.94882	-69.383	96.56879	53.746197	210.45908	-51.211777	-98.66894	34.758717	3819.809503555298
76	3015.4214	1023.83923	3716.4045	983.15356	1825.2633	1185.295	3674.8818	545.1486	857.8	719.3	380000	98.105	55.788555	213.53679	-61.74399	98.105255	55.789234	216.21158	-70.79598	-100.2196	36.087673	3870.0813508033752
77	2261.509	1121.3916	3577.872	507.91254	3402.6333	831.98804	3928.0325	1013.78015	743.5714	915.8	385000	99.22188	57.950645	217.06593	-53.52686	99.22258	57.94849	223.47142	-61.317177	-101.34514	37.739204	3929.840832710266
78	2051.7742	1528.485	3647.2686	93.430176	3090.1482	1308.3496	4027.709	397.36752	697.5	914.3	390000	99.33584	61.60387	220.0735	-67.64528	99.336945	61.59993	218.69954	-109.28302	-101.67999	39.50866	3992.5691089630127
79	2488.4944	1204.4543	3919.085	208.38007	2870.4272	1176.2388	4167.8813	673.9731	729.1429	901.8	395000	100.47344	64.858215	222.04208	-70.16395	100.47857	64.8478	227.50629	-71.37145	-102.8785	40.77227	4052.5914096832275
80	1791.1464	1460.9294	3847.0505	76.59983	3663.8047	609.8971	3945.65	1851.3995	687.0	1000.0	400000	101.28498	66.3914	225.50786	-72.59005	101.29096	66.38121	224.97717	-89.732185	-103.5012	41.076126	4107.378826141357
81	3156.793	867.9738	3983.4612	1436.426	3174.2715	797.47534	3894.7769	1286.7295	897.3333	972.5	405000	102.92441	68.47049	226.6724	-95.35255	102.93806	68.4492	232.0002	-111.36831	-105.52886	43.481514	4169.595773458481
82	2555.9504	1500.9974	3776.7903	65.893555	3665.0813	1289.6577	4469.1553	14.832935	703.0	899.0	410000	102.44303	72.94089	227.81523	-102.769966	102.45244	72.92655	233.80106	-102.37343	-105.031494	46.657585	4225.942026138306
83	2100.186	1597.1759	4007.366	630.21545	3713.3835	1136.6064	4301.3154	413.47968	663.7143	897.6	415000	102.86705	76.11187	231.91727	-89.87285	102.870476	76.10616	234.3903	-82.44238	-105.38979	45.794777	4283.946702718735
84	2906.9827	829.10846	4027.269	1684.9694	2220.0466	1410.4622	4076.5522	289.2765	860.3333	568.3	420000	104.75709	77.45548	234.26926	-98.78104	104.757065	77.45419	234.53719	-143.86267	-107.50266	47.86466	4339.584004163742
85	2264.1885	1028.7177	3802.1616	1070.7274	4214.749	117.80079	4454.595	4082.968	616.0	1000.0	425000	107.60303	78.18921	241.15619	-95.17247	107.60225	78.18931	240.18243	-106.321266	-110.23278	48.30923	4399.22185921669
86	2686.3225	1556.6436	4151.669	94.037994	3186.5603	1449.0858	4439.1406	773.2032	840.8333	830.2	430000	110.18746	78.68203	242.72615	-101.691185	110.188034	78.67881	247.91934	-73.81177	-112.96087	49.41701	4457.5755162239075
87	3535.4507	949.265	4132.4014	1644.6921	2963.7341	1378.1343	4508.162	21.763527	1000.0	687.6	435000	112.99894	79.35424	244.60197	-102.17453	112.999176	79.35256	246.42006	-98.59032	-115.47118	49.664265	4513.265054225922
88	3259.068	1381.8744	4232.395	247.21127	3323.8313	1155.1093	4173.7812	719.3819	820.3333	879.0	440000	115.95935	79.87608	255.01088	-99.25495	115.96052	79.873665	249.83038	-98.40253	-118.54935	50.04424	4571.773584365845
89	2578.1	1707.0521	4349.324	50.261417	2945.9053	1795.3887	4619.2935	328.35846	645.2222	667.1	445000	119.133156	80.2689	253.93015	-110.436905	119.13404	80.26576	254.3441	-116.806244	-121.72097	51.226597	4633.558841943741
90	2499.1304	1285.352	3958.126	613.6939	2913.9502	1577.6497	4344.708	186.4084	630.875	710.5	450000	121.7635	80.74202	264.24466	-72.03295	121.76437	80.74038	273.82343	-89.94968	-124.18422	53.381023	4689.656473875046
91	3516.5984	1264.5457	4318.647	1002.4434	3261.586	1273.7463	4384.7583	308.19443	1000.0	768.3	455000	124.2512	81.48335	256.82947	-105.23589	124.25171	81.485535	263.29474	-88.66294	-127.0458	55.93783	4746.094870328903
92	3502.7285	1018.0314	4330.79	1510.2177	1978.9095	1356.791	4034.3774	185.34187	985.4	500.3	460000	126.13075	82.31043	260.2254	-94.95452	126.129425	82.30998	258.8849	-122.66449	-128.67143	56.38296	4798.93391251564
93	2539.3735	1340.2953	4267.3545	1357.5925	3909.1753	1212.1377	4568.372	315.3369	888.6	907.7	465000	128.34183	82.96383	259.958	-85.54939	128.34258	82.96284	263.62564	-102.44459	-130.88805	56.434517	4853.797338008881
94	3215.08	1341.988	4266.585	674.30115	4292.739	112.97903	4518.1426	4097.9126	786.5	1000.0	470000	130.25911	83.5664	266.29495	-101.01803	130.25948	83.56179	266.0097	-98.42429	-133.03345	57.96187	4912.671409606934
95	2921.955	1381.6951	4368.707	877.42694	3471.1914	1222.0259	4407.9917	1163.7192	702.5	895.9	475000	133.40437	84.44636	267.23587	-90.283264	133.40482	84.441635	275.09894	-111.25743	-136.12726	58.977367	4975.8588280677795
96	4099.776	398.68362	4349.3135	3314.321	4352.1807	208.0678	4621.021	3791.3489	982.0	1000.0	480000	136.07675	85.38114	272.1413	-103.299965	136.07632	85.37942	270.72095	-177.30423	-138.59871	59.580276	5035.756374359131
97	3289.8167	1592.0366	4387.471	209.90105	4033.3809	1070.3976	4686.4023	847.6992	775.4286	924.0	485000	138.79518	86.352325	272.7459	-98.456	138.7943	86.35124	274.21707	-103.861176	-141.48674	61.334896	5099.320510149002
98	3521.4355	1445.2682	4394.57	640.0448	4377.935	81.0305	4502.4673	4260.911	1000.0	1000.0	490000	140.76866	87.2996	275.39032	-149.40051	140.76767	87.29834	273.4408	-127.934555	-143.10016	61.37919	5160.717787504196
99	3779.7593	776.9471	4395.2056	2335.136	4536.359	113.07393	4734.22	4408.9644	879.0	1000.0	495000	143.08513	88.405365	276.53452	-129.99403	143.08527	88.40009	278.0484	-200.8864	-145.82155	63.70965	5216.728041648865
100	2515.154	2053.2104	4601.0884	26.103094	4057.858	985.9684	4659.4307	1252.9432	723.1429	975.0	500000	144.84111	89.468376	277.79376	-101.83139	144.84155	89.4659	279.38974	-67.0133	-147.69633	63.98285	5278.011165857315
101	3014.3435	1212.0916	4411.3438	1058.5704	4292.3174	79.80606	4410.2905	4125.952	691.0	1000.0	505000	146.9618	90.27312	282.28134	-89.507744	146.96007	90.27131	284.56528	-109.70287	-149.6114	63.086494	5337.462316036224
102	3807.1055	1154.6965	4529.5054	1511.0221	4349.8936	697.6097	4773.8525	2325.326	1000.0	929.6	510000	148.9793	90.94983	284.02985	-117.896355	148.97926	90.94719	288.03497	-130.97063	-151.6886	65.93537	5397.751978397369
103	3718.864	1135.888	4549.248	1478.1238	4494.0767	173.08598	4751.774	4240.625	980.6	1000.0	515000	150.73392	91.56204	287.36295	-110.18611	150.73529	91.552025	287.61237	-114.325096	-153.23566	65.19333	5457.397698640823
104	3332.9578	1169.5842	4415.57	1663.1965	4192.411	1028.6119	4687.676	1119.8936	903.5	1000.0	520000	152.84859	92.21256	287.2685	-99.87736	152.84805	92.210266	286.40924	-107.32166	-155.69327	64.96235	5521.735021114349
105	4115.2847	294.15463	4444.102	3561.1326	2794.1724	1751.141	4440.5703	32.340927	960.2	724.4	525000	155.09204	93.19462	289.1313	-99.995895	155.09175	93.19134	290.1103	-114.34605	-157.74982	66.371956	5576.5748879909515
106	3323.6016	1130.1093	4550.4175	1681.5898	4640.5957	126.42062	4784.6406	4361.586	767.2857	995.1	530000	157.70863	94.12081	294.81833	-105.06813	157.70773	94.11725	293.35815	-120.52508	-160.4841	66.99058	5639.485637426376
107	3748.071	974.8262	4527.8804	1995.3839	2958.6875	1499.9117	4774.112	475.1701	853.3333	643.9	535000	159.36989	95.03776	295.41235	-101.757256	159.3685	95.03674	295.47287	-117.26198	-162.19217	67.58991	5696.02295088768
108	3576.2703	1457.0674	4507.4785	682.4009	4335.832	1285.6653	4959.2285	494.5639	832.8	913.6	540000	161.01208	95.80691	298.5854	-135.32315	161.01093	95.804596	297.78842	-108.96085	-163.71391	69.95897	5749.485775947571
109	3435.6406	1591.2496	4555.8916	253.7535	3722.9468	1324.849	4799.0654	1225.4238	786.1429	883.3	545000	163.10757	96.31717	299.13065	-119.33579	163.10614	96.3147	299.10458	-164.21657	-165.9522	68.419914	5812.85347867012
110	3506.364	1445.9912	4738.312	1348.281	4582.3833	794.9162	5094.6133	2273.3958	789.0	938.6	550000	165.11473	96.85851	303.4351	-99.59118	165.11339	96.85984	301.5932	-135.27867	-167.78357	68.85241	5871.367001771927
111	3902.2773	1131.299	4704.1807	1396.7522	3984.5435	1375.9716	4702.117	205.70677	885.6667	906.3	555000	166.88545	97.72142	303.3282	-128.58122	166.88306	97.71776	305.03134	-122.774124	-169.90038	71.291115	5933.8216116428375
112	3272.5637	1240.4496	4577.174	1596.8123	3127.3958	1664.9486	4942.46	207.2788	832.1667	725.1	560000	168.51613	98.27734	303.15186	-122.022194	168.51472	98.27423	304.196	-118.475136	-171.14174	70.32126	5991.886023759842
113	3583.9585	876.5085	4555.3237	2397.0435	4648.872	109.79809	4877.2344	4481.85	889.2	1000.0	565000	169.83682	98.90658	303.72223	-134.63457	169.83675	98.89914	306.29657	-127.95179	-172.67078	70.55138	6049.520148992538
114	3247.438	1629.8832	4601.969	616.2079	3946.5522	1561.3818	5017.811	160.14998	731.7143	819.1	570000	171.76839	99.91902	305.6781	-174.84442	171.76637	99.920425	309.7259	-110.24422	-174.36601	70.14921	6109.297766685486
115	4565.578	248.99826	4969.955	4263.7056	4106.103	1329.6952	4986.3145	285.39667	1000.0	884.1	575000	173.78714	100.8408	310.44626	-115.15891	173.78665	100.83927	309.64584	-220.58495	-176.73363	73.04357	6168.905375003815
116	3010.994	1674.1475	4593.961	615.247	4115.459	941.65967	4780.7075	1876.4272	768.2857	924.6	580000	175.56906	101.69762	311.945	-121.07458	175.5667	101.70065	312.3075	-118.64174	-178.25307	74.88526	6232.575707912445
117	4393.3804	230.64276	4671.694	4034.1714	4476.754	881.8331	4984.08	1850.7288	986.2	939.5	585000	177.44893	102.44766	312.02203	-127.43369	177.44693	102.44624	316.2069	-138.70126	-180.40973	75.326775	6293.194501876831
118	4561.333	159.17598	4832.5347	4418.8027	4060.3809	1271.1328	4762.546	526.9308	1000.0	881.3	590000	178.73055	102.995705	312.80466	-123.865395	178.72903	102.997826	315.18015	-117.68782	-181.41357	76.45262	6354.70712018013
119	3885.4697	1357.8098	4542.0005	851.0346	4374.829	1350.3079	5068.9307	350.22723	868.5	908.5	595000	180.5394	103.35396	316.74136	-116.866714	180.53975	103.34534	315.02988	-145.07399	-183.02853	77.418846	6415.673051118851
120	3951.3474	1267.4039	4726.807	1127.7046	4524.714	611.2422	4824.8594	2703.5898	878.8333	958.3	600000	181.60631	103.79857	315.42133	-136.25677	181.60493	103.79828	317.22055	-130.02948	-184.42982	77.15956	6477.935914993286
121	2880.1787	1720.3539	4771.495	361.22617	4842.5386	174.05031	5184.6543	4474.118	617.25	1000.0	605000	183.26297	104.27916	320.78027	-108.53875	183.26266	104.27488	321.94284	-123.00975	-185.95589	76.693565	6537.346747636795
122	4267.975	675.03314	4890.848	3134.7527	4257.3833	1012.1357	4988.301	1549.4272	903.8	885.4	610000	184.45874	104.895386	320.32846	-106.76217	184.4572	104.894844	321.11642	-119.37606	-187.55933	79.24195	6594.524334192276
123	4379.0947	382.24893	4664.5225	3635.3606	4461.7266	736.4268	4832.4126	2261.8083	956.6	948.7	615000	186.06	105.38783	320.44797	-134.87737	186.05757	105.38893	320.71085	-119.346	-188.98155	78.49954	6654.6664934158325
124	4581.2456	177.72514	4871.531	4334.027	4088.8137	1474.3763	5094.57	795.8675	1000.0	853.1	620000	187.66624	105.70734	321.76138	-111.21744	187.66525	105.705925	323.8306	-111.0931	-190.5334	80.16766	6715.769121170044
125	3712.3782	1395.9889	4805.9263	1030.0482	4653.5454	608.7881	5008.28	2851.2803	808.1667	962.7	625000	188.96841	106.281624	323.3501	-125.37305	188.96693	106.281845	321.97412	-133.9668	-191.94148	79.52977	6777.735826253891
126	3748.1272	1657.9504	4648.375	46.532593	4649.1025	69.93707	4737.54	4546.193	867.1667	1000.0	630000	190.4472	106.997734	323.41455	-211.75667	190.44585	106.99734	325.5739	-187.51114	-193.42001	81.63506	6841.095009803772
127	2984.2827	1826.4617	4873.8657	411.4763	4992.401	133.81963	5261.675	4813.3833	653.5	1000.0	635000	191.56143	107.54579	326.1328	-108.916794	191.55759	107.54946	326.61987	-113.258606	-194.40402	81.48058	6904.228380203247
128	4660.5884	97.11257	4825.9785	4545.1143	4114.693	1355.0515	4981.281	1422.8867	1000.0	844.4	640000	193.07372	108.24038	328.1322	-151.71776	193.07158	108.24104	328.93533	-270.7951	-196.0465	80.32598	6965.623413324356
129	3807.2727	1111.9795	4787.487	1959.1254	4556.818	797.00415	5022.919	2204.7976	907.8333	1000.0	645000	194.47868	108.947914	329.2967	-202.65227	194.47687	108.94746	330.52048	-153.40604	-197.64952	83.8817	7031.791701793671
130	3013.1934	1565.7924	4919.297	945.0637	4531.9966	1344.7979	5166.7197	514.30945	668.0	913.9	650000	195.9091	109.68096	331.9138	-163.4992	195.90648	109.68027	330.56998	-137.0966	-198.68047	82.83441	7091.305994272232
131	3594.5867	1718.5135	4883.428	477.72952	4950.173	94.22638	5158.107	4851.3125	759.6667	1000.0	655000	196.99568	110.04227	344.085	-139.17372	196.9925	110.044914	334.29324	-189.66551	-199.95467	85.28594	7151.5116765499115
132	3640.2751	1146.6025	4798.051	1605.1315	3549.1875	1620.228	5135.4995	1315.1737	941.3333	777.9	660000	197.8084	110.46204	331.25443	-143.2409	197.80362	110.465775	334.7432	-141.29071	-200.69226	85.514046	7216.109049797058
133	4738.2563	108.88059	4895.28	4584.8516	4172.378	1487.9606	5326.0947	156.33342	1000.0	834.8	665000	198.83594	110.79953	344.39996	-154.34903	198.83177	110.79977	332.5804	-151.30266	-201.69728	86.03125	7278.10154914856
134	2652.064	1898.4825	4881.89	121.02115	4985.674	93.23072	5122.1875	4774.146	636.875	1000.0	670000	199.8136	111.28255	332.33432	-180.47244	199.80992	111.28919	334.20712	-173.17104	-202.75755	86.445045	7341.404612779617
135	3226.7168	1781.2957	4694.514	315.19073	4516.889	1300.5242	5154.678	630.81506	814.1667	914.2	675000	201.25227	111.711174	339.7961	-145.4766	201.24762	111.71924	344.83414	-127.352844	-204.32932	87.75765	7403.077586889267
136	4714.8516	175.1016	4988.2646	4509.4893	4837.154	420.6163	5165.272	3600.47	1000.0	972.5	680000	202.40193	112.42149	338.7919	-175.60829	202.39473	112.424904	335.30588	-179.19913	-205.21335	88.094795	7465.28799033165
137	4089.69	1156.037	4970.5713	1804.6012	3851.2788	1734.6385	5024.522	285.50015	1000.0	790.2	685000	204.39001	112.77471	337.1938	-156.1523	204.38376	112.7865	339.07507	-179.9534	-207.61345	86.55799	7526.504591226578
138	4099.041	1340.5413	4888.7	1428.1268	4343.0684	955.3494	5181.582	2260.4358	864.4	958.8	690000	205.52226	113.03971	337.22086	-197.2245	205.51627	113.0437	340.8305	-187.66467	-208.72168	89.71474	7585.80042386055
139	3784.1387	1590.0094	4852.593	927.0636	5054.758	126.78101	5257.4033	4868.686	797.4286	1000.0	695000	206.19603	113.382614	338.50885	-188.42465	206.18474	113.4029	340.359	-187.87117	-209.28867	88.84089	7654.876966714859
140	4885.9097	204.58978	5196.0063	4553.684	4976.36	80.66437	5087.1997	4839.432	1000.0	1000.0	700000	207.74568	113.636024	340.77298	-192.90144	207.73375	113.65164	342.25842	-184.32962	-210.8044	90.05314	7718.478820323944
141	4285.9634	1031.484	4859.3135	2224.6528	3804.357	1640.6145	5137.839	385.95312	893.2	790.3	705000	208.79329	113.99552	341.46765	-164.56078	208.78479	114.0082	345.15277	-193.7545	-211.64638	91.77182	7776.304891347885
142	4463.7397	610.04016	4892.7734	3128.4092	4903.784	89.02765	5054.429	4752.981	934.8333	1000.0	710000	210.29204	114.22059	343.45587	-164.52032	210.28285	114.23783	346.56708	-169.80988	-213.17409	87.02885	7844.107095479965
143	3881.8457	1646.9847	4901.8237	379.1539	4392.1655	1262.0605	5226.411	784.7626	803.5	888.6	715000	211.144	114.481224	342.19885	-156.4478	211.13737	114.488075	346.44937	-157.82828	-214.07936	88.74874	7904.526903629303
144	4835.14	55.39493	4920.9624	4748.983	4864.0845	110.92598	5069.9165	4615.727	1000.0	1000.0	720000	212.77385	114.70659	346.76514	-155.1338	212.77016	114.70787	347.65128	-204.42496	-215.75003	91.12226	7967.669633150101
145	4704.4053	103.61742	4801.4155	4565.448	4544.0938	922.4147	5132.13	2145.1672	1000.0	913.3	725000	213.99196	115.03327	348.31293	-160.80632	213.9881	115.032394	347.0028	-147.22409	-216.99785	91.29518	8029.113358974457
146	4155.778	1660.2214	5073.8955	460.31726	4981.872	139.30707	5171.7812	4701.22	857.8333	1000.0	730000	214.52448	115.4502	347.53098	-152.43086	214.52284	115.44986	345.62045	-197.60919	-217.35426	95.34231	8093.564271688461
147	4903.124	123.107155	5118.714	4753.092	4032.857	1731.8003	5259.1494	728.5775	1000.0	834.0	735000	215.05669	115.919106	346.82803	-194.18657	215.05688	115.91669	353.92145	-140.79358	-218.31145	94.39355	8155.724365472794
148	4024.418	1444.8749	4963.6304	905.64813	4624.5977	593.88806	4948.8716	2857.041	836.5	958.8	740000	215.9394	116.61397	347.4287	-180.904	215.9397	116.61117	347.27444	-208.42119	-219.11983	96.05722	8218.674184322357
149	4120.979	1182.9348	4919.221	1774.2075	5001.2266	186.24539	5407.2866	4736.061	872.6	1000.0	745000	216.46964	117.09795	347.63168	-147.1673	216.46979	117.09357	352.4436	-202.24608	-219.39903	95.62902	8277.718798398972
150	4752.22	93.911804	4897.61	4641.9517	4904.402	163.1784	5067.577	4473.4336	1000.0	990.6	750000	217.0346	117.5707	356.87173	-136.51784	217.03365	117.569885	354.36765	-127.04162	-220.24443	95.842316	8340.402349472046
151	4575.321	640.55286	5073.3584	3202.406	3156.023	2054.8171	5191.428	203.84834	945.0	632.2	755000	218.35869	117.67897	349.33362	-176.91399	218.35939	117.67214	353.04828	-183.31879	-221.31447	99.25206	8402.358748912811
152	4039.1494	894.3802	4955.7124	2770.3057	5032.932	110.15514	5274.5303	4859.963	835.8333	1000.0	760000	219.55472	118.34285	349.79538	-159.42278	219.55423	118.3395	352.29697	-161.11223	-222.75894	95.522835	8467.072977542877
153	4745.2065	98.70441	4877.083	4581.7505	4812.3906	1374.7747	5471.7827	705.62897	1000.0	915.7	765000	220.29213	119.065346	351.32547	-147.91911	220.28961	119.06647	352.4051	-143.48839	-223.27307	100.38745	8529.07407283783
154	4481.215	637.5931	4911.17	3214.3848	4126.2373	1243.1748	5025.1006	1899.869	928.0	838.9	770000	221.17871	119.42889	349.79248	-185.19136	221.17825	119.427826	352.84314	-196.77129	-224.48952	98.870476	8587.687448263168
155	3830.6936	1720.696	5113.118	821.4954	5037.827	69.337975	5161.8716	4913.515	784.5714	1000.0	775000	221.57239	120.16872	352.1667	-148.50223	221.57304	120.16447	352.43155	-195.34023	-224.78581	100.27271	8654.941257238388
156	4743.789	87.85523	4871.9697	4620.636	5062.712	429.01407	5314.6	3789.1309	1000.0	974.0	780000	222.41473	121.04725	353.0291	-191.69305	222.41406	121.046104	358.1379	-164.24196	-225.74036	99.41761	8718.735239982605
157	4968.259	85.82808	5115.0903	4848.4326	4712.636	799.00806	5180.378	2340.3958	1000.0	948.5	785000	222.98761	121.7397	353.69028	-189.81145	222.9889	121.73396	355.62268	-198.40016	-225.9944	98.727974	8782.131328582764
158	3851.786	1168.4376	4979.194	2141.7666	4725.8955	1039.0287	5379.953	1634.9833	917.8	931.3	790000	223.58392	123.16898	352.119	-187.29037	223.58296	123.16811	355.4709	-135.41345	-226.7749	95.65317	8842.715787649155
159	3859.9187	1549.8005	5153.3867	1505.7065	4952.648	110.570244	5067.46	4757.4443	785.8333	1000.0	795000	224.3286	124.326256	355.4563	-199.39728	224.3286	124.32297	357.13113	-167.63138	-227.44595	99.59478	8906.606417894363
160	4159.68	1058.0289	4933.8105	2169.8137	5103.6367	114.80839	5232.155	4832.1206	858.1667	1000.0	800000	225.56161	125.07869	356.25165	-148.03542	225.56192	125.07851	363.32944	-156.0789	-228.38235	99.6794	8971.915158033371
161	4233.331	1220.2255	4946.623	1796.0712	4809.3433	1056.4503	5220.3535	1642.8074	992.2	1000.0	805000	226.38481	126.08385	358.02408	-264.24402	226.3852	126.0773	363.95822	-305.32275	-229.68747	98.54771	9037.551017284393
162	4181.1084	1852.5316	5146.4824	50.239414	4651.783	1030.836	5287.6943	1709.8456	837.0	915.6	810000	227.5125	126.18859	359.44162	-214.7693	227.51073	126.18514	359.45636	-207.79301	-230.63834	100.9776	9103.06897854805
163	4500.397	1014.0278	5164.5103	2250.3066	5174.835	108.1446	5328.8193	4998.436	917.6667	1000.0	815000	228.89343	126.64485	367.93835	-206.07825	228.89468	126.63788	360.79834	-186.01913	-232.27061	99.52261	9170.728637695312
164	3866.9912	1708.5146	5021.642	156.47298	2472.1458	1911.4667	5226.9873	275.8476	801.1667	502.2	820000	229.92834	126.72698	361.10538	-223.80449	229.92763	126.72606	362.8641	-201.3886	-233.0925	102.81153	9225.724089860916
165	4373.2876	1315.9645	5226.8926	1750.0972	4476.202	1174.92	5032.211	966.52435	874.4	921.0	825000	231.06447	127.13819	361.69202	-163.54483	231.06459	127.14049	362.78952	-196.86794	-234.15913	100.96432	9284.302329540253
166	4420.17	1071.9269	5083.4634	2042.9293	4273.3623	1220.2345	5174.3135	1585.11	902.0	860.3	830000	231.8053	127.06572	361.78802	-187.39188	231.80392	127.06386	361.22507	-203.29834	-234.66583	104.86174	9348.922808408737
167	4415.7446	1028.6641	5100.799	2130.3052	5236.5195	77.19888	5421.5444	5129.3994	902.5	1000.0	835000	232.57672	126.994446	369.241	-225.74358	232.57608	126.991066	376.70392	-197.17653	-235.57034	100.06252	9416.858813047409
168	3343.9436	1471.8005	4874.9023	338.27158	4613.987	1056.5667	5155.4185	1496.4205	718.6667	917.9	840000	233.60925	126.4973	364.10626	-160.7748	233.60641	126.49997	365.35416	-164.509	-236.79128	103.156555	9475.53984618187
169	3928.8572	1295.5421	4987.179	1835.6431	5233.7773	110.01668	5405.8506	5097.827	807.8333	1000.0	845000	234.85896	125.97205	362.16077	-181.22452	234.8572	125.9702	364.079	-208.0121	-237.98265	104.05177	9541.57620048523
170	4743.9834	519.61237	5051.09	3590.2375	4714.484	757.3752	5362.2124	3004.2043	952.6667	930.0	850000	235.63115	125.62971	369.9581	-179.49843	235.63023	125.62709	374.30872	-160.20871	-238.55156	101.53718	9611.033583164215
171	4310.372	1156.5433	5124.4526	2015.6367	4374.082	1608.7727	5407.7446	449.41397	879.4	854.0	855000	237.02113	124.94886	365.6281	-162.67624	237.0214	124.9467	367.70102	-189.68192	-240.39029	103.64329	9668.348863363266
172	3968.918	1594.3682	5029.182	658.0358	5076.6514	123.623055	5248.86	4857.8955	807.4286	1000.0	860000	237.09239	124.80733	363.05658	-164.9678	237.09041	124.80647	363.9217	-145.89928	-240.01212	106.338135	9739.103358983994
173	4735.9976	86.206085	4826.1426	4577.304	4925.7505	245.05354	5244.937	4324.034	987.8	984.8	865000	238.30608	124.34591	363.3514	-264.18234	238.30547	124.34057	364.04297	-177.50499	-241.17116	104.747055	9803.506565570831
174	3556.4512	1679.667	4937.802	1131.5519	5254.163	61.728077	5348.1636	5133.96	882.0	1000.0	870000	238.75046	124.48813	365.1663	-191.48618	238.74977	124.482056	364.77808	-183.02185	-241.8356	101.57063	9863.92921757698
175	4403.7393	1088.639	4992.605	1972.2076	3598.332	1777.4668	5271.4956	492.42258	901.8333	710.1	875000	239.86873	124.8249	366.0714	-129.77829	239.86813	124.82141	367.75632	-321.54965	-242.75296	101.022896	9925.73005104065
176	4522.505	671.6802	4931.3257	3182.4055	5234.5107	117.670784	5446.7446	5024.428	932.0	1000.0	880000	240.58347	125.14099	364.98227	-223.308	240.58023	125.14296	365.54846	-209.41525	-243.75623	104.92088	9988.065697908401
177	4425.7573	1218.3848	5123.6934	1706.7577	5105.2354	95.00367	5235.1797	4970.1704	894.0	1000.0	885000	241.32027	124.926506	365.0579	-283.40677	241.31796	124.92608	366.45367	-358.7171	-244.36009	105.154686	10056.905425786972
178	4217.225	994.1641	5007.069	2544.475	5142.747	151.30522	5399.4746	4882.026	852.5	994.2	890000	241.96786	125.2107	366.11603	-185.50316	241.96724	125.20631	367.02722	-151.26663	-244.97055	100.74886	10122.914083480835
179	4074.0488	1629.9996	4933.002	437.33237	4980.585	468.9293	5276.0093	3593.1416	851.3333	970.9	895000	243.5467	125.01438	366.5499	-169.5682	243.54509	125.01986	371.12228	-180.15793	-246.40941	104.20446	10189.300304412842
180	3982.9133	1511.1382	5165.968	1675.6838	4947.3877	919.38885	5389.866	2205.2605	801.8333	941.9	900000	244.34343	124.88609	370.98218	-184.61694	244.34135	124.88912	370.58203	-205.1674	-247.2841	99.033104	10251.586997032166
181	3115.7732	1880.5535	5001.3057	168.14671	5124.9336	126.90348	5294.2627	4945.3887	639.0	1000.0	905000	245.30469	124.75024	369.65405	-233.5712	245.30553	124.745605	370.1635	-294.62103	-248.48734	103.634026	10317.862575531006
182	4468.6924	712.5013	5079.322	3196.6355	5214.2373	138.18344	5370.259	4911.168	933.0	1000.0	910000	246.15767	124.93235	370.67172	-134.86464	246.16	124.92647	369.55896	-163.79099	-249.15205	99.244156	10380.496796369553
183	4874.0225	102.72287	5039.4277	4715.8135	5218.078	122.30366	5366.8535	5032.435	1000.0	1000.0	915000	247.34349	124.85318	370.4178	-250.33075	247.34077	124.8571	373.32425	-415.27667	-250.23935	102.275734	10445.645021677017
184	4809.157	171.89786	4951.4595	4475.262	5218.52	108.85331	5357.975	5035.2715	974.8	1000.0	920000	248.12405	124.68475	371.65454	-263.2814	248.12262	124.67698	372.29135	-174.95067	-251.10022	99.6737	10510.761332511902
185	4389.1265	1517.323	5338.572	1009.01794	5246.8125	107.73902	5412.0376	5069.507	869.3333	1000.0	925000	248.9767	124.38781	373.00623	-203.55296	248.97821	124.38629	371.7	-258.6311	-251.91684	101.61393	10577.900593280792
186	4425.442	931.8624	5128.7393	2477.2795	4979.6997	558.1376	5378.8887	3332.918	901.6667	964.2	930000	249.58722	124.27722	376.51767	-236.61873	249.58566	124.27693	372.7453	-320.30392	-252.54393	103.843056	10645.33587884903
187	3843.9822	1459.984	4981.357	895.17084	5192.8765	127.00911	5369.0005	5020.221	844.5	1000.0	935000	250.44476	124.25913	372.04443	-255.22237	250.44757	124.250084	374.36362	-361.2029	-253.26813	100.91722	10711.444771528244
188	4936.015	136.78516	5063.8564	4692.7563	4956.3604	1293.1456	5473.281	1082.4572	1000.0	921.0	940000	251.40549	124.43441	370.3466	-235.52077	251.40598	124.42498	371.65152	-172.4933	-254.4241	101.461365	10776.51085281372
189	3840.7	1703.2355	5060.3755	265.06497	5145.923	151.26373	5298.1357	4757.4717	790.3333	1000.0	945000	252.6925	124.63365	375.00275	-199.75133	252.69315	124.632416	372.92233	-273.16724	-255.16495	99.58957	10839.509558677673
190	3483.548	1423.7343	5168.281	1086.3242	4662.4795	1020.57355	5232.666	1640.2969	805.1667	934.2	950000	253.52914	124.83529	373.0509	-239.51668	253.52878	124.82979	374.53217	-325.2665	-256.60916	105.5921	10902.28375339508
191	4566.5903	750.5609	5057.303	3075.5427	5027.977	850.23096	5453.7085	2486.695	916.4	949.6	955000	255.10995	124.33944	379.46225	-320.61377	255.11066	124.336494	378.4834	-302.03595	-257.86697	103.363335	10963.751685142517
192	3824.7327	1752.9893	5128.762	1026.835	5326.2344	139.42401	5573.7188	5000.9233	782.5714	1000.0	960000	255.62314	124.33363	378.9062	-270.28098	255.62343	124.3254	384.9971	-243.78656	-258.55035	100.04622	11032.58671760559
193	4521.307	1075.4347	5280.7524	2386.2913	5256.6377	97.974014	5382.1353	5073.821	896.6	1000.0	965000	256.51886	124.342354	378.3946	-212.3444	256.52173	124.332634	378.70685	-145.51804	-259.38617	102.30947	11094.118208885193
194	4296.4834	1411.8931	5303.765	1185.1498	5230.415	134.85805	5454.8228	5037.237	880.3333	1000.0	970000	257.12845	124.31774	375.4447	-133.37033	257.1299	124.30751	377.08878	-204.12312	-259.95682	102.530716	11163.354071855545
195	4207.7886	1824.8751	5204.1284	133.69292	4603.6274	1058.2893	5279.2085	2356.54	842.3333	1000.0	975000	257.9241	124.07845	376.76007	-130.68481	257.92557	124.07486	378.74673	-120.16695	-260.8188	103.20345	11230.620150566101
196	3427.9167	2209.1248	5073.6333	41.728527	4979.256	909.0029	5614.697	2826.706	855.6667	924.8	980000	258.74518	124.15218	382.23413	-216.42917	258.74622	124.14447	379.13013	-168.23909	-261.30438	98.35916	11295.402601242065
197	4292.119	1573.6963	5083.726	777.1012	5086.5664	114.872765	5234.0967	4808.2417	863.5	1000.0	985000	258.88022	124.632065	383.2192	-176.2292	258.8811	124.62549	380.98715	-155.39378	-261.69824	104.99187	11361.605520963669
198	4785.209	291.45673	5220.9976	4507.681	4923.971	516.25116	5239.5083	3386.4065	1000.0	965.3	990000	259.56003	125.05431	380.68066	-178.50806	259.56125	125.048836	379.15753	-222.73022	-262.2851	98.377754	11425.727914333344
199	3557.0762	1978.2426	5048.2773	145.4179	5169.838	127.962326	5388.1553	5018.9497	728.0	1000.0	995000	259.77008	125.379265	382.05515	-231.19405	259.76932	125.371414	378.64136	-261.31937	-262.70184	104.01824	11485.882714271545
