Epoch	AverageEpRet	StdEpRet	MaxEpRet	MinEpRet	EpLen	AverageVVals	StdVVals	MaxVVals	MinVVals	TotalEnvInteracts	LossPi	LossV	DeltaLossPi	DeltaLossV	Entropy	KL	Time
0	-546.0867	107.318146	-448.13483	-724.5093	1000.0	-0.0130991815	0.66612124	1.6280441	-1.8183594	4000	-0.044966485	2652.31	-0.011129126	-811.63135	5.4874845	0.002651948	5.348644495010376
1	-570.0359	67.31492	-492.61096	-677.5372	1000.0	-10.793772	3.7497535	7.074925	-14.230171	8000	-0.0035955573	2201.7456	-0.0056385947	-766.74585	5.464627	0.0018216455	9.542258262634277
2	-502.649	90.41813	-404.61606	-634.19116	1000.0	-21.363195	1.5712563	9.057027	-21.750643	12000	0.045961604	871.24176	-0.005516067	-224.51996	5.4994206	0.00043408608	13.602336883544922
3	-586.3789	65.29839	-533.3973	-697.4845	1000.0	-26.512833	1.1182553	-1.6210988	-26.731173	16000	-0.0013728313	1348.1498	-0.0025860462	-234.08679	5.4887342	1.10219125e-05	17.871203184127808
4	-556.5552	86.70694	-425.71423	-660.6707	1000.0	-31.723969	0.42785895	-13.536221	-31.800344	20000	-0.02247671	702.5085	-0.0036298689	-104.13806	5.496349	0.0013774221	21.872865676879883
5	-660.7834	143.84267	-445.4828	-850.409	1000.0	-35.343384	0.30271694	-29.294132	-35.420376	24000	0.012318235	1604.9038	-0.0034363363	-231.09253	5.469417	0.00089835684	26.2267427444458
6	-570.9529	112.194725	-466.66858	-759.5604	1000.0	-40.6354	0.6536225	-17.032188	-40.705597	28000	-0.0291456	682.03186	-0.003245214	-29.259521	5.4966283	-0.00048242896	30.36537480354309
7	-532.65173	87.02221	-419.14288	-645.2733	1000.0	-42.793404	0.330948	-33.92211	-42.83813	32000	-0.050904237	434.65692	-0.0036913902	-7.622345	5.503254	0.0020514189	34.39583921432495
8	-568.5443	104.43433	-447.64862	-723.2384	1000.0	-43.7141	1.2670096	-1.8515899	-43.871258	36000	0.007327196	630.6719	-0.001510004	-15.833862	5.528701	0.0012082646	38.69423246383667
9	-615.29913	185.60023	-411.75272	-858.7398	1000.0	-34.733772	27.807735	44.54357	-45.350464	40000	-0.033160027	1693.0085	-0.0019900352	-819.4559	5.501132	0.00052477315	42.67409944534302
10	-573.10394	123.70467	-459.57675	-779.47107	1000.0	-47.83179	0.36801597	-38.90491	-47.903217	44000	0.023710592	977.90424	-0.0023166426	-12.177429	5.5221686	0.00047495824	47.36580538749695
11	-507.37738	66.21535	-449.3367	-615.41064	1000.0	-47.79439	2.7319307	-3.080423	-48.536217	48000	0.020427754	429.60635	-0.00092934817	-20.9888	5.532508	9.418595e-05	51.55392670631409
12	-550.4529	182.25682	-419.89282	-863.6414	1000.0	-45.929142	3.459482	1.5952942	-47.904	52000	-0.051365603	552.2717	-0.0014854968	-44.15326	5.4515347	-0.00011925661	55.59295463562012
13	-602.92847	105.855446	-469.46967	-744.59534	1000.0	-45.55019	2.9812846	-11.727617	-49.272896	56000	-0.0053527956	656.3275	-0.0014711763	-65.75714	5.5353537	0.00043314035	59.89501738548279
14	-529.7502	177.83853	-367.05112	-829.7267	1000.0	-45.64489	4.3781276	-2.3899162	-52.432076	60000	-0.0028041287	732.7081	-0.002653654	-76.20691	5.4920454	0.00018228585	64.3871238231659
15	-493.65878	92.94995	-386.69757	-638.52637	1000.0	-45.115936	7.630737	-16.04071	-53.98727	64000	0.014857535	256.45438	-0.0030082008	-19.93013	5.554585	0.0010939183	68.51615905761719
16	-597.9917	194.79681	-426.177	-914.8896	1000.0	-42.85743	8.552841	-9.273538	-53.874184	68000	-0.014367455	805.4808	-0.0024754899	-86.897644	5.5246425	0.0005169699	72.8724730014801
17	-472.78183	29.323078	-448.82913	-521.7528	1000.0	-42.16527	7.2356477	-14.3743725	-57.10879	72000	-0.042893462	182.85828	-0.0024923421	-9.223846	5.483816	0.00014886541	77.27325201034546
18	-555.6255	194.96214	-334.54657	-799.2439	1000.0	-46.732845	9.765476	-21.749512	-57.755306	76000	-0.005006752	671.73553	-0.0012837374	-67.47699	5.5310497	0.0009503254	81.32181477546692
19	-517.321	129.26645	-387.26282	-731.01483	1000.0	-40.205063	13.563068	-9.549689	-59.96125	80000	-0.047905754	275.18695	-0.001207497	-49.995605	5.4901824	0.00058000605	85.51817417144775
20	-558.23157	127.2078	-440.00372	-762.99976	1000.0	-45.956642	10.819951	-33.212563	-61.151535	84000	-0.0546393	415.67465	-0.0022970587	-23.043182	5.5103846	0.00092737994	90.17795062065125
21	-688.4879	67.708305	-582.884	-760.443	1000.0	-55.14243	11.333525	6.1946282	-62.738735	88000	-0.044800065	843.263	-0.0019677766	-138.48322	5.5400977	0.00047066022	94.29048252105713
22	-419.78296	73.34243	-333.08615	-534.2157	1000.0	-32.08828	11.999346	10.041956	-66.669	92000	-0.005329525	332.5376	-0.0012799366	-124.98854	5.5097656	-0.00014879728	98.67206454277039
23	-493.34442	179.41489	-376.0242	-803.5621	1000.0	-44.728916	12.890785	47.293995	-67.06429	96000	0.03123996	373.9174	-0.0010252018	-73.03238	5.5086184	0.00045182914	102.64681100845337
24	-430.97696	68.33929	-347.5754	-532.1931	1000.0	-39.75471	10.636387	-4.3000617	-66.84585	100000	-0.013456539	189.89519	-0.0014698328	-21.965881	5.4889	0.0005416626	106.84426140785217
25	-498.9378	136.42029	-352.44498	-690.2386	1000.0	-41.114094	10.59248	21.525778	-66.71182	104000	-0.0028005124	419.96518	-0.0011867781	-76.95883	5.5306115	0.00047682703	111.03045845031738
26	-484.2949	56.321266	-393.63678	-547.3519	1000.0	-48.408016	14.713992	-2.142437	-67.39111	108000	-0.031318646	457.5013	-0.002112642	-77.479645	5.476828	0.00066047546	115.2029333114624
27	-415.14624	98.08885	-268.2509	-508.04706	1000.0	-36.61639	10.470088	-11.864312	-66.74249	112000	-0.05112785	226.35208	-0.002210632	-31.607986	5.5264225	0.00014923322	118.88551330566406
28	-502.0449	131.92865	-362.23102	-711.451	1000.0	-42.381874	14.768358	28.185045	-67.07278	116000	-0.051902488	267.58914	-0.0025166832	-40.864334	5.4722414	0.00043539668	122.81377387046814
29	-509.2225	139.56186	-339.79407	-721.78796	1000.0	-47.25817	12.882818	-9.147964	-67.12003	120000	-0.008925203	429.31152	-0.0015395563	-58.662292	5.5480556	0.00048697906	126.88463830947876
30	-432.27283	81.158195	-303.1139	-527.4912	1000.0	-38.849106	13.220461	-2.6491544	-67.144325	124000	-0.051225036	203.79366	-0.0017764531	-32.340317	5.4871645	0.0007922379	131.38826823234558
31	-417.01553	92.53925	-320.13574	-569.56934	1000.0	-38.305817	11.741563	18.614126	-67.070984	128000	-0.019237133	267.2493	-0.0025682375	-71.05914	5.5218515	0.00086911867	135.39770412445068
32	-407.4448	18.689064	-387.96387	-428.8106	1000.0	-36.764835	7.546603	13.013443	-66.29671	132000	-0.053058784	235.48569	-0.00068345293	-52.480347	5.527327	0.00014564418	139.475971698761
33	-401.41785	54.635464	-342.74466	-485.18533	1000.0	-34.094063	8.228942	-9.315216	-65.854805	136000	-0.04034583	157.25107	-0.0017022379	-20.663116	5.4757423	0.00015298754	143.74138689041138
34	-427.98578	86.54711	-334.1949	-566.9379	1000.0	-38.893814	10.37461	3.928823	-66.57683	140000	-0.062738396	252.836	-0.0021618828	-30.927246	5.489475	0.0003661942	148.051983833313
35	-355.4738	43.12564	-310.8657	-420.01575	1000.0	-32.69705	8.053418	-3.2194886	-66.588036	144000	-0.010648396	155.25702	-0.0016891873	-38.773018	5.549826	0.00018682855	152.02338933944702
36	-402.42532	81.76539	-321.08096	-516.36926	1000.0	-32.99346	5.6348257	-14.077057	-65.762276	148000	0.0068033054	191.77025	-0.0009841942	-49.003784	5.4558573	0.000105135085	156.28919768333435
37	-448.73773	136.76193	-248.16455	-633.53375	1000.0	-38.120205	11.434935	-0.779245	-66.99546	152000	-0.0004705591	320.399	-0.0016616678	-126.04945	5.4853992	0.0005336989	160.46545886993408
38	-401.31097	48.541218	-333.23495	-458.92328	1000.0	-36.334076	14.282516	-4.9166713	-66.853134	156000	-0.019247308	243.34666	-0.0014103334	-50.239838	5.440376	0.0008199849	164.43428874015808
39	-427.4507	105.95696	-249.55458	-529.2111	1000.0	-38.901478	12.945843	19.098236	-66.49326	160000	0.01242713	293.25262	-0.0016021654	-50.151947	5.43857	2.762568e-05	168.36997437477112
40	-370.62943	38.016727	-346.0053	-436.30505	1000.0	-29.818632	11.675642	-8.470407	-66.229	164000	-0.07732116	202.4236	-0.0009717494	-78.96619	5.5075936	0.00020474767	173.23247265815735
41	-516.45233	132.12068	-393.29965	-714.06274	1000.0	-37.09017	9.713016	-5.792136	-66.27415	168000	-0.037342545	776.8645	-0.0021512285	-269.773	5.5026493	0.0007193945	177.3438367843628
42	-471.13177	83.37895	-399.095	-607.2136	1000.0	-43.684868	16.49815	28.928555	-68.75884	172000	0.004914341	375.4703	-0.0016441841	-78.69235	5.520287	1.5268148e-05	181.25922012329102
43	-374.4082	49.67445	-313.37167	-425.38535	1000.0	-34.957596	10.229523	-4.237805	-67.85672	176000	-0.012978932	159.8844	-0.0013908707	-42.646996	5.471291	0.0005021655	185.46182346343994
44	-452.90927	75.733406	-357.88928	-558.6498	1000.0	-27.10519	18.801247	42.980976	-67.66836	180000	-0.00618772	573.54315	-0.001218236	-398.9682	5.4596925	0.00055630074	189.75530123710632
45	-355.49228	48.681984	-294.3548	-429.0727	1000.0	-35.629078	12.615608	-25.356094	-69.928665	184000	-0.08851438	201.58832	-0.0014402717	-94.35985	5.5042863	0.0010858324	193.9173548221588
46	-334.96765	50.788532	-291.6441	-421.23547	1000.0	-31.440046	6.327234	-5.593971	-68.20899	188000	-0.055840846	177.76256	-0.0011388585	-38.792862	5.4973807	-9.732765e-05	198.25296831130981
47	-357.41302	48.91419	-293.218	-417.31915	1000.0	-30.007898	7.993885	-1.9040706	-66.640686	192000	-0.008343034	194.93509	-0.0011353148	-45.21588	5.4768987	0.0002099862	202.26716303825378
48	-409.95892	107.2024	-250.09007	-551.91943	1000.0	-31.101368	7.1902623	7.9266424	-66.32723	196000	-0.023034709	220.5281	-0.0019339267	-93.91259	5.508906	0.0007076246	206.37049436569214
49	-432.23993	94.908455	-339.87762	-567.94696	1000.0	-38.99035	13.383479	-3.5658863	-69.29271	200000	-0.075136185	209.42468	-0.0014787242	-39.694565	5.538128	0.0008672056	210.63013100624084
50	-399.64078	120.028305	-262.6952	-553.0837	1000.0	-34.556866	15.291618	16.582657	-68.9712	204000	0.0020293943	353.55148	-0.00258169	-95.80856	5.4793916	0.0012831335	215.2679295539856
51	-360.69366	44.93973	-315.43036	-435.46277	1000.0	-31.510778	13.635839	3.6375263	-68.4929	208000	-0.016609352	202.15254	-0.0009996947	-66.18637	5.480138	0.00079197926	219.78379702568054
52	-347.3563	45.44843	-272.27332	-383.85526	1000.0	-32.46591	7.6948934	-2.6882114	-65.90615	212000	-0.070211425	143.83391	-0.001655072	-36.236298	5.4600773	0.0001550113	223.92866730690002
53	-339.95868	121.525955	-183.78464	-524.96356	1000.0	-29.492125	5.8613214	8.246272	-66.73399	216000	-0.03286399	353.61118	-0.0008768961	-106.264114	5.4645596	0.00036216242	228.23365116119385
54	-308.99588	52.101673	-240.36688	-387.10263	1000.0	-28.206158	11.497407	16.504045	-67.957634	220000	-0.021416716	229.93806	-0.0014291257	-63.42372	5.5217066	-0.00027604628	232.5072317123413
55	-353.37057	55.001457	-271.84525	-423.81058	1000.0	-26.941313	6.985546	-3.3222015	-61.6017	224000	-0.04215223	152.35278	-0.0011148714	-45.832787	5.4678125	-0.00024673666	237.02280139923096
56	-436.61734	178.69977	-245.72922	-715.0443	1000.0	-33.875744	10.214211	-10.532066	-66.87539	228000	-0.05995887	442.14218	-0.0016218349	-168.76819	5.481911	0.00018184948	241.1998085975647
57	-370.51483	90.38426	-283.08572	-521.8051	1000.0	-33.49581	14.9517565	-9.454927	-71.33693	232000	-0.027300991	287.28665	-0.0011809804	-61.59694	5.5289493	0.00036511463	245.65466046333313
58	-353.73795	171.49367	-233.67148	-649.6723	1000.0	-32.31485	11.344869	11.57393	-71.744286	236000	-0.028915443	294.2815	-0.0015236251	-53.54924	5.5072603	-0.0004246102	249.92700695991516
59	-304.82156	87.860596	-180.53488	-429.0421	1000.0	-30.166834	11.173144	29.839357	-72.77695	240000	-0.05493585	203.9991	-0.0018780008	-53.098984	5.493575	-2.7998567e-05	254.24496793746948
60	-401.5855	131.61697	-267.63586	-619.91736	1000.0	-29.977127	11.279996	1.6575532	-71.588936	244000	-0.0140523	359.36288	-0.0013966272	-139.45654	5.5245466	-0.00014466417	258.79277443885803
61	-325.11163	28.71193	-290.37415	-366.35303	1000.0	-33.069916	9.732919	-6.0438094	-73.33244	248000	-0.045972474	190.74347	-0.0014973693	-100.97627	5.503298	-0.00014201933	262.82340812683105
62	-374.85352	43.832787	-301.73535	-415.8997	1000.0	-29.265862	6.3320284	10.821567	-69.673195	252000	-0.026515253	388.08044	-0.0010018758	-144.28276	5.502581	0.0009500209	266.99917364120483
63	-338.00723	40.245598	-275.4687	-387.82715	1000.0	-31.025549	11.066042	14.583702	-72.535065	256000	-0.05658389	181.95723	-0.0021325126	-50.378174	5.51367	0.00040220201	271.29367089271545
64	-334.61258	37.732933	-277.0921	-379.34552	1000.0	-30.370674	7.373128	1.4547334	-63.626648	260000	0.004101349	187.42862	-0.0019282037	-29.668945	5.52967	-0.0006568883	275.0392014980316
65	-385.24115	52.140137	-335.99976	-471.85864	1000.0	-30.265985	7.1785502	-11.255816	-66.66394	264000	-0.030700924	272.93762	-0.0023470614	-93.530136	5.4751964	0.00063595624	278.9886224269867
66	-269.27777	54.184917	-190.2307	-343.10773	1000.0	-27.192533	9.088015	-3.7990632	-72.19849	268000	-0.11304942	180.55894	-0.0014655739	-44.23488	5.4553647	0.00028375292	283.52669882774353
67	-260.45255	58.88901	-197.75453	-339.92337	1000.0	-24.056593	4.501436	-6.9754815	-59.176865	272000	-0.027373763	97.45097	-0.0013065394	-13.185623	5.4895253	0.0005879273	287.3992006778717
68	-258.94965	48.420265	-195.47305	-330.8142	1000.0	-24.723248	3.7834218	-5.0518456	-51.497177	276000	-0.056681685	94.22509	-0.0012035593	-10.495346	5.4530406	0.001142371	291.6802878379822
69	-375.97614	127.144005	-241.33832	-535.66547	1000.0	-27.752817	8.278074	11.267463	-64.89438	280000	-0.08160245	387.68228	-0.001343064	-180.49054	5.514334	0.0005373352	295.74762773513794
70	-276.47824	122.34016	-165.69638	-481.77127	1000.0	-28.994902	13.037075	-9.46546	-71.75119	284000	-0.04779775	206.9632	-0.0014373176	-51.15538	5.457841	0.00054562296	300.64070415496826
71	-305.80365	51.47317	-252.37965	-390.01492	1000.0	-26.44456	10.941997	23.428823	-69.563545	288000	-0.03442226	177.88617	-0.001646705	-34.410477	5.4761934	-0.00024099278	304.80873680114746
72	-332.94037	71.32791	-222.36197	-416.93094	1000.0	-27.50182	10.8897085	-0.89993495	-65.87181	292000	-0.0041489485	140.35143	-0.0016556168	-35.32448	5.466289	-1.6274094e-05	309.10570764541626
73	-271.7299	88.29314	-203.2538	-420.64053	1000.0	-26.037481	7.944541	-9.588369	-64.248055	296000	-0.02744896	233.52696	-0.0010635816	-62.940414	5.4115567	-0.0002551548	313.29309940338135
74	-260.91302	47.293617	-206.70021	-336.06873	1000.0	-23.801107	9.111386	19.792963	-70.939224	300000	-0.01759554	116.00614	-0.0020579249	-32.289154	5.442846	0.0005607477	317.26669001579285
75	-349.06348	112.72609	-265.74573	-541.9438	1000.0	-27.235884	9.909185	2.5380282	-65.51153	304000	-0.017763348	268.14783	-0.00069464557	-101.29251	5.4656105	-0.00021110708	321.2622504234314
76	-335.75378	123.56792	-220.34059	-543.9758	1000.0	-30.138266	14.873165	-11.794527	-69.44496	308000	-0.032097492	470.90378	-0.001245603	-109.337524	5.4559054	0.00079408323	325.6473271846771
77	-306.34048	52.569344	-272.51266	-397.28745	1000.0	-28.446627	10.206564	-0.17899132	-72.088684	312000	-0.032411605	172.68488	-0.0011942722	-49.443733	5.4721913	-4.6114503e-05	330.01212310791016
78	-232.0722	29.272396	-188.92528	-262.1334	1000.0	-26.601974	4.2240105	-6.5886908	-70.01135	316000	-0.08664225	152.76437	-0.0013297945	-59.431038	5.4800334	0.00030119426	334.43681144714355
79	-316.26416	91.323044	-201.30719	-451.68137	1000.0	-22.056892	5.5532794	14.024643	-55.175217	320000	0.006690029	252.56235	-0.0012250938	-105.55287	5.4670153	0.00048015505	338.4882402420044
80	-288.43857	7.2826195	-280.54068	-297.088	1000.0	-25.941967	3.709322	-6.7974725	-61.581604	324000	-0.016089654	71.32739	-0.0016308594	-11.884083	5.512608	0.00045008428	343.565593957901
81	-281.0987	25.80063	-252.88943	-323.09595	1000.0	-26.554192	3.6919167	-0.99759686	-61.304203	328000	-0.08272435	115.67719	-0.0014713407	-15.422363	5.5016103	0.0007857429	347.7497789859772
82	-300.5675	23.625763	-259.935	-317.7475	1000.0	-24.779274	4.466917	-0.23723042	-55.517216	332000	-0.026309833	127.915764	-0.0020265784	-15.488747	5.491375	0.00013905787	351.8470106124878
83	-274.11563	65.7001	-232.72005	-387.67694	1000.0	-26.025051	4.9046574	3.239869	-58.25087	336000	-0.06326544	177.62593	-0.0018560663	-36.047714	5.4784513	0.0006602145	356.1797630786896
84	-285.52283	55.323296	-210.70815	-341.83264	1000.0	-26.037664	8.83787	14.401103	-61.5441	340000	-0.016313083	248.89615	-0.0015881602	-51.704117	5.4813566	0.0008517716	360.3259618282318
85	-269.21957	38.59563	-223.58893	-327.59457	1000.0	-22.244078	5.0777106	20.215685	-59.496967	344000	-0.020061258	119.846436	-0.0013768785	-19.928734	5.5055633	0.00047123397	364.4698808193207
86	-275.31488	21.741385	-242.35112	-302.56213	1000.0	-25.339863	5.6517305	3.758596	-58.145187	348000	-0.024264988	161.76646	-0.0012554843	-46.073463	5.4097843	0.0006555871	368.48651909828186
87	-371.268	95.18483	-280.8036	-514.27936	1000.0	-25.604313	9.988201	8.785518	-67.64337	352000	0.018066548	449.4878	-0.0014514364	-156.02371	5.4526043	0.0006506664	372.78175711631775
88	-287.6614	80.16072	-158.85408	-377.90073	1000.0	-29.90429	12.9693575	12.434177	-75.523315	356000	-0.00090475846	249.3099	-0.0031999322	-96.085175	5.46529	0.00018900508	376.8646547794342
89	-251.80373	47.54556	-179.03708	-297.09552	1000.0	-22.186909	8.1048155	-6.13692	-63.432934	360000	-0.020484664	133.3505	-0.0023258608	-27.709808	5.421588	0.00048288333	381.1394519805908
90	-223.76233	45.61228	-180.70818	-291.65604	1000.0	-21.044806	6.137426	19.841139	-67.23147	364000	-0.04703476	119.76796	-0.0011276156	-21.009766	5.46753	0.0003271904	385.6055655479431
91	-293.63278	39.83965	-254.04181	-350.77145	1000.0	-22.560926	9.039673	32.72447	-67.241005	368000	-0.017654663	132.50325	-0.0003295429	-39.754578	5.4369454	-0.00027645362	389.81892704963684
92	-225.59439	42.35186	-156.55328	-271.02356	1000.0	-22.936125	4.8796186	2.2511258	-52.8028	372000	-0.07826901	109.13215	-0.0018026903	-28.751488	5.4731164	0.00045401353	394.3571617603302
93	-276.7595	42.62039	-238.51823	-346.88074	1000.0	-20.371681	4.925325	17.746397	-59.60444	376000	-0.067474276	184.51485	-0.0015290976	-74.593506	5.442629	0.0011301239	398.7605941295624
94	-324.26108	93.278656	-202.72005	-464.9438	1000.0	-26.47895	9.004949	-7.964247	-66.04198	380000	-0.03527563	180.7805	-0.0018824525	-54.241013	5.4358644	0.0014823232	403.23494577407837
95	-316.0987	187.83386	-195.36853	-641.158	1000.0	-31.293758	14.738188	27.39774	-74.21928	384000	-0.05210608	259.6226	-0.0013702251	-84.48865	5.421892	-0.00021638858	407.92602586746216
96	-290.59818	43.856586	-234.4687	-341.5299	1000.0	-22.583626	14.146944	-9.7492285	-75.55506	388000	-0.020627968	208.7072	-0.0017234348	-68.553635	5.4129434	0.000448759	412.62870168685913
97	-211.35664	62.640957	-167.89186	-318.75208	1000.0	-22.637236	6.7454443	5.6492453	-71.19886	392000	-0.03495442	161.63147	-0.0012710728	-62.113968	5.478038	0.00035223918	417.4803817272186
98	-295.24042	95.08606	-198.99931	-451.93756	1000.0	-21.016245	7.3444767	18.253206	-67.257385	396000	-0.062089927	299.1863	-0.0014472306	-108.63159	5.446959	1.51698e-05	422.17395520210266
99	-276.67892	69.54565	-172.02153	-353.54306	1000.0	-24.585287	11.99144	35.114525	-73.431915	400000	-0.038116667	130.721	-0.00153023	-35.630028	5.407357	-0.00032855725	426.932496547699
100	-224.4212	69.77882	-147.82516	-294.19217	1000.0	-20.802946	8.043558	-3.7873454	-69.39659	404000	-0.092142865	122.87081	-0.0017567575	-27.098915	5.448919	0.00011683655	432.24556016921997
101	-267.65973	72.62695	-151.11021	-346.8966	1000.0	-21.560556	7.7566037	12.544718	-57.28594	408000	0.0016583538	165.18304	-0.0017755509	-32.132843	5.4302588	-0.00028988952	437.0089621543884
102	-249.44083	74.122856	-137.40935	-335.5834	1000.0	-21.734732	7.977213	-2.5035245	-60.32216	412000	-0.041055176	150.15953	-0.0016417764	-32.0222	5.4860897	0.00036022073	441.83403635025024
103	-238.1253	60.302635	-158.89978	-302.3824	1000.0	-21.558903	8.683498	15.132155	-64.50717	416000	-0.060926843	162.45876	-0.0012768991	-44.58757	5.446487	0.0003608992	446.4877562522888
104	-233.75122	81.27262	-103.54077	-302.84848	1000.0	-18.608492	8.804955	14.510225	-64.52006	420000	-0.043615054	144.5996	-0.0016777441	-33.197487	5.4168963	-0.00016129011	451.1921374797821
105	-170.34012	23.600725	-136.6047	-202.7383	1000.0	-18.450598	5.740589	10.480234	-59.818718	424000	-0.040505465	107.17124	-0.0018160194	-39.051056	5.434034	0.0005664531	455.85971760749817
106	-201.74799	68.75565	-94.610855	-273.47824	1000.0	-16.074457	6.100982	13.3765	-51.089317	428000	-0.041084275	231.71931	-0.0019319467	-71.968155	5.4106197	0.0011158527	460.7224974632263
107	-253.40225	100.72318	-128.55722	-409.45065	1000.0	-16.769005	9.162961	11.313928	-64.4638	432000	-0.07869007	199.02544	-0.0023221597	-78.02791	5.3967657	0.0010081966	465.43726420402527
108	-273.10532	181.52179	-150.29417	-585.6303	1000.0	-25.385805	13.164252	16.999466	-66.40288	436000	-0.061302345	209.85497	-0.0017649941	-71.16728	5.478551	0.0004103343	470.2454442977905
109	-212.07709	40.03658	-146.59543	-246.87073	1000.0	-18.137207	10.26226	17.275953	-62.28026	440000	-0.06193202	220.90443	-0.0010300279	-125.375374	5.4448013	0.00019510418	475.10014247894287
110	-222.14142	55.22194	-160.01826	-311.404	1000.0	-19.866941	6.370592	26.851757	-52.556488	444000	-0.075231336	155.0055	-0.0008659065	-75.48915	5.4571075	0.00041322655	480.4202136993408
111	-227.02516	99.58838	-135.17351	-395.08502	1000.0	-20.001575	9.284874	-0.31550944	-57.88927	448000	-0.050372012	119.3441	-0.0009966008	-31.846992	5.395926	0.00044188325	485.11601066589355
112	-171.74858	58.753906	-83.490036	-248.85088	1000.0	-19.66649	10.067542	3.6825452	-60.706226	452000	-0.08039578	121.3546	-0.0013226196	-50.53077	5.3643136	-0.0004420786	489.9342670440674
113	-174.78415	53.868965	-119.67625	-237.20886	1000.0	-13.095072	6.68217	16.970442	-48.29178	456000	-0.029288655	104.15048	-0.0014825892	-22.465843	5.4064097	-0.00016093695	494.5327606201172
114	-173.19705	29.052462	-139.07019	-218.2239	1000.0	-14.960844	4.456697	23.15488	-44.45213	460000	-0.06594288	85.94713	-0.0009986982	-23.540333	5.4482255	0.00025395595	499.17882323265076
115	-219.21027	45.400158	-156.12021	-282.4995	1000.0	-15.840469	3.1864324	-0.25367928	-40.39872	464000	0.002350916	180.80382	-0.0010212316	-81.0486	5.480547	0.00065862975	503.43365359306335
116	-195.9253	41.311687	-133.29544	-249.22018	1000.0	-20.296654	8.917593	-6.414036	-53.685287	468000	-0.06182959	155.12909	-0.0020243973	-54.78643	5.4631357	0.001025563	507.5183582305908
117	-248.5416	69.47021	-171.64854	-356.9844	1000.0	-17.347832	7.5625777	2.70036	-52.22021	472000	-0.07337457	206.48755	-0.001834333	-52.74695	5.501039	0.0004616075	511.64862728118896
118	-232.8646	59.503815	-145.09793	-303.84924	1000.0	-23.211624	9.983146	4.5384054	-60.953133	476000	-0.01890745	205.62784	-0.0014847722	-71.56731	5.468209	-0.0001591059	516.1106569766998
119	-158.62822	39.35714	-122.97149	-225.27415	1000.0	-13.921575	7.795621	9.951248	-56.089924	480000	-0.070102744	97.604324	-0.000840351	-44.42536	5.4024463	0.00015796428	520.6107232570648
120	-193.19476	39.378082	-154.27934	-257.32236	1000.0	-13.633746	5.0347342	22.728748	-48.68855	484000	-0.06692635	137.69145	-0.0012752637	-41.85253	5.433162	-0.00021524423	525.369350194931
121	-154.61139	69.707436	-79.40256	-267.2612	1000.0	-17.152328	5.764522	5.116631	-58.342632	488000	-0.03883023	158.82117	-0.0016806349	-66.78448	5.415925	0.0002552098	529.5247008800507
122	-259.48267	153.13446	-108.39745	-471.6457	1000.0	-16.944853	11.687624	12.569175	-60.129253	492000	-0.01952603	543.6251	-0.0018571261	-234.3204	5.4411163	0.0010768584	533.800769329071
123	-150.24554	23.915916	-116.126465	-174.27786	1000.0	-16.430456	10.784859	27.947985	-78.20305	496000	-0.024450669	139.48067	-0.0012815557	-73.17855	5.436628	-0.00017378198	538.2195146083832
124	-287.13544	112.60398	-170.78207	-456.73135	1000.0	-15.846371	9.809889	11.589711	-69.702896	500000	-0.028454455	329.27637	-0.0012179799	-156.42781	5.426344	0.0003391757	542.1730008125305
125	-158.12813	53.690193	-65.84959	-195.09209	1000.0	-18.899538	5.5328736	16.245625	-70.3412	504000	-0.07063829	147.16559	-0.0014100298	-49.31375	5.458427	-8.120257e-05	546.1152954101562
126	-157.05446	61.671432	-81.971405	-251.37268	1000.0	-15.425994	5.614712	15.15149	-59.86179	508000	-0.060611576	159.94597	-0.0017023645	-47.368736	5.4087815	0.0001639018	550.3366532325745
127	-183.47104	62.97288	-116.0309	-260.20102	1000.0	-14.988634	6.5816507	27.66645	-65.98106	512000	-0.06814412	144.7631	-0.0010580495	-36.507706	5.422929	0.0005234121	554.267627954483
128	-187.43275	61.484245	-141.24554	-293.2876	1000.0	-16.97257	8.577672	19.627432	-63.476017	516000	-0.04123828	180.99591	-0.0011566952	-48.38359	5.399004	0.0005427205	558.5457255840302
129	-245.65118	45.308487	-179.62108	-296.26007	1000.0	-18.536804	9.065687	7.6075	-67.52542	520000	-0.122390665	237.17412	-0.0014901534	-104.461975	5.4066024	0.000539438	562.9819195270538
130	-250.8561	108.31154	-147.3833	-421.97607	1000.0	-18.474537	12.869491	20.761112	-67.26975	524000	-0.008879822	178.70287	-0.0010925522	-62.095695	5.4178777	0.00042336338	567.6993124485016
131	-207.55316	60.410564	-116.91911	-287.01263	1000.0	-20.626179	10.414786	13.848531	-67.99778	528000	-0.013704247	203.91283	-0.0013731038	-44.58818	5.4338994	0.00060505106	572.0345413684845
132	-259.05884	128.01358	-109.09013	-459.0517	1000.0	-19.063559	10.647576	3.5673966	-63.912586	532000	-0.06298527	187.65025	-0.0013970733	-57.519638	5.4425054	0.00013063455	575.9323155879974
133	-219.12042	58.024803	-139.67125	-301.52863	1000.0	-21.058098	9.632922	0.4646203	-57.971592	536000	-0.018350134	136.11333	-0.0015516523	-40.614594	5.46513	0.00014258987	580.0305094718933
134	-163.62177	49.71768	-115.30471	-234.63031	1000.0	-16.916737	6.154552	8.335472	-49.69632	540000	-0.0039037247	152.89798	-0.0017934875	-62.421097	5.379591	4.371339e-05	584.5620586872101
135	-201.43565	40.392143	-154.34427	-265.2591	1000.0	-14.231773	4.910641	17.070961	-53.53435	544000	-0.015743727	155.44858	-0.0014700368	-41.566483	5.4343348	0.00071500044	588.5640552043915
136	-167.03456	45.588776	-95.61945	-220.61612	1000.0	-17.192266	7.0370264	33.320084	-54.26116	548000	0.007456089	151.90062	-0.002317951	-45.836807	5.4236484	0.0011862935	592.6127741336823
137	-181.38318	52.7971	-127.55046	-245.27841	1000.0	-14.550628	4.5095353	5.800661	-44.93473	552000	-0.047214527	110.70625	-0.0008425005	-31.24469	5.3775177	0.000861692	596.8633074760437
138	-223.85626	106.3772	-105.51848	-376.18787	1000.0	-15.948201	6.920661	3.0374734	-51.639572	556000	-0.0043619326	161.88417	-0.0009215451	-50.964424	5.4192276	-8.3543004e-05	601.2887370586395
139	-232.1875	61.037365	-161.36911	-320.40887	1000.0	-21.058382	10.308428	4.3835316	-69.09205	560000	-0.032463558	165.71216	-0.0019494444	-52.502098	5.383874	0.00054802437	605.5327336788177
140	-173.17255	21.895824	-147.88255	-207.43208	1000.0	-18.201616	6.884293	9.842399	-67.18194	564000	-0.04528834	116.598694	-0.0013873056	-42.96756	5.3779035	-0.00037974436	610.3179161548615
141	-201.92075	51.389896	-139.87936	-282.4712	1000.0	-14.7855	4.535936	8.201809	-43.52111	568000	-0.07043468	190.73956	-0.0012990162	-68.971176	5.3968105	0.00015892995	614.3322842121124
142	-178.3515	95.608406	-97.21605	-341.0201	1000.0	-17.669159	8.525893	-4.2449985	-57.92902	572000	-0.068314895	176.97307	-0.0012777895	-52.254837	5.4041796	-0.00020739544	618.5034110546112
143	-193.06303	80.14559	-115.27949	-327.1837	1000.0	-17.988949	10.300986	9.578134	-65.59117	576000	-0.012296165	179.84456	-0.0015636254	-48.520935	5.4155636	0.00076639163	622.7889184951782
144	-219.41989	96.19591	-152.21144	-384.03217	1000.0	-19.420609	11.489923	15.36012	-72.703636	580000	-0.01834284	220.14209	-0.00292195	-66.09802	5.3462334	0.00063093804	626.6602849960327
145	-215.07965	64.03252	-127.135216	-285.57584	1000.0	-18.444191	11.040842	10.464044	-63.45578	584000	0.0002014618	246.0419	-0.0018681888	-83.602646	5.415209	-0.0003465716	630.967579126358
146	-199.65802	46.37639	-158.5803	-276.45526	1000.0	-16.685528	6.2511845	20.946724	-62.52393	588000	-0.05929937	221.88582	-0.0016005263	-81.23488	5.40063	0.0010643282	635.2362382411957
147	-225.71675	56.683098	-158.5847	-303.99475	1000.0	-19.565203	11.634192	41.238754	-73.86625	592000	-0.05588655	238.6041	-0.0003022626	-95.46178	5.3838954	0.000696259	639.5156316757202
148	-185.19582	72.08746	-128.26173	-307.26376	1000.0	-17.142982	7.5671315	9.263767	-63.009502	596000	-0.02271222	188.0215	-0.0013416763	-48.154068	5.4126916	-0.00040140946	643.9942629337311
149	-168.92177	47.9322	-127.912636	-250.59167	1000.0	-16.766268	9.460625	20.793823	-68.58867	600000	-0.038982324	147.57275	-0.0019080415	-44.80233	5.3669004	0.00086683815	648.3192255496979
150	-188.08858	104.69279	-59.64578	-345.12106	1000.0	-15.707897	8.192241	13.702242	-64.08516	604000	-0.016655937	154.95993	-0.0015552714	-49.241432	5.4322276	0.00035964756	652.9686036109924
151	-107.38063	48.60035	-62.286026	-189.38383	1000.0	-15.3431015	10.295361	15.74619	-63.74383	608000	-0.0052847913	229.75507	-0.000739899	-122.421074	5.381782	-7.7899276e-05	657.0390570163727
152	-131.42526	36.649345	-80.06323	-170.98683	1000.0	-9.71794	5.417163	17.703747	-47.51963	612000	-0.071064375	101.91831	-0.0017750636	-32.01716	5.431072	0.0002988137	661.0484352111816
153	-152.8358	90.494514	-71.90243	-303.33752	1000.0	-12.982667	5.689051	12.700136	-43.259953	616000	-0.034543395	196.03682	-0.0013886988	-72.01887	5.3389034	0.0002852623	665.3606207370758
154	-189.77805	94.10065	-96.67679	-333.59958	1000.0	-13.000338	7.9581227	13.7701	-61.008873	620000	-0.034615546	190.2654	-0.0012384132	-69.06082	5.41237	0.000121610225	669.8377170562744
155	-196.7385	99.73629	-113.670395	-366.75522	1000.0	-17.099594	9.815924	-1.166728	-57.83614	624000	-0.054022823	114.61571	-0.0015389286	-31.346657	5.389333	0.0009504635	674.1217181682587
156	-283.88214	117.57286	-96.51113	-420.04486	1000.0	-21.217234	13.533168	-2.9763699	-65.46865	628000	-0.023741866	332.5354	-0.002191512	-120.07803	5.4174633	0.0004619711	678.6475880146027
157	-165.8018	56.996452	-93.17453	-252.64406	1000.0	-20.252773	16.359257	5.107076	-74.72599	632000	-0.040160574	214.65291	-0.001528915	-121.27792	5.372165	-0.00019583135	683.0510540008545
158	-238.76633	128.03394	-140.13005	-454.41922	1000.0	-15.703677	12.250083	7.5913105	-62.43938	636000	-0.027970782	352.76694	-0.0018104296	-113.087875	5.420467	0.0007841834	687.2889602184296
159	-120.04888	28.25931	-85.75097	-154.4	1000.0	-12.6216955	8.401055	11.462921	-66.62846	640000	-0.06742187	114.449295	-0.00030070543	-50.763603	5.413494	0.0005042413	691.4421098232269
160	-168.97926	146.47943	-16.88642	-375.35004	1000.0	-12.252449	8.350496	24.03899	-66.677216	644000	-0.043198235	358.94562	-0.0012072437	-162.86623	5.3685	2.7338863e-06	696.0572233200073
161	-170.2573	72.37589	-104.64759	-291.76477	1000.0	-13.707175	14.248182	22.843908	-75.049164	648000	-0.0050510406	232.01022	-0.0014557019	-110.78677	5.383434	0.00072621263	700.326085805893
162	-226.8713	137.60239	-63.638966	-381.4319	1000.0	-17.065243	8.856908	14.634908	-59.78104	652000	-0.02866631	260.8438	-0.0012275912	-138.25148	5.374581	0.00024647714	704.563068151474
163	-222.43352	74.26886	-127.22127	-326.96198	1000.0	-17.546732	14.144106	-0.5636961	-59.699505	656000	-0.013520441	240.8528	-0.0017276006	-87.46747	5.346486	6.562322e-05	708.6078584194183
164	-150.1668	96.51549	-12.166209	-254.9306	1000.0	-14.873519	10.743905	3.2779288	-59.35965	660000	-0.0066012726	166.85863	-0.0020249751	-44.944756	5.364572	0.00013496929	713.1442313194275
165	-206.57889	175.9708	-22.968918	-494.55307	1000.0	-15.330134	11.174204	16.314493	-54.615364	664000	-0.029058427	338.84143	-0.0016456451	-101.613266	5.353505	0.00033214505	717.3082156181335
166	-150.28223	77.5578	-47.594894	-266.00055	1000.0	-18.022394	12.812087	26.194221	-65.70857	668000	-0.017577522	250.58165	-0.0014311001	-80.21629	5.4230394	0.00114188	721.2996773719788
167	-230.37282	115.8083	-117.02914	-412.04843	1000.0	-14.760185	10.686829	6.227562	-57.05188	672000	-0.06544998	217.72984	-0.0015099347	-86.129944	5.41158	0.00026946503	725.4745976924896
168	-128.40506	23.233112	-106.45282	-167.43193	1000.0	-12.649969	7.7531815	6.672511	-55.98959	676000	-0.0840054	119.528046	-0.0015551075	-51.43637	5.4376254	-2.4822413e-05	729.6985051631927
169	-233.51472	148.76933	-108.45941	-473.58582	1000.0	-15.505394	10.170631	14.335039	-61.501133	680000	-0.018537667	299.83582	-0.0007608365	-124.28792	5.3774996	7.971591e-05	733.7258279323578
170	-199.25812	110.344475	-65.879486	-360.25528	1000.0	-20.067692	12.604928	11.894163	-64.9367	684000	-0.01732842	200.83937	-0.0010664407	-68.84459	5.37905	0.00021412903	738.6973333358765
171	-94.67477	67.829796	-1.3281918	-191.84122	1000.0	-11.827751	11.196539	4.808949	-60.75981	688000	-0.051984854	156.95401	-0.0015044101	-51.185165	5.3920565	-0.0008760196	742.9902148246765
172	-245.88113	74.50001	-161.6768	-359.89108	1000.0	-14.126931	11.296814	12.907935	-52.5869	692000	-0.045094777	297.11755	-0.001434803	-100.67456	5.4022803	2.1544576e-05	746.8769600391388
173	-134.02762	118.41296	-50.904068	-336.68878	1000.0	-14.729168	10.819245	-1.9899341	-57.59101	696000	-0.032562148	226.40672	-0.0014063865	-68.84071	5.4040446	-7.572251e-05	750.7920579910278
174	-164.69589	142.24936	-21.505648	-398.3039	1000.0	-15.0513735	10.749489	27.476057	-63.4697	700000	-0.10245399	314.9748	-0.0013767555	-79.562515	5.420129	0.00037785704	755.4029395580292
175	-140.53842	99.44612	10.552863	-233.18326	1000.0	-13.740689	12.365358	17.587244	-66.124664	704000	-0.047624305	206.92236	-0.0014090389	-58.726624	5.339093	-7.463575e-05	759.4600837230682
176	-186.28706	82.68759	-61.49602	-291.14056	1000.0	-15.120681	15.067407	23.38317	-63.290604	708000	-0.04756809	256.15033	-0.0015528128	-85.63898	5.3984246	0.00024981034	763.8485929965973
177	-284.43286	137.01207	-113.39076	-481.33658	1000.0	-19.629515	13.960569	6.4302473	-65.03029	712000	-0.07626897	316.42825	-0.0024301186	-104.44643	5.3825254	0.0005166187	767.9063608646393
178	-144.09276	54.106514	-75.02057	-222.50365	1000.0	-17.891083	11.629719	16.169138	-65.09986	716000	-0.042099085	174.8814	-0.0012873597	-71.52084	5.4123044	0.00023717147	772.0214347839355
179	-117.87186	64.43534	-38.438644	-190.78664	1000.0	-14.326684	10.162464	6.068512	-52.583485	720000	-0.09044349	227.2192	-0.0020737797	-69.635376	5.36416	0.00074345525	776.498920917511
180	-175.23712	59.27501	-109.40343	-266.97147	1000.0	-10.280756	10.754466	9.517901	-59.43437	724000	-0.05787944	197.8115	-0.001969099	-70.96417	5.3654037	0.00044096308	781.3103606700897
181	-196.38025	67.146774	-102.090866	-280.1137	1000.0	-17.069944	13.5337105	11.287726	-60.427814	728000	-0.079014614	229.72765	-0.0028372407	-67.12305	5.3836546	0.0010961142	785.5595395565033
182	-151.49161	108.919464	-8.886478	-313.88513	1000.0	-17.582869	11.959133	3.969899	-57.292274	732000	-0.045746934	215.25238	-0.0016634092	-61.929367	5.3621564	0.00079977955	790.2069461345673
183	-156.06148	138.99963	23.387333	-304.88217	1000.0	-12.032888	10.97447	7.713387	-51.876156	736000	-0.07232294	230.69592	-0.0015140176	-85.39191	5.320543	0.00075501215	794.3835244178772
184	-133.81497	23.46435	-98.050705	-162.78592	1000.0	-9.045257	12.838436	5.13163	-61.43617	740000	-0.079741806	217.85576	-0.0017216355	-93.083694	5.426671	0.0011911032	798.7841670513153
185	-214.02185	140.66612	-70.12434	-396.16907	1000.0	-17.883118	11.643332	15.888795	-54.01748	744000	0.0033837652	387.48386	-0.001853837	-150.51971	5.358202	0.00057374727	802.7594242095947
186	-206.51053	88.18866	-98.873795	-342.7315	1000.0	-16.328669	13.132311	7.7778883	-62.346687	748000	-0.096531026	227.7633	-0.0012129471	-63.361954	5.3783746	0.00033786835	806.9881916046143
187	-118.55462	39.190052	-59.548912	-161.88226	1000.0	-12.125303	11.413071	4.3791485	-59.77853	752000	-0.0010163613	107.05305	-0.0016162262	-44.174564	5.381661	-0.000118148324	810.8621985912323
188	-124.25126	18.908716	-95.65337	-147.1013	1000.0	-10.09725	8.914204	8.820109	-56.931995	756000	-0.062478255	110.50424	-0.0021968968	-22.432884	5.41363	0.0011909051	815.0095670223236
189	-65.369095	17.135931	-51.427658	-94.44987	1000.0	-7.4375606	7.488457	6.2516203	-43.531067	760000	-0.042706754	124.4483	-0.0017321035	-58.167816	5.361268	0.00011622172	819.2556841373444
190	-105.35631	68.86642	-13.494112	-199.4838	1000.0	-6.5248623	5.8709736	25.828995	-38.914783	764000	-0.02305378	189.37788	-0.0015207585	-66.98579	5.3233476	0.0001844954	824.0345757007599
191	-87.42538	71.98066	22.233711	-174.05966	1000.0	-7.8866444	7.1090207	25.200012	-52.456604	768000	-0.034705557	164.87769	-0.00036689267	-47.768044	5.3761287	0.0005096983	828.6107800006866
192	-159.17087	77.5748	-90.496506	-289.6071	1000.0	-8.544295	9.763892	18.18775	-52.317844	772000	-0.027376246	182.21762	-0.0019865297	-78.13195	5.3459997	-0.00043696995	833.0376417636871
193	-138.76778	34.34589	-111.42253	-195.72054	1000.0	-12.218972	10.488925	5.333129	-50.07627	776000	-0.02962663	132.52632	-0.0010841694	-27.588318	5.3739147	0.0004834017	837.517153263092
194	-148.72333	81.27382	-36.527805	-249.56725	1000.0	-14.910919	11.167811	8.016738	-53.77548	780000	-0.025157202	308.2966	-0.000955347	-113.60579	5.353377	-0.00013689674	841.6895384788513
195	-229.8189	187.98625	-34.462276	-518.60254	1000.0	-14.710727	11.768826	18.279362	-58.29893	784000	0.021936027	411.4715	-0.0010748915	-156.30052	5.3826613	0.0001119203	846.0303020477295
196	-97.81963	95.88338	-3.4416528	-242.35028	1000.0	-13.522124	13.584931	9.543995	-66.03502	788000	-0.06803133	238.26285	-0.0014112741	-86.36537	5.429695	0.00013145286	850.4819731712341
197	-208.30763	132.36931	-28.851551	-397.62924	1000.0	-14.409273	13.089016	13.138279	-58.94226	792000	-0.032060374	326.66864	-0.0012012832	-101.03496	5.3883896	0.0007438239	854.7179834842682
198	-125.22592	45.74855	-53.48618	-180.252	1000.0	-10.079359	12.300328	3.959156	-65.55468	796000	-0.11857634	136.41568	-0.0007967204	-48.118874	5.3370805	0.00036686956	859.0434110164642
199	-85.74956	43.621983	-55.06172	-160.67822	1000.0	-9.3053875	6.861823	8.526467	-48.919914	800000	-0.08290674	137.01575	-0.0015780851	-43.033806	5.356831	0.0005417074	863.2495696544647
200	-58.336063	58.81173	15.0352	-119.855125	1000.0	-7.103759	5.056807	18.473038	-45.158394	804000	-0.01589247	108.91603	-0.0012234971	-26.092186	5.3677545	0.0006883339	868.2458040714264
201	-125.244736	28.363472	-104.20349	-173.34525	1000.0	-6.322666	6.2565684	14.134115	-44.038475	808000	-0.09670547	145.59927	-0.0013755411	-42.167725	5.3387127	0.00051655754	872.3639998435974
202	-52.55314	30.146542	-28.642704	-103.10779	1000.0	-9.586875	5.237279	16.351503	-39.81801	812000	-0.03174204	160.48581	-0.0013355836	-72.59512	5.3396664	0.00022605526	876.6500406265259
203	-88.29307	30.11999	-47.766415	-125.2256	1000.0	-4.6683455	5.2858024	23.94054	-40.766487	816000	-0.081464946	121.76855	-0.0014401898	-40.178604	5.340666	0.00037001152	880.7976541519165
204	-142.38376	59.675877	-48.658775	-202.63121	1000.0	-8.829389	5.8020277	13.403534	-44.884132	820000	-0.009386998	301.6691	-0.0010376144	-155.70427	5.3415766	0.0001487456	885.0162916183472
205	-170.01097	160.03232	-29.521755	-426.3328	1000.0	-12.704805	13.069597	4.6118646	-58.09772	824000	-0.07638119	289.50742	-0.0016047359	-65.36084	5.3733063	-0.00019145435	889.2924337387085
206	-139.77342	121.50545	18.083918	-322.94553	1000.0	-10.3734665	12.112841	10.263666	-57.23971	828000	-0.07590125	242.93094	-0.0016352907	-59.477295	5.391613	0.0005236453	893.5089972019196
207	-244.4038	160.52005	-77.87505	-460.15622	1000.0	-20.120642	15.429479	14.482999	-73.071266	832000	-0.073451884	423.9409	-0.0016827583	-128.70822	5.297632	0.0010688456	897.9104964733124
208	-137.51488	102.66739	-28.530716	-283.57678	1000.0	-13.489744	12.917666	7.6523566	-68.15467	836000	-0.014704666	133.6062	-0.0011689821	-31.555122	5.3706455	-0.00043719143	902.2199020385742
209	-91.62459	98.27431	35.405476	-239.12361	1000.0	-10.393389	9.983385	10.655097	-62.529675	840000	-0.049944114	171.66891	-0.0013376698	-46.241898	5.341664	-0.00034694988	906.2635724544525
210	-309.51523	129.09372	-179.9279	-459.76398	1000.0	-17.829964	13.539245	12.585179	-59.130894	844000	-0.13642637	477.03888	-0.001750201	-237.62157	5.3643427	0.00037604105	911.3818118572235
211	-111.75851	114.282166	-9.387967	-295.86835	1000.0	-18.082777	17.366583	0.8672926	-67.01822	848000	-0.061381143	305.83072	-0.0017480813	-138.16386	5.3424764	0.00019319534	915.8545968532562
212	-150.16661	87.712555	-24.606325	-271.29065	1000.0	-11.851513	12.254303	21.878288	-53.15188	852000	-0.038384918	187.85818	-0.0016026907	-49.277527	5.3338485	5.366975e-05	919.8770499229431
213	-87.115875	51.455124	-25.580246	-167.4205	1000.0	-10.322694	8.245346	6.654531	-49.30568	856000	-0.016383117	171.31215	-0.001332486	-54.074158	5.381665	0.00066085317	924.3847777843475
214	-82.023605	120.45618	70.01956	-261.89142	1000.0	-6.9797273	7.1795545	16.709846	-47.84673	860000	-0.04163306	273.9669	-0.001529228	-89.9397	5.3344045	0.000244485	928.5670835971832
215	-72.31269	100.889145	38.054844	-230.04482	1000.0	-7.597983	9.511496	45.90586	-53.142014	864000	-0.035901543	211.87822	-0.0010944605	-64.17349	5.374858	0.0005113405	932.8232777118683
216	-107.367165	42.86325	-51.271202	-171.85909	1000.0	-6.2208204	11.455722	35.896572	-63.37209	868000	0.004729462	283.37823	-0.0020829488	-112.12915	5.3962383	0.00043220256	937.0381677150726
217	-161.52904	119.42143	-28.606304	-324.07486	1000.0	-14.323479	12.191488	11.958265	-57.68961	872000	-0.0626003	199.15146	-0.0014151707	-55.209427	5.3512244	0.0004083805	941.4646806716919
218	-82.76712	80.28192	29.979874	-183.97986	1000.0	-10.683946	11.213295	15.912178	-54.39163	876000	-0.074794725	232.84329	-0.0012538433	-63.16748	5.350946	0.00052512524	945.9325196743011
219	-26.166176	54.197144	61.93288	-84.68757	1000.0	-3.6013842	7.9183536	14.832605	-45.24085	880000	-0.015476605	148.3162	-0.0014296286	-42.302795	5.2947326	0.0008749504	950.4215085506439
220	-153.01138	119.02994	19.578262	-294.48434	1000.0	-4.2148867	8.985742	23.883623	-50.66831	884000	-0.017671397	316.99008	-0.0013127737	-120.68387	5.312857	0.0010438678	955.3184332847595
221	-138.36533	91.12405	-21.390648	-237.81581	1000.0	-12.895086	12.555893	25.65086	-56.77205	888000	-0.04052636	283.0873	-0.0005117357	-70.15048	5.337854	-0.00043925893	959.6401526927948
222	-53.6553	54.736626	3.36636	-124.03542	1000.0	-6.453658	7.3697815	9.847083	-51.936905	892000	-0.08132194	109.84937	-0.0018106177	-27.709557	5.322751	0.00039551264	964.0497677326202
223	-80.93723	120.101204	36.069202	-282.0858	1000.0	-5.5191483	8.01245	21.692327	-50.178905	896000	0.01564402	196.51411	-0.0015296852	-77.81801	5.3354034	0.0002791182	968.5613105297089
224	-110.78918	110.12042	20.449245	-233.73257	1000.0	-9.896484	14.185326	12.260309	-54.09938	900000	-0.006890478	185.94287	-0.0018873862	-43.62201	5.317878	0.00035425878	973.0525999069214
225	-139.1839	138.98056	24.653357	-340.4188	1000.0	-9.519166	13.576536	13.927358	-51.434204	904000	-0.04443341	381.99557	-0.0010253452	-86.60886	5.3426905	0.00047314496	977.2957079410553
226	-132.32726	122.03799	14.913521	-289.91058	1000.0	-12.234869	15.947102	13.926014	-62.01034	908000	-0.0114889275	285.9422	-0.0010233298	-70.13637	5.3476567	0.00022832662	981.7398626804352
227	-136.48216	49.47853	-80.59311	-197.34244	1000.0	-10.1559	14.275051	12.865997	-55.35079	912000	-0.08188075	166.48488	-0.001421012	-63.28022	5.331475	-0.00026729036	986.1609649658203
228	-51.737263	55.37313	20.219181	-135.26826	1000.0	-6.5920844	8.020868	14.577814	-49.37797	916000	-0.05076342	141.88933	-0.0017527305	-41.54415	5.3512344	0.00047390693	990.3945181369781
229	-75.570595	139.56409	83.75965	-288.08417	1000.0	-4.1012197	7.1125283	13.962169	-48.45429	920000	-0.06834854	306.84744	-0.0011515096	-113.77043	5.3447804	-6.410122e-06	994.2395753860474
230	-86.285995	119.57189	-4.3959894	-292.0635	1000.0	-8.491019	13.673607	27.69193	-62.5933	924000	-0.09173171	222.22572	-0.0015702397	-66.8555	5.289291	0.00035637122	999.6510326862335
231	-67.527306	73.68434	48.80713	-133.031	1000.0	-5.609362	10.639106	15.200565	-51.925426	928000	-0.047646057	148.46423	-0.0009567179	-37.62953	5.3152647	0.00013477654	1004.1222457885742
232	-81.148346	32.17387	-32.496124	-117.9887	1000.0	-4.7437415	9.291292	17.183186	-48.257343	932000	-0.085678704	219.26128	-0.0016928166	-68.331375	5.353303	0.0008792726	1008.3960943222046
233	-173.98196	144.7584	-16.373247	-407.64743	1000.0	-12.137188	15.223613	14.710459	-56.86172	936000	-0.08189577	262.63528	-0.00080705434	-94.18724	5.3060937	-2.4874926e-05	1012.9582388401031
234	-72.56397	69.22784	4.733475	-175.92445	1000.0	-4.6271386	12.378516	14.508793	-47.1951	940000	-0.030967595	183.89307	-0.001985399	-72.114944	5.3479133	0.0003816129	1017.3270065784454
235	-99.46798	90.473854	7.0718675	-241.25055	1000.0	-7.8829894	8.311734	12.947839	-43.885784	944000	-0.058697585	138.31744	-0.0015173815	-36.871803	5.3165264	-0.00010423392	1021.6744647026062
236	-97.161835	56.07929	-5.802822	-150.17918	1000.0	-10.033422	10.8661785	9.191995	-45.58588	948000	-0.0027100754	271.7544	-0.0023234158	-73.37192	5.320882	4.5502184e-06	1025.7756307125092
237	-53.253716	79.26786	10.7642975	-187.66249	1000.0	-5.744289	10.2817335	18.850084	-55.085415	952000	-0.07785174	154.93938	-0.0012179017	-42.58738	5.2966123	1.641065e-05	1030.1113770008087
238	-100.58746	97.40947	52.119766	-218.88277	1000.0	-3.6233594	9.412092	20.261005	-40.94082	956000	-0.11185957	259.60327	-0.002577439	-75.15515	5.371573	0.00089867355	1034.7010219097137
239	-29.335514	95.25912	80.23423	-136.25638	1000.0	-5.5801177	11.855712	13.957339	-51.699352	960000	-0.06810812	258.796	-0.0011505038	-88.74046	5.2608876	0.0012361619	1038.8615355491638
240	28.064644	47.583668	95.052284	-37.0706	1000.0	2.4396389	8.218233	33.9707	-49.43919	964000	-0.06122731	117.40599	-0.0013168268	-43.123283	5.2946787	0.001225815	1043.7162232398987
241	-84.40639	125.55014	18.998875	-294.10162	1000.0	-0.57557386	10.32622	39.036358	-45.614277	968000	-0.038307264	315.3965	-0.0012589283	-145.07773	5.2718544	0.000786796	1047.9153213500977
242	-30.460686	164.07187	131.84724	-300.09854	1000.0	-3.2893057	12.725897	16.092876	-54.51587	972000	-0.052326635	235.30779	-0.0010021143	-56.57213	5.354223	0.00026976364	1052.2928895950317
243	-124.06362	129.51448	4.3398485	-310.1396	1000.0	-7.6434207	17.395794	19.124437	-63.295513	976000	-0.053869784	307.96518	-0.00083728135	-79.08197	5.3221326	0.00026063842	1056.580538034439
244	-59.085503	67.6133	31.038248	-157.57303	1000.0	-2.9695802	14.735699	13.273206	-60.259136	980000	-0.051930863	172.40388	-0.001722537	-60.812943	5.3242335	0.0004354536	1060.707219839096
245	-69.787	123.522285	27.29934	-281.8187	1000.0	-4.953031	11.77238	18.061504	-49.03626	984000	-0.05718136	237.91016	-0.0020279773	-65.58362	5.3171816	0.00034092026	1064.9331967830658
246	-38.64972	97.971954	57.243073	-167.96217	1000.0	-2.671265	12.350585	14.995172	-52.65216	988000	-0.08196838	152.74332	-0.001251474	-41.48678	5.338656	3.0326843e-05	1069.3117191791534
247	-275.91388	147.65001	-30.812456	-395.39203	1000.0	-11.941992	11.96913	16.844812	-47.334637	992000	-0.055068552	508.04108	-0.0020500459	-269.83582	5.3057313	0.00057370414	1073.4625627994537
248	-73.53104	112.761635	18.596176	-266.3612	1000.0	-13.764164	18.724241	8.020064	-62.841736	996000	-0.050082665	280.47076	-0.0014337637	-123.97583	5.2435427	0.0006781405	1077.7377345561981
249	-157.25285	158.6213	99.64884	-323.4944	1000.0	-7.134559	16.292292	16.812227	-53.25302	1000000	-0.00588467	417.55814	-0.0015337523	-150.73694	5.295832	0.00028779995	1082.6646475791931
