Epoch	AverageEpRet	StdEpRet	MaxEpRet	MinEpRet	AverageTestEpRet	StdTestEpRet	MaxTestEpRet	MinTestEpRet	EpLen	TestEpLen	TotalEnvInteracts	AverageQ1Vals	StdQ1Vals	MaxQ1Vals	MinQ1Vals	AverageQ2Vals	StdQ2Vals	MaxQ2Vals	MinQ2Vals	AverageVVals	StdVVals	MaxVVals	MinVVals	AverageLogPi	StdLogPi	MaxLogPi	MinLogPi	LossPi	LossQ1	LossQ2	LossV	Time
1	-296.1957	86.9816	-177.8451	-397.23883	-42.322865	6.501068	-31.282824	-51.45034	1000.0	1000.0	5000	5.8231387	4.6221876	30.595842	-3.727156	5.8232174	4.622316	30.475508	-3.548014	6.685382	4.74349	32.57847	-9.681	-2.5185041	2.3978846	63.84025	-14.193746	-6.918704	0.11462484	0.11538666	0.2317845	39.91137742996216
2	-317.28726	62.923786	-220.65578	-417.81073	-268.34058	55.62198	-190.62094	-380.5405	1000.0	1000.0	10000	24.16211	11.500819	70.44806	1.1399046	24.161913	11.500718	70.74494	1.087678	25.74659	12.003993	77.53546	2.7495327	0.08054198	3.6754391	28.01757	-16.213436	-26.41095	0.34304997	0.35167906	0.70952034	79.19076538085938
3	94.230446	393.11722	649.6704	-470.24872	1122.5581	29.729149	1167.3645	1073.8591	1000.0	1000.0	15000	41.384495	14.903091	81.61232	13.068546	41.384678	14.903044	82.36423	13.025911	42.23827	14.99124	81.84412	14.766766	-1.1516664	2.9864573	33.50341	-14.788938	-42.987514	0.48527303	0.48883507	0.91848254	122.5005955696106
4	994.1041	166.06242	1268.3381	798.7942	2350.3423	114.4597	2591.956	2151.3076	1000.0	1000.0	20000	48.00175	16.333347	90.8876	17.430965	48.00201	16.3335	89.4185	17.765007	48.593056	16.155846	88.45202	19.006577	-1.5771625	2.6275585	25.431168	-15.127386	-49.23035	0.44126064	0.430692	0.75415695	165.55184483528137
5	1893.1019	240.9104	2268.349	1673.9875	2669.7712	225.83272	3039.4402	2304.6077	1000.0	1000.0	25000	59.241856	20.809977	119.653854	20.746262	59.241745	20.809538	120.75807	21.176996	59.825462	20.516315	120.13403	22.37804	-0.90416515	2.9165244	26.796122	-13.909939	-60.510292	0.6190263	0.63380766	0.99537754	208.9587960243225
6	2709.603	295.0649	3213.0178	2400.2205	3104.7654	857.9086	3478.2148	550.19586	1000.0	1000.0	30000	77.98863	29.808048	159.77896	22.99442	77.98892	29.808136	160.32231	23.384842	78.62456	29.39435	160.04811	23.99173	0.1122783	3.3843915	29.003124	-16.916294	-79.45385	1.090794	1.1016519	1.5963913	251.54427337646484
7	2570.0913	1006.6855	3126.2468	558.0475	3833.5918	180.08708	4068.8718	3486.771	1000.0	1000.0	35000	101.809135	39.43978	188.67146	23.971268	101.80944	39.439896	189.51321	24.100243	102.45339	38.911877	189.6425	24.956135	0.9122962	3.6818485	32.474632	-13.822794	-103.40208	1.5418358	1.5382812	2.2018707	293.9897515773773
8	3536.2976	99.54452	3665.1487	3382.5403	4155.427	114.546715	4354.6216	3964.9866	1000.0	1000.0	40000	124.385994	48.718475	218.53606	24.187302	124.38605	48.718143	219.43443	24.540766	124.97227	48.152058	215.59503	25.496248	1.3943282	3.9270973	34.023346	-13.909748	-126.0136	1.891518	1.9016494	2.7071924	336.686963558197
9	3663.177	212.61563	3852.373	3282.2905	4221.0796	280.8281	4503.2163	3575.8132	1000.0	1000.0	45000	148.39386	55.651325	244.73445	24.133017	148.39415	55.651047	243.60362	22.380495	148.90175	55.02299	244.7968	24.970251	1.7384211	4.027799	33.47459	-12.944885	-149.99268	2.1301708	2.122826	2.9645698	379.4915041923523
10	4036.4194	193.81348	4257.1963	3820.709	4721.691	74.94827	4847.982	4589.129	1000.0	1000.0	50000	170.9729	61.11602	275.58588	24.483955	170.97342	61.11606	276.11346	23.8605	171.4088	60.454823	274.73727	25.18784	2.0603306	4.132642	32.52506	-14.988218	-172.5299	2.3963144	2.371946	3.2900574	422.8073766231537
11	4288.7803	144.4289	4467.9497	4061.3086	4903.5576	78.59939	5008.29	4762.2383	1000.0	1000.0	55000	191.96497	66.3562	292.65002	23.654778	191.9651	66.35622	292.1905	22.516264	192.33452	65.65244	292.87958	24.695332	2.2974477	4.1966248	45.04605	-13.746134	-193.45807	2.5315003	2.5031528	3.462122	466.08317017555237
12	4347.9023	256.343	4613.909	3968.343	4709.173	90.71443	4861.972	4546.088	1000.0	1000.0	60000	211.64598	70.599884	315.60062	23.792017	211.64595	70.60054	314.50534	22.823505	211.96646	69.87162	314.88025	24.710886	2.5139437	4.227472	35.135635	-13.311493	-213.08522	2.6433563	2.6141322	3.6703804	509.6568400859833
13	4410.5107	276.151	4869.886	4002.4932	5229.2407	45.51461	5309.3096	5155.9146	1000.0	1000.0	65000	229.53615	73.41382	337.30847	23.914536	229.53664	73.41396	337.323	22.72721	229.79979	72.65948	339.6672	24.900366	2.759895	4.2706985	37.1354	-13.545804	-230.9382	3.099504	3.018893	4.0839496	552.3127963542938
14	4867.874	182.79512	5142.595	4656.0215	5415.4556	60.388374	5516.8164	5306.4136	1000.0	1000.0	70000	246.16945	76.138794	350.88318	23.078485	246.16959	76.13876	352.72873	21.35854	246.41003	75.37725	351.4301	23.972315	2.8606212	4.2167854	37.505573	-13.497137	-247.5564	3.079546	3.0606685	4.1316843	595.0122861862183
15	5007.713	56.64451	5104.284	4928.621	5303.606	99.70768	5468.271	5152.672	1000.0	1000.0	75000	262.33847	78.760956	369.50104	22.265194	262.33878	78.7612	368.05856	12.841249	262.53415	77.97685	368.52505	23.08347	2.9733627	4.252139	43.95894	-13.710781	-263.66565	3.0701656	2.9868655	4.1642694	637.9559733867645
16	5100.031	169.61899	5292.088	4874.5854	5759.198	62.46722	5854.169	5616.01	1000.0	1000.0	80000	277.08948	80.59999	381.8105	23.495417	277.08963	80.599915	382.8892	22.908161	277.23566	79.7913	378.78812	25.796804	3.0807776	4.2577534	36.12885	-14.08601	-278.38266	3.1057236	2.9993932	4.12493	681.360808134079
17	5145.87	107.99998	5331.8247	4995.5557	6120.7524	80.70122	6245.475	5990.4565	1000.0	1000.0	85000	290.6727	82.61458	393.3704	25.35108	290.67322	82.61516	393.73593	23.619831	290.77966	81.80166	393.0103	24.538307	3.2008178	4.2954593	33.982937	-12.926157	-291.91687	3.1533926	3.0750422	4.1687512	724.615395784378
18	5468.9873	48.24395	5530.8193	5420.87	5408.4985	133.77492	5563.168	5155.065	1000.0	1000.0	90000	303.3746	83.98065	407.13617	19.037857	303.37473	83.980286	407.31952	23.918015	303.43924	83.13549	403.9085	26.42124	3.2884345	4.3066683	40.32699	-13.144676	-304.5702	3.1704926	3.0962784	4.187708	769.3367896080017
19	5416.003	143.88602	5572.9785	5145.576	6029.7236	81.07411	6162.1035	5855.4927	1000.0	1000.0	95000	314.83795	84.74504	418.12637	22.740992	314.83856	84.74535	418.5652	20.805569	314.85086	83.88835	422.0363	26.284927	3.3107646	4.2926207	47.82786	-14.325087	-315.96985	3.2467618	3.1246262	4.290994	812.1938824653625
20	5496.1753	218.72168	5773.3745	5130.6196	6079.382	71.50106	6199.1895	5977.9233	1000.0	1000.0	100000	325.28897	85.550934	428.102	22.741665	325.2888	85.55131	427.59372	14.410938	325.2801	84.69886	427.3692	20.091572	3.3711455	4.284271	39.944313	-15.370083	-326.38477	3.0937521	2.9748175	4.150143	855.3458662033081
21	5527.024	139.58508	5725.455	5365.234	6239.3228	76.185326	6360.274	6057.8374	1000.0	1000.0	105000	335.11234	86.23156	435.62698	13.842726	335.11273	86.23161	437.76593	12.2337885	335.06772	85.36739	433.2038	20.174809	3.4789202	4.304085	40.398155	-13.109466	-336.1719	3.157334	3.1125538	4.2089796	899.463634967804
22	5699.005	96.293625	5793.776	5554.6777	6233.2695	93.415016	6373.291	6063.8926	1000.0	1000.0	110000	344.0855	86.827194	449.93463	20.360636	344.08563	86.82756	449.67987	15.879887	344.0162	85.94992	444.80536	20.928469	3.4579833	4.2661004	47.720108	-13.80964	-345.0927	3.1076875	3.0231616	4.21479	943.6157267093658
23	5701.879	142.11865	5876.6294	5459.3057	5916.243	82.54352	6106.81	5799.837	1000.0	1000.0	115000	352.3086	87.13839	454.76138	21.500862	352.30872	87.13856	456.76837	16.06453	352.21567	86.26221	455.40942	19.434147	3.5582526	4.2869306	42.51944	-14.303635	-353.29004	3.1539776	3.0241232	4.237103	987.4054882526398
24	5836.3027	125.088066	5960.61	5614.8945	6390.4375	128.65308	6621.2256	6159.1714	1000.0	1000.0	120000	360.2732	87.827866	461.4363	14.570452	360.27347	87.82799	462.06094	18.30134	360.15366	86.95194	460.35428	20.491375	3.6478064	4.30342	44.62131	-14.871929	-361.2104	3.2175953	3.1161864	4.2893076	1031.537748336792
25	5905.9243	69.18873	6014.8296	5832.56	6135.9556	74.522125	6219.6675	5984.0693	1000.0	1000.0	125000	368.32022	88.30186	470.42862	16.414083	368.3202	88.302345	470.10333	10.003793	368.1816	87.40989	468.84546	13.9340515	3.759813	4.3142905	40.39959	-14.953957	-369.22974	3.1609697	3.1016734	4.2647743	1075.2227165699005
26	5833.6753	198.0689	6191.787	5624.8584	6366.2417	89.70639	6549.348	6197.03	1000.0	1000.0	130000	375.41766	88.43412	474.0919	22.520805	375.41806	88.434	473.00446	20.45398	375.27814	87.545494	473.1152	22.70303	3.7786815	4.346197	43.156853	-14.12401	-376.31985	3.1564126	3.0655437	4.2202296	1118.4054636955261
27	5933.7803	194.97223	6182.5166	5585.5063	6516.276	138.03421	6685.601	6220.1836	1000.0	1000.0	135000	382.80377	88.35578	483.01755	23.56096	382.80392	88.35607	485.1985	20.276096	382.64285	87.466064	482.5855	23.154594	3.8686776	4.3498383	39.964653	-14.909292	-383.66672	3.221981	3.1001594	4.308337	1163.3398497104645
28	6046.3687	112.68168	6214.7935	5866.982	6257.06	78.32351	6407.395	6139.18	1000.0	1000.0	140000	389.2196	88.51987	484.9954	17.476212	389.21976	88.52099	486.55704	16.988247	389.01862	87.61891	488.55884	22.01156	3.8741302	4.311883	36.744843	-14.065218	-390.0449	3.199955	3.1196425	4.2949724	1207.1259624958038
29	5951.202	141.04561	6158.7705	5733.1187	6431.63	67.426865	6536.6494	6347.978	1000.0	1000.0	145000	394.861	88.35127	490.87915	20.2752	394.86105	88.35146	492.28128	21.184345	394.63248	87.46144	489.99506	20.869917	3.8870475	4.299712	49.21915	-16.971497	-395.64987	3.1918654	3.0662112	4.2457414	1250.9854080677032
30	6031.741	52.24609	6115.671	5955.696	6583.9854	38.5248	6657.6025	6518.911	1000.0	1000.0	150000	400.54413	88.11612	493.41483	16.141407	400.54443	88.11648	493.98956	13.344226	400.31256	87.22053	493.66174	20.60932	3.9704618	4.3031044	43.248962	-14.303413	-401.31656	3.2348716	3.1246445	4.2477155	1295.5440809726715
31	6101.9697	148.2826	6248.1777	5903.1235	6611.47	101.063934	6738.5425	6384.641	1000.0	1000.0	155000	406.15442	87.85626	501.93774	9.421204	406.15472	87.85712	501.04538	10.601759	405.89804	86.97342	499.913	14.763718	4.00243	4.2738776	35.749565	-15.008474	-406.90445	3.2500825	3.1713803	4.428354	1339.1883780956268
32	6283.407	67.43624	6346.158	6169.167	6672.585	59.00015	6784.1997	6570.2705	1000.0	1000.0	160000	411.17847	87.756096	508.34265	17.910347	411.1785	87.756805	504.2812	17.68176	410.9087	86.862625	504.09055	22.025286	4.048291	4.3153534	41.86631	-14.810051	-411.9101	3.2075531	3.1245592	4.3026586	1382.9771001338959
33	6165.383	93.35022	6328.467	6051.232	6735.6514	54.145126	6839.7476	6633.412	1000.0	1000.0	165000	415.9904	87.83563	508.86148	14.567719	415.9902	87.83632	508.38495	14.3473625	415.68637	86.93743	508.52243	16.451767	4.0918436	4.3009477	46.05072	-14.488945	-416.7033	3.2991176	3.1999488	4.4030523	1426.235459804535
34	6198.3687	99.28113	6320.3984	6021.632	6651.921	67.99173	6785.0166	6506.82	1000.0	1000.0	170000	420.57574	87.54439	513.71796	19.419832	420.57605	87.5451	511.47485	15.3743515	420.27066	86.64211	513.847	17.164658	4.1369796	4.318656	45.46256	-13.291376	-421.266	3.373841	3.2744503	4.483528	1469.8039684295654
35	6349.459	103.616776	6475.9165	6183.964	6654.801	77.092735	6812.1	6547.476	1000.0	1000.0	175000	425.15344	87.1496	519.6577	17.818968	425.15372	87.14995	516.1603	14.130632	424.82254	86.256065	518.4207	22.914972	4.157275	4.338841	48.12258	-16.751139	-425.82114	3.3116813	3.236777	4.3884993	1513.916720867157
36	6165.666	446.93478	6558.485	5301.3164	6896.3555	78.56632	7072.62	6826.39	1000.0	1000.0	180000	428.96228	87.273636	524.19324	13.892176	428.96188	87.27433	521.3209	11.541026	428.6291	86.369194	522.3411	18.158922	4.160685	4.314272	39.074875	-13.3862095	-429.6206	3.2927577	3.2427611	4.4130063	1557.9044198989868
37	6407.906	162.9347	6589.758	6127.5933	6616.4443	46.260822	6679.041	6522.5845	1000.0	1000.0	185000	433.34042	87.01768	526.4034	18.082817	433.34073	87.01864	524.56836	1.0953431	432.97958	86.11763	524.0899	17.392801	4.239672	4.334484	38.092976	-14.748737	-433.981	3.3660328	3.3198311	4.442321	1602.0042266845703
38	6375.4023	170.97842	6577.878	6074.3525	6775.361	79.23287	6868.8564	6626.238	1000.0	1000.0	190000	436.78528	87.16601	527.7154	14.36499	436.78506	87.16642	526.7785	11.610281	436.42432	86.26414	526.2324	19.332886	4.2497807	4.3472905	45.281075	-16.90559	-437.406	3.3484683	3.2548337	4.3643517	1646.0044240951538
39	6406.504	114.90913	6550.792	6266.168	7028.9287	61.361057	7130.758	6896.931	1000.0	1000.0	195000	440.78568	86.64499	532.9251	15.081552	440.78613	86.6454	531.95575	8.37303	440.39893	85.755	529.3408	11.573444	4.262321	4.337816	40.25271	-18.112526	-441.3675	3.311939	3.18869	4.3442698	1689.1870732307434
40	6488.5537	107.68894	6650.4795	6316.0063	7078.565	90.690506	7236.381	6931.207	1000.0	1000.0	200000	444.28418	86.61627	536.75586	-4.825522	444.2843	86.617485	535.5547	7.894415	443.8842	85.73356	533.3142	16.104385	4.3004317	4.360231	43.706207	-12.263126	-444.8564	3.3389118	3.2692986	4.382427	1734.499721288681
41	6519.9463	97.74787	6678.9946	6372.4854	6944.675	69.8654	7064.096	6812.785	1000.0	1000.0	205000	447.77573	86.34873	537.73883	12.48682	447.77603	86.34937	539.7609	15.217333	447.3652	85.45336	538.01715	15.2638855	4.3863726	4.3564644	42.020714	-13.577899	-448.346	3.335654	3.2573755	4.3514595	1779.4170925617218
42	6594.453	22.482307	6622.946	6563.965	7067.8213	91.8756	7273.6343	6925.965	1000.0	1000.0	210000	451.19635	86.59187	553.4231	8.947336	451.1963	86.59307	555.0528	7.386299	450.7965	85.70369	555.8229	12.841707	4.412745	4.3878455	55.477264	-15.3214655	-451.7584	3.3466957	3.301818	4.4291844	1824.1882576942444
43	6475.212	137.46983	6731.312	6339.989	7071.267	71.00037	7148.2363	6925.5513	1000.0	1000.0	215000	454.89548	86.58116	557.49286	21.208113	454.8958	86.581505	556.44806	15.572149	454.48712	85.69142	553.701	19.38055	4.392385	4.3453565	44.151543	-14.619024	-455.4486	3.322609	3.2569969	4.2807827	1868.6133544445038
44	6576.176	94.78465	6726.377	6477.613	6967.2876	89.73431	7069.2593	6758.891	1000.0	1000.0	220000	458.2868	86.245094	558.22125	16.934958	458.28674	86.24598	559.2173	16.73019	457.84695	85.36483	557.4625	13.938744	4.4539833	4.3701806	43.691635	-14.111156	-458.8225	3.4161944	3.3104405	4.446126	1913.263301372528
45	6628.236	93.61692	6765.1377	6501.651	6938.3696	46.28497	7020.5073	6873.0127	1000.0	1000.0	225000	461.5571	85.82841	563.90094	16.820229	461.55682	85.82972	566.73883	16.059372	461.11823	84.94227	562.15955	16.59236	4.457273	4.338341	52.02843	-14.398855	-462.0748	3.251646	3.2219536	4.2798257	1958.4305412769318
46	6558.642	57.1403	6650.4927	6495.0015	7214.991	97.78324	7408.8066	7071.2114	1000.0	1000.0	230000	464.72888	86.08909	563.444	18.525446	464.72882	86.089966	563.9588	19.811073	464.27777	85.21681	560.96545	14.989319	4.504283	4.3337193	39.78341	-13.315306	-465.2272	3.2754452	3.179756	4.269643	2002.850614786148
47	6698.6963	91.38997	6837.4883	6593.874	7089.6187	90.24049	7249.87	6981.0005	1000.0	1000.0	235000	467.81958	85.71859	566.38965	11.180679	467.81934	85.719955	566.95557	15.120988	467.3729	84.831696	565.7441	17.648888	4.4990807	4.3526683	44.16144	-14.072351	-468.3226	3.3451512	3.3092356	4.398719	2048.1796963214874
48	6534.052	180.06992	6735.4097	6294.1562	7040.2783	73.687225	7145.5757	6891.8096	1000.0	1000.0	240000	471.01758	85.74829	571.09344	15.849587	471.01764	85.749695	571.86804	19.177032	470.56894	84.865234	568.7009	18.355421	4.5251493	4.340726	43.31762	-14.857992	-471.5142	3.2725277	3.2203214	4.2226553	2092.2716434001923
49	6759.392	91.5316	6939.833	6685.195	7344.5225	53.72689	7440.455	7278.7544	1000.0	1000.0	245000	474.14575	85.36529	571.5638	13.254668	474.14587	85.365974	572.1644	14.777422	473.6847	84.483574	570.08344	16.346977	4.542676	4.3632574	49.56884	-13.436499	-474.63644	3.3627062	3.2730684	4.3054748	2136.8127059936523
50	6714.0244	140.9281	6918.254	6498.181	7183.8633	106.16933	7400.178	7029.361	1000.0	1000.0	250000	477.3438	84.94405	573.2084	14.692214	477.34375	84.94518	574.903	15.402542	476.86313	84.07684	574.91156	15.431082	4.5234976	4.3406787	50.186783	-14.176771	-477.8056	3.2422962	3.1677177	4.199811	2182.0950317382812
51	6773.8228	123.30177	6927.3345	6559.5786	7393.71	78.852745	7514.695	7249.084	1000.0	1000.0	255000	479.6399	85.082565	574.53784	16.61132	479.63986	85.08373	576.9913	3.1102111	479.1469	84.21845	576.3123	13.259911	4.5453696	4.345949	41.795906	-13.476763	-480.0906	3.3029497	3.2758734	4.2912054	2227.9715061187744
52	6732.789	54.489536	6788.8696	6634.2847	7419.03	79.567764	7563.05	7245.338	1000.0	1000.0	260000	482.40222	84.57539	578.4064	12.512527	482.4023	84.57619	578.76465	16.358929	481.90598	83.70873	577.87335	13.664953	4.5841265	4.356288	45.6764	-13.511575	-482.8523	3.2723641	3.2242415	4.2349577	2272.6853878498077
53	6731.0264	71.241035	6811.5327	6625.7227	7496.884	55.840843	7571.508	7374.6714	1000.0	1000.0	265000	484.95508	84.712715	580.16626	4.313902	484.9547	84.71373	581.3892	3.788551	484.4707	83.84505	577.74176	15.371622	4.611038	4.342044	55.12779	-13.194463	-485.41205	3.3556352	3.3053439	4.304432	2318.4336807727814
54	6859.093	37.933933	6901.281	6791.3013	7542.3086	79.05257	7674.217	7409.706	1000.0	1000.0	270000	487.54825	84.87873	582.3984	-3.284239	487.5485	84.87909	582.37555	19.308943	487.05258	84.01022	578.5309	15.819553	4.5953836	4.288414	48.272266	-14.876685	-487.98795	3.2731023	3.2366567	4.2424383	2363.028364419937
55	6850.204	106.98744	7030.229	6742.8325	7642.686	103.78017	7777.468	7470.357	1000.0	1000.0	275000	490.54626	84.16478	586.16656	16.332197	490.5463	84.16548	586.9589	16.451956	490.05215	83.30041	583.73865	15.284412	4.6722136	4.322181	50.60445	-17.050064	-490.9788	3.2660015	3.2041135	4.206877	2407.774538755417
56	7025.771	126.50132	7158.805	6803.942	7339.001	49.14926	7426.2627	7249.41	1000.0	1000.0	280000	492.93063	84.683426	587.1337	8.434003	492.93085	84.68413	587.17664	1.1125283	492.41913	83.82484	586.6768	7.513854	4.6747494	4.2928023	44.106422	-14.543908	-493.36685	3.3853905	3.2855148	4.2931333	2453.5656702518463
57	6881.1094	136.36954	7095.2163	6699.829	7273.0767	37.062344	7320.3813	7186.443	1000.0	1000.0	285000	495.93344	83.91628	592.07153	0.8704176	495.9335	83.91704	591.85583	8.204578	495.42374	83.055725	591.0017	3.4656463	4.685649	4.3000255	47.16841	-14.674329	-496.3638	3.3853452	3.3505297	4.3849945	2498.818964242935
58	7106.7686	137.2624	7337.5825	6931.862	7340.6313	47.29603	7442.694	7271.991	1000.0	1000.0	290000	498.71207	83.90668	595.3308	0.16046739	498.71198	83.90716	595.41296	4.9963765	498.21143	83.04521	595.07904	7.899763	4.7328663	4.30709	46.294632	-14.090338	-499.1598	3.3382583	3.3381665	4.289077	2544.4611265659332
59	7062.8525	146.78545	7322.666	6892.507	7317.077	41.613235	7369.1587	7229.332	1000.0	1000.0	295000	501.5594	84.16179	599.4581	21.94202	501.55945	84.1626	598.3183	14.110914	501.0559	83.30161	597.1512	13.765844	4.7562857	4.3038125	40.560074	-12.822006	-501.99664	3.3253312	3.2909098	4.267932	2589.5803892612457
60	6930.4624	156.62547	7110.4375	6658.918	7490.694	70.00827	7578.7485	7383.77	1000.0	1000.0	300000	504.2991	84.41206	600.79517	2.7069292	504.299	84.41291	601.0497	1.8069255	503.7941	83.56051	599.41785	0.18078399	4.803446	4.3162985	43.24044	-15.357504	-504.73465	3.4371789	3.422701	4.3891635	2635.787682056427
61	6854.4346	118.72837	7052.3027	6752.524	7854.182	88.54808	8026.8154	7761.9536	1000.0	1000.0	305000	507.24088	84.39176	602.5063	-0.024396181	507.2407	84.39276	602.7691	-12.990679	506.74838	83.530205	606.2509	4.1318026	4.8471837	4.329308	43.51686	-13.427812	-507.6979	3.4079173	3.434809	4.374634	2682.068910598755
62	7056.371	66.32754	7174.5557	6998.6367	7373.2256	56.04699	7494.146	7304.9688	1000.0	1000.0	310000	509.6232	84.755135	605.54156	13.812004	509.6231	84.75582	605.1583	11.181667	509.11377	83.90446	605.15405	9.224163	4.864481	4.30466	47.00982	-15.413399	-510.06	3.4467382	3.3958995	4.3096566	2727.3888206481934
63	7163.4595	153.53397	7404.6396	6987.037	7709.242	156.75928	7934.761	7479.3623	1000.0	1000.0	315000	512.1898	84.249275	607.0211	13.145153	512.1898	84.24981	607.57007	12.412599	511.6818	83.38874	607.285	12.2294235	4.8312073	4.3013167	42.584324	-12.942735	-512.6141	3.3980324	3.3948617	4.3258467	2773.41473031044
64	7172.1704	83.64857	7317.179	7074.56	7541.508	75.8292	7662.1406	7400.3237	1000.0	1000.0	320000	514.459	84.003174	612.1976	14.717158	514.4587	84.00435	609.44257	16.718124	513.93445	83.15501	608.6648	12.652471	4.8646927	4.29154	42.665325	-14.989686	-514.8928	3.47242	3.4082625	4.392166	2819.6712176799774
65	6962.698	189.35678	7196.674	6684.3833	7818.2915	59.629944	7907.5337	7701.462	1000.0	1000.0	325000	516.53156	84.15244	613.0409	14.24776	516.5318	84.15301	613.2436	11.882172	516.01746	83.312584	609.70135	10.530586	4.886552	4.3202343	55.86376	-16.268322	-516.9606	3.4998457	3.473834	4.3412633	2865.9541931152344
66	7159.586	168.37495	7316.8086	6837.7744	7746.907	109.31464	7918.194	7595.9463	1000.0	1000.0	330000	519.52405	83.963005	612.87103	14.773737	519.52405	83.96418	614.27386	10.77267	519.0084	83.122856	613.63855	12.994777	4.946888	4.2990546	50.322567	-17.301197	-519.955	3.4986837	3.4571896	4.3748336	2912.3174126148224
67	7231.1265	207.7545	7536.9233	6914.9966	8111.872	39.160477	8160.3125	8031.636	1000.0	1000.0	335000	522.44556	83.390175	620.10876	10.571933	522.44543	83.39138	619.48047	-1.6869831	521.93713	82.546745	617.6528	5.4414425	4.988542	4.3194857	51.923454	-12.185865	-522.8739	3.5161114	3.4952102	4.4180875	2957.851053714752
68	7200.618	46.147854	7259.782	7133.0566	7794.931	120.94471	7966.8057	7537.4424	1000.0	1000.0	340000	524.64606	83.96451	620.61383	3.398318	524.646	83.96532	621.89087	4.1435657	524.1235	83.14351	620.33636	2.4484878	4.968765	4.3170347	48.839302	-15.632101	-525.0552	3.5441122	3.4760454	4.4008846	3002.1399903297424
69	7273.3447	133.17435	7519.339	7174.57	7604.8115	63.622093	7730.987	7515.435	1000.0	1000.0	345000	526.78595	83.90734	624.412	6.998039	526.78595	83.908615	622.4928	-1.730227	526.26434	83.06714	621.74243	13.920826	5.0169325	4.3373117	59.59451	-13.338831	-527.2183	3.620255	3.6084359	4.4456043	3047.4617195129395
70	7260.414	170.75638	7596.9863	7127.128	7759.8296	45.028187	7866.0093	7704.0054	1000.0	1000.0	350000	529.6552	83.701965	628.1913	9.142897	529.65497	83.70287	630.26984	0.98385334	529.1539	82.883224	630.0932	3.939261	5.027036	4.3188252	49.107056	-13.96625	-530.0867	3.5437152	3.5587816	4.468957	3091.873806476593
71	7265.95	88.452896	7377.449	7161.0454	7731.689	73.18765	7834.3994	7590.126	1000.0	1000.0	355000	532.0178	83.995026	632.48157	13.660493	532.01807	83.994774	633.11096	4.5578003	531.4975	83.15371	631.5639	-7.883284	5.0243006	4.293357	44.094913	-13.621614	-532.4416	3.645976	3.5947454	4.493548	3136.2294492721558
72	7287.1523	153.80197	7525.29	7092.13	7933.818	119.27986	8125.713	7743.2646	1000.0	1000.0	360000	534.3909	83.95051	634.76526	17.44522	534.39056	83.95127	634.3115	8.349176	533.8786	83.122955	631.86523	15.606749	5.0603833	4.3168473	47.879215	-14.834432	-534.8123	3.6220593	3.5981941	4.47835	3181.332538843155
73	7459.4736	13.353898	7479.058	7447.427	7607.6943	107.94875	7721.925	7404.091	1000.0	1000.0	365000	536.5896	84.16839	635.1727	14.308069	536.5894	84.1693	635.8538	8.320449	536.0734	83.34443	636.0506	11.174083	5.0651445	4.34585	51.821045	-13.746895	-537.0227	3.5786843	3.5400226	4.3882904	3225.9388222694397
74	7342.882	158.42393	7493.489	7079.67	8242.682	70.867424	8323.957	8093.9272	1000.0	1000.0	370000	539.489	83.90974	638.95856	1.3338115	539.489	83.91008	637.4593	6.906069	538.97736	83.08978	638.4629	12.459152	5.1243706	4.36066	47.05442	-14.356308	-539.924	3.6699047	3.6894646	4.593949	3271.1232833862305
75	7527.314	73.55884	7643.7856	7448.6953	7969.0635	101.82306	8171.194	7805.9033	1000.0	1000.0	375000	541.9441	84.163216	642.2795	7.9861255	541.9442	84.162926	643.7689	5.3204126	541.4284	83.335594	639.6175	6.7631817	5.0851445	4.3013434	51.426434	-11.60899	-542.3827	3.7616856	3.720249	4.6041064	3317.2963140010834
76	7462.505	148.7868	7691.932	7267.945	8099.346	136.72423	8289.359	7767.594	1000.0	1000.0	380000	544.2702	84.11028	645.37866	11.007884	544.2703	84.11139	646.7546	3.465406	543.74286	83.28864	643.71985	8.225697	5.120419	4.340065	58.653683	-13.536767	-544.7148	3.7346766	3.7170718	4.523428	3362.3898787498474
77	7478.3193	166.44243	7751.0615	7240.7876	8151.1455	111.306015	8381.997	7947.1904	1000.0	1000.0	385000	546.65137	84.61194	648.23474	-22.852018	546.65137	84.61238	647.45685	-15.753532	546.13495	83.80244	647.24786	9.3988	5.1321707	4.3422403	44.9825	-12.094824	-547.08997	3.7855453	3.7147892	4.5177727	3407.3060903549194
78	7453.383	212.99367	7722.8633	7108.8022	8056.2734	142.10672	8243.49	7752.0337	1000.0	1000.0	390000	548.8624	84.609055	650.4709	-0.71175194	548.862	84.61047	649.9395	-2.1728256	548.36053	83.787445	650.1161	0.82398796	5.173954	4.3612247	47.997086	-13.035477	-549.2959	3.8233223	3.8046918	4.642517	3452.1214911937714
79	7587.6978	148.87488	7794.291	7400.268	8262.139	65.0565	8364.634	8175.2847	1000.0	1000.0	395000	551.3764	84.57843	653.0795	3.1503453	551.37646	84.57945	652.83966	-11.222762	550.8682	83.758156	650.8156	0.0650568	5.192579	4.375216	50.423737	-14.25019	-551.8219	3.8064222	3.7761652	4.638403	3496.882411003113
80	7512.3335	138.98045	7633.894	7241.5063	8075.1797	77.40856	8209.342	7929.6157	1000.0	1000.0	400000	554.10645	84.55507	659.9328	10.922242	554.10645	84.55558	659.0877	6.425259	553.5958	83.74159	659.36523	5.410144	5.2214327	4.364187	46.760067	-12.42101	-554.5501	3.878052	3.8682704	4.6419306	3541.706827878952
81	7767.021	123.72192	7926.5054	7626.6577	8202.047	173.75085	8439.354	7874.682	1000.0	1000.0	405000	556.5492	84.68593	663.7343	6.0239987	556.54926	84.6862	662.8254	0.42374563	556.0466	83.867836	662.8154	8.8344555	5.212809	4.328083	42.781876	-13.576929	-557.0119	3.996533	3.9836757	4.804466	3589.4946999549866
82	7565.3516	114.32712	7733.6006	7375.8633	8156.754	115.89632	8389.257	8029.5176	1000.0	1000.0	410000	558.86615	84.832596	663.91736	0.59428024	558.8659	84.83457	664.5185	1.9568794	558.36316	84.01778	664.5167	-4.1463747	5.273253	4.345063	43.401962	-13.556532	-559.3381	3.9254117	3.916054	4.752805	3636.949719429016
83	7722.1157	190.56738	8001.036	7468.347	8342.31	66.57276	8427.76	8187.766	1000.0	1000.0	415000	561.35266	84.871056	668.19086	-1.9943516	561.3527	84.870964	669.0609	6.4010296	560.84155	84.05176	664.5887	1.8323665	5.260336	4.3707566	47.624527	-12.673027	-561.8137	4.208707	4.2008514	5.0293217	3684.572954893112
84	7686.6353	147.0564	7976.251	7582.256	8564.582	100.22474	8683.843	8372.261	1000.0	1000.0	420000	564.1022	84.870636	669.0653	5.4341817	564.10205	84.87052	670.92114	-1.9441805	563.6138	84.05451	669.3173	3.3662055	5.2940626	4.3702803	49.219658	-12.945126	-564.5909	4.117896	4.151577	4.886683	3731.9416291713715
85	7803.189	167.53323	8122.9463	7668.217	8295.915	89.33506	8460.557	8110.5386	1000.0	1000.0	425000	566.3866	85.22593	672.4649	4.460285	566.38635	85.226974	671.5656	-22.445074	565.8888	84.39436	670.6316	8.579515	5.3006673	4.355361	49.244423	-11.673352	-566.8584	4.146167	4.123408	4.8902135	3778.8549616336823
86	7695.6875	30.105274	7735.8457	7645.1987	8373.384	80.437485	8459.166	8200.04	1000.0	1000.0	430000	568.54016	84.89481	677.7528	10.278103	568.54	84.89573	677.92664	0.95593	568.0388	84.07859	676.3043	7.2856436	5.369883	4.3755856	52.43106	-15.172256	-569.0263	4.1917386	4.1571655	4.989514	3825.920840024948
87	7760.9116	268.03238	7979.5166	7255.899	8524.127	103.65161	8668.845	8299.25	1000.0	1000.0	435000	571.1013	84.88033	681.9532	-21.939754	571.1013	84.88107	682.8985	-13.033621	570.58887	84.064255	682.0376	-11.936092	5.2946486	4.3598557	52.319096	-14.951093	-571.5756	4.2117367	4.1715593	4.9282064	3873.5622386932373
88	7831.9272	72.69115	7894.69	7712.3525	8486.371	67.8231	8628.9795	8371.178	1000.0	1000.0	440000	573.1922	85.09897	682.2287	-33.72457	573.19226	85.09939	682.3419	-30.523384	572.69714	84.293396	682.8284	-6.953078	5.3557973	4.40515	49.94662	-12.52116	-573.6754	4.209911	4.2478023	5.025704	3921.1388504505157
89	7859.2173	149.56761	8047.5195	7611.783	8381.971	113.42441	8605.334	8226.786	1000.0	1000.0	445000	575.42584	85.275345	687.9479	12.336	575.4258	85.27558	685.4093	-7.315447	574.9215	84.45977	684.23444	9.647598	5.3658094	4.383234	51.552185	-13.215776	-575.91156	4.2974057	4.3309593	4.985121	3969.6032609939575
90	7772.3735	184.13838	8031.5815	7538.081	8387.346	85.65279	8509.165	8198.899	1000.0	1000.0	450000	577.6632	85.33945	689.50214	4.075921	577.663	85.340576	685.3385	2.841899	577.1636	84.52733	688.45703	2.3142366	5.3822603	4.383248	50.15874	-13.601143	-578.1459	4.251389	4.2406964	5.0185766	4017.211232662201
91	7897.9873	138.47119	8064.1875	7741.8477	8359.386	113.87477	8597.798	8208.197	1000.0	1000.0	455000	580.01263	85.42505	692.18634	-3.3949919	580.0126	85.42557	691.25433	-5.237119	579.5178	84.61838	689.089	-5.150599	5.4086766	4.3490176	46.318542	-13.376722	-580.49786	4.221525	4.238768	4.9404554	4065.425300836563
92	7856.046	99.79755	7993.586	7722.7334	8759.663	67.34022	8849.056	8623.822	1000.0	1000.0	460000	582.67145	85.0794	693.3092	-6.7551274	582.6711	85.08041	691.9077	6.6341934	582.19116	84.27165	692.29535	1.8068252	5.424477	4.338178	53.007744	-15.860388	-583.169	4.221539	4.1884155	4.9171815	4113.316123962402
93	8076.1704	149.60472	8226.664	7811.66	8841.283	102.83681	8999.268	8690.912	1000.0	1000.0	465000	585.0336	85.38559	696.3707	2.4078584	585.03345	85.386284	693.5522	4.303665	584.5314	84.5835	691.0878	9.181506	5.428619	4.35704	54.560432	-12.873395	-585.51636	4.3582816	4.3667808	5.0686603	4161.392030715942
94	8063.7227	289.05728	8340.751	7514.823	8299.157	62.883762	8385.739	8183.6406	1000.0	1000.0	470000	587.00977	85.678856	695.14874	14.344769	587.00995	85.67924	696.31396	8.24626	586.5205	84.86671	693.17847	6.622328	5.492981	4.3688097	62.360275	-13.261845	-587.5154	4.4429984	4.448377	5.149212	4208.750901222229
95	8153.829	184.71323	8384.08	7824.719	8910.441	99.13286	9117.195	8774.304	1000.0	1000.0	475000	589.2465	86.07084	698.1706	-13.585623	589.2466	86.07062	698.81146	-17.044859	588.75806	85.26618	695.1211	1.6916394	5.542745	4.3555555	48.378525	-12.794898	-589.7536	4.488984	4.52622	5.2553205	4256.330202579498
96	8218.317	175.53877	8454.985	7946.1743	8795.726	87.50936	8894.053	8642.634	1000.0	1000.0	480000	591.5977	85.54675	702.5517	8.446056	591.59717	85.5475	703.07214	-0.13775492	591.0983	84.743004	700.8477	8.885185	5.5199184	4.3676953	44.963543	-14.864677	-592.0961	4.506312	4.530352	5.233591	4305.340546131134
97	8239.377	142.9445	8412.551	7982.554	8564.162	74.15487	8704.217	8463.712	1000.0	1000.0	485000	593.9031	86.115036	714.2155	3.1199236	593.9034	86.11613	714.5489	1.3441107	593.4182	85.31392	711.2251	0.5142453	5.606893	4.3750567	55.809525	-13.728149	-594.4247	4.5682764	4.6240053	5.2695174	4352.978631258011
98	8130.685	95.464745	8244.102	8015.8726	8902.778	79.253685	9021.205	8746.937	1000.0	1000.0	490000	596.215	86.21626	719.53845	-6.786591	596.2146	86.21651	718.17145	-2.5041819	595.738	85.40526	713.3228	1.3865259	5.572681	4.397956	63.90291	-13.337667	-596.7527	4.616471	4.6403565	5.29576	4402.00569319725
99	8149.8335	306.69745	8633.375	7811.3896	9025.024	41.279285	9098.45	8962.129	1000.0	1000.0	495000	598.76276	86.19423	718.5684	2.5916348	598.7632	86.19462	717.2737	-8.976133	598.2797	85.3589	715.52893	4.061182	5.589708	4.383137	50.623955	-13.546659	-599.2883	4.694211	4.6780953	5.376081	4450.962576627731
100	8171.3623	168.61365	8390.643	7885.7124	8726.417	95.54106	8879.297	8614.837	1000.0	1000.0	500000	600.78204	85.98694	722.1515	3.3716612	600.7815	85.987946	720.84467	-17.66584	600.2866	85.172035	717.2829	2.582869	5.5778685	4.3972173	58.648235	-13.418234	-601.308	4.7582326	4.772127	5.3636518	4499.495974063873
101	8334.252	191.86896	8648.407	8118.7236	8904.003	80.59872	9038.714	8790.601	1000.0	1000.0	505000	602.9731	86.32718	723.0461	7.7175217	602.9728	86.32877	722.0168	10.298406	602.49756	85.52763	718.75977	3.767466	5.646099	4.4275	50.842274	-13.358645	-603.5173	4.7220054	4.773551	5.391422	4547.071099996567
102	8314.018	240.8602	8677.023	7999.293	8877.625	105.140274	9084.3955	8690.311	1000.0	1000.0	510000	605.28876	86.7791	724.5137	11.871892	605.2886	86.78057	725.6854	14.050505	604.80707	85.95299	721.7451	9.742299	5.7189264	4.4145474	49.98812	-11.90044	-605.8292	4.8680162	4.871986	5.5008116	4595.702109336853
103	6782.6123	3243.135	8644.803	301.6352	8296.347	91.42658	8499.446	8154.796	1000.0	1000.0	515000	606.48987	88.99324	728.8798	-147.45433	606.49005	88.99335	727.0965	-173.02806	605.99603	88.21069	724.33417	-136.53532	5.698332	4.402943	67.74729	-12.714868	-607.0332	5.0533504	5.148625	5.6799507	4644.777141094208
104	8267.112	216.7272	8544.074	7932.542	8776.144	61.5595	8882.257	8658.249	1000.0	1000.0	520000	607.167	91.85385	727.4945	-68.55958	607.16626	91.85681	727.8225	-86.599625	606.64655	91.10177	725.33325	-83.06881	5.731008	4.415797	70.239876	-12.290496	-607.7172	5.354827	5.401808	5.855028	4692.971170663834
105	8267.389	154.1875	8546.299	8078.51	9092.923	86.659035	9186.879	8965.282	1000.0	1000.0	525000	608.98645	92.12526	728.32495	-118.647514	608.9845	92.1388	728.4176	-123.31051	608.4682	91.418175	728.70636	-117.93537	5.6779876	4.3916593	45.414974	-12.525231	-609.52893	5.1659627	5.228568	5.6384745	4741.335605144501
106	8356.199	302.75995	8587.78	7763.569	8943.24	109.17793	9103.068	8750.171	1000.0	1000.0	530000	610.925	92.38893	730.43805	-129.30894	610.9208	92.41576	731.5599	-134.80331	610.40265	91.65778	731.67316	-129.89546	5.7830715	4.444475	71.7446	-11.716749	-611.46515	5.1319084	5.1882725	5.670191	4790.279603719711
107	8546.047	44.397377	8601.289	8486.996	9068.58	48.618332	9149.208	8982.837	1000.0	1000.0	535000	612.1951	93.256294	733.8958	-151.35872	612.19293	93.26819	731.673	-158.60521	611.6511	92.52108	730.5748	-151.93082	5.728203	4.421479	55.191093	-13.87673	-612.71454	5.2352037	5.254037	5.840664	4838.918881177902
108	8615.598	78.386925	8712.03	8507.227	9023.252	157.08232	9184.516	8660.841	1000.0	1000.0	540000	613.6741	93.72281	732.9052	-154.57541	613.67426	93.71958	734.55994	-153.17958	613.1629	92.95346	734.9504	-153.60432	5.7299376	4.38873	47.140812	-12.70169	-614.22107	5.1671987	5.2603264	5.683908	4888.289187431335
109	8491.153	123.61061	8664.576	8382.988	8865.288	163.62228	9144.332	8635.03	1000.0	1000.0	545000	615.6644	93.419586	736.42554	-164.04976	615.66534	93.41314	735.15704	-159.03238	615.15326	92.645035	733.7374	-161.17757	5.8087125	4.3976035	62.698105	-12.017332	-616.2101	5.3632774	5.3866577	5.959798	4937.197032928467
110	8443.577	183.06277	8677.737	8183.0083	8661.912	51.985138	8737.394	8592.0	1000.0	1000.0	550000	617.86237	93.48697	736.55975	-158.56982	617.8627	93.483795	736.23773	-151.5996	617.3683	92.69634	735.65924	-154.76457	5.8354406	4.4105287	48.877743	-17.321083	-618.4277	5.3175607	5.4219413	5.951397	4986.589991569519
111	8511.336	178.4605	8768.537	8298.649	9212.74	62.34583	9293.454	9076.308	1000.0	1000.0	555000	620.2769	92.39619	741.5052	-147.31804	620.2771	92.39461	743.586	-131.72543	619.76575	91.604935	740.34467	-139.99866	5.746701	4.389586	61.039177	-15.269566	-620.8353	5.30424	5.3112926	5.8379393	5035.54802274704
112	8685.034	83.01054	8799.698	8547.225	9034.714	71.24662	9127.914	8898.311	1000.0	1000.0	560000	621.97675	92.98548	742.23254	-126.376045	621.97705	92.98241	745.9588	-127.4199	621.4602	92.20509	743.6821	-128.35002	5.81105	4.430427	52.850384	-13.5403805	-622.522	5.3344398	5.2909713	5.8439283	5085.616326570511
113	7739.3193	1846.4308	8828.15	4055.3982	8906.293	144.25125	9182.676	8739.413	1000.0	1000.0	565000	623.62823	94.35268	746.39496	-137.12987	623.6281	94.35425	744.7345	-138.24202	623.1047	93.59183	744.4515	-152.93253	5.8018074	4.4212737	57.66154	-11.47538	-624.16455	5.349932	5.350144	5.806272	5135.123645067215
114	8636.755	161.69424	8860.662	8444.338	9142.645	65.77576	9244.172	9025.932	1000.0	1000.0	570000	624.9825	95.26462	744.9697	-146.5305	624.9821	95.26611	745.02673	-150.14398	624.452	94.4967	743.5124	-153.79701	5.8149166	4.423531	52.234	-13.2894	-625.5337	5.603306	5.619764	6.210525	5184.51381111145
115	8702.596	95.954796	8823.086	8598.364	9006.818	91.55128	9140.707	8834.412	1000.0	1000.0	575000	626.4752	94.78372	748.22534	-154.93439	626.4752	94.78325	748.1027	-161.71286	625.9418	94.00156	747.0606	-148.41109	5.8136	4.4114385	55.626564	-12.340303	-627.0255	5.65291	5.66728	6.1252956	5234.049404382706
116	8573.662	181.18088	8768.628	8290.481	8922.615	118.99026	9145.492	8736.73	1000.0	1000.0	580000	628.397	94.82067	749.014	-144.08163	628.3968	94.8202	750.18054	-149.32506	627.88715	94.03364	748.2138	-145.3888	5.865179	4.414337	58.661556	-13.452701	-628.9652	5.600793	5.6030154	6.1913395	5283.845662117004
117	8668.971	211.1194	8811.082	8253.339	8745.976	82.21317	8893.995	8610.13	1000.0	1000.0	585000	630.06586	95.1999	750.83594	-144.15332	630.0664	95.19723	749.33246	-138.5979	629.5418	94.41827	746.8091	-141.70312	5.901705	4.419542	57.269146	-13.134532	-630.6205	5.703745	5.7805367	6.2482023	5333.3514931201935
118	8517.986	165.25238	8750.075	8255.252	9172.07	140.68527	9418.612	8938.442	1000.0	1000.0	590000	631.9531	94.63727	752.29913	-124.94435	631.95337	94.63698	755.72125	-121.12034	631.43225	93.84101	755.8682	-130.08545	5.8938284	4.40949	51.11142	-11.388512	-632.51416	5.480692	5.5134935	5.9720273	5383.5181183815
119	8736.705	280.4673	9013.648	8281.443	9426.707	70.88953	9510.644	9300.087	1000.0	1000.0	595000	633.7657	95.06788	756.1612	-120.94444	633.7658	95.066025	756.42676	-120.8705	633.24756	94.28854	753.58496	-121.381096	5.9357133	4.4501653	65.13333	-13.077411	-634.3292	5.493009	5.5154476	6.0564275	5432.40992474556
120	8786.299	152.92696	9008.391	8538.555	9381.354	95.41346	9561.917	9220.009	1000.0	1000.0	600000	635.8141	95.140175	758.7758	-137.4332	635.8141	95.139786	759.93365	-147.34204	635.28076	94.34798	758.89465	-136.7781	5.9810047	4.4426527	64.09178	-16.214588	-636.3711	5.6690826	5.7472725	6.2337756	5481.794308185577
121	8737.317	179.80461	8941.733	8400.549	9334.408	103.09591	9445.35	9134.423	1000.0	1000.0	605000	637.7738	95.33575	762.107	-128.06287	637.7741	95.332664	761.84076	-148.82986	637.24567	94.55814	761.36707	-131.7953	6.0157027	4.441302	46.784172	-13.370361	-638.3378	5.6131535	5.667004	6.2617483	5532.005618810654
122	8870.016	273.14548	9259.377	8522.137	9001.989	83.993645	9164.121	8854.798	1000.0	1000.0	610000	639.3641	94.68181	762.1768	-130.87915	639.36426	94.682816	763.87555	-134.3104	638.83276	93.8779	760.37506	-135.85562	5.9921894	4.454451	52.874405	-13.187165	-639.9444	5.79115	5.8386135	6.26818	5581.747149705887
123	8703.153	121.92347	8877.742	8505.05	9312.248	97.69315	9443.002	9107.658	1000.0	1000.0	615000	640.9969	95.45844	765.76843	-123.293434	640.9973	95.45488	766.5106	-117.71867	640.4703	94.65756	765.7948	-125.43533	6.02118	4.4750338	54.10943	-12.198773	-641.5661	5.617526	5.6237226	6.192966	5630.960240125656
124	8827.123	44.584568	8875.33	8743.108	9361.572	71.83002	9480.493	9264.232	1000.0	1000.0	620000	642.414	95.76623	764.5891	-118.449066	642.41406	95.766045	767.0855	-127.77186	641.8818	94.96388	765.5844	-134.09145	6.0009685	4.4513507	49.538498	-11.807371	-642.98694	5.7691164	5.811807	6.243619	5680.584970235825
125	8902.563	90.195145	9052.985	8787.978	9405.504	136.2623	9625.028	9158.277	1000.0	1000.0	625000	643.9728	95.59299	766.4841	-162.53146	643.9731	95.593	768.0417	-155.62164	643.4362	94.78881	765.45123	-130.72873	5.992065	4.406882	49.07666	-15.309029	-644.5521	5.8596597	5.787469	6.339244	5730.379108428955
126	8740.802	239.75891	9033.0625	8340.581	9413.166	112.09489	9608.835	9183.537	1000.0	1000.0	630000	645.8431	95.75857	768.6202	-121.08334	645.8431	95.759705	771.1079	-117.58664	645.33026	94.956154	769.70874	-124.35607	6.009705	4.445689	54.02715	-14.684115	-646.4126	5.733078	5.7794313	6.2290807	5780.4847910404205
127	8864.014	89.935005	8942.963	8694.034	9468.49	106.44651	9578.821	9236.849	1000.0	1000.0	635000	647.8519	95.77235	772.4593	-124.01658	647.8521	95.7703	772.8763	-135.26794	647.3186	94.988434	769.30383	-136.15599	6.0157137	4.451944	54.212433	-12.584585	-648.4118	5.6551313	5.642984	6.140625	5830.484181880951
128	8762.427	104.45212	8843.384	8566.312	9577.741	67.85164	9666.267	9442.874	1000.0	1000.0	640000	649.55426	95.68346	773.2831	-133.92021	649.55396	95.684074	773.3443	-151.37215	649.018	94.902504	772.5908	-132.20444	5.9654207	4.434057	56.491997	-13.7463665	-650.1121	5.7536483	5.748506	6.3080873	5880.867375612259
129	8895.288	158.08319	9082.291	8626.982	9321.565	52.997395	9406.041	9237.355	1000.0	1000.0	645000	650.86975	95.36783	775.53143	-126.26027	650.8698	95.368225	775.9355	-125.98412	650.32245	94.56931	776.3272	-132.71536	6.064593	4.4317484	49.443546	-12.87835	-651.4222	5.797124	5.848844	6.2936397	5929.935754060745
130	8985.457	178.97783	9267.884	8800.706	9426.115	110.09034	9659.771	9230.653	1000.0	1000.0	650000	652.5137	95.39637	778.4913	-123.22551	652.5136	95.39506	778.66815	-130.57773	651.9816	94.5933	777.85486	-127.52215	6.059176	4.4508715	55.764698	-10.896025	-653.0783	5.645513	5.669702	6.2121186	5978.964789152145
131	9043.259	179.33502	9311.173	8747.316	9317.505	118.52554	9509.106	9149.151	1000.0	1000.0	655000	653.8244	96.5603	780.1339	-142.99579	653.8249	96.55917	779.22046	-136.48308	653.26855	95.772224	777.5273	-162.66093	6.0297675	4.4379163	55.577377	-11.9814005	-654.3846	5.776167	5.8013787	6.3301435	6029.247159957886
132	8976.667	127.22857	9143.304	8776.865	9539.963	80.19755	9701.841	9434.349	1000.0	1000.0	660000	655.70306	96.197075	781.18616	-138.4236	655.70264	96.19744	780.96387	-131.81349	655.1652	95.406975	780.78125	-137.49828	6.1024256	4.419615	64.405014	-12.036371	-656.2615	5.6171174	5.66789	6.1460805	6079.357481718063
133	8834.292	242.3036	9147.275	8454.82	8803.044	134.6331	8992.184	8550.047	1000.0	1000.0	665000	657.55865	96.17773	782.3022	-128.84744	657.5593	96.1772	782.65436	-132.37172	657.0293	95.360535	781.30426	-134.09477	6.0959454	4.4384255	57.486637	-12.486713	-658.1373	5.819523	5.863194	6.477201	6129.488107919693
134	9016.318	265.23166	9273.355	8506.524	9542.092	66.24309	9668.186	9450.7705	1000.0	1000.0	670000	659.545	96.3006	786.0904	-131.57162	659.5452	96.29869	788.5947	-131.91855	659.01917	95.49108	783.4817	-132.56451	6.093461	4.4229817	57.88426	-15.989679	-660.10895	5.845623	5.769876	6.261983	6180.192273616791
135	9035.186	126.21715	9212.353	8837.613	9535.416	133.11932	9835.371	9381.742	1000.0	1000.0	675000	661.4308	96.281845	785.64	-142.91817	661.4306	96.280235	786.00885	-144.88857	660.8863	95.480576	784.5883	-142.42886	6.1332526	4.466231	59.97897	-13.506554	-661.9866	5.812226	5.911632	6.3910494	6230.813916683197
136	9087.264	228.52121	9384.884	8851.586	9602.438	58.012505	9691.083	9487.087	1000.0	1000.0	680000	662.76434	96.87094	787.88806	-159.48882	662.7642	96.8721	787.32513	-169.73312	662.2086	96.06463	786.9102	-168.71611	6.160722	4.4339747	61.323902	-13.3653965	-663.3326	6.0374684	6.093242	6.5469213	6281.26814198494
137	9228.665	58.63057	9314.464	9144.544	9594.633	150.45616	9854.532	9351.961	1000.0	1000.0	685000	664.7676	96.75595	796.3642	-151.43561	664.7676	96.75486	793.14954	-152.98245	664.24457	95.94921	797.40686	-155.54692	6.141114	4.4275074	60.6884	-13.640187	-665.3516	5.7690454	5.7879586	6.2475243	6332.31457901001
138	8947.404	130.65381	9141.368	8776.301	9192.998	82.104614	9376.173	9071.861	1000.0	1000.0	690000	666.4609	97.48569	796.7725	-156.85718	666.4611	97.48649	795.62	-147.48651	665.93207	96.66637	797.4462	-154.047	6.154194	4.4265823	51.752388	-11.090235	-667.0401	5.791229	5.808858	6.3781204	6383.4499299526215
139	7846.3423	2339.1785	9254.473	3175.8367	9852.352	95.63503	9988.266	9662.12	1000.0	1000.0	695000	668.2027	97.28382	799.5134	-125.93844	668.203	97.280975	797.46875	-128.40674	667.68463	96.4446	799.60345	-136.28099	6.1988206	4.468968	49.890465	-12.376069	-668.80945	5.9286313	5.9805813	6.468791	6433.962182044983
140	9254.744	173.8278	9455.213	8946.517	9660.499	115.74085	9853.664	9497.639	1000.0	1000.0	700000	669.7517	98.51309	805.14215	-84.3376	669.75226	98.5106	802.6121	-105.859406	669.2302	97.69095	799.1076	-109.28854	6.1883197	4.4673824	64.52744	-14.311312	-670.3425	5.944292	6.0250545	6.5903945	6485.616069555283
141	9207.368	123.27826	9314.023	9000.786	9786.092	210.24438	9974.166	9273.586	1000.0	1000.0	705000	670.9385	98.65363	803.19366	-69.30187	670.9386	98.65296	802.8261	-60.240814	670.39417	97.836845	801.69183	-82.85826	6.1856766	4.4823756	61.22128	-12.624088	-671.5158	5.9159985	5.9749923	6.30464	6536.502053260803
142	9103.352	116.73743	9308.193	8978.022	9727.1045	137.83954	9953.958	9501.546	1000.0	1000.0	710000	672.2442	98.75502	805.158	-107.59706	672.2439	98.75483	801.05426	-97.20092	671.69714	97.93018	802.7315	-113.49778	6.1783185	4.4696536	59.43538	-11.208433	-672.8186	5.973968	6.0340776	6.5583096	6588.3098130226135
143	9186.103	199.57018	9536.745	8983.076	9503.787	132.26044	9685.479	9278.727	1000.0	1000.0	715000	674.0479	98.71818	808.4155	-101.54147	674.0483	98.71687	804.25305	-102.223976	673.5258	97.90791	802.86664	-87.748116	6.26186	4.486308	58.441322	-15.150878	-674.6466	5.8776	5.949264	6.5747643	6638.8867383003235
144	8932.74	147.95056	9125.952	8746.59	9530.267	106.152664	9644.144	9280.076	1000.0	1000.0	720000	675.45166	99.20493	808.63763	-121.56891	675.45166	99.205124	809.35443	-109.372574	674.8962	98.4088	808.35657	-108.43125	6.188434	4.4559946	61.983692	-13.688601	-676.0342	6.158471	6.264185	6.7994523	6690.496327638626
145	9199.424	147.51468	9396.505	8953.041	9657.878	78.51889	9794.89	9477.086	1000.0	1000.0	725000	676.6765	99.10487	807.29395	-146.22449	676.676	99.10626	807.6058	-137.18752	676.115	98.28609	809.1194	-144.92468	6.2048745	4.4770985	61.090126	-13.606714	-677.25946	6.2446713	6.2588344	6.7005982	6741.6001172065735
146	9111.57	149.50906	9232.895	8820.472	9912.376	113.85632	10056.112	9644.492	1000.0	1000.0	730000	678.1805	98.82134	809.86456	-155.5816	678.1806	98.82127	809.4417	-156.8406	677.631	98.003296	808.0484	-145.67259	6.200161	4.4756355	65.62938	-13.554108	-678.7785	6.328489	6.472115	6.8955154	6793.172291755676
147	9198.746	191.48572	9384.481	8880.033	9779.635	152.74614	10060.859	9583.42	1000.0	1000.0	735000	679.2856	99.642586	813.9252	-159.17828	679.2858	99.64215	810.72687	-165.20654	678.72064	98.82139	811.6526	-167.65855	6.159863	4.4751296	78.39182	-13.027511	-679.86487	6.45337	6.527357	6.941317	6844.642265796661
148	9006.323	353.2903	9490.291	8476.512	9792.877	100.75956	9919.808	9609.771	1000.0	1000.0	740000	680.23145	99.501076	821.38464	-139.94725	680.2313	99.50164	819.79297	-135.25124	679.6746	98.67893	820.1469	-133.63795	6.227455	4.4673643	61.06252	-12.171011	-680.8164	6.3817854	6.3403163	6.8818345	6895.3385326862335
149	9148.779	251.37216	9470.676	8893.082	9729.341	78.83075	9843.021	9604.91	1000.0	1000.0	745000	681.54266	99.24193	822.16534	-134.54773	681.5426	99.240364	820.423	-139.20435	680.97314	98.40017	816.2411	-144.47871	6.23187	4.4711027	52.53207	-15.002447	-682.13495	6.7017283	6.780825	7.1304	6947.7405207157135
150	9230.836	208.73178	9565.888	8912.862	9789.845	132.15742	9943.575	9536.864	1000.0	1000.0	750000	682.7165	99.678566	817.79645	-190.62242	682.716	99.68101	819.0708	-152.48071	682.1441	98.85443	816.4881	-152.18788	6.2495966	4.49616	62.0907	-13.628442	-683.2987	6.7767787	6.847643	7.354131	6999.857913732529
151	9270.186	73.25638	9385.861	9192.566	9914.017	81.2986	10027.928	9773.841	1000.0	1000.0	755000	683.5063	100.00433	821.8112	-144.62373	683.50604	100.0051	821.5131	-144.05902	682.9209	99.184975	816.86395	-141.12752	6.1932497	4.4543104	61.26427	-14.102533	-684.0891	6.7553515	6.802191	7.229103	7051.1958963871
152	9205.304	202.284	9432.8125	8937.694	9864.197	120.84944	10102.476	9623.406	1000.0	1000.0	760000	684.4141	99.92494	823.0425	-150.6312	684.41364	99.926	822.3982	-131.57582	683.8278	99.09069	818.55493	-153.26334	6.215762	4.433046	54.704247	-11.943287	-685.0094	6.7697783	6.81569	7.2617717	7103.523190736771
153	9401.076	134.91388	9512.501	9153.651	9970.143	145.19518	10160.783	9626.693	1000.0	1000.0	765000	686.07935	99.21842	825.84174	-170.39264	686.07983	99.21958	824.17096	-185.15422	685.50854	98.40085	822.6099	-135.65833	6.2901206	4.4464564	56.95595	-13.241654	-686.6705	6.577875	6.649917	7.024178	7155.806673049927
154	9208.797	309.97302	9573.532	8656.675	9244.963	113.405136	9469.041	9072.42	1000.0	1000.0	770000	687.16724	100.16461	826.1964	-155.01073	687.16693	100.16564	822.87537	-169.09268	686.5892	99.351906	821.8483	-164.0051	6.300602	4.4743733	70.77961	-14.214134	-687.7448	6.8135595	6.8815203	7.231634	7207.36220741272
155	9330.286	90.75466	9457.587	9207.74	10008.823	141.44829	10268.672	9771.838	1000.0	1000.0	775000	688.5424	99.93515	824.93805	-149.74974	688.54205	99.93554	822.8726	-147.4966	687.9464	99.12064	823.9204	-151.42795	6.291814	4.4756193	55.02756	-12.408916	-689.12476	6.932435	7.008866	7.322536	7258.577278852463
156	9435.254	86.47104	9578.69	9340.998	9882.331	123.617676	10141.782	9739.175	1000.0	1000.0	780000	689.9391	100.06147	827.65497	-164.58855	689.9388	100.062614	829.82227	-163.99507	689.3889	99.25042	825.2268	-164.61229	6.281923	4.435457	56.42909	-17.05691	-690.547	6.720501	6.7938037	7.068768	7309.985171556473
157	9468.425	364.3097	9834.396	8774.088	9463.227	528.42737	9794.879	7921.021	1000.0	1000.0	785000	692.0058	99.73313	836.52734	-148.64323	692.0062	99.731735	836.314	-158.08415	691.4373	98.902985	834.46704	-145.5225	6.33403	4.4819736	70.57832	-12.314875	-692.5933	6.5559783	6.5446215	7.0403643	7361.704323530197
158	9392.784	135.00581	9644.973	9276.87	9958.943	151.0121	10094.111	9577.084	1000.0	1000.0	790000	693.2855	100.37459	834.48914	-129.21507	693.2858	100.37396	832.7498	-118.06285	692.7302	99.552055	836.10535	-120.8508	6.2898874	4.472982	63.215633	-11.332638	-693.879	6.5787945	6.617407	7.04174	7413.15115237236
159	9487.401	180.92648	9614.533	9131.471	10219.91	100.07344	10401.545	10032.378	1000.0	1000.0	795000	695.0698	99.94875	835.62115	-114.66433	695.0697	99.948845	835.3574	-109.39928	694.49915	99.11956	835.26794	-135.24873	6.297008	4.447218	55.789246	-12.971396	-695.6425	6.4606814	6.5316257	6.8342485	7465.90743803978
160	9604.959	249.35135	9912.495	9307.414	10056.897	380.611	10335.585	8948.124	1000.0	1000.0	800000	696.1645	100.496864	839.779	-128.48752	696.1646	100.495316	840.99115	-127.41201	695.5934	99.6837	835.5669	-134.85884	6.3261876	4.4580536	56.903236	-13.89297	-696.7458	6.8731594	6.8856664	7.2195225	7519.201409339905
161	9424.88	246.3372	9810.304	9066.226	9801.123	114.002396	9990.093	9660.709	1000.0	1000.0	805000	697.74866	100.98119	836.46344	-122.62197	697.74866	100.98157	838.3866	-123.22669	697.19904	100.13629	834.65967	-126.65074	6.304509	4.477058	60.49261	-13.147317	-698.3644	6.7388635	6.774978	6.978893	7571.24870300293
162	9367.424	84.12294	9488.349	9261.731	10138.131	173.19351	10352.211	9791.309	1000.0	1000.0	810000	699.2287	100.53078	839.3048	-134.25465	699.22894	100.52988	839.36536	-122.477516	698.647	99.70218	839.0495	-110.58605	6.330678	4.440109	64.65557	-15.856472	-699.80725	6.6632657	6.6788	7.1353397	7623.277843952179
163	9598.951	158.7819	9908.41	9473.532	10245.076	56.96981	10331.284	10139.612	1000.0	1000.0	815000	700.6573	100.02944	839.58014	-201.18176	700.65735	100.02871	838.29645	-231.92842	700.0755	99.183815	837.01434	-162.73227	6.359318	4.4795732	55.138996	-12.746925	-701.2688	6.9941874	7.148417	7.434416	7676.762337446213
164	9427.731	206.16917	9598.278	9022.71	10118.393	118.78103	10243.126	9886.128	1000.0	1000.0	820000	701.87585	100.773186	848.84296	-164.64899	701.87585	100.77123	848.7895	-154.75653	701.3023	99.94974	848.34906	-162.68481	6.3671527	4.503452	55.378372	-12.339255	-702.4968	7.3106766	7.4170265	7.6229186	7729.75431394577
165	9505.578	144.50194	9652.78	9241.917	10072.425	70.34167	10180.209	9953.826	1000.0	1000.0	825000	703.0849	101.461296	856.26416	-230.35892	703.0852	101.46028	857.59485	-227.37155	702.50977	100.63579	851.514	-191.92754	6.382031	4.450177	54.417316	-11.85955	-703.69037	7.0539107	7.148884	7.5807877	7782.86195397377
166	9496.715	194.01564	9689.799	9129.665	10336.376	192.78925	10581.748	9825.295	1000.0	1000.0	830000	704.6187	100.92279	858.5346	-177.51555	704.61865	100.92344	854.8152	-174.82613	704.05347	100.09498	850.10443	-179.01022	6.3371253	4.4441295	54.44302	-11.512242	-705.2063	7.058518	7.093903	7.5462623	7835.276727437973
167	9685.071	107.181625	9888.073	9576.662	10206.143	86.799866	10308.08	10049.063	1000.0	1000.0	835000	706.12665	101.279915	860.28467	-174.83804	706.12665	101.279175	862.64075	-176.4233	705.54663	100.46801	866.9737	-175.99019	6.3368664	4.4610453	54.788357	-13.184778	-706.7142	6.8706555	6.965722	7.2691264	7888.8712246418
168	9712.678	135.14381	9914.615	9494.736	10018.422	67.84979	10138.547	9914.174	1000.0	1000.0	840000	707.39557	101.764534	862.08057	-243.85529	707.3958	101.76353	864.28503	-206.86012	706.81824	100.94274	862.91785	-197.72511	6.377693	4.455087	59.720528	-14.172294	-708.0088	7.0007634	7.005485	7.398303	7941.166806936264
169	9842.247	263.4655	10169.398	9516.706	10191.51	89.37033	10308.522	10002.937	1000.0	1000.0	845000	709.291	102.13567	868.9905	-191.0525	709.2903	102.13684	866.90784	-189.27046	708.7354	101.311226	869.2017	-199.49698	6.4958987	4.482048	59.777813	-11.267723	-709.90063	6.637978	6.692597	7.1322412	7994.404815196991
170	9810.72	100.50242	9946.8545	9690.137	10316.488	204.87003	10531.359	9930.74	1000.0	1000.0	850000	711.27423	101.56083	870.81824	-183.04996	711.2751	101.559166	867.3333	-185.28513	710.70905	100.735634	868.72485	-190.0844	6.4560385	4.4682865	55.49947	-15.070987	-711.90204	7.0437155	7.0636625	7.62275	8047.202206850052
171	9710.919	112.029594	9832.108	9521.3125	10082.821	104.17868	10244.7295	9897.366	1000.0	1000.0	855000	712.7707	102.320175	873.0612	-183.11029	712.77045	102.319855	870.7399	-184.77863	712.20276	101.47619	868.3155	-189.05826	6.4604535	4.4686856	56.520103	-13.512867	-713.3923	7.2584085	7.3258514	7.618011	8099.749960422516
172	9737.456	216.30151	10010.733	9521.706	10208.119	101.6813	10334.001	10024.947	1000.0	1000.0	860000	714.1069	102.18349	875.40186	-185.69662	714.10724	102.18301	875.3049	-202.61517	713.5313	101.32143	873.15283	-193.86142	6.50891	4.4628615	71.711784	-15.771731	-714.7353	7.2447205	7.2877374	7.6031313	8152.900142431259
173	9691.135	77.09517	9744.564	9538.874	10126.128	114.932884	10290.644	9910.825	1000.0	1000.0	865000	715.7919	102.89	874.66	-185.88878	715.792	102.88846	876.4509	-185.67561	715.2483	102.06946	870.74445	-191.90048	6.5372906	4.4862986	60.54004	-12.164923	-716.4422	7.0223193	7.03013	7.3134127	8206.120045661926
174	9884.506	168.00356	10009.683	9553.116	10124.216	104.97703	10261.265	9936.955	1000.0	1000.0	870000	718.27954	101.980225	875.92316	-172.18666	718.27924	101.979744	874.29016	-195.06651	717.71936	101.15378	876.16644	-168.66118	6.5036693	4.485726	48.669678	-12.697701	-718.89825	6.966988	7.0383573	7.4319158	8259.629071235657
175	9697.783	127.456856	9925.645	9560.848	9990.258	1023.46094	10709.573	6988.8984	1000.0	1000.0	875000	719.62054	102.09595	875.1566	-164.40775	719.6207	102.09696	874.2347	-161.3184	719.06647	101.27044	876.4769	-169.84647	6.5190196	4.466486	46.986866	-13.876169	-720.23755	6.9824357	6.9203463	7.3754907	8312.731662750244
176	9800.236	269.187	10272.389	9478.569	10427.418	125.80483	10661.551	10238.875	1000.0	1000.0	880000	721.40125	102.10967	876.3711	-163.92448	721.401	102.108894	877.0272	-175.82335	720.8472	101.27108	877.48804	-158.76369	6.5380473	4.5062943	61.20085	-16.545769	-722.0228	7.04852	7.0361366	7.384719	8366.293654203415
177	9948.616	190.36984	10218.236	9677.277	10136.818	116.817375	10346.077	9944.208	1000.0	1000.0	885000	723.12225	102.946365	881.6606	-163.58678	723.12286	102.94491	883.6118	-166.65887	722.5993	102.12096	880.9204	-164.471	6.5174937	4.494814	51.669624	-12.796423	-723.7862	7.1727295	7.181594	7.5604486	8420.137294054031
178	9776.229	255.70468	10030.626	9333.716	10308.029	79.80544	10473.829	10182.354	1000.0	1000.0	890000	724.89954	103.93331	877.7442	-193.6739	724.8993	103.933586	882.4574	-186.52412	724.35944	103.086685	875.80853	-203.83012	6.519767	4.484129	53.179573	-13.371464	-725.5694	7.59415	7.634342	7.8732476	8474.110614776611
179	8277.714	3281.5862	10337.348	1733.1322	10295.463	171.80608	10543.801	10016.786	1000.0	1000.0	895000	725.9702	104.87475	879.6483	-203.90633	725.97046	104.87403	879.6034	-178.17761	725.41864	104.03799	886.0473	-190.08073	6.526229	4.492466	62.839592	-12.725349	-726.6314	7.484194	7.5414624	7.684109	8528.477908611298
180	9818.654	171.90565	9995.683	9599.81	10412.662	74.064316	10549.705	10329.021	1000.0	1000.0	900000	727.1728	105.333725	883.26746	-153.10767	727.17285	105.33266	880.7707	-151.80072	726.6265	104.49106	877.4288	-164.25304	6.5273347	4.4721475	51.272564	-11.880241	-727.8152	7.242973	7.273664	7.515478	8582.494987487793
181	9938.081	26.82	9976.114	9908.778	10508.088	85.13543	10687.192	10399.194	1000.0	1000.0	905000	728.0969	105.17832	880.34485	-178.82039	728.0976	105.176956	880.19934	-201.5873	727.52545	104.339485	879.60284	-183.98279	6.535362	4.487089	52.997707	-14.899716	-728.7264	7.481411	7.4592533	7.6076765	8635.151051521301
182	8205.825	3356.4438	10400.17	1516.0377	10410.292	157.89418	10635.96	10150.868	1000.0	1000.0	910000	728.88446	107.02695	884.7491	-144.51918	728.88477	107.02598	883.6717	-136.504	728.33777	106.21423	882.4687	-166.61836	6.603066	4.500783	65.22158	-13.286048	-729.5146	7.3790874	7.316143	7.4923267	8689.725867271423
183	8138.367	1927.1677	10054.809	5395.605	10451.723	137.49942	10683.296	10164.758	1000.0	1000.0	915000	729.79834	109.408936	886.40594	-409.81644	729.7983	109.40833	887.30554	-433.08334	729.2293	108.60627	883.97595	-403.9452	6.589947	4.507934	55.295433	-12.108771	-730.45355	7.9225025	7.8458796	8.040125	8743.370316028595
184	9945.754	145.52972	10137.607	9757.37	10288.985	198.27939	10501.665	9840.049	1000.0	1000.0	920000	730.60864	110.91011	892.34033	-522.84894	730.6092	110.90927	890.9746	-561.8783	730.05054	110.116936	886.3382	-576.07007	6.5889854	4.5309815	78.45356	-16.61787	-731.3117	9.563548	9.646807	8.912414	8798.00161933899
185	9900.693	392.55875	10227.86	9147.1455	9657.736	1768.8679	10702.388	5864.101	1000.0	1000.0	925000	732.1312	110.76915	889.9146	-451.74197	732.1312	110.77089	891.0533	-458.24286	731.58984	109.97274	891.3166	-495.17517	6.6262846	4.4858413	62.813545	-12.121784	-732.8201	8.559382	8.483146	8.359213	8851.782834768295
186	10059.106	158.94543	10345.552	9892.472	10575.186	208.46451	10864.963	10097.146	1000.0	1000.0	930000	733.688	110.05119	890.76495	-385.3942	733.6886	110.04863	890.9754	-420.55902	733.1227	109.25377	891.9534	-435.40457	6.639078	4.4940104	62.997112	-13.985651	-734.3421	8.285328	8.198301	8.251195	8905.998012781143
187	9956.287	182.2098	10286.178	9751.922	10712.5625	93.019	10845.686	10559.851	1000.0	1000.0	935000	734.47107	110.78193	893.2453	-525.42847	734.4711	110.77831	892.748	-445.5906	733.88684	109.9568	893.78345	-439.9296	6.6443377	4.5258956	57.516014	-13.5511	-735.1326	8.808544	8.810887	8.537853	8959.629112005234
188	9042.644	1934.8579	10217.331	5189.978	10243.178	163.04036	10477.851	9913.942	1000.0	1000.0	940000	734.6934	111.28288	891.9715	-425.56458	734.6937	111.28156	893.64996	-433.75577	734.0893	110.472595	891.03766	-421.01562	6.606605	4.4878874	63.300663	-12.884394	-735.34344	8.847192	8.883212	8.769067	9011.52080821991
189	9998.1	245.47498	10260.882	9592.115	10794.014	119.50616	10991.854	10617.827	1000.0	1000.0	945000	734.8182	112.41274	895.5447	-469.6144	734.8186	112.41049	894.2106	-451.6283	734.22925	111.61106	890.8337	-458.75595	6.643043	4.471278	68.27845	-13.288443	-735.47815	8.631072	8.496674	8.530777	9064.40652680397
190	8572.557	2873.9956	10278.912	2831.6272	10329.097	159.56271	10568.556	10043.284	1000.0	1000.0	950000	736.35144	112.42216	891.8613	-335.9592	736.351	112.42274	893.5904	-361.73297	735.77905	111.63143	894.4284	-351.5068	6.6880093	4.509101	62.190178	-12.982132	-737.0219	8.499073	8.701532	8.629929	9117.149062633514
191	10059.658	296.154	10275.847	9486.82	10550.682	144.65715	10738.739	10323.169	1000.0	1000.0	955000	736.7971	114.2611	898.6692	-349.6614	736.7974	114.25996	898.45325	-376.30875	736.22626	113.4731	895.71356	-318.01358	6.6604567	4.527082	57.883484	-13.655289	-737.4649	8.46043	8.447648	8.534146	9169.291710138321
192	10206.631	51.49323	10279.905	10133.665	10336.325	1034.9292	10801.133	7244.557	1000.0	1000.0	960000	738.44324	114.98433	899.8199	-326.64005	738.4436	114.985275	895.8898	-386.0431	737.9046	114.19518	897.8156	-455.58154	6.634191	4.5497446	55.391895	-11.848211	-739.1386	8.260118	8.28333	8.091061	9221.135075330734
193	10066.787	214.29974	10264.818	9650.734	10635.416	336.0899	11114.64	9925.212	1000.0	1000.0	965000	740.1701	114.67975	899.8551	-351.16818	740.1704	114.676994	900.48944	-374.49533	739.60895	113.868965	900.0627	-392.67126	6.7291946	4.5707393	61.24929	-12.079537	-740.8339	8.3151655	8.431236	8.2078285	9273.652347564697
194	10294.969	118.32129	10418.069	10068.531	10638.818	100.57168	10827.736	10506.168	1000.0	1000.0	970000	741.0464	114.34419	901.50916	-386.83334	741.04663	114.34223	904.1411	-381.27844	740.4626	113.55401	900.0632	-393.1002	6.658126	4.495876	59.56484	-12.910386	-741.69415	8.288811	8.326178	8.092552	9326.371212244034
195	10050.196	207.35721	10352.665	9809.813	10504.327	98.4873	10729.341	10386.841	1000.0	1000.0	975000	743.1507	113.98869	903.9262	-281.24246	743.1507	113.98736	907.282	-315.5755	742.603	113.17507	903.3409	-328.52042	6.7052064	4.5392203	72.74814	-15.281853	-743.8278	8.418124	8.445306	8.292738	9379.817439079285
196	8056.8267	3700.3489	10206.641	666.9196	10007.502	2140.8923	10885.558	3589.7747	1000.0	1000.0	980000	744.11945	115.017914	906.96893	-225.89714	744.11957	115.01583	907.253	-211.47041	743.5477	114.21465	905.86676	-303.69357	6.717208	4.5484967	59.52286	-13.0401325	-744.8173	8.85401	8.909266	8.679545	9432.9196600914
197	10183.653	179.98611	10408.915	9885.01	10985.704	127.04687	11289.525	10800.397	1000.0	1000.0	985000	744.18463	117.37097	906.1757	-280.10153	744.1843	117.37234	907.994	-299.6777	743.5911	116.565186	907.07245	-288.6007	6.75193	4.551837	58.885002	-13.104941	-744.883	9.531469	9.638672	8.898129	9485.416130781174
198	10183.797	198.44392	10469.744	9935.962	10698.549	124.35208	10872.3	10486.169	1000.0	1000.0	990000	745.0038	116.62931	910.01483	-148.67139	745.0044	116.62878	912.35913	-157.99466	744.4191	115.82231	911.71155	-253.6187	6.7227554	4.530493	60.309105	-12.299015	-745.6837	9.253092	9.184913	8.980359	9538.370683193207
199	10348.206	61.29513	10418.845	10249.83	10729.229	129.95386	10933.339	10447.521	1000.0	1000.0	995000	745.88245	116.98214	919.95734	-240.23012	745.8826	116.98154	920.7865	-296.26788	745.28766	116.17438	913.58655	-201.93243	6.761377	4.5465307	61.620365	-13.663361	-746.5526	9.204411	9.345762	8.919583	9592.878468036652
