Epoch	AverageEpRet	StdEpRet	MaxEpRet	MinEpRet	EpLen	AverageVVals	StdVVals	MaxVVals	MinVVals	TotalEnvInteracts	LossPi	LossV	DeltaLossPi	DeltaLossV	KL	BacktrackIters	Time
0	-750.45355	204.50809	-456.04538	-953.83624	1000.0	-0.009008844	0.89175475	2.3404806	-2.356982	4000	-7.259846e-08	5429.053	-0.059705377	-911.52734	0.008921721	0.0	5.606380462646484
1	-701.668	97.085655	-553.03955	-808.2363	1000.0	-6.406657	4.1026926	8.181528	-15.060177	8000	3.6120415e-08	3951.148	-0.056376766	-1528.9934	0.008759365	0.0	10.096428155899048
2	-733.65796	65.30541	-650.90204	-833.5706	1000.0	-22.279774	2.4942405	6.6878204	-23.474287	12000	-5.2809714e-08	2799.6965	-0.059586063	-626.2666	0.008928009	0.0	14.342341423034668
3	-711.0443	177.80672	-483.5347	-982.1474	1000.0	-30.043613	1.0683485	-6.022315	-30.386164	16000	1.0371208e-08	2168.4543	-0.057132345	-351.16748	0.008805643	0.0	19.26439929008484
4	-698.83276	29.774466	-653.63257	-736.62964	1000.0	-35.53878	0.32389587	-28.153152	-35.67199	20000	4.172325e-09	1277.4647	-0.058308374	-210.09973	0.008931749	0.0	24.42701482772827
5	-686.89856	122.392006	-575.66174	-877.5512	1000.0	-39.723236	1.5954456	6.472982	-39.87833	24000	-6.198883e-09	1151.2694	-0.058269367	-155.39056	0.008835169	0.0	29.68932271003723
6	-704.6891	50.24473	-625.13837	-764.475	1000.0	-43.441517	0.13843648	-40.197678	-43.51295	28000	6.6757204e-09	1080.8702	-0.058781352	-134.29712	0.0086218	0.0	34.79326796531677
7	-661.56104	68.30797	-544.4813	-716.21204	1000.0	-46.979095	0.29196113	-37.494083	-47.037403	32000	-1.1444092e-08	924.4604	-0.05680341	-66.2428	0.008933409	0.0	39.915300369262695
8	-523.19836	104.58466	-363.37814	-638.9679	1000.0	-49.5391	0.55063224	-22.74602	-49.634254	36000	2.682209e-08	658.8604	-0.060707066	-21.279297	0.008907629	0.0	45.0181348323822
9	-689.76056	132.00468	-568.4424	-908.36566	1000.0	-48.26439	3.2814455	25.829996	-49.289616	40000	3.4928323e-08	1075.4	-0.062513284	-87.832886	0.00885388	0.0	49.885302782058716
10	-590.22266	105.719246	-482.60214	-762.39636	1000.0	-51.64297	0.88551706	-17.568308	-51.775764	44000	-2.348423e-08	528.12476	-0.06398226	-6.8220215	0.008841724	0.0	55.37765336036682
11	-545.62085	63.95933	-469.53116	-642.6789	1000.0	-52.337757	0.81305885	-33.84808	-52.489666	48000	1.0848045e-08	410.20956	-0.06476972	-35.376373	0.008841839	0.0	60.31172704696655
12	-599.915	106.2673	-497.5213	-776.80225	1000.0	-37.38454	29.173166	50.774487	-51.68348	52000	4.0888786e-08	1635.6322	-0.060519047	-1056.2566	0.00869158	0.0	65.09233069419861
13	-597.81177	96.96319	-506.69934	-752.0906	1000.0	-51.58921	2.594011	-8.85997	-52.40712	56000	-1.3113022e-08	544.6206	-0.056850456	-11.715759	0.008900036	0.0	69.76568865776062
14	-531.7268	71.07091	-418.44202	-614.6642	1000.0	-52.09612	2.7373035	2.0298007	-53.00459	60000	-1.6570091e-08	413.67667	-0.060155522	-31.79004	0.008799211	0.0	74.68840193748474
15	-635.00195	87.35982	-545.3486	-778.4719	1000.0	-49.50079	4.833767	-7.830219	-52.478683	64000	-1.07288365e-08	499.76764	-0.061141748	-57.44864	0.008818428	0.0	79.79481101036072
16	-538.41425	144.68904	-291.27393	-655.8667	1000.0	-53.24086	1.6013563	-14.571098	-53.839573	68000	-1.525879e-08	705.0518	-0.060600724	-93.49603	0.008823624	0.0	84.88979196548462
17	-610.3234	160.48904	-458.73508	-878.46094	1000.0	-47.893444	8.086519	31.554123	-53.460472	72000	9.536744e-10	698.76636	-0.0606848	-59.814636	0.008800245	0.0	89.95154309272766
18	-589.7251	70.17113	-514.0877	-703.86316	1000.0	-51.847313	5.1649356	11.053918	-54.678585	76000	-2.384186e-10	487.2648	-0.06033562	-24.608307	0.008845726	0.0	94.80351185798645
19	-600.2407	127.003	-411.2516	-769.2512	1000.0	-50.86691	6.794168	5.009748	-55.33886	80000	8.8214875e-09	548.9255	-0.06081684	-35.91205	0.008896821	0.0	99.62502312660217
20	-493.0675	69.38405	-398.56616	-572.6025	1000.0	-52.304882	5.7983155	6.8839087	-55.917343	84000	9.6559525e-09	445.87662	-0.06340998	-102.51877	0.008769814	0.0	104.81707668304443
21	-545.4221	37.859356	-488.71658	-583.9544	1000.0	-45.402225	5.8780365	0.74359035	-54.690334	88000	-1.5735626e-08	422.343	-0.061627097	-57.606842	0.008689394	0.0	109.51737117767334
22	-533.9169	56.144234	-475.03555	-620.26276	1000.0	-49.23207	4.6015296	4.3961587	-55.12679	92000	3.9100648e-08	390.43655	-0.059855923	-25.370667	0.008667391	0.0	114.09097123146057
23	-586.8784	43.44782	-532.3288	-651.1756	1000.0	-46.990868	4.768909	8.653828	-54.97545	96000	1.9311905e-08	386.94745	-0.060209993	-50.548462	0.008747953	0.0	119.11562252044678
24	-551.8896	136.57469	-402.43393	-760.95526	1000.0	-52.019897	4.298123	-13.924173	-56.009212	100000	-7.629395e-09	588.60345	-0.061992034	-71.18402	0.008997576	0.0	123.53851819038391
25	-455.90125	59.407814	-375.737	-515.6946	1000.0	-45.32099	7.584593	19.709513	-56.280994	104000	-5.722046e-09	359.26205	-0.063323475	-113.889404	0.008906652	0.0	128.18150329589844
26	-556.9247	145.28755	-389.5513	-789.29926	1000.0	-41.1502	6.613324	1.9254868	-55.5817	108000	-1.859665e-08	655.7474	-0.056879055	-163.26196	0.008860547	0.0	132.60894393920898
27	-539.69867	109.77661	-394.95953	-702.22345	1000.0	-48.905018	7.179417	1.6895216	-57.59994	112000	-1.9073486e-08	488.91556	-0.06084273	-40.98471	0.008964778	0.0	137.1131513118744
28	-478.17603	13.402278	-462.29346	-493.8931	1000.0	-46.30664	4.5951004	-0.8188156	-58.050896	116000	1.7642975e-08	218.94978	-0.07170571	-46.46646	0.008711353	0.0	141.74758172035217
29	-499.26163	62.89181	-435.73187	-585.266	1000.0	-42.371845	7.682181	-1.6300217	-57.585083	120000	1.2397766e-08	377.5794	-0.06155271	-64.38086	0.008967326	0.0	146.2327697277069
30	-468.748	60.872185	-393.957	-554.8447	1000.0	-43.23925	10.5058975	30.90412	-57.98252	124000	6.0796737e-09	383.97662	-0.06157126	-73.85016	0.00888534	0.0	151.00264954566956
31	-501.40454	93.74219	-413.28513	-646.8068	1000.0	-42.18989	8.023233	-10.940657	-57.462227	128000	5.4836273e-09	573.7033	-0.0600891	-55.988342	0.008864286	0.0	155.64951729774475
32	-531.9645	56.959618	-464.77756	-589.3847	1000.0	-45.16224	7.698747	10.607547	-58.121048	132000	1.525879e-08	335.68167	-0.06296103	-48.717163	0.008880867	0.0	160.2228627204895
33	-490.805	67.74643	-374.42993	-542.6486	1000.0	-46.934135	5.515899	0.31392145	-58.67339	136000	-1.9073487e-09	294.77386	-0.060798693	-24.765717	0.008765144	0.0	164.8900110721588
34	-451.42908	26.258541	-417.69406	-491.1474	1000.0	-44.88972	5.2108693	-10.400897	-58.464863	140000	1.9073486e-08	430.90488	-0.06279542	-55.330566	0.008970749	0.0	169.36457991600037
35	-438.0227	111.3647	-339.49402	-625.0882	1000.0	-41.794163	7.0731506	7.202506	-58.0552	144000	2.026558e-09	332.01163	-0.06222385	-43.853912	0.008852588	0.0	174.02485394477844
36	-524.74414	45.051956	-463.06372	-573.73865	1000.0	-40.057655	8.291238	4.4466705	-58.081726	148000	2.9802323e-09	408.2577	-0.059894312	-86.68643	0.008894989	0.0	178.64968156814575
37	-473.8784	91.15641	-328.7113	-580.62225	1000.0	-45.968094	5.601206	-7.1374426	-58.987473	152000	1.4305115e-09	392.13556	-0.06249435	-48.57248	0.008819533	0.0	182.86057662963867
38	-458.48813	76.58636	-349.60785	-548.501	1000.0	-42.745983	6.196906	-8.395438	-58.940857	156000	-1.3589859e-08	239.00221	-0.062133193	-51.789825	0.008809404	0.0	187.6143832206726
39	-482.984	39.773197	-424.54437	-527.7083	1000.0	-41.646408	6.3077736	-3.0204182	-58.664536	160000	-3.9339065e-09	295.45724	-0.06582247	-45.002396	0.008875298	0.0	191.9365963935852
40	-406.3389	81.785736	-327.74942	-519.71967	1000.0	-41.986732	9.328391	13.519631	-59.514698	164000	5.4836273e-09	299.66608	-0.06069294	-76.14203	0.008845751	0.0	197.0457422733307
41	-508.09637	17.541027	-489.12674	-533.7901	1000.0	-41.78848	3.7049065	-12.685873	-57.48445	168000	-6.6757204e-09	169.27922	-0.06592804	-25.461716	0.008821096	0.0	201.68880820274353
42	-396.54727	118.54393	-231.25333	-510.61856	1000.0	-42.451687	5.816825	-12.47574	-58.383816	172000	-1.1920929e-09	435.36395	-0.061124716	-111.488464	0.0087526115	0.0	206.33533358573914
43	-510.56665	47.283363	-444.086	-559.02655	1000.0	-38.435566	9.555322	18.173935	-56.486275	176000	-1.7821788e-08	413.3307	-0.057588834	-137.46307	0.008790675	0.0	210.9954195022583
44	-504.73868	33.488358	-465.19724	-552.4704	1000.0	-47.14423	4.449266	-8.679287	-59.00856	180000	4.053116e-09	271.52994	-0.064048305	-18.757935	0.008870878	0.0	215.5877616405487
45	-459.3186	10.197376	-445.32843	-473.87277	1000.0	-44.783276	5.4731045	17.408283	-58.513447	184000	-4.768372e-10	230.07578	-0.06418285	-27.152786	0.008826316	0.0	220.16643977165222
46	-434.38965	32.073063	-386.60263	-470.4624	1000.0	-42.15736	5.7947326	11.233334	-57.10604	188000	-5.2452087e-09	288.4385	-0.06256566	-42.890366	0.008809635	0.0	225.0244905948639
47	-455.3201	63.830498	-384.15048	-552.5043	1000.0	-38.641163	7.9995294	10.213452	-57.55876	192000	5.6028364e-09	273.9224	-0.062161986	-47.820618	0.0087915305	0.0	229.60159873962402
48	-450.99252	128.35092	-238.4139	-572.8493	1000.0	-40.18399	7.565494	0.47325253	-56.956085	196000	4.768372e-10	399.51807	-0.059831068	-53.162506	0.008895197	0.0	234.01976585388184
49	-468.1144	36.24514	-412.42407	-510.04208	1000.0	-43.69397	5.6470113	6.2812037	-58.360394	200000	-1.0251999e-08	189.9274	-0.072163716	-19.80664	0.0088662645	0.0	238.66645741462708
50	-391.51514	75.93953	-275.21887	-488.19928	1000.0	-38.7911	8.3586855	19.525187	-58.360264	204000	-1.692772e-08	339.13602	-0.06244757	-47.18091	0.00899391	0.0	243.73541831970215
51	-484.86322	55.5629	-389.51624	-527.7615	1000.0	-36.872726	8.682272	4.074121	-58.203716	208000	-5.722046e-09	283.3475	-0.061108205	-77.80173	0.008848265	0.0	248.382915019989
52	-417.6797	115.26578	-227.08138	-521.0525	1000.0	-42.19368	5.0602455	8.986231	-56.643013	212000	-7.867813e-09	344.58774	-0.065125555	-72.8555	0.00905797	0.0	252.9149408340454
53	-309.72577	119.86051	-188.89035	-461.6725	1000.0	-36.98971	9.982886	14.301582	-54.116848	216000	-4.005432e-08	409.62308	-0.06201462	-130.85553	0.009004846	0.0	257.6389203071594
54	-465.53033	42.546917	-405.7075	-525.34625	1000.0	-34.322006	7.567379	6.6381445	-55.466618	220000	-3.3378602e-09	291.9771	-0.06454847	-82.36755	0.008892508	0.0	262.41483187675476
55	-430.5188	78.19101	-345.21893	-538.3688	1000.0	-39.16411	9.354665	21.67529	-57.499454	224000	8.5830685e-09	256.86725	-0.06330275	-35.245193	0.008817078	0.0	266.9971878528595
56	-427.31766	27.284798	-393.73923	-457.62463	1000.0	-35.451004	8.644239	22.99841	-55.812336	228000	-1.9073487e-09	254.45158	-0.062174466	-56.170288	0.008836773	0.0	271.44878125190735
57	-424.40115	48.64637	-364.0248	-490.75693	1000.0	-39.667767	5.332701	-4.7163324	-52.840824	232000	5.9604646e-09	326.20874	-0.06336639	-53.596863	0.008917484	0.0	275.86003851890564
58	-464.891	22.421852	-426.40076	-482.24405	1000.0	-41.171223	8.026418	6.293424	-54.371746	236000	-9.536743e-09	215.84285	-0.067031294	-29.42421	0.008865668	0.0	280.6182963848114
59	-383.37637	50.44925	-318.98816	-454.69443	1000.0	-41.207752	6.9847307	2.6173625	-55.252575	240000	-8.34465e-09	204.11281	-0.06433563	-51.08252	0.008958915	0.0	285.1201605796814
60	-335.8321	82.125114	-199.2389	-410.18576	1000.0	-31.760918	7.928605	12.644659	-50.136524	244000	-4.529953e-09	356.34393	-0.059983723	-69.4288	0.008901888	0.0	290.48779249191284
61	-396.98428	100.86087	-257.2852	-538.80725	1000.0	-31.385866	7.3947515	21.6858	-52.414574	248000	7.1525574e-10	384.06924	-0.058170177	-63.09558	0.008822657	0.0	294.92871499061584
62	-375.23706	71.98024	-282.67706	-480.82834	1000.0	-35.734173	8.006119	2.9496462	-55.748695	252000	-1.4781952e-08	204.2815	-0.059005264	-39.399826	0.008955227	0.0	299.58887362480164
63	-382.89337	71.329475	-301.46204	-493.8053	1000.0	-34.688313	8.281845	3.9690423	-53.975056	256000	6.6757204e-09	286.05966	-0.061103318	-45.971542	0.008884018	0.0	304.1688013076782
64	-358.48978	114.418365	-186.10434	-465.06985	1000.0	-39.23732	10.393394	2.9735477	-55.37185	260000	6.198883e-09	271.341	-0.06185567	-80.043686	0.008886026	0.0	308.90608501434326
65	-398.12286	46.43046	-327.5366	-446.86456	1000.0	-29.101425	10.528253	3.4418724	-52.74034	264000	-2.7894973e-08	309.98508	-0.060692746	-103.82808	0.0089727575	0.0	313.36102843284607
66	-400.66724	67.36494	-305.90613	-467.6701	1000.0	-35.63714	6.7564697	-0.9382767	-53.01244	268000	-1.2397766e-08	330.1056	-0.06050427	-44.616272	0.009000908	0.0	317.95465445518494
67	-334.59894	77.80201	-240.9053	-419.44852	1000.0	-37.835308	9.08381	16.141403	-56.83585	272000	-2.3841858e-08	203.00406	-0.062457986	-64.50253	0.009064266	0.0	322.61834502220154
68	-374.41064	41.685936	-331.94177	-430.84967	1000.0	-29.285957	7.8932824	-1.5192783	-51.603176	276000	-3.1471252e-08	258.2609	-0.06293448	-64.953476	0.0089483475	0.0	327.4670648574829
69	-372.623	37.203243	-308.3092	-397.70612	1000.0	-32.38009	6.5460963	10.7436	-54.09895	280000	2.5272369e-08	330.3054	-0.058809116	-59.533203	0.008999984	0.0	332.4641852378845
70	-351.1093	49.407578	-270.9503	-398.0031	1000.0	-37.242035	7.6285377	2.4823287	-53.476147	284000	1.1205673e-08	193.429	-0.06360241	-43.099777	0.008879992	0.0	337.68586349487305
71	-334.75412	22.793964	-305.74554	-365.392	1000.0	-29.957495	8.922899	3.412592	-52.672646	288000	1.9073486e-08	257.511	-0.06095921	-32.66211	0.0088378815	0.0	342.5680100917816
72	-304.91476	97.09744	-184.73282	-425.4328	1000.0	-29.797684	8.460264	7.2662096	-50.943604	292000	-8.5830685e-09	219.80405	-0.05912649	-41.959946	0.008935943	0.0	347.60515689849854
73	-281.4597	45.20546	-217.10234	-334.87952	1000.0	-23.443087	7.746253	0.7390296	-51.209335	296000	-1.1444092e-08	280.6977	-0.059886232	-41.590195	0.008966643	0.0	352.46655082702637
74	-362.38907	49.705368	-314.41876	-445.7799	1000.0	-27.14136	7.0197096	0.48645133	-49.017677	300000	-3.6358834e-09	358.0837	-0.060472175	-79.64496	0.0089275	0.0	357.5147294998169
75	-336.9037	30.218412	-299.4349	-378.17783	1000.0	-32.438854	6.2181487	-4.170015	-55.45398	304000	4.2915342e-09	266.8782	-0.058851566	-56.06357	0.009012683	0.0	362.7501904964447
76	-356.3034	67.24357	-283.81082	-466.18915	1000.0	-34.292038	7.7092977	0.009608388	-52.26804	308000	-6.6161157e-09	194.1265	-0.06366043	-30.095718	0.009015577	0.0	367.8468189239502
77	-298.51376	108.89379	-170.47733	-459.45053	1000.0	-30.533184	7.416904	-7.130239	-49.30344	312000	-1.6212464e-08	210.09894	-0.06477846	-42.631973	0.0089345835	0.0	373.0054042339325
78	-340.02188	80.22433	-236.41501	-449.2046	1000.0	-27.791391	11.055761	10.150133	-51.067898	316000	9.536744e-10	229.79889	-0.061054885	-45.45883	0.00909069	0.0	378.1049771308899
79	-271.32968	130.56152	-106.58523	-414.28433	1000.0	-30.233143	9.553252	0.45273864	-47.7675	320000	-2.861023e-09	194.25499	-0.06220624	-54.028778	0.008931311	0.0	383.21287202835083
80	-377.61725	38.599434	-332.41983	-434.61804	1000.0	-27.989109	11.498495	3.6062863	-46.75998	324000	-1.835823e-08	262.4872	-0.062654786	-90.41287	0.008958287	0.0	388.9770543575287
81	-361.1693	80.543625	-260.74292	-480.45502	1000.0	-36.017036	9.0191345	4.051648	-51.09501	328000	-4.7683715e-09	233.05847	-0.06562333	-41.526596	0.009009169	0.0	393.67908215522766
82	-248.75797	40.151424	-215.60951	-317.2548	1000.0	-31.931961	9.119074	2.6137996	-50.27721	332000	4.220009e-08	259.2117	-0.0628374	-124.33446	0.008961519	0.0	398.83687019348145
83	-319.66705	36.385056	-284.77643	-371.5893	1000.0	-22.434965	9.365742	8.48372	-44.054604	336000	6.437302e-09	260.8122	-0.06069444	-70.166	0.009058774	0.0	403.98669624328613
84	-323.01886	77.96223	-202.61162	-418.08624	1000.0	-28.00842	6.921367	-3.9116359	-45.31399	340000	-1.1920929e-08	213.98637	-0.05959659	-21.84436	0.009073925	0.0	409.3004755973816
85	-334.38306	91.895424	-182.57849	-429.62762	1000.0	-31.196796	7.361206	-0.74078614	-49.48696	344000	-1.5497207e-08	163.19139	-0.060764924	-17.093048	0.008929943	0.0	414.4935784339905
86	-268.8949	50.133305	-213.17516	-323.3875	1000.0	-27.829824	7.5631986	6.699459	-44.150757	348000	-4.053116e-09	257.32782	-0.059973694	-50.93254	0.009038615	0.0	419.73598766326904
87	-388.06427	7.871554	-378.82825	-400.1958	1000.0	-21.597073	21.537888	47.589443	-46.92604	352000	-7.1525574e-10	758.0576	-0.060419362	-560.4019	0.009087695	0.0	424.98664116859436
88	-375.56924	65.21666	-281.10776	-458.38464	1000.0	-34.044975	6.3071766	7.9774394	-53.80172	356000	1.1920929e-08	352.99344	-0.058210213	-41.150543	0.008997855	0.0	430.1367027759552
89	-283.63043	104.2147	-141.37999	-432.824	1000.0	-33.517784	6.7123795	3.9162505	-53.518593	360000	-9.536743e-09	296.2134	-0.06075987	-82.606186	0.0091125835	0.0	435.1583511829376
90	-325.13446	49.725163	-263.99738	-402.66327	1000.0	-28.060616	8.096614	-0.64598334	-49.75387	364000	-9.536744e-10	247.38408	-0.06308162	-40.550827	0.009140292	0.0	440.8825204372406
91	-313.38727	68.85769	-233.08817	-387.51434	1000.0	-28.225744	8.528738	6.5773315	-52.355984	368000	-9.536743e-09	185.30217	-0.05963704	-36.454163	0.009034821	0.0	445.78565883636475
92	-270.34552	111.1691	-98.4399	-374.71744	1000.0	-28.938257	6.056534	-2.725167	-46.57835	372000	0.0	316.36905	-0.06187843	-113.30005	0.008950163	0.0	450.7557580471039
93	-273.93753	96.27108	-125.682884	-374.66205	1000.0	-27.058952	13.127409	24.225574	-44.15245	376000	-1.4305115e-09	167.51013	-0.060405273	-33.8517	0.008939049	0.0	455.65981101989746
94	-233.46362	166.39842	-54.75122	-420.8617	1000.0	-21.80602	12.403739	12.557267	-42.569374	380000	-1.4424324e-08	245.04184	-0.06236647	-40.358032	0.009033804	0.0	459.9767208099365
95	-281.1409	83.08152	-154.21336	-380.23734	1000.0	-18.946327	11.851218	14.779462	-45.583725	384000	7.152557e-09	333.38318	-0.06528259	-83.25357	0.009072015	0.0	464.81999921798706
96	-195.45395	170.62129	52.911636	-370.65228	1000.0	-25.47414	11.431415	10.667338	-46.06197	388000	2.1457673e-08	314.59686	-0.06180906	-97.318695	0.008983792	0.0	469.48852372169495
97	-268.7841	47.949696	-189.59091	-308.55814	1000.0	-17.20942	12.072585	23.405054	-43.75299	392000	1.2159347e-08	344.02118	-0.057322808	-110.98834	0.009152298	0.0	473.9774000644684
98	-233.66162	103.39261	-98.19214	-386.20975	1000.0	-28.526785	9.312453	6.7975807	-44.958008	396000	0.0	311.35535	-0.06204493	-70.757935	0.008955634	0.0	478.7029504776001
99	-261.47107	92.71105	-140.70178	-397.11005	1000.0	-17.405363	9.339325	11.532354	-46.765965	400000	-4.2915346e-08	382.05573	-0.05735821	-90.89603	0.009096127	0.0	483.51933002471924
100	-206.68015	43.546402	-137.06903	-251.97467	1000.0	-24.690367	8.7805805	10.7254095	-46.222736	404000	-7.867813e-09	266.86688	-0.06089718	-56.87744	0.00900353	0.0	488.7120671272278
101	-283.25076	21.97515	-261.99347	-315.49136	1000.0	-21.640245	9.554221	13.55904	-45.245094	408000	-1.5735626e-08	189.2799	-0.060607966	-46.856842	0.009103021	0.0	493.48710227012634
102	-265.82797	46.0979	-214.71515	-320.83005	1000.0	-25.478168	6.8971086	3.3650284	-43.832363	412000	-3.385544e-08	130.36299	-0.06284881	-20.71202	0.008995016	0.0	498.06916069984436
103	-176.56853	19.596886	-145.37134	-199.40285	1000.0	-19.32786	7.6109605	11.624517	-41.601593	416000	7.1525574e-10	194.85416	-0.062060792	-32.13205	0.009179186	0.0	502.57102155685425
104	-80.76751	60.075718	2.3287513	-145.2423	1000.0	-15.013767	7.1545525	11.156609	-37.218136	420000	-2.4318695e-08	322.45587	-0.058858633	-112.99669	0.00908748	0.0	507.27930307388306
105	-232.62009	134.5928	-18.717041	-359.35266	1000.0	-12.848084	8.714955	22.444662	-30.2902	424000	2.5749207e-08	372.26205	-0.06414785	-179.99342	0.009106988	0.0	512.273354768753
106	-223.39146	96.0317	-64.442314	-305.8849	1000.0	-22.247402	12.457055	32.425385	-46.62471	428000	-8.404255e-09	179.70857	-0.059540376	-32.983047	0.009126793	0.0	516.7879390716553
107	-171.93593	97.35942	-47.77835	-303.82483	1000.0	-13.985524	10.046314	24.92888	-42.088367	432000	-1.502037e-08	235.31462	-0.059501253	-48.503586	0.009115487	0.0	521.350376367569
108	-281.9013	55.149635	-213.06668	-346.29846	1000.0	-22.73093	7.937241	11.8359585	-37.75633	436000	-1.1563301e-08	180.92397	-0.06159033	-42.30121	0.009040776	0.0	526.0254230499268
109	-182.60748	73.8021	-74.194824	-278.7693	1000.0	-19.544636	8.335919	9.3023205	-42.18448	440000	4.7683715e-09	214.1793	-0.06108865	-49.9507	0.009143991	0.0	530.5744302272797
110	-250.25916	96.39322	-111.29593	-354.29684	1000.0	-20.836655	7.688011	10.610997	-38.605953	444000	-1.3351441e-08	170.62282	-0.059566025	-34.75444	0.0089881895	0.0	535.6681661605835
111	-184.96805	111.370056	-14.793674	-315.57346	1000.0	-18.542255	10.54041	18.83803	-38.33232	448000	1.7166137e-08	202.87488	-0.06266616	-26.956894	0.00907453	0.0	540.5016915798187
112	-224.48004	51.23007	-178.79332	-311.28433	1000.0	-16.022495	9.920335	23.870409	-38.12116	452000	1.1920929e-08	197.86337	-0.06240677	-41.182373	0.009152252	0.0	545.0902202129364
113	-253.67215	94.2321	-118.26117	-370.5861	1000.0	-26.565144	9.10098	17.693817	-38.808453	456000	1.192093e-10	119.97283	-0.05992656	-21.81771	0.009061045	0.0	549.661173582077
114	-211.17226	86.086914	-82.686775	-324.0305	1000.0	-21.600945	11.408537	18.149689	-38.757835	460000	-1.3828277e-08	173.15097	-0.0629731	-26.314423	0.009001909	0.0	554.2219481468201
115	-146.17682	126.74084	26.981525	-331.02448	1000.0	-20.129868	12.652194	23.381052	-38.84285	464000	2.7179718e-08	246.85117	-0.061784763	-71.27045	0.009100683	0.0	559.1148295402527
116	-227.1112	95.550476	-114.153984	-333.7097	1000.0	-15.982574	14.474115	34.580173	-36.19696	468000	1.6212464e-08	225.27162	-0.06063944	-67.43385	0.009080361	0.0	563.9191918373108
117	-272.14664	82.49443	-161.63426	-385.75507	1000.0	-21.433403	10.526997	13.540671	-36.80652	472000	1.26361845e-08	238.53444	-0.06156131	-50.73752	0.0092140045	0.0	568.5269196033478
118	-168.3832	30.490866	-120.9994	-200.73183	1000.0	-23.62084	8.093927	14.936935	-41.5072	476000	-3.4928323e-08	169.90794	-0.06210776	-68.06956	0.00914621	0.0	573.2611112594604
119	-192.54187	36.232765	-149.09009	-233.50285	1000.0	-14.472092	8.281223	13.377773	-31.917755	480000	-2.3841857e-09	250.97006	-0.059634015	-50.29277	0.009031415	0.0	577.9084997177124
120	-180.07423	77.387596	-112.93493	-310.53	1000.0	-17.641434	10.567802	20.073511	-38.871136	484000	-6.9141386e-09	153.40541	-0.05984593	-31.272896	0.0089658145	0.0	582.9849441051483
121	-174.45528	116.97563	-26.385874	-340.65143	1000.0	-16.632063	9.3762	9.934206	-38.49182	488000	-1.2755394e-08	279.709	-0.059292838	-48.722076	0.009156053	0.0	587.7386362552643
122	-238.62082	112.00878	-72.29305	-381.02487	1000.0	-20.40031	9.172651	22.151978	-37.54857	492000	1.835823e-08	161.69247	-0.063456304	-60.838562	0.009176218	0.0	592.519330739975
123	-119.692825	37.990154	-69.530876	-173.19536	1000.0	-11.284569	7.57062	13.614812	-35.48244	496000	1.45435335e-08	186.26897	-0.059422724	-28.448273	0.009103829	0.0	597.3742496967316
124	-199.74738	118.66138	-21.903645	-355.5719	1000.0	-20.55078	11.967142	14.774529	-39.58831	500000	1.0609627e-08	155.472	-0.060693722	-26.424988	0.0091222515	0.0	602.0804991722107
125	-190.97083	116.47943	-58.03804	-316.74838	1000.0	-18.977943	12.0789585	14.326239	-39.8324	504000	2.4199485e-08	125.66751	-0.06037416	-26.24479	0.009146531	0.0	606.9504780769348
126	-168.5351	119.49176	-33.54422	-355.56235	1000.0	-13.88527	12.799102	13.931845	-39.091022	508000	-9.179115e-09	172.76366	-0.06232033	-28.162125	0.009232031	0.0	611.8719952106476
127	-154.51439	103.928055	-33.497875	-310.6449	1000.0	-15.193651	12.413064	17.945625	-38.97895	512000	3.695488e-09	127.55703	-0.060737874	-23.7229	0.009200201	0.0	616.0353200435638
128	-158.7026	55.805878	-69.231674	-206.03351	1000.0	-12.2671175	12.156403	13.224147	-37.446136	516000	7.152557e-09	142.70413	-0.062915266	-37.398964	0.009188289	0.0	620.8463397026062
129	-99.35611	31.565168	-63.282223	-141.8932	1000.0	-10.350336	7.955222	9.960275	-33.359924	520000	1.1444092e-08	197.61504	-0.05801651	-29.031097	0.009143687	0.0	625.4513676166534
130	-189.87465	116.531166	-41.570408	-364.5401	1000.0	-16.781494	9.882306	12.018091	-35.847183	524000	-1.66893e-08	130.74393	-0.059746716	-31.209946	0.009084522	0.0	630.9056572914124
131	-138.74583	103.88038	-53.602962	-314.14938	1000.0	-14.96651	11.567021	16.803988	-37.702282	528000	-1.001358e-08	153.64432	-0.064720236	-28.776054	0.00924952	0.0	635.3981695175171
132	-33.429764	111.13232	56.25595	-221.23477	1000.0	-10.149775	11.565093	21.393261	-36.46123	532000	2.2888184e-08	244.7931	-0.05912112	-80.76007	0.009194824	0.0	640.0367205142975
133	-123.933556	96.64523	-6.9354935	-266.61435	1000.0	0.6322246	8.834949	30.55064	-36.787132	536000	-1.4781952e-08	450.53748	-0.058457207	-195.41104	0.009086975	0.0	644.6189815998077
134	-80.282234	80.97453	19.26047	-172.54369	1000.0	-14.036987	12.457978	26.348587	-39.461292	540000	1.7642975e-08	287.13245	-0.062030215	-77.00841	0.009146679	0.0	648.9340846538544
135	-122.26206	99.3813	7.3700824	-271.92865	1000.0	-9.999209	10.526019	28.612524	-33.622368	544000	2.2172928e-08	200.87375	-0.06348836	-35.41844	0.009119485	0.0	653.7789731025696
136	-116.29382	57.79103	-60.862675	-195.89615	1000.0	-5.131665	8.601762	27.049051	-33.825176	548000	1.3232231e-08	234.13275	-0.05745416	-54.786407	0.009050035	0.0	658.0850110054016
137	-78.961464	81.17342	34.800533	-194.75906	1000.0	-12.706705	12.428552	19.211206	-39.094013	552000	5.722046e-09	218.63103	-0.0572072	-61.85756	0.009030401	0.0	662.5052139759064
138	-75.81038	72.807175	-4.93893	-171.35925	1000.0	-3.1903632	8.637263	26.217134	-30.882711	556000	-8.34465e-09	163.616	-0.0563229	-47.29879	0.00912854	0.0	667.480391740799
139	-203.79376	71.46678	-112.93473	-311.37952	1000.0	-13.149951	9.864604	11.695364	-33.498005	560000	-2.384186e-10	215.21823	-0.060528126	-72.28784	0.009196367	0.0	671.8742687702179
140	-98.95215	116.415565	96.007996	-199.83919	1000.0	-13.556391	11.314477	22.3408	-40.558453	564000	1.9073487e-09	290.655	-0.0584575	-64.2305	0.009173758	0.0	677.5256764888763
141	-112.06304	88.91694	-26.50071	-251.03094	1000.0	-9.720027	10.9137745	32.31316	-39.353878	568000	1.3947487e-08	220.41475	-0.061429206	-51.907288	0.009223634	0.0	682.1558504104614
142	-103.84304	115.099236	45.588326	-278.04715	1000.0	-11.947131	8.104058	14.9346485	-36.932274	572000	2.6464463e-08	208.09761	-0.059743427	-43.3042	0.009294075	0.0	686.9753246307373
143	-71.86226	33.495754	-36.144314	-122.90245	1000.0	-5.751764	7.2616916	18.771654	-28.259586	576000	8.5830685e-09	202.69466	-0.058361996	-34.35544	0.00917298	0.0	691.7191381454468
144	-32.437885	94.1666	59.764576	-159.34526	1000.0	-6.3557553	6.8524537	16.993233	-31.470764	580000	-3.0636787e-08	422.86093	-0.05639006	-101.40436	0.009219708	0.0	696.0704939365387
145	-9.71949	55.72511	57.229393	-68.07647	1000.0	-1.1534859	9.50326	31.147629	-33.856308	584000	-2.6226044e-08	170.9655	-0.057549443	-42.74672	0.009221556	0.0	700.7790112495422
146	-61.522575	84.77817	64.31057	-162.17587	1000.0	-1.1324917	8.672833	26.925014	-36.596405	588000	2.8669835e-08	277.32187	-0.059572652	-71.3876	0.009166832	0.0	705.2266392707825
147	21.684725	71.200516	144.74129	-23.486517	1000.0	-6.2983036	8.927069	24.981192	-31.87236	592000	2.6226044e-09	253.08913	-0.06032749	-113.11528	0.009185782	0.0	709.788458108902
148	-50.992188	122.86486	140.98972	-189.64085	1000.0	-1.5206834	13.3745575	32.05679	-37.52435	596000	1.692772e-08	187.55444	-0.058143415	-44.63147	0.009304078	0.0	714.4173102378845
149	-37.27375	48.889675	45.129192	-81.26135	1000.0	-3.8318174	12.200767	24.558126	-37.898396	600000	2.6941299e-08	195.9974	-0.05677995	-26.83728	0.009220576	0.0	719.2212157249451
150	-19.210333	93.3916	105.95762	-144.22618	1000.0	-1.9223126	9.324589	29.739159	-26.671942	604000	-2.861023e-09	144.74368	-0.058291454	-25.235283	0.009262568	0.0	724.5401465892792
151	-54.337788	97.4958	110.15635	-145.01587	1000.0	-3.025666	8.865321	24.234093	-30.726397	608000	-5.841255e-09	230.73328	-0.05578524	-42.286728	0.009111361	0.0	728.8824326992035
152	-112.34987	164.1985	93.98559	-302.41174	1000.0	-13.691363	13.48989	26.124365	-38.08023	612000	-1.001358e-08	160.29668	-0.06245622	-66.04757	0.009243838	0.0	733.3922817707062
153	-40.55159	28.730007	-0.14589328	-78.54201	1000.0	-2.7142866	16.170012	29.899736	-41.911747	616000	1.001358e-08	207.4431	-0.05734915	-77.68269	0.009211609	0.0	737.8895001411438
154	78.212166	60.833443	149.82661	-18.474314	1000.0	-1.1832267	6.432561	27.667597	-22.794392	620000	6.6757204e-09	271.47482	-0.057880975	-112.6673	0.009223753	0.0	742.2648048400879
155	-71.73566	127.28544	53.969833	-284.2158	1000.0	1.83308	13.035763	30.877108	-28.382557	624000	-1.2397766e-08	281.31805	-0.05891142	-124.26997	0.0092780525	0.0	746.8060185909271
156	23.981853	71.20306	121.625206	-46.544117	1000.0	-1.414804	8.776556	23.937088	-30.798483	628000	-1.3113022e-08	260.68338	-0.05893006	-41.480103	0.009171701	0.0	751.4183077812195
157	-31.344162	171.85228	166.7655	-243.95416	1000.0	-6.070644	15.1363325	30.103731	-40.784702	632000	-4.482269e-08	226.27693	-0.060414877	-41.397934	0.009258552	0.0	756.0172317028046
158	55.10292	30.147705	92.39445	16.835527	1000.0	1.716064	13.811591	34.58617	-40.51872	636000	-6.198883e-09	162.90005	-0.060134422	-47.941513	0.009218647	0.0	760.6316905021667
159	9.918098	104.3748	157.87364	-106.292336	1000.0	3.0752442	10.773873	27.301462	-31.463259	640000	4.7683715e-09	205.12906	-0.05677888	-38.694275	0.009259314	0.0	765.4774403572083
160	22.024506	35.17296	70.52097	-24.119852	1000.0	1.8740069	7.440456	27.304424	-27.206558	644000	-2.861023e-09	214.04422	-0.060105056	-29.486496	0.009180344	0.0	771.1176421642303
161	59.489624	76.65864	126.10572	-64.13571	1000.0	-0.40192267	9.449963	24.816828	-30.808884	648000	2.0980835e-08	174.40619	-0.057373554	-53.701736	0.009197634	0.0	775.7712495326996
162	25.56276	63.825386	118.63478	-46.034782	1000.0	5.8629627	7.405074	28.920645	-16.26997	652000	-4.7683715e-09	172.6589	-0.05675598	-45.99771	0.009208794	0.0	780.3275439739227
163	104.21706	95.09163	220.3286	-44.48687	1000.0	1.6677024	11.409032	26.87829	-28.38011	656000	-5.722046e-09	273.2047	-0.059257466	-99.57533	0.009189657	0.0	785.0197110176086
164	24.349884	131.16953	179.07013	-165.43903	1000.0	5.5015364	15.101439	36.083427	-36.058323	660000	3.5107135e-08	258.78806	-0.056805614	-45.677094	0.009246072	0.0	789.6623857021332
165	-5.517502	97.7177	131.3394	-131.70973	1000.0	1.6134014	13.767371	34.696655	-37.306168	664000	-1.3113022e-09	233.41454	-0.061618973	-53.90625	0.009329569	0.0	794.4242281913757
166	-16.89801	145.83989	106.69567	-265.01755	1000.0	-2.2446716	12.345313	27.030478	-34.77876	668000	-1.7285346e-08	173.17644	-0.062656485	-42.737045	0.009350758	0.0	799.0779240131378
167	108.7508	13.341023	129.70685	93.00809	1000.0	5.394373	8.424389	29.707611	-26.009392	672000	1.2874604e-08	184.2259	-0.058708843	-48.1904	0.009211817	0.0	803.8365659713745
168	69.71269	123.108536	226.844	-118.56227	1000.0	4.4769654	13.719922	33.266556	-32.939777	676000	7.2717667e-09	201.74574	-0.06089859	-37.86934	0.009227668	0.0	808.3743908405304
169	58.373558	148.03119	209.87743	-186.67738	1000.0	4.2016683	15.637898	36.934036	-36.265743	680000	-2.1219254e-08	194.2802	-0.06158076	-32.172714	0.009291547	0.0	813.0905594825745
170	136.57051	79.493	246.42899	32.773586	1000.0	12.916934	8.859825	39.6333	-18.63475	684000	1.0490417e-08	256.33975	-0.055689476	-42.357895	0.009228934	0.0	818.3269529342651
171	36.545082	168.48463	160.03706	-249.60548	1000.0	3.5616856	17.516512	35.436153	-36.715145	688000	1.66893e-08	110.4829	-0.06052411	-31.133095	0.009266813	0.0	822.8926045894623
172	32.65877	157.54509	212.8537	-204.1711	1000.0	2.0947104	16.297472	32.316982	-35.883198	692000	3.695488e-08	232.4664	-0.060419787	-51.418274	0.009278862	0.0	827.5558915138245
173	134.01247	26.56353	162.37001	96.53293	1000.0	9.024322	8.771075	37.45765	-23.854404	696000	-7.987023e-09	272.50714	-0.05911579	-53.932922	0.009306351	0.0	832.5761482715607
174	170.45097	59.299595	243.28433	78.105316	1000.0	12.512659	9.0402	38.899403	-20.185757	700000	2.861023e-09	262.51465	-0.05649727	-55.583878	0.009199141	0.0	837.3580422401428
175	79.486244	173.50565	215.01045	-218.31705	1000.0	8.444426	18.641861	44.360283	-41.86148	704000	3.5762786e-09	218.73674	-0.058991488	-45.42328	0.009282626	0.0	841.7408223152161
176	186.69627	88.311676	247.14314	34.079197	1000.0	14.231497	9.899782	39.633244	-26.609915	708000	4.887581e-09	242.24794	-0.06070541	-55.586136	0.009459286	0.0	846.2817490100861
177	63.870354	54.599934	138.14455	-15.507105	1000.0	17.430086	8.785818	41.27679	-23.745195	712000	-1.502037e-08	394.39993	-0.058861222	-171.0393	0.00924818	0.0	850.6899185180664
178	96.64934	53.94124	159.25594	20.108952	1000.0	6.4090996	10.144062	38.790485	-25.88963	716000	-2.5749207e-08	158.37502	-0.060905196	-45.823532	0.009265786	0.0	855.3905391693115
179	129.46494	85.82891	259.90576	26.659262	1000.0	9.324682	8.073979	35.88827	-32.98684	720000	-3.3378602e-09	318.3797	-0.05843369	-57.643585	0.009241221	0.0	860.2520477771759
180	70.433975	53.486286	137.32771	2.020121	1000.0	10.197084	9.616487	39.974243	-25.824303	724000	-3.3378602e-09	191.33537	-0.05802168	-54.929337	0.009284966	0.0	865.3707768917084
181	9.900917	161.91324	155.39955	-264.0038	1000.0	-1.2254314	15.251562	31.751862	-36.98278	728000	-2.6106834e-08	194.92902	-0.05745811	-40.908676	0.009260467	0.0	869.8102214336395
182	159.19574	79.091995	229.1182	34.096466	1000.0	10.383985	7.8491974	38.846836	-17.264963	732000	2.0980835e-08	232.90222	-0.059852716	-49.671646	0.009333297	0.0	874.3473267555237
183	154.05861	33.936832	209.41647	120.93742	1000.0	14.424213	8.025421	43.585464	-14.312759	736000	3.9577483e-08	138.10759	-0.05946805	-28.610977	0.009363813	0.0	879.1326565742493
184	133.67772	94.10888	295.74338	64.74344	1000.0	13.812671	6.6981597	36.417686	-8.04474	740000	2.1338463e-08	294.82468	-0.057489756	-62.12152	0.009414566	0.0	883.9653463363647
185	142.46132	76.05185	258.23163	69.184044	1000.0	10.8939905	10.291205	41.548424	-26.766766	744000	-1.6212464e-08	213.60626	-0.05960782	-46.9218	0.009294104	0.0	888.5736169815063
186	246.9769	38.101208	289.0764	188.60132	1000.0	15.462205	8.224007	40.78833	-9.465458	748000	8.8214875e-09	280.3585	-0.056727678	-85.06514	0.009329925	0.0	893.2032253742218
187	168.48318	21.340694	192.48706	134.27043	1000.0	21.04128	8.605106	48.299454	-14.034151	752000	1.9431114e-08	210.25476	-0.058727335	-68.94917	0.009421961	0.0	898.0060656070709
188	131.55644	112.44244	264.52185	-31.338568	1000.0	8.998854	15.633923	40.80184	-34.691463	756000	-6.9141386e-09	321.11987	-0.05833143	-79.28104	0.009387271	0.0	902.5576405525208
189	218.24817	34.08067	253.2885	172.0608	1000.0	19.810421	8.617329	44.135883	-13.053816	760000	-2.6226044e-09	204.3395	-0.05994042	-41.334396	0.00943968	0.0	907.2854907512665
190	196.48682	71.96005	272.9586	88.2079	1000.0	18.946484	9.36315	44.779015	-15.611218	764000	1.3828277e-08	267.35162	-0.05687994	-45.88713	0.009345402	0.0	912.4189345836639
191	139.36879	90.373955	269.23526	46.707233	1000.0	15.1998205	16.804335	44.24207	-36.028477	768000	-3.194809e-08	248.57004	-0.05901125	-58.811356	0.009364653	0.0	917.0306656360626
192	209.9344	69.01306	303.44897	121.82518	1000.0	14.19918	10.989344	40.603695	-30.493624	772000	1.0490417e-08	228.11844	-0.05908202	-74.757324	0.009477275	0.0	921.4331579208374
193	199.09335	50.218765	245.24255	114.43164	1000.0	19.87245	8.996966	45.552563	-15.289902	776000	8.5830685e-09	156.88893	-0.058983423	-32.369713	0.00938421	0.0	926.0570163726807
194	231.55327	22.24784	265.80072	207.46364	1000.0	20.094833	7.2627854	40.892094	-5.354058	780000	-3.2067298e-08	219.53868	-0.05472332	-37.519806	0.00938043	0.0	930.7706916332245
195	119.21954	99.28995	285.8915	32.42888	1000.0	15.247778	13.5036125	42.154354	-36.16856	784000	3.027916e-08	273.03824	-0.05884235	-77.75589	0.009371109	0.0	935.0851900577545
196	240.36517	123.11804	363.56808	41.4131	1000.0	14.23914	8.967276	41.4206	-22.759325	788000	2.5510788e-08	380.14	-0.057249766	-100.61621	0.009415672	0.0	939.826406955719
197	224.29016	51.50333	266.63815	138.57747	1000.0	19.781273	10.508272	50.45917	-19.28461	792000	1.0490417e-08	236.56412	-0.05613777	-43.229935	0.009344815	0.0	944.5403554439545
198	99.35079	214.3951	274.64224	-266.69037	1000.0	10.60515	18.935633	49.713337	-36.321735	796000	-2.2888184e-08	221.3626	-0.05638514	-68.71088	0.009392767	0.0	949.2074208259583
199	294.477	70.326485	354.2906	174.51595	1000.0	19.958525	8.010576	45.299545	-14.598055	800000	-5.722046e-09	390.22095	-0.056583304	-119.430664	0.009360102	0.0	954.0371315479279
200	128.6211	175.01341	250.75748	-172.81711	1000.0	14.801142	23.50495	49.50509	-41.102276	804000	1.3828277e-08	174.14406	-0.058516454	-63.334343	0.009355132	0.0	959.3039212226868
201	217.90843	136.5063	339.24994	-13.720898	1000.0	15.385275	16.687748	42.731106	-33.229496	808000	-2.4080277e-08	196.24374	-0.058770783	-45.856384	0.00942431	0.0	964.0023236274719
202	248.93912	65.43477	335.36002	159.36536	1000.0	23.845837	6.991333	46.671604	2.2050462	812000	-2.861023e-09	158.45276	-0.058502514	-27.99208	0.009411506	0.0	968.8308537006378
203	286.68674	141.393	457.83624	67.36243	1000.0	24.036234	7.3710833	46.377712	-11.010746	816000	-3.695488e-09	437.59424	-0.05874765	-98.34842	0.009550051	0.0	973.4846484661102
204	259.9553	79.223854	380.27158	160.46411	1000.0	25.714066	12.9606	55.31393	-21.732897	820000	-3.004074e-08	280.46762	-0.05632852	-58.724075	0.009470698	0.0	978.4016144275665
205	238.21265	102.72451	372.9859	133.75761	1000.0	22.640194	11.203497	52.34065	-17.892788	824000	2.7418137e-09	250.4963	-0.056421038	-56.475967	0.009393835	0.0	983.0816662311554
206	329.2481	54.253677	369.43307	237.4877	1000.0	23.428791	8.87642	54.791286	-6.5591044	828000	-2.7656554e-08	313.77713	-0.057675526	-82.39688	0.009507309	0.0	987.7039170265198
207	351.3813	50.300926	429.54355	295.1409	1000.0	31.021294	9.051122	57.506943	-3.7432833	832000	-2.002716e-08	210.82597	-0.056805357	-41.908127	0.009435135	0.0	992.0638303756714
208	327.35095	76.68105	425.55252	238.79977	1000.0	30.670471	9.713928	58.036446	-9.050335	836000	1.0490417e-08	307.4923	-0.05572597	-55.87596	0.009286034	0.0	996.8434655666351
209	247.19934	40.733612	302.7787	193.39008	1000.0	27.172194	9.669404	54.597042	-6.9809465	840000	-1.5497207e-08	232.09955	-0.058270272	-55.554825	0.009398728	0.0	1001.0939149856567
210	312.4569	23.43721	338.5029	276.93878	1000.0	25.395615	8.10175	50.71848	-6.602706	844000	-1.2397766e-08	265.02524	-0.055896703	-51.254272	0.009472738	0.0	1006.0287272930145
211	180.69093	102.34465	276.22427	8.3260765	1000.0	20.69594	16.792856	51.038216	-38.089043	848000	1.26361845e-08	190.22871	-0.05796809	-54.330093	0.009456511	0.0	1010.8171184062958
212	278.26395	74.20705	369.20596	169.29268	1000.0	22.923187	7.723324	44.15737	-3.4480062	852000	-1.7642975e-08	265.55753	-0.05801344	-59.754684	0.009437654	0.0	1015.4559099674225
213	298.15747	54.452015	390.0524	247.51726	1000.0	28.408792	8.848798	53.48091	-3.8455758	856000	-1.2397766e-08	261.65585	-0.057664927	-44.410767	0.009454399	0.0	1020.0936648845673
214	286.78546	61.899063	360.26288	191.19553	1000.0	27.146553	8.885662	51.349987	-0.81453776	860000	-3.3378602e-09	283.11124	-0.055460826	-47.284607	0.009480698	0.0	1024.4586489200592
215	376.7696	20.794474	404.18362	346.46683	1000.0	27.222769	9.276585	54.38467	-1.4587977	864000	-2.0980835e-08	255.13997	-0.056573685	-78.92697	0.009380066	0.0	1028.8607263565063
216	296.34125	58.204407	339.28098	197.04759	1000.0	32.133087	9.588104	58.324135	4.0931387	868000	-4.2915342e-09	256.13208	-0.05473569	-61.806732	0.009429932	0.0	1033.5167169570923
217	382.2218	38.225685	436.1452	328.0542	1000.0	29.272738	9.643594	53.68223	-5.388208	872000	-5.5074693e-08	250.90997	-0.05577976	-70.36659	0.009416411	0.0	1038.3164069652557
218	337.64624	30.627796	365.16742	286.56744	1000.0	34.526875	7.929103	57.083946	9.146786	876000	-9.775162e-09	310.58832	-0.05650569	-64.79303	0.009533585	0.0	1042.608009815216
219	288.4519	79.682816	360.62332	154.45667	1000.0	30.118317	8.436582	54.07046	-27.573887	880000	-7.629395e-09	250.46391	-0.05842705	-51.18657	0.009557852	0.0	1047.2720069885254
220	255.20752	84.154015	345.0246	117.288605	1000.0	24.043047	15.03088	50.968384	-30.222809	884000	-8.8214875e-09	392.8645	-0.05728766	-87.454254	0.0094483765	0.0	1052.3653070926666
221	326.90656	39.3751	356.8236	260.26068	1000.0	28.166777	8.905775	56.927773	-2.7831295	888000	4.768372e-10	182.69835	-0.055805087	-45.787186	0.009433031	0.0	1057.1275894641876
222	315.71326	52.11276	360.399	231.1181	1000.0	30.140368	6.599264	49.74567	6.5643573	892000	2.3901462e-08	192.86253	-0.053975776	-37.462723	0.009518212	0.0	1061.52343583107
223	326.6839	95.120926	468.66943	200.83185	1000.0	30.305056	7.255799	51.124622	1.5120926	896000	6.9141386e-09	278.45044	-0.05604886	-42.832382	0.009568893	0.0	1066.2492485046387
224	314.11337	35.53431	374.97025	286.51926	1000.0	29.439558	8.123391	54.47167	4.775639	900000	-2.336502e-08	256.64487	-0.055156946	-44.432053	0.009469176	0.0	1070.9967753887177
225	300.31494	75.54788	406.78726	193.74272	1000.0	28.952473	8.09074	52.765385	1.8752847	904000	3.004074e-08	329.01025	-0.05514457	-66.3002	0.009450916	0.0	1075.4455115795135
226	422.70844	101.93061	518.8653	252.66658	1000.0	30.525023	11.068138	59.40873	-4.844656	908000	-2.9563903e-08	320.97345	-0.053520296	-108.27524	0.009570825	0.0	1079.903207063675
227	306.23386	47.773514	362.42435	233.33276	1000.0	35.079277	8.903465	57.962246	-1.3383956	912000	-1.525879e-08	235.01634	-0.058100432	-97.99097	0.009516138	0.0	1084.7676677703857
228	382.13107	60.48905	449.58337	319.6561	1000.0	29.070387	5.97147	51.25819	11.469956	916000	3.3140182e-08	231.98712	-0.058008403	-64.6055	0.009589022	0.0	1089.1782698631287
229	298.7074	57.16545	350.53616	203.77269	1000.0	31.956268	7.5097365	53.505238	-8.369507	920000	-2.3841858e-08	211.22318	-0.053354636	-55.97693	0.009425596	0.0	1093.9575605392456
230	311.6807	86.52034	377.7455	163.59586	1000.0	29.168535	8.285016	55.570797	3.8857183	924000	-1.9073486e-08	234.04068	-0.054841783	-39.866867	0.009653857	0.0	1099.729629278183
231	346.8923	75.911476	473.51697	275.89212	1000.0	31.811136	8.299457	55.1331	-0.90896374	928000	1.001358e-08	273.6857	-0.056125134	-46.86139	0.009470201	0.0	1104.2214648723602
232	432.69516	55.850212	528.9364	394.5537	1000.0	33.237297	7.875621	55.84344	0.4083211	932000	-1.525879e-08	395.5575	-0.05955982	-118.88104	0.009566993	0.0	1108.9061782360077
233	345.47296	85.69126	477.31696	265.9118	1000.0	38.515163	11.999657	67.06007	-3.0776944	936000	3.218651e-09	378.11322	-0.05498158	-103.74921	0.00939999	0.0	1113.4043934345245
234	345.85745	89.842834	469.4528	217.89119	1000.0	32.365868	9.638503	59.565483	0.3703971	940000	3.6239623e-08	202.6548	-0.057114355	-39.588593	0.009491311	0.0	1118.0559372901917
235	395.5617	67.21238	505.1541	323.57825	1000.0	31.509928	8.854549	59.438927	-1.3617464	944000	9.179115e-09	329.46167	-0.054449562	-83.426254	0.009497196	0.0	1122.6827809810638
236	232.27722	192.13481	415.55966	-84.903305	1000.0	26.41365	21.247581	59.64489	-34.61401	948000	-3.8146974e-09	368.98474	-0.056228716	-126.3548	0.009540701	0.0	1127.9371118545532
237	417.3617	34.699	470.23135	376.0113	1000.0	30.09099	10.761525	58.864307	-4.47165	952000	3.71933e-08	370.63562	-0.056329317	-119.18901	0.009552988	0.0	1133.2153542041779
238	386.55328	15.183157	405.11606	362.8198	1000.0	39.07651	8.828249	65.040565	5.2705097	956000	5.4836273e-09	245.19687	-0.0554025	-49.60016	0.009543005	0.0	1138.5658915042877
239	378.35468	43.457043	451.5594	338.84576	1000.0	35.328648	7.130348	55.444496	12.015378	960000	2.7418137e-09	185.80122	-0.05746799	-31.400818	0.009571278	0.0	1143.7208104133606
240	432.7722	57.018074	515.1308	356.72177	1000.0	36.735504	7.5968914	57.00014	8.319028	964000	-1.525879e-08	273.9679	-0.052455533	-48.442963	0.009531534	0.0	1149.5561554431915
241	335.48264	65.02519	408.67352	262.0854	1000.0	35.647068	10.024691	61.289757	3.0406394	968000	2.2888184e-08	359.12143	-0.051597092	-82.37814	0.009539999	0.0	1154.6611323356628
242	373.37787	96.80689	510.35934	246.38155	1000.0	32.130894	9.528575	59.244358	1.4290242	972000	-1.0490417e-08	346.67218	-0.05615791	-65.167175	0.009532423	0.0	1159.812669992447
243	402.76544	63.96343	492.6793	340.6745	1000.0	35.19333	7.9247546	58.772694	2.9443328	976000	-2.9563903e-08	285.18256	-0.052105647	-49.428406	0.0095117465	0.0	1165.0533244609833
244	424.9765	84.82381	530.3794	309.52887	1000.0	36.531048	10.851959	61.821793	-28.44007	980000	-1.0967255e-08	317.73383	-0.057155445	-61.999756	0.009564394	0.0	1170.1141645908356
245	364.83563	131.04564	508.01212	195.58978	1000.0	37.771626	10.965309	63.64627	4.0972285	984000	-2.0980835e-08	390.788	-0.055171058	-85.04477	0.009510273	0.0	1175.3196034431458
246	403.39508	32.99392	430.418	349.22293	1000.0	33.822662	9.169597	59.136303	1.2368162	988000	-1.0490417e-08	222.03932	-0.0552746	-49.472916	0.009467314	0.0	1180.4772953987122
247	430.6812	60.99978	519.1677	362.3338	1000.0	36.776478	7.8478494	61.44654	8.187988	992000	0.0	258.9692	-0.056014515	-49.488144	0.009525301	0.0	1185.6333994865417
248	495.87167	42.985695	567.85114	457.76822	1000.0	41.26196	8.077309	65.55405	8.655657	996000	1.2159347e-08	349.03763	-0.058394387	-67.48413	0.009514035	0.0	1190.7554132938385
249	436.86948	99.22193	524.4827	273.24057	1000.0	44.51029	9.324669	69.33465	13.465119	1000000	-1.7404556e-08	322.65982	-0.05282548	-66.08414	0.009504795	0.0	1196.6769888401031
