Epoch	AverageEpRet	StdEpRet	MaxEpRet	MinEpRet	EpLen	AverageVVals	StdVVals	MaxVVals	MinVVals	TotalEnvInteracts	LossPi	LossV	DeltaLossPi	DeltaLossV	KL	BacktrackIters	Time
0	-434.267	83.57945	-342.4972	-517.8155	1000.0	0.026824892	0.43158874	1.4689682	-1.8592522	4000	-8.7410214e-08	1756.3081	-0.05798079	-655.0636	0.00875753	0.0	5.807662487030029
1	-471.23395	59.077614	-400.72034	-536.79584	1000.0	-8.3321295	4.6046405	5.508399	-14.625369	8000	1.2016297e-07	1548.4863	-0.057872843	-717.8487	0.008787581	0.0	10.380221128463745
2	-508.0265	36.16812	-472.16327	-566.38904	1000.0	-21.346281	1.8703313	7.23023	-22.260136	12000	1.5556813e-08	870.7673	-0.05719571	-284.51105	0.008856645	0.0	15.011518478393555
3	-412.96155	39.21006	-366.49915	-464.88953	1000.0	-27.729198	0.6782826	-17.99846	-28.211084	16000	-2.5272369e-08	579.4729	-0.056400795	-55.3136	0.008703512	0.0	19.56352996826172
4	-387.0895	42.75448	-349.7496	-455.78598	1000.0	-30.485136	2.0742145	0.1751061	-31.066345	20000	-1.45435335e-08	366.90262	-0.057686448	-17.937012	0.008758266	0.0	24.444969415664673
5	-428.95154	59.555103	-334.4199	-493.21786	1000.0	-20.469372	22.663055	32.07531	-32.58122	24000	3.3378602e-09	1261.5059	-0.057669055	-913.99835	0.008813839	0.0	29.152822732925415
6	-423.11166	69.21262	-323.28265	-518.4383	1000.0	-32.667824	3.1881728	28.6248	-33.75109	28000	-2.3841857e-09	534.3309	-0.05861606	-25.626282	0.008797014	0.0	34.41334867477417
7	-414.77502	78.63366	-292.11392	-507.34207	1000.0	-34.159367	3.1484234	6.462054	-35.311413	32000	-1.1920929e-09	366.42462	-0.060033105	-13.385162	0.008931747	0.0	39.61452913284302
8	-374.22974	90.30783	-257.1286	-506.27814	1000.0	-35.02725	3.227371	6.6360474	-36.56503	36000	8.34465e-09	264.4543	-0.058982898	-22.136185	0.008813806	0.0	44.84706497192383
9	-392.44785	104.12663	-232.26584	-507.7711	1000.0	-33.38198	5.652639	20.520844	-36.83139	40000	3.4570693e-08	400.2643	-0.05879228	-34.251404	0.0088562565	0.0	49.879865646362305
10	-363.38538	121.31217	-225.29613	-499.64926	1000.0	-30.84241	8.219672	13.82176	-38.03615	44000	8.5830685e-09	413.98337	-0.056995787	-30.136932	0.008847382	0.0	55.42334342002869
11	-394.47	124.5007	-251.9186	-526.1302	1000.0	-31.371777	7.5580516	6.4599314	-38.595184	48000	-7.629395e-09	357.13297	-0.059310973	-32.864502	0.008791208	0.0	60.61391806602478
12	-319.80255	73.66088	-238.64845	-411.5982	1000.0	-32.65885	7.7148876	2.452211	-39.7411	52000	-2.6941299e-08	340.8659	-0.05737974	-44.63629	0.00878248	0.0	65.65435314178467
13	-390.00793	128.21948	-185.00099	-516.5396	1000.0	-30.62011	8.088618	-0.169929	-39.479015	56000	-1.1444092e-08	459.50214	-0.05396641	-42.090332	0.008806149	0.0	70.6098062992096
14	-389.839	75.455536	-264.7118	-465.95538	1000.0	-35.411583	7.72281	13.342214	-40.672005	60000	1.704693e-08	260.8296	-0.06162351	-46.0244	0.008773716	0.0	75.41164660453796
15	-387.08426	53.418015	-325.3063	-470.97632	1000.0	-35.46069	8.923776	2.3438947	-42.03283	64000	2.157688e-08	215.02936	-0.060411476	-21.94954	0.008918965	0.0	80.28908920288086
16	-402.2135	49.90879	-346.4769	-460.96945	1000.0	-35.26409	9.64085	15.226746	-43.165524	68000	-1.4305114e-08	217.93831	-0.059426583	-46.71721	0.008738809	0.0	85.10588192939758
17	-421.64282	105.0036	-243.20987	-504.3378	1000.0	-38.772945	5.785471	2.0939133	-42.340443	72000	-3.0636787e-08	235.93884	-0.063871354	-35.202133	0.008909673	0.0	89.97076344490051
18	-338.2216	79.09093	-230.8901	-444.66745	1000.0	-31.598877	9.792137	7.399936	-43.324463	76000	2.1457671e-09	342.38113	-0.05731723	-41.393524	0.008752067	0.0	94.68604016304016
19	-392.37228	78.26173	-280.5376	-466.3392	1000.0	-32.45421	8.957792	7.6991568	-43.17908	80000	-3.027916e-08	539.5496	-0.05902913	-162.94281	0.008719792	0.0	99.13990616798401
20	-375.3558	41.489357	-316.9663	-425.25693	1000.0	-37.153908	5.1238437	-1.1530313	-43.46515	84000	-1.4781952e-08	210.39473	-0.061028924	-44.144104	0.00883264	0.0	104.07472705841064
21	-366.57083	85.44617	-281.31445	-503.0189	1000.0	-35.007908	7.4614334	-5.010172	-42.87996	88000	3.552437e-08	205.42488	-0.059873533	-34.04413	0.008834994	0.0	108.62329649925232
22	-379.9709	67.76912	-287.45453	-476.16257	1000.0	-34.44161	9.675957	-1.2189329	-43.10733	92000	1.9311905e-08	178.50014	-0.060592573	-13.610321	0.0088641625	0.0	112.94070100784302
23	-398.7635	95.18417	-251.92549	-518.2934	1000.0	-33.43266	9.07086	-1.8112104	-42.82198	96000	-2.8610229e-08	313.9322	-0.058827814	-62.789185	0.008778069	0.0	117.4564094543457
24	-350.42084	88.61966	-224.05714	-458.53836	1000.0	-35.868263	6.7232094	3.217612	-42.719982	100000	1.502037e-08	382.04547	-0.059537675	-62.888336	0.008908502	0.0	122.05916333198547
25	-384.1891	52.057106	-329.2224	-458.1468	1000.0	-34.807194	7.5404015	28.114967	-42.231174	104000	6.9141386e-09	178.24084	-0.05938024	-39.761948	0.008933489	0.0	126.36674761772156
26	-271.70654	73.17809	-203.6469	-384.7581	1000.0	-22.00379	8.862641	16.68957	-42.45388	108000	2.3961068e-08	409.15994	-0.05865634	-63.788757	0.008850024	0.0	130.69649815559387
27	-374.60422	85.31839	-239.57693	-472.2844	1000.0	-31.399136	8.794675	6.2154016	-42.717155	112000	-1.2397766e-08	223.45326	-0.060804185	-27.780106	0.008925328	0.0	134.87836170196533
28	-297.92328	130.65231	-92.32267	-445.90173	1000.0	-31.306047	9.344424	10.682019	-42.82302	116000	3.004074e-08	307.69537	-0.05935405	-56.92737	0.009048122	0.0	139.58798694610596
29	-377.43652	32.374233	-338.5312	-410.29642	1000.0	-35.24915	10.657609	28.002975	-43.28532	120000	7.987023e-09	165.29478	-0.062919095	-16.008438	0.008799505	0.0	144.23177695274353
30	-403.1396	34.428078	-349.00092	-444.73935	1000.0	-33.44307	10.872039	12.848014	-43.0414	124000	-9.894371e-09	314.58893	-0.056207072	-47.328003	0.00903897	0.0	149.10992574691772
31	-359.02707	45.746998	-281.38235	-393.58667	1000.0	-34.026924	9.38877	6.388055	-44.11599	128000	-8.8214875e-09	368.53168	-0.06000103	-36.325012	0.008964069	0.0	153.67746829986572
32	-277.6291	102.36756	-131.88255	-384.60968	1000.0	-30.648335	7.8920755	6.575597	-43.99347	132000	-7.390976e-09	433.455	-0.056513276	-105.95505	0.008859822	0.0	158.1538646221161
33	-288.27127	87.91192	-175.19456	-419.30197	1000.0	-25.477007	12.085472	22.3269	-44.095184	136000	-3.8146974e-09	279.03128	-0.057282466	-41.932404	0.008884704	0.0	162.4021565914154
34	-390.07202	57.27138	-295.10477	-437.49585	1000.0	-29.246687	8.6987	-3.469537	-43.4744	140000	-2.3841857e-09	262.61334	-0.060455386	-82.60756	0.009038901	0.0	166.93747210502625
35	-328.60922	91.65963	-236.06963	-469.92783	1000.0	-33.175186	5.7758594	0.8206732	-43.293015	144000	2.4318695e-08	421.188	-0.059596576	-86.034485	0.008856386	0.0	171.62055826187134
36	-308.74136	47.564285	-253.46423	-360.51004	1000.0	-29.674505	9.0969715	15.228936	-44.03982	148000	1.2874604e-08	230.46857	-0.058631938	-29.417953	0.008905744	0.0	176.26428651809692
37	-366.1318	52.73066	-303.69272	-419.3992	1000.0	-30.272192	6.5155997	0.8661742	-42.439075	152000	-1.2397766e-08	235.75546	-0.058109846	-37.525192	0.008953832	0.0	180.87760663032532
38	-186.54274	104.529106	-82.79672	-360.3192	1000.0	-27.946066	9.308899	12.560235	-44.379005	156000	1.5497207e-08	388.58725	-0.058070377	-160.8167	0.008962878	0.0	185.3577151298523
39	-343.5865	48.514065	-268.47498	-400.15994	1000.0	-18.806105	11.323483	10.154678	-41.924953	160000	1.8715859e-08	516.002	-0.058559623	-198.48795	0.008911642	0.0	189.92894077301025
40	-259.86377	115.072464	-68.14466	-360.0382	1000.0	-27.958242	11.01386	18.281155	-45.292446	164000	-1.2874604e-08	377.25714	-0.057514325	-60.09738	0.008841475	0.0	194.73538875579834
41	-158.35988	165.92398	12.50423	-335.94223	1000.0	-23.225798	11.279877	22.320072	-43.76929	168000	1.859665e-08	424.74228	-0.05642472	-104.23578	0.008966726	0.0	199.17060232162476
42	-208.5453	56.653214	-122.36563	-268.29205	1000.0	-16.580414	10.150079	24.229807	-41.442204	172000	2.4795533e-08	274.1921	-0.05705785	-40.68669	0.008976157	0.0	203.42924308776855
43	-98.02972	64.546196	-30.806885	-204.1585	1000.0	-15.259551	7.5698137	13.834702	-38.67015	176000	1.8835069e-08	216.50545	-0.05493131	-77.77425	0.009007463	0.0	208.27229809761047
44	-252.15298	112.81723	-114.101776	-423.35373	1000.0	-12.746135	7.6182137	9.888566	-35.110752	180000	1.2874604e-08	357.00464	-0.059567984	-137.93471	0.009004864	0.0	213.03343272209167
45	-251.21793	53.879337	-166.66068	-310.38293	1000.0	-18.194328	7.6201043	15.30378	-40.81463	184000	-9.477138e-09	449.3082	-0.06074322	-64.67297	0.008954101	0.0	217.84359455108643
46	-234.71104	105.19612	-108.67769	-349.73502	1000.0	-25.858095	10.03577	19.524149	-42.645428	188000	1.0371208e-08	297.7883	-0.05906009	-50.98065	0.00900673	0.0	222.52354049682617
47	-225.04301	113.53352	-101.29322	-408.97562	1000.0	-19.994934	8.8702545	5.6688013	-38.29919	192000	-4.9591065e-08	255.71886	-0.056892164	-26.727203	0.00886273	0.0	227.00600910186768
48	-292.2071	78.8492	-177.75557	-400.11963	1000.0	-26.238808	9.699427	9.0243225	-39.544724	196000	1.6689301e-09	249.45401	-0.05766358	-24.472534	0.008963976	0.0	231.4043824672699
49	-192.77191	101.17906	-88.60666	-313.35043	1000.0	-24.157288	10.649716	19.191597	-40.10334	200000	1.5974045e-08	185.44829	-0.057422716	-79.5974	0.009001655	0.0	236.21705794334412
50	-263.23593	95.12853	-107.95427	-355.3123	1000.0	-21.31553	12.264559	6.8549542	-39.21734	204000	-9.536743e-09	228.518	-0.057158675	-44.062958	0.00894544	0.0	241.07851433753967
51	-207.73894	34.04753	-163.0724	-248.6883	1000.0	-21.378914	11.200071	21.589563	-38.54287	208000	-2.7894973e-08	299.6092	-0.06373391	-56.122574	0.008954561	0.0	245.81845831871033
52	-237.81165	55.507805	-166.38899	-315.0649	1000.0	-19.675417	8.510279	10.401217	-35.35733	212000	-3.0994414e-08	295.11026	-0.056677077	-47.11148	0.008965954	0.0	250.7575240135193
53	-163.87671	120.549644	-70.165764	-370.89484	1000.0	-19.450336	9.581852	13.809115	-37.369713	216000	-1.001358e-08	240.6829	-0.058882512	-66.999405	0.0090445075	0.0	255.40835189819336
54	-140.3566	135.08244	-36.416626	-368.15372	1000.0	-16.450502	13.325955	19.571358	-40.168133	220000	3.5762787e-10	183.522	-0.05771775	-31.39534	0.009013844	0.0	259.9216294288635
55	-80.51656	70.86736	27.885555	-163.49236	1000.0	-7.030772	6.286424	14.140288	-31.894337	224000	5.2452087e-09	253.98828	-0.0549475	-38.712036	0.0089074075	0.0	264.24898386001587
56	-300.831	32.11254	-263.26978	-348.0239	1000.0	-17.686247	14.164958	16.968462	-39.72978	228000	-2.3841857e-09	370.1946	-0.05629224	-189.21748	0.009015045	0.0	268.7565004825592
57	-175.60783	69.57115	-95.14904	-285.53958	1000.0	-26.623766	8.725371	12.835717	-39.867924	232000	-2.2888184e-08	317.6136	-0.058780976	-141.001	0.009095117	0.0	273.22026014328003
58	-144.4397	181.37965	39.850807	-365.96512	1000.0	-18.888004	14.136484	11.354171	-39.25674	236000	-2.002716e-08	210.538	-0.06081347	-74.34029	0.009127411	0.0	277.51045870780945
59	-73.78612	64.64497	15.647683	-139.98466	1000.0	0.14488046	8.160738	27.59423	-34.545174	240000	1.1920929e-08	269.6121	-0.056001347	-64.88266	0.009040383	0.0	282.0772943496704
60	-145.26225	93.72992	-40.766956	-275.73682	1000.0	-8.578657	10.919387	15.489039	-38.500774	244000	-8.5830685e-09	236.56514	-0.059596926	-34.595947	0.009010016	0.0	286.7853412628174
61	-163.20105	16.053263	-135.40508	-173.07571	1000.0	-12.313295	12.2494755	16.185703	-39.626038	248000	-8.3446505e-10	254.21829	-0.058744002	-54.026382	0.009071565	0.0	290.9995310306549
62	-234.90833	93.24506	-152.19635	-391.86426	1000.0	-17.062	9.171396	10.609747	-34.073196	252000	2.5749207e-08	224.48004	-0.05905245	-51.91736	0.009107035	0.0	295.65288853645325
63	-6.507349	82.80241	115.7849	-93.41174	1000.0	-12.747832	7.4493003	16.38551	-36.426758	256000	-1.2159347e-08	444.48007	-0.05366969	-175.52249	0.009007996	0.0	300.11117935180664
64	-268.6992	132.96495	-45.220234	-395.087	1000.0	-16.023966	14.575424	22.086498	-39.837566	260000	2.002716e-08	277.5717	-0.05605001	-117.951904	0.0090882685	0.0	304.7880697250366
65	-68.064445	88.83336	25.214895	-213.25742	1000.0	-14.674236	10.952381	18.856094	-39.58858	264000	2.43783e-08	349.9041	-0.05600516	-124.16609	0.008934706	0.0	309.3360917568207
66	-7.192075	45.278275	68.39803	-51.31075	1000.0	-1.9607909	8.863337	22.775621	-38.803715	268000	-3.3378602e-09	140.05981	-0.057354707	-24.551033	0.009134966	0.0	313.89968752861023
67	-176.1919	117.90848	-12.580279	-344.59915	1000.0	-8.755506	12.478721	22.35122	-36.05137	272000	1.0848045e-08	279.99686	-0.056121554	-69.23161	0.009056119	0.0	318.78519892692566
68	44.705208	97.225296	190.8703	-64.04766	1000.0	-4.573247	7.836927	25.017576	-32.7291	276000	-1.7404556e-08	285.19592	-0.055574052	-98.21739	0.009038893	0.0	323.63885283470154
69	-137.71542	136.85147	69.12538	-286.0225	1000.0	-1.4713286	10.1615305	20.518898	-33.48955	280000	-2.193451e-08	425.57318	-0.05539379	-160.49033	0.009130907	0.0	328.41511130332947
70	-62.872505	124.31836	59.131012	-266.31406	1000.0	-11.456236	11.188302	17.639627	-39.009968	284000	-5.2452087e-09	265.7906	-0.059014462	-85.315216	0.009135734	0.0	333.60703682899475
71	-1.2712975	94.364784	151.17155	-97.856	1000.0	-0.6309045	9.451499	29.023085	-36.615746	288000	-3.051758e-08	306.10577	-0.05670013	-36.332947	0.009132049	0.0	338.3036632537842
72	32.00039	49.897366	78.24971	-47.800716	1000.0	1.050414	8.402003	32.480404	-31.430077	292000	-2.861023e-09	223.28677	-0.055808008	-29.253738	0.009243692	0.0	342.90146803855896
73	-33.544155	162.43745	186.42505	-271.6872	1000.0	-4.4841485	14.5164995	27.00636	-39.622856	296000	-3.4332274e-08	232.563	-0.056806218	-26.69751	0.009301049	0.0	347.39318895339966
74	-94.180756	123.83646	40.939133	-294.0893	1000.0	-3.7515855	15.796492	25.718773	-38.68092	300000	5.841255e-09	256.46616	-0.05543366	-64.140594	0.008959705	0.0	351.84946298599243
75	-87.16742	75.04881	21.116823	-165.86858	1000.0	-8.716328	12.842309	17.768978	-39.780746	304000	2.2888184e-08	174.24706	-0.058185186	-23.396347	0.00923941	0.0	356.14746475219727
76	-59.766712	81.92128	43.072006	-150.44781	1000.0	-3.8660586	5.0713067	13.493367	-27.420418	308000	2.503395e-08	267.6054	-0.05528872	-38.60916	0.009192352	0.0	360.8824391365051
77	-40.907936	69.11205	59.828266	-129.36145	1000.0	-8.014243	11.633715	23.020456	-39.857872	312000	1.9073487e-09	284.01825	-0.056239758	-61.907043	0.009267837	0.0	365.6736946105957
78	77.82381	76.90911	166.19888	-45.607937	1000.0	1.8661809	7.431844	31.286665	-28.97817	316000	-1.692772e-08	281.1188	-0.054433048	-68.27368	0.009161941	0.0	370.20028376579285
79	-65.884125	131.80432	83.651726	-246.26466	1000.0	-1.6075162	17.05876	33.978146	-38.49228	320000	-7.629395e-09	252.3006	-0.059234545	-60.55432	0.009152071	0.0	375.0347692966461
80	-30.611216	85.09294	111.370804	-114.34873	1000.0	-0.35006225	12.690124	28.647787	-39.777237	324000	9.894371e-09	294.6765	-0.05455484	-47.76651	0.009211676	0.0	380.4182302951813
81	-75.50778	133.66902	69.41532	-246.25247	1000.0	-9.705984	17.18611	26.623972	-39.155903	328000	8.106232e-09	259.08755	-0.05542979	-41.36995	0.009123636	0.0	385.08627367019653
82	27.076267	140.46263	147.57971	-212.2192	1000.0	-1.3132051	16.696693	32.759804	-39.130405	332000	1.4305115e-09	214.93925	-0.05529751	-59.922836	0.009228489	0.0	389.9976143836975
83	63.60686	61.877106	141.0419	-28.34492	1000.0	9.760835	5.5667887	25.258196	-19.334562	336000	8.5830685e-09	219.16753	-0.052759185	-46.051407	0.009259244	0.0	394.4144949913025
84	13.234495	66.84747	116.83306	-65.905	1000.0	4.8229575	6.086164	24.825481	-20.388018	340000	-3.004074e-08	252.37396	-0.055500787	-39.231323	0.009117312	0.0	399.20724868774414
85	-66.30915	92.84959	26.297462	-203.07866	1000.0	-0.17679077	10.0394535	18.482943	-36.994217	344000	-1.013279e-08	232.04488	-0.057637922	-62.426468	0.009227214	0.0	404.08953285217285
86	88.67808	7.526375	101.41937	82.97818	1000.0	-3.2037163	5.6355815	16.781897	-28.38847	348000	1.34706495e-08	455.2258	-0.058224205	-187.90082	0.009293746	0.0	408.80932331085205
87	107.70302	59.80923	210.85516	64.33558	1000.0	9.37141	7.210886	30.955982	-18.124117	352000	2.7000905e-08	233.99945	-0.05531979	-30.808914	0.00913945	0.0	413.07156562805176
88	164.83946	21.123913	186.81941	133.44211	1000.0	9.908725	6.8001523	32.53967	-24.866219	356000	3.3378602e-09	251.97778	-0.054251064	-71.09349	0.00923499	0.0	417.5793950557709
89	91.10923	51.863007	175.46414	37.628822	1000.0	16.545696	7.280217	35.581387	-21.087513	360000	-2.861023e-09	255.78882	-0.059508976	-93.94522	0.009214613	0.0	421.86525321006775
90	81.314865	65.240166	164.8447	-2.7357113	1000.0	8.136988	6.6682487	29.489946	-24.185064	364000	4.2915342e-09	386.49844	-0.057271726	-58.799072	0.009316277	0.0	427.0756690502167
91	34.588127	175.79329	213.92053	-249.75432	1000.0	1.3490505	17.275454	35.782604	-43.888714	368000	-1.3589859e-08	229.11253	-0.05595746	-73.21422	0.009226137	0.0	431.2880828380585
92	130.30833	69.70766	185.08266	12.36459	1000.0	12.010147	6.724351	33.332176	-27.0648	372000	-1.3351441e-08	261.61432	-0.05529319	-38.596344	0.009198593	0.0	435.72176146507263
93	166.02094	11.499379	181.13026	153.39594	1000.0	11.872119	6.0881844	29.317379	-19.368824	376000	-4.529953e-09	228.55434	-0.05437473	-30.35614	0.009259907	0.0	440.5842912197113
94	114.02391	62.302704	184.28024	25.25403	1000.0	13.182606	6.886382	34.246357	-25.103798	380000	8.106232e-09	278.70102	-0.05335323	-46.560165	0.009226111	0.0	445.39997363090515
95	165.91357	72.512566	247.85674	50.04897	1000.0	11.60301	7.210606	33.61704	-23.80842	384000	2.8133393e-08	302.85162	-0.05505381	-52.134445	0.00924052	0.0	450.2446081638336
96	149.98799	103.71173	253.92497	-19.86696	1000.0	15.142148	7.5356936	34.329205	-26.290638	388000	-1.2397766e-08	283.44763	-0.05597579	-46.174072	0.009193905	0.0	455.26412320137024
97	18.377867	109.477196	174.94438	-118.37571	1000.0	6.212316	19.336857	39.399555	-48.71965	392000	0.0	292.61307	-0.055481743	-91.73129	0.009301035	0.0	460.3121497631073
98	137.44164	74.72603	246.68837	58.484856	1000.0	5.119418	8.549055	35.438095	-35.70653	396000	-3.33786e-08	362.1309	-0.058667872	-115.478455	0.0092572635	0.0	465.47974395751953
99	177.2041	42.435074	231.07234	135.64442	1000.0	13.57817	7.5903955	40.399586	-24.83443	400000	-1.6689301e-09	280.54025	-0.0550758	-49.04692	0.009232037	0.0	470.51525139808655
100	170.26353	71.240875	241.82361	65.41945	1000.0	16.914906	6.8042226	36.727238	-24.415668	404000	-1.4781952e-08	308.6966	-0.05904248	-41.075897	0.009330122	0.0	476.19147181510925
101	109.057816	85.95093	248.26479	14.998722	1000.0	14.05695	7.826314	38.288296	-26.235334	408000	4.768372e-10	322.02933	-0.055885512	-62.921722	0.009340685	0.0	481.3325660228729
102	166.02228	88.246864	291.88385	43.21387	1000.0	9.74003	7.657849	32.10243	-30.868446	412000	-8.106232e-09	297.8232	-0.05562438	-69.41235	0.009230272	0.0	486.33133149147034
103	188.55746	75.61406	293.2506	80.770065	1000.0	15.389963	7.5662966	39.314312	-23.146255	416000	-1.2874604e-08	239.98715	-0.054996684	-37.87372	0.0092741735	0.0	491.44186663627625
104	135.71013	86.60351	231.10883	-1.3648051	1000.0	17.849329	7.4384003	36.777756	-14.000874	420000	2.861023e-09	286.88562	-0.0548599	-62.209976	0.009273192	0.0	496.43672943115234
105	121.81214	43.56268	155.49475	47.11284	1000.0	12.972459	6.7105303	31.56722	-17.945724	424000	6.9141386e-09	167.53868	-0.055291634	-25.877243	0.009243139	0.0	501.5825524330139
106	186.5182	56.41604	239.33409	105.02253	1000.0	12.699781	5.2331543	31.965548	-14.079557	428000	1.3113022e-09	195.39546	-0.056401856	-40.987076	0.009226912	0.0	506.5784435272217
107	74.23916	138.19885	254.94429	-70.90669	1000.0	14.969434	7.7672024	32.60468	-23.571068	432000	-1.6212464e-08	454.97757	-0.056569673	-150.00381	0.009312095	0.0	511.3963694572449
108	178.30664	91.76057	294.64328	38.301483	1000.0	8.516752	9.33464	36.012486	-26.617031	436000	-1.3113022e-08	372.57318	-0.054295942	-117.23775	0.009361056	0.0	516.4390811920166
109	189.9401	40.453136	244.97113	142.45897	1000.0	17.034142	6.0283556	36.872936	-14.025721	440000	-1.2397766e-08	182.89691	-0.055969868	-23.479965	0.0093576545	0.0	521.721898317337
110	186.67172	39.653557	234.9403	144.01112	1000.0	17.778461	6.0846124	35.262367	-13.099907	444000	6.6757204e-09	167.11191	-0.05594495	-24.236603	0.009307339	0.0	527.576990365982
111	185.43384	61.172493	283.69608	120.81262	1000.0	17.466887	5.59023	35.31396	-19.030235	448000	9.298325e-09	233.47755	-0.055351768	-30.958038	0.009277424	0.0	532.5334467887878
112	143.68973	51.31792	215.52742	71.32336	1000.0	16.527504	6.674548	35.469246	-12.247608	452000	7.152557e-09	207.86615	-0.0549266	-38.087524	0.009341643	0.0	537.4516713619232
113	197.56035	37.3094	248.23036	142.88817	1000.0	14.390761	5.529042	31.497631	-13.124255	456000	1.1205673e-08	227.36935	-0.056118697	-51.2601	0.009405106	0.0	542.00266289711
114	210.9315	34.91438	268.6126	175.76631	1000.0	18.256666	6.12659	39.23851	-10.108605	460000	1.4305115e-09	210.4474	-0.058559906	-26.911438	0.009341413	0.0	546.5718417167664
115	192.18248	88.47799	328.10208	80.99934	1000.0	18.268627	7.227835	38.596348	-14.702936	464000	7.510185e-09	207.98608	-0.053900953	-29.263779	0.009251991	0.0	551.2649354934692
116	186.42618	30.762054	227.33658	143.6198	1000.0	17.192286	6.0642576	39.43936	-9.269655	468000	2.3841858e-08	282.98392	-0.056079697	-45.017975	0.009344975	0.0	556.2684142589569
117	193.7907	59.593266	250.76842	100.261765	1000.0	16.740343	6.8567457	41.483894	-13.322495	472000	-3.528595e-08	185.99147	-0.057717174	-31.225723	0.009364847	0.0	561.1206769943237
118	207.84094	42.678425	259.93454	164.56337	1000.0	16.600933	5.6251955	34.440998	-5.307474	476000	-9.536744e-10	221.40459	-0.05398483	-40.579346	0.009353392	0.0	565.6030874252319
119	215.30867	57.45307	269.11362	120.990555	1000.0	20.80711	6.560235	46.400463	-3.0974798	480000	1.1920929e-09	234.95703	-0.055191662	-30.395096	0.009271365	0.0	569.9987335205078
120	122.65746	31.266207	153.59665	71.66293	1000.0	18.789824	7.5385017	43.11181	-11.625029	484000	-1.9073487e-09	261.209	-0.056649487	-100.54442	0.009287537	0.0	575.0741648674011
121	62.982494	246.56972	286.29672	-354.66998	1000.0	6.880059	10.380953	28.25789	-28.567387	488000	4.220009e-08	433.8361	-0.058499202	-236.69785	0.009324743	0.0	579.7868676185608
122	158.05782	56.59589	222.9359	67.195435	1000.0	17.249655	7.471505	40.796017	-18.571268	492000	1.3947487e-08	225.1798	-0.052942008	-38.716354	0.009262902	0.0	584.3496537208557
123	282.67407	70.86441	391.03406	198.60036	1000.0	16.603273	6.401444	39.884785	-13.166941	496000	4.7683717e-08	395.37946	-0.057600304	-147.85217	0.009347819	0.0	589.1658225059509
124	223.32063	15.809074	245.76076	205.00569	1000.0	26.367125	7.3462043	46.57597	-13.520764	500000	-4.7683717e-08	277.7457	-0.055289373	-67.217636	0.009424809	0.0	593.4617102146149
125	228.92499	27.295357	249.26639	182.27762	1000.0	20.279959	6.779221	37.689587	-9.969336	504000	1.6689301e-09	176.14104	-0.05435967	-28.103683	0.009429463	0.0	598.0893461704254
126	232.36525	26.873163	278.6126	212.02895	1000.0	21.494015	5.559432	40.89759	-5.017387	508000	-4.7683715e-09	139.06497	-0.05573243	-20.136261	0.009482557	0.0	602.7996835708618
127	279.1836	77.91904	399.87756	182.06705	1000.0	21.504719	4.782946	38.520287	1.0928813	512000	1.2516975e-08	243.17317	-0.055557393	-51.65004	0.009387617	0.0	607.3693466186523
128	336.64142	107.61275	520.6833	256.12094	1000.0	26.861404	6.8318715	48.13159	-10.409134	516000	-2.0742416e-08	325.50644	-0.05742094	-54.675995	0.009342633	0.0	611.9536592960358
129	218.58438	63.547264	302.8555	136.15225	1000.0	28.352648	8.517438	52.95333	-8.3836975	520000	1.758337e-08	260.8823	-0.054704104	-88.44942	0.009386533	0.0	616.6419489383698
130	327.9356	18.670513	352.24008	301.58362	1000.0	21.972866	5.9654403	48.582203	-7.041765	524000	1.2874604e-08	256.4421	-0.054126747	-99.87164	0.009381944	0.0	621.852240562439
131	251.67006	10.846296	267.72705	240.37834	1000.0	30.013655	5.982239	46.22093	-19.92291	528000	2.2053719e-08	247.5115	-0.05284739	-84.074066	0.009325709	0.0	626.2550439834595
132	252.17194	46.86653	305.50974	194.63898	1000.0	23.51809	6.557911	47.726795	-6.8858733	532000	-2.7656554e-08	210.03178	-0.0576115	-31.629745	0.009389856	0.0	630.3036742210388
133	275.52292	106.82021	390.28287	101.92039	1000.0	21.566711	6.0550947	41.749527	-10.446336	536000	1.7881393e-09	291.22073	-0.052715007	-57.653458	0.009438545	0.0	634.6878335475922
134	273.83173	48.6975	351.76193	228.31381	1000.0	26.17864	7.1215587	45.63095	-11.286695	540000	3.3140182e-08	151.79556	-0.053271167	-25.338982	0.009446918	0.0	639.1989095211029
135	251.00961	47.149746	296.607	181.49898	1000.0	25.310232	6.5476694	48.450684	-2.5125291	544000	1.0490417e-08	219.719	-0.05237972	-28.930649	0.009379697	0.0	643.9167368412018
136	293.54	47.264053	358.23782	239.20491	1000.0	24.632376	6.289661	44.74324	-3.0559328	548000	-8.5830685e-09	187.99043	-0.054266494	-30.240646	0.009301726	0.0	648.3718523979187
137	312.0443	49.4208	354.87775	232.77899	1000.0	26.971693	6.1496754	46.416744	-8.731977	552000	4.7683715e-09	345.66745	-0.050962675	-44.995667	0.009308171	0.0	652.7789540290833
138	257.02542	101.68525	368.32166	129.37865	1000.0	27.517412	8.195781	52.811264	-15.748248	556000	-8.34465e-09	374.1742	-0.053959306	-74.59857	0.009383999	0.0	657.2912337779999
139	303.38916	96.94175	421.6796	195.31708	1000.0	23.583984	8.367749	47.86755	-23.59375	560000	-4.172325e-09	331.53256	-0.052054167	-61.692413	0.00939653	0.0	662.2036962509155
140	349.9872	71.128395	407.3543	230.57413	1000.0	28.741095	7.363342	52.236263	-18.213423	564000	2.0742416e-08	243.64156	-0.05224835	-45.303894	0.009446045	0.0	667.3396039009094
141	408.48053	42.985023	464.98044	345.1612	1000.0	32.439926	5.582901	50.376934	2.5925608	568000	-1.8894672e-08	293.2199	-0.051380932	-70.966385	0.009355805	0.0	672.1570625305176
142	262.41513	285.9018	525.10205	-220.84433	1000.0	30.10538	18.046896	56.58198	-43.12985	572000	-1.3589859e-08	493.55774	-0.05419855	-276.1012	0.009472603	0.0	676.8892509937286
143	324.11508	23.416918	347.55176	300.54318	1000.0	36.842304	8.08502	58.00361	-8.636016	576000	-4.768372e-10	321.22586	-0.05428655	-101.63582	0.0093912585	0.0	681.2768843173981
144	334.6731	42.01092	392.8597	280.65283	1000.0	29.688543	6.1799374	48.497135	-7.384642	580000	1.835823e-08	298.64816	-0.052655626	-41.369446	0.009436102	0.0	685.8015608787537
145	389.2305	51.134403	472.1653	338.38168	1000.0	31.448345	6.7509785	53.025394	-0.17897107	584000	-4.2915342e-09	281.5059	-0.053818896	-47.077576	0.009378067	0.0	690.2932465076447
146	305.62735	52.09746	364.79233	224.47218	1000.0	33.799503	6.8413234	52.487553	-2.9522538	588000	-1.4901161e-08	261.11508	-0.05229065	-68.655426	0.009391951	0.0	694.7225489616394
147	317.5382	50.424683	394.24738	253.85721	1000.0	28.038528	5.4889636	45.610226	7.8054705	592000	5.3644182e-09	294.9368	-0.05261241	-38.62375	0.009455464	0.0	699.4708302021027
148	368.86395	13.336809	384.71472	351.83347	1000.0	29.653372	6.5198784	48.26768	-3.8601568	596000	5.2452087e-09	272.7835	-0.051768765	-59.114166	0.009433191	0.0	704.1292135715485
149	301.881	21.20992	337.11612	283.23135	1000.0	34.33031	6.331202	50.821373	-6.413628	600000	1.7642975e-08	304.17502	-0.05271304	-74.44833	0.009458883	0.0	708.6355195045471
150	360.3589	46.774933	427.42416	303.27222	1000.0	29.4982	6.1711674	46.879898	3.4101784	604000	-4.2915342e-09	314.61652	-0.052943558	-59.195114	0.009390937	0.0	713.4918367862701
151	357.63074	72.28797	426.65686	240.56479	1000.0	31.92902	7.4294906	53.56235	-7.8158684	608000	9.6559525e-09	318.53934	-0.055746756	-49.70578	0.009477127	0.0	718.1274554729462
152	329.17206	93.556015	488.33435	249.04608	1000.0	33.063972	8.53665	59.102165	-7.3777785	612000	-1.3828277e-08	335.14914	-0.050405603	-61.574127	0.009342428	0.0	722.5549771785736
153	287.74298	49.60707	363.15826	229.40752	1000.0	29.461847	7.364808	50.66548	-4.5927033	616000	1.8119811e-08	225.74084	-0.052151404	-41.742035	0.009442276	0.0	727.3822708129883
154	350.076	110.44394	500.73264	192.76439	1000.0	28.383427	7.6759205	53.340176	-7.434774	620000	-9.715557e-09	380.457	-0.05242313	-73.01022	0.009436623	0.0	732.3315708637238
155	322.90115	130.66783	514.7912	201.31863	1000.0	32.803886	9.3135805	57.739437	-12.603671	624000	-3.0994416e-09	361.6367	-0.054233067	-66.02963	0.009321225	0.0	737.0311529636383
156	343.09863	102.728195	438.67813	173.71216	1000.0	29.59389	8.287777	50.659046	-13.615811	628000	-2.384186e-10	408.47806	-0.055084847	-75.83237	0.0094809625	0.0	741.8917095661163
157	259.92896	242.44823	427.21606	-158.58775	1000.0	24.42476	21.730394	55.02204	-40.22088	632000	-8.5830685e-09	370.77542	-0.053887304	-120.74098	0.009383247	0.0	746.2152228355408
158	422.80084	13.01229	435.51453	404.71902	1000.0	35.62779	7.910878	62.52339	-8.446877	636000	2.336502e-08	303.1867	-0.05208405	-66.034805	0.009423969	0.0	750.8908874988556
159	350.6054	49.358696	406.03833	272.1556	1000.0	38.39621	6.987145	58.47891	8.411101	640000	-2.2888184e-08	269.25436	-0.055289503	-72.21445	0.00935762	0.0	755.7140438556671
160	313.668	44.768143	359.74326	255.08078	1000.0	32.063175	6.30929	51.344845	-0.72223	644000	-1.2040139e-08	274.86807	-0.052104846	-43.463196	0.009452112	0.0	760.8128309249878
161	436.03784	43.559883	479.1391	377.17114	1000.0	31.245552	5.6404157	49.070736	4.035959	648000	2.2411346e-08	289.4735	-0.055328023	-100.79889	0.009485822	0.0	765.5472564697266
162	350.28598	100.03074	450.7893	200.7433	1000.0	38.154964	6.1245146	57.471676	8.81202	652000	-2.8610229e-08	324.23718	-0.05068287	-73.13394	0.0094276685	0.0	770.3504519462585
163	398.1206	37.396744	446.52234	359.50613	1000.0	32.50902	6.5619144	53.186333	1.398072	656000	1.0251999e-08	310.7644	-0.048932705	-62.749374	0.009409479	0.0	774.8944549560547
164	347.02737	90.00878	450.60242	240.28362	1000.0	36.80257	7.6274066	58.766525	3.7676039	660000	1.6212464e-08	368.56924	-0.054053668	-67.916046	0.009460212	0.0	779.051157951355
165	340.91022	105.85164	428.3146	160.04369	1000.0	31.91516	8.90873	61.444954	-9.336506	664000	1.3351441e-08	240.61072	-0.05371177	-48.743683	0.009449528	0.0	783.2116770744324
166	381.61053	47.497303	441.39853	309.2419	1000.0	32.503693	6.914328	53.281643	-6.1280084	668000	-3.1292437e-08	286.38406	-0.05200925	-39.70781	0.0095140515	0.0	787.3220684528351
167	304.80432	114.139946	462.2292	190.0678	1000.0	30.265734	14.136491	50.61298	-36.527252	672000	-3.2782554e-09	355.51282	-0.0554325	-64.074554	0.009410781	0.0	791.7837204933167
168	412.72058	30.483364	452.68417	380.01297	1000.0	33.458187	7.1961174	55.773186	-3.633924	676000	1.502037e-08	246.3005	-0.05154612	-71.72269	0.0095398845	0.0	796.4097151756287
169	383.71448	74.7382	489.72272	292.44327	1000.0	37.73097	7.56699	59.32138	3.3595157	680000	2.2411346e-08	377.52457	-0.050543226	-70.424835	0.009494989	0.0	800.8691809177399
170	369.2953	60.83756	467.9159	302.00165	1000.0	37.760128	8.021104	59.373745	-5.1321483	684000	1.5735626e-08	242.36438	-0.05447775	-75.11525	0.009513127	0.0	806.2555963993073
171	443.1675	63.695137	508.92236	338.837	1000.0	33.39607	6.4093447	55.430103	-4.25299	688000	1.5974045e-08	284.34158	-0.053652365	-84.59396	0.009462521	0.0	810.9929802417755
172	427.83972	55.03035	484.893	342.55612	1000.0	40.633602	5.6051474	59.24143	14.633625	692000	2.0503998e-08	168.41852	-0.053344816	-26.31659	0.009432562	0.0	815.5897834300995
173	387.67908	23.881668	408.17392	347.24524	1000.0	38.87086	5.1130323	58.528957	16.567095	696000	-1.9073487e-09	289.2721	-0.051988695	-52.138687	0.009499737	0.0	820.0539703369141
174	309.31897	47.64008	359.41327	253.2274	1000.0	33.752785	6.684584	54.64547	-4.009696	700000	-6.9141386e-09	338.22467	-0.05165717	-69.63498	0.009523557	0.0	824.5632164478302
175	426.87668	72.426704	523.6188	328.3775	1000.0	30.238718	6.349597	49.436707	-2.202411	704000	-7.629395e-09	384.2648	-0.054977298	-123.58252	0.009564637	0.0	829.25053191185
176	470.52554	56.889454	555.20496	407.99268	1000.0	39.896015	5.8186646	57.42411	11.134517	708000	-2.7060509e-08	245.10513	-0.054132752	-43.879242	0.009411617	0.0	834.0461044311523
177	371.33508	54.593033	432.6977	285.38312	1000.0	41.711548	6.523094	59.991096	7.7955666	712000	2.8610229e-08	337.94043	-0.053446494	-78.26831	0.009442042	0.0	838.8906788825989
178	364.89218	88.97769	489.68854	238.93562	1000.0	35.805992	6.531834	54.3059	-16.87153	716000	-9.059906e-09	284.33347	-0.0511467	-55.89987	0.009502705	0.0	843.3659658432007
179	376.72684	45.064217	445.55832	336.09692	1000.0	31.903797	6.4984603	50.20921	-3.533035	720000	3.552437e-08	250.71448	-0.053845704	-46.007797	0.009496948	0.0	848.2096445560455
180	307.99442	123.56945	449.8195	111.98849	1000.0	30.747198	15.451557	54.291084	-37.575024	724000	-2.6226044e-08	253.78827	-0.054274127	-53.223846	0.0094884	0.0	853.1573066711426
181	437.69363	44.56994	506.85284	382.578	1000.0	33.263763	5.9268107	55.76537	2.8205407	728000	-4.2915342e-09	240.9255	-0.053092755	-86.04773	0.009488472	0.0	857.8145525455475
182	444.50812	26.272644	485.03354	413.12448	1000.0	40.82311	5.0886083	56.710903	5.67154	732000	1.0251999e-08	275.9728	-0.054989222	-37.10515	0.009487055	0.0	862.3429350852966
183	498.22	57.454567	550.5911	410.8304	1000.0	41.636414	5.567726	61.51451	16.761175	736000	8.5830685e-09	325.31125	-0.051840715	-63.07788	0.009499923	0.0	867.1922740936279
184	417.46017	62.613335	519.3152	348.7299	1000.0	44.02025	6.6953125	62.195442	12.495918	740000	2.5987624e-08	350.9275	-0.05540894	-76.65088	0.009476543	0.0	871.6903066635132
185	397.90942	44.918518	447.09454	326.0759	1000.0	37.950092	6.90358	56.695778	0.25225884	744000	2.0503998e-08	251.68071	-0.05020663	-44.44409	0.009569261	0.0	876.3592364788055
186	411.36996	35.40191	471.8799	384.41733	1000.0	37.482563	5.960918	57.624844	3.881861	748000	6.6757204e-09	268.10406	-0.054539345	-40.06555	0.009451107	0.0	880.7844638824463
187	443.0636	69.567276	560.60376	388.81995	1000.0	37.58903	6.438855	57.658695	10.023724	752000	-2.4080277e-08	276.81244	-0.052235205	-51.549927	0.009564276	0.0	885.362211227417
188	480.94034	53.528603	557.50604	406.1428	1000.0	41.595867	6.0832686	60.95933	10.574668	756000	-1.1444092e-08	330.57004	-0.054317668	-61.4693	0.009460548	0.0	890.2943530082703
189	427.065	54.611313	512.8707	374.7154	1000.0	45.25319	7.3063183	70.221725	11.823825	760000	6.198883e-09	302.75113	-0.053060945	-76.0316	0.00949959	0.0	895.0680022239685
190	434.378	54.858875	506.1637	367.1991	1000.0	38.995155	6.870778	57.952053	4.184479	764000	-2.9027461e-08	334.52664	-0.053856455	-45.15915	0.009496388	0.0	900.1021299362183
191	448.42374	37.786503	501.36655	395.8429	1000.0	39.09806	6.8289247	58.41302	0.103241816	768000	3.5762787e-10	217.61145	-0.051497154	-50.3882	0.009487473	0.0	904.3399884700775
192	437.74188	31.542637	489.36633	404.0247	1000.0	41.355076	5.527734	57.41322	13.39572	772000	-1.9073486e-08	257.03745	-0.053045157	-36.456985	0.009486842	0.0	908.5969343185425
193	439.3767	57.974422	538.1924	397.36087	1000.0	40.9319	5.652554	60.191963	11.865592	776000	-2.6226044e-09	328.89856	-0.05340228	-48.656494	0.0095146485	0.0	913.1176869869232
194	515.72003	14.861903	541.16925	503.81818	1000.0	40.656265	6.3206596	59.343468	15.344577	780000	1.692772e-08	279.53308	-0.04907583	-98.76631	0.009510324	0.0	917.5435092449188
195	470.4341	62.42463	523.0022	364.29678	1000.0	47.98638	5.996182	68.15495	18.860102	784000	-3.1471252e-08	343.9533	-0.051390152	-70.17343	0.009480312	0.0	922.2261173725128
196	496.93723	78.7732	583.02783	368.46802	1000.0	42.710228	6.5938063	65.003334	13.592463	788000	-1.3828277e-08	328.35733	-0.05378407	-61.014984	0.00954356	0.0	927.0949168205261
197	426.9424	43.340893	463.61652	353.92737	1000.0	44.85441	8.211584	68.50467	6.0769176	792000	-4.2915342e-09	337.1204	-0.05288271	-83.25777	0.009549842	0.0	931.5829792022705
198	432.42972	63.869583	531.4148	360.8687	1000.0	39.76446	7.0720468	62.836983	-2.055209	796000	-9.536743e-09	282.20776	-0.053304113	-48.71469	0.009569003	0.0	935.9139029979706
199	488.06473	95.246315	642.8035	382.95694	1000.0	41.05144	7.1668262	61.177998	-0.4333936	800000	1.9073487e-09	360.59225	-0.050275706	-67.70416	0.009469552	0.0	940.8975768089294
200	502.6505	53.46184	563.12616	421.68594	1000.0	44.752293	6.9973955	65.466995	5.273689	804000	-4.1723253e-10	241.77875	-0.05086945	-41.653122	0.00948558	0.0	946.2034969329834
201	508.8498	28.79384	540.4607	464.68048	1000.0	47.06268	5.8842363	64.99568	15.92496	808000	7.629395e-09	300.2497	-0.049614258	-44.359253	0.009529067	0.0	950.6891014575958
202	456.6147	70.69939	549.7843	351.5247	1000.0	45.468563	6.2848034	68.2278	9.590153	812000	-4.2915342e-09	237.36435	-0.052751508	-48.849106	0.009549938	0.0	954.8944263458252
203	482.77783	112.60635	587.14856	308.99002	1000.0	42.027733	5.666337	61.01884	19.428555	816000	-2.384186e-10	376.20697	-0.050572097	-63.45163	0.009598042	0.0	959.5417771339417
204	533.0926	46.24912	601.58624	489.53033	1000.0	44.69737	6.7908297	69.52497	14.043899	820000	-9.536743e-09	282.54813	-0.052699674	-71.817474	0.009563811	0.0	964.055321931839
205	447.6978	20.418882	477.5265	421.41486	1000.0	49.09574	7.007839	67.95684	8.208953	824000	-6.198883e-09	372.32407	-0.053071342	-109.81079	0.0095574	0.0	968.7542939186096
206	573.5156	14.690294	590.6949	557.6654	1000.0	42.70883	6.7813897	64.02615	12.419038	828000	5.00679e-09	398.92615	-0.049975872	-151.03929	0.0094959065	0.0	973.2482841014862
207	505.27026	54.13452	584.3552	431.6407	1000.0	52.791702	6.237411	74.29713	23.143074	832000	-2.169609e-08	376.1932	-0.047956478	-89.633026	0.00947586	0.0	977.8545184135437
208	506.02072	71.21729	584.4934	400.00208	1000.0	45.68832	7.1419864	65.87657	-3.8807402	836000	1.7404556e-08	400.98993	-0.054588784	-55.409485	0.009487784	0.0	982.2016150951385
209	554.9131	58.584095	609.3404	458.41296	1000.0	47.44425	7.0493913	70.22563	4.72732	840000	-1.7881394e-08	377.8615	-0.050606143	-68.3555	0.00957856	0.0	986.686710357666
210	612.3251	40.4445	653.3143	545.1702	1000.0	52.194523	7.109746	77.73364	20.414623	844000	2.4557114e-08	409.377	-0.050769746	-72.74039	0.0095602535	0.0	991.9115669727325
211	496.18152	43.564625	571.2688	464.422	1000.0	55.208	8.145437	77.63931	16.928114	848000	1.2874604e-08	389.15738	-0.052200764	-164.21568	0.009592875	0.0	996.6187233924866
212	523.71075	75.554825	635.2839	424.3587	1000.0	44.655224	7.102107	70.1041	15.334369	852000	-4.9471854e-08	322.19073	-0.056027316	-50.751923	0.009529046	0.0	1001.7480549812317
213	596.21875	91.422066	710.42706	473.50333	1000.0	47.673313	6.4598536	68.41365	12.229436	856000	-1.6450882e-08	403.73148	-0.049665984	-88.60147	0.009566393	0.0	1006.3435952663422
214	498.1596	22.973944	521.6339	460.89966	1000.0	53.282986	7.2249126	75.579315	17.23621	860000	-1.0490417e-08	336.33	-0.050158963	-90.734024	0.009539626	0.0	1010.7904477119446
215	592.6174	31.905464	636.91815	547.9429	1000.0	47.362564	6.264134	67.71448	11.310291	864000	1.9550324e-08	454.6158	-0.05133662	-94.94089	0.009547527	0.0	1015.5390255451202
216	538.9551	86.580185	678.5817	443.7495	1000.0	53.27165	7.3464136	77.57697	20.269167	868000	3.695488e-08	330.05502	-0.051718887	-68.03952	0.009564451	0.0	1020.1712455749512
217	522.5386	54.976913	571.3443	434.61624	1000.0	48.679245	6.80644	69.17212	17.704973	872000	0.0	259.18863	-0.052034397	-43.246445	0.00959244	0.0	1024.6656765937805
218	583.5313	68.30605	684.63684	491.93994	1000.0	48.015762	6.6102896	70.60727	16.197563	876000	1.1205673e-08	509.16364	-0.052802127	-120.335205	0.00960853	0.0	1029.050418138504
219	501.6881	15.589255	527.4799	486.34433	1000.0	53.18542	7.7604694	77.41834	11.515284	880000	2.169609e-08	352.4567	-0.050344672	-108.03783	0.009562055	0.0	1033.9048895835876
220	535.72034	24.974707	561.076	505.86426	1000.0	45.796772	6.786052	73.30746	18.729864	884000	-1.5497207e-08	284.89044	-0.050487738	-47.18454	0.0096289	0.0	1039.0917310714722
221	534.7091	48.511707	607.8902	483.07645	1000.0	48.678032	6.9574375	72.09731	17.222628	888000	-7.152557e-09	227.57062	-0.05065081	-42.51468	0.009532179	0.0	1043.9258320331573
222	581.12305	91.19431	722.0454	472.09644	1000.0	50.11545	5.8271146	70.448616	23.02217	892000	2.9683113e-08	514.32245	-0.053540777	-84.75107	0.009590538	0.0	1048.5243277549744
223	517.324	85.91582	624.3667	389.788	1000.0	51.91744	7.7437816	78.92142	16.45745	896000	1.7642975e-08	320.55176	-0.051553052	-77.90892	0.009594154	0.0	1052.9849073886871
224	593.1901	56.321632	680.5869	536.2913	1000.0	47.744305	6.76535	70.27019	16.735874	900000	8.34465e-09	382.2002	-0.05346494	-102.46298	0.00959574	0.0	1057.6152322292328
225	541.3334	59.023674	600.49335	480.676	1000.0	53.516087	6.930265	75.209404	20.07338	904000	2.4795533e-08	253.22969	-0.053559367	-44.13269	0.009595561	0.0	1062.1727406978607
226	593.1101	30.657978	632.54297	550.48096	1000.0	51.227417	6.18763	73.53405	22.21921	908000	1.001358e-08	393.30307	-0.05079131	-66.45972	0.009589713	0.0	1066.507480621338
227	517.3087	56.045906	565.03235	427.24945	1000.0	53.632153	6.7874646	74.53111	8.571262	912000	1.859665e-08	332.16888	-0.05429021	-71.1326	0.0096176285	0.0	1071.0185241699219
228	553.07306	81.6933	677.69336	448.98157	1000.0	48.808334	6.30356	72.84699	19.300014	916000	2.5868415e-08	376.67908	-0.0516785	-54.687653	0.0096115805	0.0	1075.3670752048492
229	566.45905	57.43734	624.3315	471.5555	1000.0	51.17897	6.988778	72.34881	19.700712	920000	-5.2452087e-09	322.27744	-0.052812867	-49.279236	0.009614948	0.0	1080.2879796028137
230	571.3901	93.062386	702.89655	473.71603	1000.0	52.029373	7.0579286	74.35344	7.775012	924000	3.8146972e-08	405.50388	-0.049621694	-61.33008	0.009567927	0.0	1085.5057215690613
231	603.04565	74.35768	704.4639	500.56592	1000.0	52.799908	7.4981294	76.50081	21.822235	928000	2.384186e-10	342.22366	-0.052584074	-54.46292	0.0095991455	0.0	1090.463042497635
232	592.4244	89.10839	693.87885	450.5154	1000.0	53.49803	6.919273	77.67857	19.469534	932000	1.9073486e-08	340.10492	-0.05265079	-52.4281	0.009652019	0.0	1095.2030041217804
233	542.8759	57.56148	591.0758	444.59366	1000.0	53.907543	7.783179	77.796	26.437984	936000	2.193451e-08	367.4286	-0.049815573	-62.072845	0.009569469	0.0	1099.497102022171
234	648.73083	50.526775	694.2831	569.1945	1000.0	52.274055	6.868324	75.851906	21.142855	940000	-4.2915342e-09	438.60257	-0.0517477	-107.0885	0.009580774	0.0	1103.9371409416199
235	632.6285	31.480972	671.9286	587.5422	1000.0	58.917397	6.4175053	80.12976	31.629381	944000	-6.6757204e-09	299.71375	-0.05133641	-49.53743	0.009543306	0.0	1108.669487953186
236	548.94977	71.91865	631.32074	434.62726	1000.0	57.78093	7.8550463	81.562096	23.609976	948000	2.7656554e-08	508.03156	-0.05102693	-141.6177	0.009671605	0.0	1113.516032218933
237	626.0803	72.93674	732.70575	526.72327	1000.0	50.782585	7.9005837	73.26222	4.696436	952000	4.7683715e-09	374.254	-0.053552322	-99.759705	0.009575695	0.0	1118.1478867530823
238	593.4346	51.074757	646.95734	510.8061	1000.0	57.04794	6.9937263	80.06731	24.778212	956000	-2.1457671e-09	330.64032	-0.05154092	-54.667877	0.009616504	0.0	1122.9337735176086
239	673.6529	52.53379	762.003	633.0344	1000.0	55.18489	5.991628	75.0582	25.610868	960000	-2.5987624e-08	480.9471	-0.050164487	-109.43753	0.009594244	0.0	1127.7751586437225
240	599.4092	31.74522	648.28375	559.542	1000.0	60.968132	7.3023562	80.85438	19.104265	964000	-1.1384487e-08	367.06207	-0.051655035	-91.577576	0.009545149	0.0	1133.0632500648499
241	566.3591	56.288002	660.7912	513.4148	1000.0	54.58496	6.198024	76.94655	29.172428	968000	-4.768372e-10	254.90834	-0.053314276	-48.795654	0.009533195	0.0	1137.6555998325348
242	636.2018	59.05156	696.8187	542.33386	1000.0	52.33982	5.87348	73.12015	26.602922	972000	-1.502037e-08	391.76825	-0.051884647	-78.17572	0.009633734	0.0	1142.4210526943207
243	622.14856	68.704185	694.4489	545.038	1000.0	56.820045	6.6492968	77.61646	21.120775	976000	1.9073487e-09	396.87308	-0.053046398	-63.66028	0.009644167	0.0	1147.438933134079
244	613.0035	34.38991	648.43494	575.5638	1000.0	56.015263	7.475611	76.05468	19.01295	980000	-6.6757204e-09	378.1165	-0.051343642	-55.454224	0.009596084	0.0	1151.9758319854736
245	606.59216	37.097126	648.87335	550.81024	1000.0	55.58748	6.854164	77.533676	25.436176	984000	1.5735626e-08	289.14905	-0.051081795	-46.548065	0.00959432	0.0	1156.685736656189
246	544.26465	85.705414	640.7672	431.97644	1000.0	54.69782	5.9722023	72.481125	24.126915	988000	-1.5735626e-08	383.48322	-0.04760959	-74.756165	0.009636641	0.0	1161.4292080402374
247	682.8694	39.47034	748.9726	646.9761	1000.0	51.323944	7.276823	72.47732	-4.5515547	992000	-1.9073486e-08	504.57898	-0.05267452	-178.81442	0.009627798	0.0	1166.317236661911
248	547.059	211.30394	761.4284	197.6116	1000.0	58.60935	13.506261	83.445	-29.565485	996000	-2.9087067e-08	647.53265	-0.05391874	-398.2456	0.0096316505	0.0	1170.987732410431
249	610.8815	57.315872	701.6969	544.67725	1000.0	57.66635	7.7977986	81.50837	-23.88914	1000000	-3.4332274e-08	342.7973	-0.051799875	-61.962982	0.009572796	0.0	1176.3084733486176
