Epoch	AverageEpRet	StdEpRet	MaxEpRet	MinEpRet	EpLen	AverageVVals	StdVVals	MaxVVals	MinVVals	TotalEnvInteracts	LossPi	LossV	DeltaLossPi	DeltaLossV	Entropy	KL	ClipFrac	StopIter	Time
0	-750.73987	28.591146	-705.7147	-782.87177	1000.0	0.0798575	1.2429346	2.983852	-2.966747	4000	7.2479246e-08	5107.33	-0.05825172	-896.0571	5.489976	0.015270052	0.298	23.0	5.217527627944946
1	-668.5311	25.770145	-628.6031	-691.9278	1000.0	-4.9807043	8.900444	14.571606	-15.999721	8000	9.1612335e-08	3570.9395	-0.04547202	-1579.712	5.4910307	0.01599248	0.21525	18.0	9.61717677116394
2	-674.8874	102.90117	-501.3998	-766.6673	1000.0	-19.523254	4.520353	8.085178	-23.698006	12000	-2.5272369e-08	2271.4097	-0.047304463	-743.9147	5.4575195	0.016304163	0.2445	23.0	13.812274694442749
3	-700.3858	68.95177	-607.98486	-799.0364	1000.0	-30.460892	0.61865926	-22.514639	-30.892464	16000	1.2397766e-08	1714.8665	-0.05374721	-382.81262	5.4764676	0.015567656	0.28225	26.0	17.93122434616089
4	-615.00024	14.754351	-595.2836	-631.04944	1000.0	-36.711975	0.30617467	-31.150316	-36.876842	20000	5.841255e-09	724.165	-0.056319833	-127.681335	5.4598303	0.015424317	0.3	35.0	22.615742921829224
5	-657.68567	82.51897	-550.7814	-755.3819	1000.0	-40.359814	0.37724137	-32.270638	-40.542236	24000	-3.7908553e-08	833.5155	-0.016346864	-117.250244	5.423035	0.017261082	0.2265	5.0	26.96547269821167
6	-560.9216	71.93595	-461.8207	-654.9071	1000.0	-43.959785	0.23128694	-37.29796	-44.050987	28000	-2.8371812e-08	298.2203	-0.013361	-27.47229	5.4246964	0.019138303	0.23825	5.0	31.328195095062256
7	-658.5079	89.34586	-512.79816	-734.5218	1000.0	-45.315655	2.0356343	1.3563983	-45.867207	32000	1.2993812e-08	808.4294	-0.04788087	-67.174255	5.469394	0.016607238	0.24325	23.0	35.84339380264282
8	-669.5552	59.452824	-579.9655	-746.981	1000.0	-48.385002	0.5011733	-28.683464	-48.52241	36000	-2.992153e-08	572.4201	-0.042210832	-49.473938	5.443877	0.016007926	0.22	19.0	40.333956241607666
9	-614.18805	60.712643	-553.0456	-704.4768	1000.0	-50.91849	0.7793992	-10.439322	-51.052242	40000	8.5830685e-09	303.39905	-0.016183538	-7.1037903	5.375905	0.017107636	0.23925	6.0	44.467854261398315
10	-624.2363	55.12968	-559.7311	-697.4415	1000.0	-51.94303	0.3913323	-43.388813	-52.075382	44000	-1.2397766e-08	564.7709	-0.017596107	-21.411804	5.4106092	0.01879266	0.233	6.0	49.02325916290283
11	-536.74304	123.699066	-365.329	-712.8482	1000.0	-52.66232	4.3385205	35.807423	-53.41959	48000	-2.2888184e-08	412.92856	-0.032992393	-30.0878	5.4366627	0.015543006	0.214	13.0	53.29284930229187
12	-573.3165	51.506992	-508.53128	-652.15936	1000.0	-48.866493	8.669713	33.02928	-52.85766	52000	-8.5830685e-09	309.13406	-0.06660279	-63.550842	5.3733883	0.0150510175	0.338	51.0	58.29680585861206
13	-560.20154	49.330036	-514.82666	-639.30286	1000.0	-52.076378	1.8779691	-16.89708	-52.75281	56000	-2.0980835e-08	257.09024	-0.0182733	-11.600006	5.335807	0.020061115	0.22375	6.0	62.62210130691528
14	-568.16833	56.646656	-498.778	-638.68475	1000.0	-50.91907	3.3586404	15.123948	-51.973263	60000	-1.6689301e-09	399.58414	-0.04600438	-15.562775	5.3452816	0.01641264	0.22975	21.0	66.98163771629333
15	-510.27972	101.39859	-368.79562	-652.2242	1000.0	-48.618702	6.2712884	36.060516	-51.80545	64000	-3.9100648e-08	401.43777	-0.01457929	-47.129913	5.272221	0.020993914	0.2465	5.0	71.5854423046112
16	-544.3392	39.123657	-500.2607	-598.62585	1000.0	-47.699993	5.1595016	16.227156	-51.41722	68000	1.859665e-08	328.01596	-0.014808666	-28.341827	5.3167734	0.01588716	0.1995	6.0	75.87553548812866
17	-482.93832	75.65982	-383.4238	-595.029	1000.0	-48.23514	3.819546	1.3840717	-51.216366	72000	-2.4318695e-08	349.96625	-0.041690968	-38.22769	5.326953	0.016368402	0.206	18.0	80.19716334342957
18	-515.5687	33.215885	-460.51978	-546.53577	1000.0	-44.761547	5.669744	7.755827	-50.58702	76000	9.536744e-10	445.8997	-0.017233739	-41.488556	5.24747	0.015740238	0.24875	6.0	84.36831140518188
19	-564.4336	69.37399	-492.52344	-679.12695	1000.0	-43.51354	6.096949	-2.4645824	-50.937046	80000	-3.4928323e-08	527.4422	-0.05784276	-77.2554	5.233463	0.015727121	0.2855	32.0	88.86408281326294
20	-564.3144	111.18471	-407.301	-720.7018	1000.0	-47.923313	6.2078347	-4.0314255	-52.835075	84000	1.6689301e-09	493.79144	-0.042893693	-48.858185	5.228691	0.015818382	0.20325	17.0	93.59810876846313
21	-528.56616	89.78857	-449.91364	-680.5356	1000.0	-48.560986	5.51722	-2.2258196	-54.005543	88000	-2.7656554e-08	363.29037	-0.017896105	-49.26355	5.15039	0.015726784	0.19	6.0	97.92330694198608
22	-466.10623	27.1206	-442.02853	-512.15796	1000.0	-39.972008	9.977225	-18.24572	-54.62229	92000	9.596348e-09	262.16864	-0.017894281	-57.970963	5.235207	0.014489068	0.23475	6.0	102.35802578926086
23	-460.3791	16.779694	-443.06342	-479.0856	1000.0	-41.03796	5.57142	-7.8771834	-54.38764	96000	6.7949295e-09	191.43791	-0.016085442	-33.18213	5.225074	0.018046532	0.24175	5.0	106.6244101524353
24	-459.12488	39.069683	-407.35114	-512.2404	1000.0	-37.29253	12.949406	27.83177	-54.12312	100000	2.503395e-09	499.97067	-0.048552796	-175.9083	5.2390623	0.015226459	0.2495	21.0	111.05945062637329
25	-481.45288	54.125835	-391.6176	-535.0041	1000.0	-40.41383	5.7872925	6.448596	-54.105034	104000	7.629395e-09	351.9617	-0.045876835	-57.49292	5.210721	0.015717393	0.23075	21.0	115.55119514465332
26	-495.3474	84.4396	-383.3058	-620.8276	1000.0	-45.701603	8.593792	15.948284	-54.863247	108000	4.768372e-10	435.94586	-0.016955087	-59.401733	5.152237	0.015383181	0.2245	6.0	119.61556100845337
27	-412.37988	12.155969	-392.00067	-423.94263	1000.0	-38.239147	6.7469115	-11.351175	-55.07536	112000	2.0503998e-08	321.02496	-0.04383168	-80.471436	5.140176	0.015957873	0.232	19.0	123.88247776031494
28	-540.1231	91.713806	-408.24808	-666.7336	1000.0	-37.23723	9.227123	18.387022	-54.83846	116000	3.8146974e-09	496.31802	-0.013577548	-189.36066	5.1567206	0.019884255	0.23325	5.0	128.42675948143005
29	-508.98602	121.85758	-383.32156	-699.17267	1000.0	-47.50077	7.1138887	4.5708	-56.451576	120000	-1.1920929e-09	445.88284	-0.017811056	-47.744293	5.1647277	0.019753607	0.26	6.0	132.74135994911194
30	-402.91638	58.850708	-347.31583	-496.67343	1000.0	-40.773983	8.846256	22.11178	-56.698074	124000	-1.4305114e-08	316.98093	-0.046335097	-79.0284	5.1227555	0.016513774	0.21425	20.0	137.534282207489
31	-400.0161	77.110245	-318.2864	-497.59164	1000.0	-36.17292	6.4931736	7.5503335	-55.6699	128000	3.5762786e-09	216.64041	-0.013411556	-32.62622	5.0775275	0.020748429	0.245	5.0	141.86374521255493
32	-420.67126	54.34069	-328.79474	-470.3338	1000.0	-35.60705	6.2023263	18.190556	-55.398285	132000	9.894371e-09	195.75746	-0.012518804	-39.98552	5.096543	0.017068524	0.23175	5.0	146.27791953086853
33	-510.63916	22.866926	-491.1534	-549.5717	1000.0	-36.561592	8.619455	23.928947	-54.588474	136000	-1.7762185e-08	549.15137	-0.043919764	-204.87537	5.1540756	0.015733032	0.19925	20.0	150.6949427127838
34	-352.66293	39.529064	-290.17078	-393.42404	1000.0	-41.15376	5.924758	15.777336	-56.918385	140000	-9.417534e-09	390.9192	-0.016481455	-151.76398	5.112197	0.018628404	0.2655	6.0	154.75451016426086
35	-398.75903	78.38827	-299.60934	-518.67566	1000.0	-32.691433	8.567335	31.094563	-55.20081	144000	-2.2649764e-09	321.9089	-0.044546068	-65.716125	5.086371	0.015793674	0.22475	22.0	159.41720390319824
36	-389.68384	15.5255	-374.3648	-415.62274	1000.0	-36.32227	4.445864	4.3679585	-55.060207	148000	3.8146974e-09	177.66116	-0.04667615	-19.579254	5.1259284	0.016708756	0.219	22.0	163.77228713035583
37	-428.80048	74.12401	-306.7134	-504.11255	1000.0	-35.904575	3.9903305	4.802443	-54.40686	152000	-4.4107438e-09	196.3631	-0.014880361	-29.803177	5.038446	0.016940616	0.24525	5.0	168.0069398880005
38	-385.58093	77.06012	-280.10428	-497.61383	1000.0	-36.169804	8.131635	27.662865	-55.46995	156000	-2.6702882e-08	258.90207	-0.017663006	-36.569122	5.059877	0.016444935	0.216	7.0	172.47733902931213
39	-402.63257	28.976131	-362.03314	-443.49915	1000.0	-34.74754	4.1161904	-2.8420773	-53.442738	160000	8.106232e-09	151.34085	-0.01593604	-16.67929	5.038384	0.01625139	0.18175	6.0	176.88345861434937
40	-373.87054	52.18912	-289.30026	-431.29257	1000.0	-34.343903	7.0251064	13.324621	-55.330948	164000	3.8146972e-08	193.71109	-0.014591505	-39.28125	5.0071588	0.021897048	0.26975	5.0	181.39688301086426
41	-381.6305	81.04651	-284.18875	-470.003	1000.0	-36.149452	7.070851	-5.6271296	-53.604576	168000	-9.536744e-10	302.1955	-0.012292408	-46.57988	5.043456	0.017350025	0.25875	5.0	185.77082204818726
42	-337.29355	121.8552	-168.15453	-466.88654	1000.0	-28.170477	9.147566	12.413822	-52.52667	172000	-9.536744e-10	391.779	-0.044112097	-179.10011	4.9977345	0.017053893	0.22425	21.0	190.14454317092896
43	-315.81345	69.93894	-221.9668	-415.23114	1000.0	-27.703167	7.796803	28.8926	-54.55738	176000	1.2874604e-08	297.0548	-0.014946802	-91.213	5.062544	0.019134633	0.2415	5.0	194.36730408668518
44	-348.98605	12.51458	-334.72144	-367.9895	1000.0	-31.430285	4.9987183	18.090792	-48.384094	180000	7.152557e-09	111.33121	-0.038376037	-11.940773	4.978791	0.016421584	0.18775	16.0	198.5711271762848
45	-396.63834	65.96216	-349.5305	-509.78366	1000.0	-32.20586	5.8029284	7.6113844	-54.460842	184000	-2.026558e-08	324.77905	-0.014566705	-99.18541	4.9695225	0.02112554	0.24675	5.0	202.6045162677765
46	-373.6665	40.719604	-313.33517	-413.42966	1000.0	-31.685747	9.978671	29.476828	-56.201775	188000	-3.4809112e-08	270.75632	-0.014052049	-144.92426	5.0184765	0.021992547	0.28925	5.0	207.09930419921875
47	-336.7104	68.73909	-236.28	-426.76184	1000.0	-31.822296	4.842897	9.611079	-54.71027	192000	4.768372e-10	159.47113	-0.019348243	-49.496964	4.977932	0.01860382	0.216	7.0	211.32115602493286
48	-374.13812	29.921047	-322.53845	-395.41272	1000.0	-30.008074	9.579627	36.85004	-55.182495	196000	1.6212464e-08	214.44006	-0.012452887	-90.383224	4.9545255	0.018462311	0.28	5.0	215.53097414970398
49	-342.9743	54.240116	-253.14735	-388.0409	1000.0	-34.00461	3.7883413	-0.11142719	-55.90903	200000	-2.8371812e-08	143.90002	-0.019163603	-24.115852	4.98547	0.015037573	0.257	7.0	219.55998277664185
50	-381.75098	25.905487	-343.99225	-416.8304	1000.0	-31.51077	4.0805583	-7.1683803	-53.556564	204000	-3.7670137e-08	125.69101	-0.045813363	-16.826927	4.963514	0.016016377	0.2185	21.0	224.36679577827454
51	-380.41153	53.180843	-312.18237	-459.7332	1000.0	-33.139763	3.9494443	0.28468022	-53.23327	208000	-3.8027764e-08	183.40016	-0.0196311	-25.132156	4.873155	0.017564906	0.299	7.0	228.58689856529236
52	-368.69675	74.33545	-285.77487	-465.79245	1000.0	-33.87406	6.266916	10.107922	-56.228466	212000	1.1920929e-09	178.46002	-0.04634542	-23.194016	4.8935	0.016409459	0.257	24.0	233.055894613266
53	-354.54556	75.75812	-294.73587	-484.56937	1000.0	-33.63407	4.7256722	4.882153	-55.76192	216000	2.1755696e-08	182.69469	-0.04949794	-34.603516	4.8462453	0.015348463	0.272	28.0	237.3751096725464
54	-379.0645	64.93372	-291.80334	-465.0684	1000.0	-31.613464	8.269202	0.028776705	-55.95915	220000	-2.2411346e-08	236.31447	-0.04502147	-38.682037	4.81201	0.016037088	0.22075	21.0	241.84938764572144
55	-341.997	30.756004	-311.05615	-391.07648	1000.0	-29.940296	6.015707	4.4696975	-56.000942	224000	-1.6093255e-08	189.85928	-0.023550788	-58.47319	4.829613	0.015059165	0.193	9.0	246.05746006965637
56	-351.70486	27.095156	-328.03372	-395.08896	1000.0	-31.041882	4.8591948	10.021062	-54.318523	228000	2.503395e-08	150.79056	-0.038354762	-38.93428	4.8188877	0.016056027	0.194	16.0	250.62969088554382
57	-346.17102	37.58751	-309.38785	-406.61862	1000.0	-31.652748	4.919182	-8.471463	-54.28245	232000	1.0490417e-08	138.1277	-0.042538624	-19.010292	4.77895	0.016155524	0.19125	20.0	254.96331000328064
58	-382.88205	48.048065	-326.58792	-437.76224	1000.0	-31.221504	5.4525967	-9.5287	-53.472687	236000	1.1920929e-08	219.61148	-0.016104186	-46.266846	4.8055086	0.018206913	0.22275	6.0	259.057368516922
59	-335.51898	65.05766	-273.27786	-438.4218	1000.0	-33.323364	6.941578	-6.3266573	-55.899883	240000	-3.1590461e-09	211.30325	-0.04752792	-73.10655	4.783846	0.01598621	0.23975	22.0	263.34604811668396
60	-287.6492	32.067772	-244.56119	-330.21292	1000.0	-30.224148	7.824669	25.216763	-55.92638	244000	1.692772e-08	211.60692	-0.047788896	-75.83215	4.7821307	0.016102197	0.23025	25.0	268.327645778656
61	-326.69385	17.017221	-301.01086	-347.21344	1000.0	-26.258558	5.6289163	3.9783258	-52.24811	248000	7.629395e-09	149.57019	-0.04465927	-30.50119	4.7096233	0.016654348	0.23	22.0	272.69793939590454
62	-334.15198	46.08741	-302.70892	-413.77032	1000.0	-29.448034	2.9531507	-8.242391	-46.505592	252000	1.2755394e-08	124.38513	-0.015482861	-23.977348	4.724927	0.016395204	0.21525	5.0	277.0199599266052
63	-304.7029	40.32794	-276.24365	-374.04373	1000.0	-28.489363	4.96051	6.7830663	-53.569386	256000	9.536744e-10	152.7662	-0.04524582	-24.412262	4.699709	0.016749432	0.242	23.0	281.6734867095947
64	-306.63507	105.29298	-188.15991	-426.64297	1000.0	-27.68163	6.068424	4.712975	-52.988125	260000	-3.8146974e-09	364.65137	-0.0775528	-77.38962	4.6233144	0.011161301	0.395	79.0	286.42878460884094
65	-254.44722	19.064497	-224.00368	-275.9556	1000.0	-24.595816	6.9226675	11.610739	-54.139282	264000	-1.859665e-08	160.77951	-0.0477262	-67.510635	4.6215663	0.016522598	0.238	17.0	290.86581563949585
66	-288.0531	46.739166	-207.20702	-317.86584	1000.0	-25.121984	5.838782	10.394349	-46.541107	268000	-9.953975e-09	157.52667	-0.01974008	-33.9897	4.674046	0.015254019	0.25525	7.0	295.1103620529175
67	-277.11716	19.318426	-246.76405	-300.1327	1000.0	-25.665356	6.5324163	30.595612	-50.4474	272000	6.437302e-09	112.425514	-0.048830695	-16.414955	4.618335	0.015892051	0.27875	27.0	299.7116150856018
68	-260.3756	31.544357	-227.53474	-301.95874	1000.0	-25.413736	5.0162187	3.1707382	-51.384705	276000	-5.2452087e-09	119.02315	-0.015229004	-36.670807	4.578607	0.019557016	0.24125	5.0	303.8974163532257
69	-275.64078	66.36418	-202.04385	-357.59775	1000.0	-20.637125	9.496928	19.33228	-53.09113	280000	-9.059906e-09	266.4382	-0.04538085	-66.60954	4.5670443	0.016196247	0.226	21.0	308.3322343826294
70	-266.12198	26.425957	-244.67418	-310.14716	1000.0	-23.695633	4.4976	13.420698	-47.67967	284000	3.5762786e-09	85.18866	-0.018502953	-16.401001	4.5431895	0.01688496	0.25025	6.0	313.1886479854584
71	-278.07462	17.412031	-253.51422	-298.6262	1000.0	-23.641281	4.572963	2.529188	-44.00465	288000	8.106232e-09	123.007515	-0.018219221	-19.66999	4.560021	0.021177532	0.26275	6.0	317.5059721469879
72	-265.804	59.256912	-200.55396	-350.61926	1000.0	-25.350912	3.678852	3.409852	-44.94193	292000	2.0503998e-08	141.69281	-0.0353101	-33.66317	4.538557	0.015995795	0.21775	14.0	321.65381145477295
73	-264.3252	19.6168	-236.88982	-292.06738	1000.0	-24.254463	5.0827904	8.844326	-50.24754	296000	-1.1086464e-08	87.88257	-0.01653908	-21.069565	4.553748	0.01726993	0.214	6.0	326.0673475265503
74	-244.45557	9.309523	-231.4675	-253.355	1000.0	-23.305727	3.3425527	6.9805264	-44.25114	300000	-7.152557e-09	72.24653	-0.016635029	-13.782532	4.5313883	0.020346003	0.24175	5.0	330.2072751522064
75	-197.79817	64.24007	-91.24266	-262.4431	1000.0	-20.972328	5.2693877	7.9008527	-48.026047	304000	7.7486035e-09	157.90515	-0.013062576	-48.043747	4.5133715	0.018594371	0.197	5.0	334.4681866168976
76	-234.71756	32.800056	-191.67038	-282.2864	1000.0	-19.999266	5.8775783	21.98055	-40.142895	308000	-3.71933e-08	88.47748	-0.011884577	-20.686798	4.433499	0.021137282	0.26775	4.0	338.6038131713867
77	-241.47757	50.151875	-169.88182	-306.71738	1000.0	-21.109194	6.5552025	10.109001	-41.384575	312000	4.4107438e-09	153.18103	-0.014479971	-38.771355	4.482139	0.019873295	0.2295	5.0	342.59406566619873
78	-214.16379	28.696377	-165.16708	-238.22928	1000.0	-22.221205	5.229355	20.139162	-41.24892	316000	7.1525574e-10	98.7816	-0.034388077	-19.964493	4.52012	0.015445174	0.174	14.0	347.03850650787354
79	-251.85475	96.56382	-177.53842	-417.28094	1000.0	-15.521793	9.061167	24.392982	-45.495995	320000	1.0251999e-08	381.6366	-0.011973436	-181.04984	4.495516	0.021059824	0.2125	4.0	351.2792410850525
80	-223.2185	20.769867	-191.08897	-248.75232	1000.0	-17.92105	3.1071012	11.230397	-39.485123	324000	-8.940697e-09	121.69986	-0.040468406	-70.62509	4.488084	0.016563268	0.21025	17.0	356.2640745639801
81	-237.77855	13.0926485	-215.22893	-247.43036	1000.0	-22.729969	5.1604247	21.382624	-41.068565	328000	-3.695488e-09	63.38175	-0.043168496	-11.821384	4.448394	0.015612698	0.21775	19.0	360.62589836120605
82	-202.64337	20.769325	-173.4268	-232.04839	1000.0	-21.17587	4.722779	13.729263	-38.450924	332000	-7.7486035e-09	97.884346	-0.021806061	-20.75161	4.4246655	0.01511483	0.20275	7.0	364.6905105113983
83	-233.1944	57.284706	-175.19547	-328.2826	1000.0	-18.602861	6.532738	22.506292	-39.99554	336000	-9.298325e-09	209.15302	-0.04074465	-77.465225	4.3573556	0.016367666	0.2095	16.0	369.12229657173157
84	-219.61151	31.893	-165.68707	-248.67941	1000.0	-21.5325	7.3821945	25.92383	-47.194347	340000	0.0	169.58359	-0.044662576	-46.629997	4.3439307	0.016338049	0.22925	18.0	373.4297971725464
85	-162.93365	18.262331	-138.33086	-189.71916	1000.0	-19.183098	2.5316627	-5.078288	-38.302643	344000	1.0371208e-08	99.76995	-0.016406285	-54.203056	4.290382	0.015175157	0.21275	5.0	377.83417105674744
86	-198.94327	73.99948	-83.12273	-275.2384	1000.0	-14.383197	7.9389343	21.085459	-42.353207	348000	-2.1457673e-08	166.26518	-0.015935821	-49.930122	4.3160863	0.017601173	0.23925	6.0	381.8937029838562
87	-200.05066	12.698618	-186.17659	-217.6381	1000.0	-17.625227	4.599844	18.671421	-38.42945	352000	-7.033348e-09	72.07583	-0.015226517	-13.000381	4.350509	0.020789748	0.29725	5.0	386.06434631347656
88	-202.70993	30.626852	-169.67557	-235.61554	1000.0	-18.559782	4.3316894	13.700689	-31.407488	356000	1.5735626e-08	80.20141	-0.014801221	-10.297279	4.3215585	0.018407218	0.2595	5.0	390.19401025772095
89	-206.69917	12.161393	-196.50847	-226.59937	1000.0	-18.669363	4.3109035	4.4728165	-34.387268	360000	2.0623206e-08	74.25505	-0.03563385	-8.717239	4.28721	0.016686723	0.19075	14.0	394.39456939697266
90	-184.78125	30.401436	-153.8711	-233.95682	1000.0	-18.53518	5.2469144	12.471183	-32.894917	364000	9.6559525e-09	102.88256	-0.016175069	-23.425652	4.2446766	0.018071968	0.23225	6.0	399.08959007263184
91	-166.68428	25.856422	-124.3475	-188.54953	1000.0	-18.749157	5.744514	17.31345	-34.01541	368000	1.180172e-08	60.97692	-0.015341995	-17.942467	4.2406383	0.021538928	0.28525	5.0	403.36100459098816
92	-176.69568	48.18493	-95.9476	-216.69057	1000.0	-15.292407	7.8745914	23.139011	-27.303772	372000	-4.4107438e-09	102.45191	-0.018038616	-20.83207	4.266127	0.014611656	0.21025	6.0	407.52753806114197
93	-213.60269	45.146156	-164.26686	-287.24445	1000.0	-17.097458	5.425722	25.79755	-38.547726	376000	1.1444092e-08	134.79747	-0.016098097	-45.955093	4.25668	0.01860051	0.269	5.0	411.7762734889984
94	-191.04123	59.49699	-100.18544	-248.26326	1000.0	-17.887917	5.273912	16.116203	-41.604263	380000	4.053116e-09	106.19094	-0.015142935	-25.275864	4.258038	0.018638331	0.23125	5.0	416.3019530773163
95	-195.50497	11.476199	-176.1915	-205.83655	1000.0	-17.005154	4.5889196	18.102716	-45.37578	384000	2.2888184e-08	49.55129	-0.013588478	-10.083523	4.249098	0.0172708	0.195	5.0	420.5961220264435
96	-206.71437	42.059944	-165.40645	-273.9728	1000.0	-17.269373	5.0066185	16.209173	-47.964947	388000	8.106232e-09	105.871735	-0.021130055	-29.041481	4.2695384	0.015526677	0.23275	7.0	424.8017315864563
97	-142.87419	38.58498	-76.815865	-173.73361	1000.0	-17.719223	3.7449374	13.125279	-41.4616	392000	-9.298325e-09	122.55764	-0.045162283	-54.024483	4.2218723	0.015988825	0.24175	21.0	429.17591857910156
98	-161.1216	13.65041	-142.61324	-178.54979	1000.0	-12.204558	9.040089	29.50025	-41.445583	396000	-4.768372e-10	97.19408	-0.013716957	-30.627045	4.1917	0.0203761	0.2345	4.0	433.3886947631836
99	-177.03757	41.63221	-124.91509	-241.3041	1000.0	-14.960719	5.7253494	19.515104	-34.71693	400000	1.4305115e-09	87.893265	-0.013327004	-17.166718	4.2238407	0.019784028	0.28025	5.0	437.3113625049591
100	-112.64534	42.259373	-40.383904	-142.89713	1000.0	-14.689828	5.0312157	18.574245	-29.859365	404000	3.8146974e-09	95.92545	-0.019856121	-36.660854	4.1366262	0.014413923	0.23525	7.0	442.0310482978821
101	-195.55515	36.398983	-142.05191	-244.11154	1000.0	-9.4822445	8.713295	34.84358	-41.369095	408000	-1.3351441e-08	276.335	-0.067584686	-156.66875	4.1799607	0.015078086	0.35175	54.0	446.8352241516113
102	-148.80833	26.382603	-117.263145	-190.21568	1000.0	-16.526337	2.4953933	2.5806627	-34.671886	412000	-7.152557e-09	58.442722	-0.016435342	-12.904903	4.109827	0.01803028	0.26175	5.0	451.1899335384369
103	-126.13978	30.996014	-80.97636	-167.2534	1000.0	-14.147161	3.8019624	12.913233	-30.961464	416000	-2.2411346e-08	87.64384	-0.048379496	-36.576466	4.1477947	0.015728962	0.25275	22.0	455.73924255371094
104	-145.74747	44.056168	-95.11614	-216.23735	1000.0	-9.811865	2.8201063	10.849212	-34.790905	420000	-2.2023917e-08	72.54505	-0.015310324	-22.564678	4.0986266	0.021417027	0.275	5.0	459.9227683544159
105	-129.1022	47.98137	-56.329144	-182.16248	1000.0	-12.233338	4.900431	12.163938	-42.64258	424000	-4.529953e-09	164.11504	-0.011761423	-35.152863	4.061198	0.020193087	0.243	4.0	464.1146845817566
106	-159.57416	23.868078	-134.66011	-197.97157	1000.0	-11.143439	2.6241117	15.467972	-35.10272	428000	-7.390976e-09	70.87849	-0.012537666	-24.802853	4.1292863	0.022791365	0.226	4.0	468.4842879772186
107	-176.91971	20.7848	-153.54076	-202.77283	1000.0	-15.106455	4.4516854	21.48448	-42.73262	432000	-7.3313715e-09	99.508446	-0.018009592	-39.977787	4.161986	0.015662625	0.25975	6.0	472.7323830127716
108	-126.64113	23.051529	-95.8517	-154.91595	1000.0	-13.390203	4.8226013	20.980307	-45.01595	436000	6.437302e-09	142.6568	-0.042861518	-37.764114	4.091142	0.0153046	0.23325	21.0	476.93248772621155
109	-126.58522	30.659473	-93.1931	-174.19128	1000.0	-12.176935	3.6370728	13.768935	-42.30751	440000	3.051758e-08	48.663082	-0.045366455	-9.145729	4.07774	0.016426016	0.25575	21.0	481.50573086738586
110	-139.98285	33.694767	-87.18768	-178.39462	1000.0	-11.876877	3.726916	20.295153	-38.707508	444000	2.6702882e-08	47.312958	-0.044120777	-12.852261	4.033844	0.015722765	0.21575	19.0	486.66300320625305
111	-112.991165	34.715473	-68.28335	-164.49268	1000.0	-12.095029	4.5740743	26.781448	-30.257046	448000	1.3351441e-08	71.37134	-0.015992334	-20.856232	4.0047965	0.016365964	0.2715	5.0	490.6775736808777
112	-93.40817	43.080116	-47.41706	-163.96269	1000.0	-11.068761	2.5951943	11.036662	-39.264633	452000	-1.1920929e-09	74.529434	-0.01792761	-35.35456	4.0104218	0.014612307	0.247	6.0	494.9627466201782
113	-128.1752	55.911724	-54.078358	-200.51334	1000.0	-8.241179	5.7270904	20.723526	-41.87056	456000	-8.5830685e-09	135.56	-0.05047108	-36.08058	4.0091815	0.01555646	0.28825	28.0	499.4271721839905
114	-96.225296	16.45328	-77.56361	-122.688835	1000.0	-11.066678	5.6001253	29.026628	-38.90434	460000	-7.629395e-09	102.2522	-0.014543686	-36.317337	3.9665415	0.021427954	0.25475	4.0	503.71285700798035
115	-103.76853	23.843658	-77.05954	-134.90192	1000.0	-6.5707335	3.5436625	9.205423	-27.879364	464000	-1.1920929e-09	42.94293	-0.014236764	-16.805038	4.00269	0.01962943	0.27075	5.0	507.8841714859009
116	-97.4052	31.597984	-61.133755	-132.7697	1000.0	-8.796094	3.4928732	9.3132	-33.94688	468000	5.9604646e-09	136.75676	-0.014838197	-54.08869	4.0251904	0.016156368	0.2605	5.0	512.2127048969269
117	-97.191216	38.71507	-32.14722	-130.74074	1000.0	-7.2314076	4.7681613	1.1409864	-38.07541	472000	1.3351441e-08	80.09356	-0.015013817	-46.06058	3.9268765	0.016952837	0.226	5.0	516.4943535327911
118	-95.42549	45.00289	-35.6078	-156.21489	1000.0	-7.644785	3.7915742	14.310082	-38.25685	476000	3.409386e-08	102.58577	-0.01837818	-33.569534	3.9679384	0.015972083	0.172	7.0	520.8283052444458
119	-71.20868	22.852768	-45.947334	-99.22312	1000.0	-8.003481	3.079392	10.260422	-32.019398	480000	-1.9788741e-08	55.663666	-0.01721924	-13.272518	3.950855	0.015996803	0.225	5.0	525.2417767047882
120	-119.19445	47.78494	-36.95079	-154.15659	1000.0	-7.060695	3.5933352	12.771098	-32.302612	484000	-4.768372e-10	97.042595	-0.04481534	-33.386612	3.9751606	0.015797647	0.267	20.0	530.092334985733
121	-100.147766	12.866147	-85.101715	-118.45388	1000.0	-10.456123	3.7128267	7.487846	-31.0749	488000	1.2993812e-08	69.210495	-0.068083175	-23.409267	3.908187	0.015225325	0.34025	49.0	534.6478321552277
122	-85.37884	28.935137	-60.051655	-134.57883	1000.0	-7.5244884	4.2954745	4.146771	-34.380814	492000	2.5749207e-08	88.56482	-0.04498026	-35.797993	3.9379911	0.016876603	0.2135	18.0	538.8410046100616
123	-38.46761	29.905712	5.8823056	-72.29258	1000.0	-7.8142967	3.2318	15.276144	-23.073387	496000	-2.4676323e-08	71.0718	-0.044204947	-29.218353	3.886252	0.01601958	0.23275	17.0	543.315970659256
124	-83.65708	39.921192	-41.79558	-143.31567	1000.0	-4.058948	3.840591	22.113894	-28.610794	500000	6.198883e-09	99.60126	-0.017109193	-42.926014	3.870748	0.017178578	0.337	5.0	547.2207946777344
125	-101.67671	17.62706	-88.02463	-131.97269	1000.0	-6.6883583	5.9352703	2.6197543	-40.16889	504000	-5.7816507e-09	147.78105	-0.015399704	-36.121674	3.8115444	0.020422185	0.266	5.0	551.2441065311432
126	-60.850327	30.2582	-31.314375	-109.97698	1000.0	-6.920904	5.402303	15.392136	-40.36173	508000	-2.0980835e-08	74.35579	-0.01455299	-19.491352	3.7950952	0.01762109	0.22875	5.0	555.5433099269867
127	-33.556606	77.93072	29.484772	-165.92517	1000.0	-3.2401555	5.054134	6.8370805	-37.219604	512000	2.8848648e-08	81.01258	-0.01419682	-22.881283	3.8014264	0.021448711	0.276	5.0	559.7327527999878
128	-40.19179	62.28327	22.561731	-143.31918	1000.0	-4.004769	7.508003	21.528091	-39.55997	516000	-7.867813e-09	97.6865	-0.013373139	-30.51403	3.8043618	0.018148756	0.3055	4.0	563.7406556606293
129	-34.558228	46.709995	15.811191	-110.352875	1000.0	-1.3646476	4.9451194	6.5898423	-33.217907	520000	-3.218651e-09	124.94379	-0.049000733	-37.66932	3.7884042	0.015448422	0.28725	23.0	568.3069357872009
130	15.213221	65.90327	80.68601	-68.1115	1000.0	-0.16285455	6.8178053	21.314325	-41.71352	524000	1.3113022e-09	113.543076	-0.018849568	-27.146622	3.754271	0.015401559	0.2245	6.0	573.3430683612823
131	-63.069866	143.95901	39.0453	-311.12476	1000.0	-1.0849714	10.001218	10.763532	-41.28429	528000	-1.3351441e-08	228.42928	-0.014473462	-77.857864	3.7412832	0.016900051	0.21425	5.0	577.5714707374573
132	-20.101229	100.814354	57.62959	-190.73357	1000.0	-3.725326	12.170714	23.693417	-46.794415	532000	4.7683715e-09	140.73715	-0.015742963	-52.628716	3.7908726	0.014744354	0.17625	5.0	581.850555896759
133	-29.88707	99.24347	63.979935	-195.9298	1000.0	-1.7337532	9.302643	14.469768	-39.246372	536000	1.4305115e-09	187.0196	-0.011900179	-65.894325	3.7288423	0.017569764	0.2655	4.0	586.1688148975372
134	-92.482445	103.71532	12.2500925	-264.5993	1000.0	-6.3732815	12.935079	20.525408	-43.764446	540000	-6.6757204e-09	152.22437	-0.019365435	-43.615692	3.7311845	0.01593958	0.19725	6.0	590.425018787384
135	14.216957	32.392216	62.956688	-26.806473	1000.0	-2.49304	10.796299	17.250137	-38.376095	544000	2.169609e-08	168.47252	-0.023879066	-97.76527	3.6748066	0.014753013	0.1795	9.0	594.8682696819305
136	-12.238554	40.0893	33.12899	-60.873283	1000.0	2.9980054	5.63609	15.2867	-27.803747	548000	4.529953e-09	102.86401	-0.048847806	-41.963795	3.6724577	0.016772697	0.27025	21.0	599.2731711864471
137	-106.748985	117.1355	-13.565493	-307.3347	1000.0	-3.1473606	8.178228	10.443563	-34.492	552000	-3.9577483e-08	229.30132	-0.04927168	-85.02556	3.6987934	0.016260024	0.266	20.0	603.4969782829285
138	-31.709118	118.45523	92.78877	-226.69765	1000.0	-4.4644027	12.351111	7.755672	-41.96217	556000	6.9141386e-09	139.5585	-0.016144292	-35.044266	3.645446	0.016663898	0.228	5.0	607.5359189510345
139	64.547585	43.14163	104.50897	0.8023293	1000.0	2.471587	7.8187866	10.277907	-32.199898	560000	-1.7523766e-08	114.31365	-0.0132181905	-49.55298	3.6748338	0.023039501	0.26525	4.0	611.6708030700684
140	-68.654495	89.80494	41.11061	-192.17581	1000.0	0.94911	8.130386	21.180447	-30.199905	564000	5.1259996e-09	268.37823	-0.060013164	-144.49573	3.6158214	0.015291925	0.28975	34.0	616.4878349304199
141	-96.717514	171.27756	149.74481	-306.72433	1000.0	-5.7882295	12.714572	13.439066	-37.887287	568000	9.536743e-09	275.54324	-0.01421564	-84.03906	3.610813	0.017176159	0.22475	5.0	620.5620324611664
142	-15.157995	138.59373	84.08211	-253.38762	1000.0	-2.8042884	13.943937	22.451927	-45.180836	572000	-1.1920929e-08	241.68307	-0.042032994	-63.081482	3.6524704	0.016137207	0.25325	17.0	624.9893250465393
143	13.231703	82.392624	90.81429	-104.15299	1000.0	-3.376364	14.1778	31.116823	-46.58611	576000	-1.9073487e-09	223.37173	-0.048349198	-71.59183	3.6536272	0.016299328	0.27875	21.0	629.4411640167236
144	15.581044	124.11324	125.94317	-193.70764	1000.0	-0.49711987	12.700785	28.231895	-36.75137	580000	-2.0623206e-08	151.35464	-0.045977816	-33.044296	3.5997288	0.015369574	0.226	19.0	633.7645161151886
145	86.05399	77.58143	161.35109	-41.729763	1000.0	6.5018764	9.022609	27.097588	-32.657127	584000	-5.722046e-09	199.32228	-0.051998336	-45.276306	3.5724936	0.015382698	0.28075	24.0	638.004754781723
146	82.27069	45.672604	147.67543	19.321865	1000.0	7.554767	9.353487	26.624872	-34.923706	588000	3.695488e-09	72.39647	-0.0466852	-20.378155	3.5390291	0.016978486	0.25725	20.0	642.2775897979736
147	15.346336	74.578354	112.178665	-93.376015	1000.0	4.0357647	10.967283	30.326931	-34.416412	592000	5.4836273e-09	119.16381	-0.044718906	-32.98403	3.4957204	0.01583544	0.235	19.0	646.5402507781982
148	126.18874	47.51622	195.51775	61.40365	1000.0	7.076549	7.8227105	15.743076	-30.462677	596000	-1.013279e-08	120.54603	-0.03722473	-53.84474	3.5485883	0.016245514	0.1895	14.0	650.7281529903412
149	164.49963	24.114302	191.6284	125.54283	1000.0	12.959279	5.5232353	21.995678	-30.76945	600000	-1.9788741e-08	115.89681	-0.014523738	-45.85692	3.4511793	0.019618802	0.26375	4.0	655.0151851177216
150	87.87014	65.155106	166.07417	-2.0616324	1000.0	13.947296	6.206752	34.781147	-23.940697	604000	-8.8214875e-09	232.88031	-0.011835474	-157.96706	3.4122744	0.016604766	0.24675	4.0	659.7730493545532
151	75.12518	47.43238	151.51883	30.563616	1000.0	9.764548	11.378169	21.226755	-23.778336	608000	-4.053116e-09	141.58116	-0.013516291	-42.04738	3.5072148	0.017714195	0.24825	5.0	663.872629404068
152	75.54973	28.595474	110.49817	32.73269	1000.0	8.222315	7.3835816	18.615124	-25.229187	612000	-1.3828277e-08	146.31313	-0.052098326	-27.604034	3.4961884	0.015827244	0.2705	23.0	668.250510931015
153	32.42251	63.417706	124.49586	-54.292988	1000.0	5.651531	7.0494456	20.437912	-23.155703	616000	1.4960765e-08	246.3694	-0.017403595	-59.764893	3.4406915	0.02347458	0.24975	5.0	672.707585811615
154	132.07945	66.37559	219.13504	45.006737	1000.0	8.343701	7.603957	25.463228	-29.834843	620000	1.3351441e-08	201.30885	-0.04860211	-75.235405	3.4626658	0.016826194	0.24325	18.0	676.9753592014313
155	58.92666	126.69128	213.9813	-137.10751	1000.0	10.1024475	9.193952	37.162083	-31.958576	624000	1.525879e-08	249.05138	-0.01486086	-128.71791	3.4342177	0.021487731	0.28125	5.0	681.0542488098145
156	3.3622208	152.66444	104.84795	-260.02847	1000.0	2.1895962	13.422638	25.695143	-30.652279	628000	-1.0490417e-08	214.28194	-0.04735075	-41.750214	3.3763068	0.016110573	0.2635	18.0	685.2673540115356
157	185.74165	58.797256	241.7277	86.90849	1000.0	8.948893	11.20304	19.253366	-33.617275	632000	-1.1920929e-08	224.35399	-0.042353902	-130.20786	3.3606153	0.016206482	0.215	17.0	689.6339766979218
158	154.82573	84.126076	211.83482	9.671186	1000.0	14.860623	7.9030423	31.541466	-25.62177	636000	-2.384186e-10	234.76071	-0.038559645	-101.85681	3.3952496	0.015894353	0.20825	14.0	693.8539717197418
159	94.10901	114.13563	190.55518	-99.87907	1000.0	13.05091	11.659299	38.82451	-36.22783	640000	3.5762786e-09	248.90831	-0.014033996	-55.692245	3.2780466	0.020118948	0.30375	4.0	698.0650720596313
160	147.31828	137.05215	294.93842	-72.37289	1000.0	10.2183695	12.242351	36.886574	-36.417473	644000	-7.1525574e-10	228.6611	-0.01728608	-51.67151	3.2963808	0.016152782	0.24925	5.0	702.8595242500305
161	168.24045	73.39679	264.0255	59.05502	1000.0	9.726124	15.148724	36.806225	-41.05777	648000	-2.3841857e-09	256.4354	-0.044931803	-81.368866	3.2784078	0.015910925	0.25625	18.0	707.1833622455597
162	127.41612	137.7793	306.93658	-34.640144	1000.0	12.972395	13.283947	38.85033	-32.448437	652000	1.3113022e-08	302.87473	-0.01939965	-74.47533	3.30201	0.014679647	0.23825	6.0	711.3913178443909
163	175.50368	71.84738	287.0618	91.122826	1000.0	19.481714	11.543705	35.166016	-44.568214	656000	-7.629395e-09	165.89491	-0.042343233	-50.950317	3.3095918	0.016218914	0.2375	18.0	715.9521286487579
164	172.00597	95.16888	270.8867	15.425221	1000.0	15.469608	11.649538	34.7709	-31.042776	660000	-1.07288365e-08	186.54431	-0.037289158	-58.597168	3.304467	0.017723175	0.2	14.0	720.0927324295044
165	169.15216	116.78053	339.68793	12.310741	1000.0	15.863936	12.013011	38.777824	-35.891953	664000	-4.529953e-09	320.17566	-0.015729006	-74.952515	3.2045426	0.020450158	0.26425	5.0	724.3464021682739
166	188.90266	81.55859	329.2175	128.47096	1000.0	15.103754	13.341263	32.572254	-45.262848	668000	1.192093e-10	235.92056	-0.043565135	-61.001297	3.248096	0.01609298	0.246	17.0	728.7829542160034
167	247.00269	82.140366	332.34348	140.10213	1000.0	19.963953	8.403333	30.214546	-30.381124	672000	5.722046e-09	171.91254	-0.015764795	-50.298103	3.2191856	0.018594123	0.24	5.0	733.1303672790527
168	104.52053	103.3509	244.85703	-41.01386	1000.0	18.17949	15.003958	41.858368	-38.671196	676000	3.3378602e-09	408.53268	-0.013939182	-155.71622	3.2454386	0.023481611	0.2565	4.0	737.3814032077789
169	59.433838	72.36339	180.07611	-12.710057	1000.0	7.6981854	14.553346	28.640852	-32.356815	680000	5.2452087e-09	283.26016	-0.011604206	-58.032516	3.1861615	0.020621372	0.2605	4.0	741.5529656410217
170	79.03943	220.02971	363.29987	-196.21965	1000.0	4.7686424	17.406273	29.275377	-38.876507	684000	-4.386902e-08	497.92984	-0.042603824	-147.07059	3.177771	0.018041933	0.22275	17.0	746.167557477951
171	95.79138	150.45322	289.14285	-97.46434	1000.0	13.26842	21.418993	42.65086	-48.540176	688000	-1.7404556e-08	339.17484	-0.03691537	-108.406906	3.2073915	0.016369103	0.2265	13.0	750.3292798995972
172	178.61893	63.13205	226.53564	70.59325	1000.0	12.07727	15.711895	35.64372	-39.224056	692000	-1.34706495e-08	294.6401	-0.017866304	-102.26396	3.2099912	0.016368225	0.193	6.0	754.3782303333282
173	164.04524	50.605343	248.70872	119.46369	1000.0	16.290285	13.023928	44.47287	-38.159763	696000	-1.1742115e-08	201.35083	-0.014433077	-50.45189	3.17768	0.021004658	0.24875	4.0	758.6810681819916
174	193.24362	104.25628	334.75668	66.35364	1000.0	12.403342	11.59231	36.148277	-34.209866	700000	3.695488e-08	377.04	-0.057522587	-94.983	3.1775782	0.015557532	0.29275	27.0	762.8780751228333
175	152.97386	123.607666	273.2078	-54.084026	1000.0	20.028677	8.4170885	44.09365	-28.526352	704000	1.5497207e-08	420.8573	-0.050080437	-154.4021	3.1437201	0.015915856	0.2625	20.0	767.2384722232819
176	217.27249	101.37716	321.46643	102.17599	1000.0	20.63217	11.723114	32.9638	-33.499165	708000	-9.417534e-09	182.38762	-0.019820346	-34.531082	3.1698692	0.01618255	0.222	6.0	771.5473415851593
177	245.56819	64.62186	308.4543	138.01619	1000.0	17.26625	11.595256	31.399986	-28.989254	712000	1.4781952e-08	302.2025	-0.050189063	-124.21547	3.1519213	0.015568007	0.26625	21.0	775.862386226654
178	241.22672	54.010975	296.5086	155.26985	1000.0	22.857014	9.661073	43.319332	-31.382034	716000	1.3351441e-08	237.84042	-0.015164843	-37.683014	3.147647	0.017322637	0.197	4.0	779.9528517723083
179	273.15	99.63327	365.6588	108.15243	1000.0	22.853949	9.0858	42.833595	-30.987822	720000	-3.4332274e-08	247.79213	-0.01697628	-60.745056	3.1605425	0.016737545	0.22975	5.0	784.1892414093018
180	237.03241	107.00088	368.40326	70.05791	1000.0	22.896816	11.292039	36.84824	-33.256	724000	-2.193451e-08	204.49588	-0.049288988	-37.88173	3.1357114	0.01671586	0.289	21.0	789.1360080242157
181	259.80347	110.405876	352.04205	74.91867	1000.0	22.743675	8.495021	38.866238	-20.554394	728000	3.8146974e-09	177.93309	-0.05156091	-34.0114	3.1419528	0.015757184	0.31425	21.0	793.3614282608032
182	209.28488	46.436733	257.64844	160.6201	1000.0	19.912382	11.769222	42.791862	-36.865326	732000	-2.2172928e-08	244.34459	-0.014758406	-69.08598	3.0307045	0.017785026	0.2225	5.0	797.5006248950958
183	192.55005	141.20074	342.83054	-19.783585	1000.0	15.13286	14.239614	36.26602	-31.249601	736000	-1.8954276e-08	367.7857	-0.018493522	-127.638916	3.0430665	0.016369225	0.19575	6.0	801.7048041820526
184	219.75757	140.87404	402.56155	41.7517	1000.0	15.970846	19.030205	44.496864	-43.039646	740000	2.861023e-09	441.5354	-0.017022945	-97.33185	3.0382605	0.019422939	0.2445	5.0	805.7701423168182
185	232.6406	117.83123	374.45392	76.16567	1000.0	22.613754	17.815603	53.063953	-44.456146	744000	1.6450882e-08	384.62247	-0.0163751	-72.454895	3.0280223	0.017394947	0.24475	5.0	809.8934082984924
186	296.94266	49.66201	362.2984	224.07587	1000.0	21.937702	19.582468	53.88084	-49.95696	748000	-2.384186e-10	392.19922	-0.04918838	-110.380585	3.0188427	0.017062	0.243	21.0	814.1166083812714
187	363.21042	100.6886	493.33954	211.22484	1000.0	28.842985	15.49693	53.270172	-45.106377	752000	6.6757204e-09	352.51395	-0.015794387	-72.28146	3.0351455	0.017832272	0.2585	5.0	818.1656484603882
188	301.26474	39.908836	355.49765	259.20816	1000.0	31.573078	12.5329895	59.303444	-39.965347	756000	-3.361702e-08	237.01431	-0.013861663	-61.827774	3.0512207	0.02051365	0.27825	4.0	822.482629776001
189	326.82095	110.47776	421.7397	146.12668	1000.0	30.981789	12.849449	53.5797	-39.099827	760000	-3.33786e-08	345.9403	-0.012899596	-77.357025	2.9507525	0.024051491	0.261	4.0	826.5142221450806
190	284.07544	134.72466	412.73755	61.1107	1000.0	28.945454	15.935858	58.111885	-33.761555	764000	-1.692772e-08	312.60205	-0.017293494	-93.614365	2.9884806	0.016111884	0.21425	6.0	831.3675224781036
191	477.52148	183.96002	771.34546	294.76498	1000.0	26.266552	10.884024	53.488575	-34.20965	768000	9.346008e-08	672.6611	-0.016541	-431.74182	2.9943805	0.016074147	0.202	5.0	835.2872993946075
192	324.0219	177.51305	551.66425	56.568626	1000.0	34.429264	18.969793	72.75713	-40.014687	772000	1.5974045e-08	518.6306	-0.04377903	-194.45294	2.9945192	0.015357444	0.2715	16.0	839.485536813736
193	297.61853	64.87725	356.5663	193.24913	1000.0	31.441744	19.054878	68.01246	-36.038837	776000	-2.3126603e-08	418.16412	-0.016606757	-93.23999	2.944916	0.017047442	0.2395	5.0	843.6727275848389
194	401.5952	32.43762	457.74866	381.5357	1000.0	31.985733	12.334151	60.621918	-33.24313	780000	-1.001358e-08	290.06976	-0.01688151	-63.15883	2.9778903	0.014415361	0.1595	5.0	847.5676698684692
195	332.49127	172.57994	615.2141	182.39272	1000.0	33.30525	17.055866	64.878815	-36.27724	784000	-3.3378602e-09	483.93875	-0.05481468	-92.55179	2.9472082	0.015646415	0.3035	28.0	851.8047862052917
196	365.68933	91.186775	471.26367	244.13931	1000.0	33.31073	14.205698	62.303677	-38.829025	788000	4.7683715e-09	350.14285	-0.018570911	-53.429626	2.9417818	0.014687418	0.23475	5.0	856.2095568180084
197	510.85782	30.431492	562.8858	487.01596	1000.0	38.651436	8.797014	62.38662	-16.241972	792000	2.9563903e-08	400.97018	-0.045710687	-117.22336	2.937812	0.0165089	0.27625	18.0	860.6041278839111
198	401.19482	191.27478	565.0768	80.22893	1000.0	34.894318	19.410664	65.636444	-42.393036	796000	3.3378602e-09	450.20886	-0.060419466	-116.50629	2.9259992	0.01525387	0.31575	37.0	865.1604073047638
199	367.4945	38.72037	401.16153	301.69336	1000.0	37.203766	18.553583	65.4453	-47.458664	800000	-1.180172e-08	369.59912	-0.017460084	-98.105194	2.8802402	0.012814862	0.22825	5.0	869.2965676784515
200	539.1655	21.434532	562.9974	515.01215	1000.0	39.49296	6.291273	61.427696	-7.736902	804000	-2.0503998e-08	414.2935	-0.014391387	-151.71301	2.9242904	0.017276185	0.22825	5.0	874.3125870227814
201	380.62964	217.06688	563.3419	9.946086	1000.0	42.285194	19.737022	70.28327	-39.868916	808000	1.4901161e-08	496.89062	-0.040962953	-168.79941	2.8771431	0.01598276	0.24525	15.0	878.6814217567444
202	437.43707	82.911194	544.77405	348.311	1000.0	29.694391	22.020756	61.275433	-50.352646	812000	-1.6212464e-08	469.8607	-0.019398946	-189.75192	2.8562768	0.016436286	0.2345	6.0	882.8694305419922
203	263.55173	116.26073	376.85376	76.51209	1000.0	33.012455	21.302677	69.21569	-42.320145	816000	-2.4557114e-08	458.79483	-0.014303421	-215.0173	2.9175646	0.019308643	0.226	4.0	887.0349049568176
204	439.86426	161.11351	706.8414	275.2118	1000.0	24.35753	18.926275	64.38128	-44.56676	820000	1.1444092e-08	675.0402	-0.04839976	-355.7416	2.8461764	0.016485121	0.276	20.0	891.3627390861511
205	305.0886	103.56045	406.2833	163.03665	1000.0	33.86363	26.73827	75.61203	-39.573704	824000	-3.194809e-08	592.1117	-0.0168438	-179.78781	2.874455	0.015050813	0.215	5.0	895.4180734157562
206	552.0668	51.447765	639.10956	507.46567	1000.0	42.375717	13.68182	69.885956	-44.140656	828000	-1.8119811e-08	693.2012	-0.04070844	-198.04086	2.9034452	0.017766843	0.23	15.0	899.6779482364655
207	570.6035	79.57881	670.3854	453.29578	1000.0	48.744133	19.292286	77.50697	-33.57512	832000	-7.867813e-09	486.99838	-0.04478951	-79.0741	2.8271387	0.016664071	0.27025	18.0	903.9305329322815
208	412.32736	22.25356	444.05334	385.18433	1000.0	35.776363	19.139833	75.892044	-35.289932	836000	-2.6702882e-08	303.14975	-0.019572517	-75.25575	2.85023	0.015079617	0.20275	6.0	908.2420020103455
209	624.5831	110.375984	765.0314	456.27744	1000.0	49.447548	11.086054	73.664246	-18.183756	840000	-2.6941299e-08	432.33188	-0.043759115	-132.13486	2.764744	0.015769744	0.2595	21.0	912.5614502429962
210	545.34546	86.02677	685.0782	450.331	1000.0	50.538765	16.14186	80.94772	-27.920815	844000	-1.4066696e-08	277.16794	-0.041471094	-30.28862	2.8209481	0.015453003	0.22775	16.0	917.9785344600677
211	572.21423	83.78865	669.1223	453.8236	1000.0	53.75707	16.138954	81.506485	-14.518603	848000	1.5974045e-08	391.21545	-0.07753376	-68.08838	2.8013887	0.011640263	0.39725	79.0	922.6885602474213
212	378.69897	67.51701	455.97662	272.06305	1000.0	43.458244	14.227153	75.83594	-33.784805	852000	-1.7881394e-08	363.1807	-0.016033135	-132.09976	2.7170663	0.01968985	0.2495	4.0	926.5598735809326
213	530.5548	219.24965	762.00305	222.49332	1000.0	37.84903	17.64356	68.11002	-30.693127	856000	1.9073487e-09	1248.6403	-0.016570745	-526.28436	2.7237895	0.016273025	0.219	5.0	930.6714963912964
214	485.23392	67.163765	555.41534	374.59833	1000.0	46.99483	30.053066	85.636444	-45.48286	860000	-5.6028364e-09	610.96576	-0.012037475	-115.38312	2.7675235	0.02431509	0.28575	4.0	934.8545813560486
215	529.3298	235.56215	789.335	166.11021	1000.0	43.56467	26.208221	78.038025	-38.226234	864000	2.3126603e-08	566.17163	-0.010094482	-86.28787	2.742132	0.02143074	0.25875	3.0	939.0499293804169
216	712.633	117.99682	859.4007	544.23816	1000.0	50.669056	21.537437	83.17539	-37.897144	868000	-1.6212464e-08	734.2609	-0.011975242	-261.08185	2.7637088	0.017683703	0.22	4.0	943.0724811553955
217	774.6814	265.97086	1063.383	356.60928	1000.0	72.74093	25.414322	94.735954	-39.586002	872000	3.3378602e-09	1000.04675	-0.016726218	-160.87653	2.7091703	0.015162396	0.222	5.0	947.3054382801056
218	671.7185	178.7105	888.9901	462.83936	1000.0	57.35939	28.146162	99.18929	-48.376858	876000	1.1205673e-08	510.29483	-0.04694266	-123.67627	2.7270255	0.015851011	0.27325	21.0	951.4531996250153
219	511.39703	97.45259	666.6292	419.8243	1000.0	47.974945	24.81841	95.20975	-32.569504	880000	-1.6570091e-08	327.1503	-0.07622008	-58.584473	2.6478384	0.011902811	0.39825	79.0	956.2704758644104
220	575.586	342.61307	867.22736	16.436424	1000.0	50.12321	28.717236	91.77088	-37.74782	884000	-3.8146974e-09	688.7423	-0.019105295	-169.13495	2.6504781	0.013665041	0.25975	5.0	961.5983834266663
221	794.8562	219.98512	1046.6072	441.35715	1000.0	65.22579	25.74438	99.239075	-31.130404	888000	2.6941299e-08	560.10187	-0.0190649	-117.181305	2.6532164	0.018415995	0.21725	6.0	965.5619146823883
222	774.7772	153.84517	1006.1631	573.06305	1000.0	65.59627	30.484722	102.71558	-41.189392	892000	-9.536744e-10	479.85046	-0.035417233	-90.637146	2.6422815	0.017913407	0.233	13.0	969.8649454116821
223	719.9069	304.09354	1048.6503	230.21635	1000.0	77.67122	31.420984	103.6547	-38.538963	896000	1.4305114e-08	1134.8623	-0.016104026	-284.9981	2.620893	0.01548841	0.22675	5.0	974.1150801181793
224	710.18176	131.1141	885.2581	516.53845	1000.0	61.304485	29.543756	101.24184	-38.711105	900000	-1.66893e-08	513.29346	-0.013472491	-98.241516	2.6474884	0.018012326	0.24575	4.0	978.2984521389008
225	482.16705	98.78826	646.3486	391.21738	1000.0	44.690907	31.83271	98.970535	-39.271748	904000	-1.8119811e-08	675.793	-0.04325762	-203.15753	2.6344485	0.015593325	0.2845	19.0	982.6048831939697
226	858.4888	233.62799	1134.3622	499.5291	1000.0	65.650185	22.505995	92.51009	-46.169746	908000	1.525879e-08	1143.3384	-0.046315484	-389.9969	2.6084373	0.015778072	0.2955	18.0	986.7500343322754
227	743.88	233.56403	1036.976	470.3762	1000.0	63.13128	29.562689	102.24223	-38.618908	912000	1.0490417e-08	577.7543	-0.016598474	-113.12216	2.642233	0.017975759	0.2405	5.0	990.8825721740723
228	597.90204	285.3647	1089.2815	383.8188	1000.0	60.042835	40.124844	104.65435	-59.803135	916000	-1.8119811e-08	878.6447	-0.016240848	-184.93524	2.5977373	0.016902355	0.2165	5.0	995.003915309906
229	943.9275	202.17091	1140.5555	606.3598	1000.0	72.38157	27.088354	103.00576	-50.569588	920000	2.4318695e-08	837.8898	-0.012671067	-281.4646	2.5873258	0.024349462	0.30525	4.0	999.0292408466339
230	886.24963	103.41499	1005.9933	759.38226	1000.0	91.677704	25.160543	109.917046	-43.92711	924000	1.2159347e-08	989.6701	-0.015628468	-203.49036	2.5760815	0.0136565715	0.2085	5.0	1003.8657808303833
231	1081.4519	71.87245	1166.3341	969.84436	1000.0	83.23062	17.006088	104.111885	-11.330057	928000	-2.360344e-08	845.4485	-0.013538404	-272.69873	2.5608385	0.015829576	0.2325	5.0	1007.6135976314545
232	454.57147	194.59607	756.47876	240.75734	1000.0	52.563	40.98963	112.66039	-38.483788	932000	1.45435335e-08	1088.4563	-0.013249921	-448.42303	2.544554	0.019235345	0.2065	4.0	1011.402093410492
233	952.3268	188.24327	1153.7399	704.7465	1000.0	72.24278	21.857483	103.71781	-36.90189	936000	-5.9604643e-10	973.0876	-0.015276462	-290.71838	2.5319536	0.01887898	0.264	5.0	1015.3468635082245
234	853.29333	232.57727	1086.9612	498.4017	1000.0	72.82017	32.305313	108.41546	-40.500664	940000	1.2397766e-08	710.255	-0.018353099	-92.71753	2.5512013	0.016587963	0.234	5.0	1019.4486014842987
235	600.1302	308.62476	1070.4332	238.49918	1000.0	59.833134	40.535706	111.87035	-41.85633	944000	4.7683715e-09	887.4147	-0.039209183	-162.05072	2.5527766	0.015440594	0.26125	16.0	1023.7135181427002
236	887.0309	219.43005	1100.5636	536.9386	1000.0	69.51489	34.131557	107.97804	-37.793575	948000	1.424551e-08	823.14276	-0.016744738	-180.48065	2.5634346	0.015784608	0.1965	5.0	1027.8952581882477
237	841.0526	167.24068	1018.04944	571.25867	1000.0	84.66233	30.318867	112.87377	-24.410532	952000	1.1563301e-08	880.624	-0.015851129	-227.4856	2.516388	0.019369928	0.229	4.0	1032.0810685157776
238	939.5137	200.5523	1124.6018	601.51544	1000.0	77.33313	25.408169	108.5416	-30.323544	956000	4.172325e-09	607.0178	-0.013428907	-134.26245	2.5271595	0.01414729	0.22025	4.0	1036.1729526519775
239	1005.34235	64.035995	1102.3528	937.22076	1000.0	92.89927	21.587463	110.96077	-42.658142	960000	9.536743e-09	794.618	-0.018602049	-113.82037	2.5664406	0.017235843	0.278	6.0	1040.4910879135132
240	1097.5657	40.997932	1150.8701	1052.6207	1000.0	93.15642	16.220133	108.8033	-21.376455	964000	9.536743e-09	1151.8838	-0.014155003	-180.51569	2.4950938	0.018586742	0.27175	5.0	1045.4294836521149
241	937.0795	250.84814	1174.3635	536.3303	1000.0	87.36728	30.54661	115.356995	-3.8858705	968000	6.9141386e-09	582.70123	-0.012668655	-60.079956	2.4790235	0.018233927	0.224	4.0	1049.696388721466
242	1106.0835	79.74784	1160.1	968.41223	1000.0	102.23048	9.357249	115.70802	3.0236125	972000	-1.1444092e-08	812.3345	-0.007262592	-66.62042	2.5554717	0.020445118	0.21625	3.0	1054.1815781593323
243	1097.0815	153.07582	1274.2284	887.18536	1000.0	90.388664	33.281963	117.12563	-25.049902	976000	-9.536744e-10	1079.4353	-0.014831637	-310.81305	2.4902163	0.01589702	0.24325	5.0	1058.4870402812958
244	900.2975	394.27396	1252.7502	267.5128	1000.0	94.137794	52.802147	123.56309	-85.26042	980000	1.3828277e-08	1530.4865	-0.015634878	-364.6997	2.5197103	0.018078005	0.23925	5.0	1062.962862253189
245	775.6572	177.54634	1060.2229	591.86084	1000.0	66.82561	50.24014	118.02313	-62.670162	984000	-1.3828277e-08	1081.1025	-0.02534593	-353.31976	2.4795575	0.016467053	0.22625	8.0	1067.0449981689453
246	995.324	84.87442	1078.6787	853.484	1000.0	88.47621	17.19106	113.252464	-14.35551	988000	-1.3351441e-08	850.84515	-0.07294534	-109.5874	2.5001447	0.0150135495	0.37575	72.0	1072.0576770305634
247	926.6059	266.20877	1199.7292	538.8837	1000.0	77.37206	31.05135	114.88205	-11.689889	992000	2.2649765e-08	580.22064	-0.040256158	-93.17926	2.503513	0.015493281	0.24875	15.0	1076.1387078762054
248	1108.8918	96.556015	1233.0952	971.29944	1000.0	98.16795	20.23717	116.87801	-27.01707	996000	-6.198883e-09	981.0102	-0.014162003	-104.59735	2.4924822	0.020296814	0.27775	4.0	1080.3031558990479
249	936.9765	301.57654	1121.4302	414.7951	1000.0	81.80272	37.250694	119.01152	-38.89511	1000000	-1.2397766e-08	764.003	-0.01381806	-118.21747	2.446747	0.018515417	0.26225	4.0	1085.2858574390411
