Epoch	AverageEpRet	StdEpRet	MaxEpRet	MinEpRet	AverageTestEpRet	StdTestEpRet	MaxTestEpRet	MinTestEpRet	EpLen	TestEpLen	TotalEnvInteracts	AverageQ1Vals	StdQ1Vals	MaxQ1Vals	MinQ1Vals	AverageQ2Vals	StdQ2Vals	MaxQ2Vals	MinQ2Vals	AverageVVals	StdVVals	MaxVVals	MinVVals	AverageLogPi	StdLogPi	MaxLogPi	MinLogPi	LossPi	LossQ1	LossQ2	LossV	Time
1	-345.7385	71.77283	-215.32361	-412.1091	-357.34674	49.81218	-270.65466	-454.10138	1000.0	1000.0	5000	4.9592786	5.1250215	27.578054	-4.7736254	4.9591017	5.125885	27.35828	-4.510464	5.969179	5.249642	28.8469	-13.2186575	-1.7000525	2.949222	74.5327	-12.862582	-6.2648077	0.13297836	0.13003533	0.29492572	38.9222948551178
2	-281.62646	53.0914	-199.47551	-358.74512	-175.4377	91.91887	-53.080513	-405.4886	1000.0	1000.0	10000	28.079805	11.031526	68.267975	-0.14451772	28.079103	11.031354	69.95823	1.5356917	30.02383	11.486383	71.46097	5.532594	1.1056391	3.4946978	24.150795	-13.755189	-30.729475	0.32537615	0.34156105	0.71736455	77.96784090995789
3	250.46284	465.8024	880.04346	-281.54675	954.10657	445.0786	1321.7855	181.64107	1000.0	1000.0	15000	50.772755	14.109681	94.53448	16.830467	50.772392	14.109506	96.997856	16.689669	51.722687	14.232517	93.341675	18.358238	-0.66898304	3.0612605	31.362862	-14.25222	-52.50745	0.45359004	0.4655893	0.92289466	120.7246425151825
4	911.1666	430.65005	1498.2589	496.90356	2507.459	82.60817	2628.4321	2364.488	1000.0	1000.0	20000	54.968285	16.3832	95.014824	15.257977	54.967796	16.382513	95.10794	15.554424	55.633434	16.313566	95.77706	16.789728	-1.3690369	2.4219043	19.359879	-14.944983	-56.30086	0.42433622	0.45286578	0.78381354	162.71770882606506
5	1696.8196	894.10956	2269.064	-80.38668	3009.752	33.958736	3056.9683	2951.9487	1000.0	1000.0	25000	65.1748	24.610687	127.43322	15.017944	65.174385	24.609709	126.929214	13.348661	65.98642	24.48914	127.21571	16.391134	-0.5730055	2.8998299	23.147589	-13.984428	-66.705086	0.62500215	0.6805018	1.1287444	204.96736335754395
6	2805.4578	158.884	3019.4878	2617.1316	3626.4277	99.938835	3735.282	3383.2546	1000.0	1000.0	30000	87.162346	33.487312	162.79294	13.843619	87.16189	33.485657	162.71176	13.693816	87.99986	33.177216	161.86353	15.7796755	0.21388692	3.2777631	23.90683	-13.210816	-88.82534	0.9199306	0.98782635	1.5339644	246.64679265022278
7	3204.0234	133.59169	3370.787	2971.0503	3919.9985	62.50903	4010.624	3800.1719	1000.0	1000.0	35000	112.95167	42.19226	211.33429	12.77791	112.95122	42.191227	210.85535	12.108772	113.74632	41.759247	210.86037	13.011185	0.8792481	3.5563178	28.9995	-13.974871	-114.69042	1.3201383	1.4075173	2.1278782	288.6812870502472
8	3656.691	229.6885	4003.998	3337.8264	4185.929	92.48856	4335.5723	4027.8083	1000.0	1000.0	40000	139.40231	49.976006	240.14346	12.187347	139.40202	49.975002	239.85744	9.765229	140.1215	49.44646	241.57149	13.134575	1.2344847	3.6647916	29.862938	-14.89712	-141.13431	1.7889174	1.8775744	2.7592328	331.3808364868164
9	3647.0344	722.33435	4243.055	2235.241	4343.352	139.27003	4597.755	4154.999	1000.0	1000.0	45000	164.68718	57.81866	266.70084	9.898575	164.68694	57.817272	271.57043	8.4642315	165.3704	57.224186	269.4229	9.481236	1.6148375	3.8330572	35.933228	-14.651068	-166.468	2.1261628	2.2281117	3.237804	373.76983284950256
10	4345.026	224.34503	4649.1724	3982.4204	4996.5396	111.57676	5196.1504	4822.84	1000.0	1000.0	50000	189.02898	64.95485	301.66946	4.524765	189.0284	64.95343	301.54495	4.92881	189.66508	64.31611	300.3834	8.27947	1.9462862	4.010301	38.345127	-13.661615	-190.81044	2.323643	2.4691129	3.5942445	416.61220622062683
11	4547.68	90.576195	4650.1323	4422.9575	5108.2197	114.251854	5271.5166	4948.1816	1000.0	1000.0	55000	213.2959	70.77674	330.2222	3.3859875	213.29546	70.776024	329.02405	0.9814743	213.85422	70.09831	330.82977	7.052281	2.2933981	4.129191	37.836998	-15.540016	-215.04805	2.650914	2.7216878	4.010683	459.30933475494385
12	4439.8784	904.89496	5069.7803	2651.4148	4961.7554	93.44403	5145.136	4815.194	1000.0	1000.0	60000	233.7742	76.92201	350.01364	-1.6551042	233.77441	76.92071	348.82516	0.7620901	234.27147	76.21314	348.38583	3.8249269	2.497693	4.227203	36.01109	-12.942631	-235.50003	2.8464375	2.9319112	4.2984815	502.52748560905457
13	4728.7246	499.14847	5051.841	3738.139	5030.249	213.3142	5383.819	4572.31	1000.0	1000.0	65000	252.0607	82.531235	370.52216	-3.5930896	252.0605	82.53005	370.82584	-1.6785522	252.49036	81.78237	371.45926	1.804933	2.681405	4.337053	38.857594	-15.321789	-253.7504	3.1698468	3.2955074	4.8064823	544.932633638382
14	4743.2515	220.95778	5063.0024	4522.868	5371.6304	94.929	5484.7676	5143.9336	1000.0	1000.0	70000	269.2415	84.61582	383.07135	0.7042364	269.24176	84.61381	381.5681	-0.17765486	269.57523	83.8457	380.5502	0.44036818	2.7704117	4.3709474	43.324127	-13.478098	-270.8417	3.5076742	3.6375282	5.214221	587.5143165588379
15	4996.1025	464.65015	5491.849	4138.8257	5600.0713	101.43787	5753.447	5444.4546	1000.0	1000.0	75000	284.28464	87.138275	402.59766	1.8761215	284.28406	87.137344	400.83224	-0.5926769	284.56442	86.355385	403.5664	-2.003675	2.839984	4.4424267	42.297016	-13.577118	-285.82675	3.527611	3.6635277	5.2105646	630.8359608650208
16	4848.956	755.13837	5555.1353	3390.1138	5022.6494	1309.8729	5751.2173	1224.8824	1000.0	1000.0	80000	297.11887	90.65369	422.51038	-20.989653	297.1191	90.65188	423.68216	-16.543695	297.36026	89.87114	422.52005	-26.237656	2.9229164	4.497195	47.470974	-13.124606	-298.62354	3.8853621	3.9663274	5.7350264	673.6147105693817
17	5231.5684	81.82734	5339.56	5144.4463	5712.872	98.631645	5912.542	5565.8164	1000.0	1000.0	85000	309.39435	92.50958	433.6782	-36.986874	309.39465	92.50664	432.6822	-48.67018	309.5742	91.708275	431.01144	-53.983658	2.9873195	4.4713945	42.28188	-14.739595	-310.84735	4.3968534	4.5240664	6.3318725	716.8273446559906
18	5355.3057	139.95627	5529.025	5168.77	5820.138	73.66446	5969.0796	5687.3687	1000.0	1000.0	90000	320.70142	93.25726	441.73734	-50.045082	320.70142	93.25563	440.52292	-39.166252	320.8498	92.43507	441.84845	-43.33188	3.0713017	4.4876785	40.20175	-14.105896	-322.11462	4.334532	4.4788117	6.1735926	760.0149002075195
19	5409.4	129.74402	5598.6553	5224.954	5349.836	1019.1128	5875.6797	2306.8643	1000.0	1000.0	95000	331.07724	93.84314	452.26315	-80.5349	331.07742	93.84078	453.1135	-61.98589	331.1737	93.00439	449.98914	-48.282722	3.0825822	4.479617	45.197853	-16.257477	-332.42966	4.3340564	4.4664803	6.0345187	803.9861912727356
20	5423.798	242.72902	5702.8257	4982.1865	6011.186	92.919655	6167.3735	5882.819	1000.0	1000.0	100000	340.55093	93.590096	460.27536	-71.49858	340.55127	93.58709	460.9669	-45.726162	340.59857	92.75537	460.83304	-73.8722	3.154958	4.482825	53.923435	-12.593561	-341.8262	4.368178	4.4648952	6.0900617	847.5130231380463
21	5541.884	120.00516	5727.1816	5401.787	5957.552	142.08902	6278.6353	5748.1753	1000.0	1000.0	105000	348.6837	93.61023	468.5689	-37.24263	348.68362	93.608505	466.65115	-47.801193	348.69824	92.75146	463.4926	-37.95078	3.2067366	4.500581	45.395584	-13.345942	-349.9222	4.2917233	4.5057187	5.9860334	890.5377340316772
22	5633.2183	115.325645	5809.1626	5491.5366	6262.587	90.00889	6354.5923	6116.639	1000.0	1000.0	110000	356.4947	93.77255	473.43463	-38.16742	356.49475	93.7704	471.06183	-41.962154	356.48596	92.91163	469.05103	-45.711224	3.2889545	4.57073	44.11858	-13.77142	-357.70596	4.360115	4.531206	6.1073585	933.3453438282013
23	5716.957	110.41319	5847.687	5549.772	6252.068	100.33391	6395.14	6118.5854	1000.0	1000.0	115000	364.5777	93.3301	478.75806	-32.793957	364.57748	93.32846	479.17142	-31.01832	364.5362	92.46351	475.72174	-20.402903	3.3420112	4.557313	47.554653	-14.034805	-365.7409	4.5222907	4.646578	6.2822986	976.9020020961761
24	5687.823	199.5743	5965.582	5423.2017	6374.5723	58.80794	6496.684	6284.6904	1000.0	1000.0	120000	371.32602	93.577415	483.53934	-47.528587	371.3265	93.575096	482.52295	-27.590197	371.25552	92.72658	482.1621	-65.24926	3.3497188	4.565104	47.061054	-13.582989	-372.44736	4.376619	4.4518867	6.057688	1020.5855486392975
25	6006.9414	201.53473	6253.0234	5677.4873	6542.891	132.05925	6781.2783	6356.037	1000.0	1000.0	125000	378.5282	93.34863	492.52728	-96.47722	378.52844	93.347	492.48795	-43.189693	378.45435	92.48105	492.54327	-29.281162	3.434596	4.5807786	47.50141	-12.762193	-379.6402	4.5780478	4.671498	6.193232	1065.0677688121796
26	6127.2563	115.83009	6322.23	6031.9517	6753.4585	158.11876	6998.449	6376.3574	1000.0	1000.0	130000	385.82294	94.35003	504.04083	-31.537796	385.82303	94.34776	503.6661	-45.240875	385.74893	93.49085	501.22467	-22.858513	3.4878814	4.540505	41.531754	-13.787017	-386.9214	4.5624723	4.657283	6.20267	1108.9667575359344
27	5328.423	1533.2096	6317.52	2279.6106	6920.411	122.724815	7105.972	6674.7446	1000.0	1000.0	135000	392.79794	95.25721	513.2041	-47.264496	392.79852	95.25327	514.9799	-34.91915	392.70657	94.40567	508.29074	-26.044067	3.5659125	4.58147	51.67926	-13.698061	-393.88586	4.747318	4.8004317	6.4302545	1152.4694356918335
28	6517.099	136.2498	6770.5137	6404.4404	6537.474	877.4674	7169.637	4773.8604	1000.0	1000.0	140000	398.87982	97.961174	521.8774	-24.831257	398.8803	97.95813	523.29034	-27.04069	398.77817	97.120445	518.0368	-59.939796	3.5846698	4.531054	50.8177	-16.626394	-399.96326	5.0537004	5.1771197	6.6872563	1196.398609161377
29	6519.513	170.77875	6673.6772	6210.522	7192.436	134.63503	7431.416	6963.9434	1000.0	1000.0	145000	406.1163	98.68136	528.84485	-25.437723	406.11636	98.67831	529.4658	-8.873151	406.02005	97.826584	528.4787	-18.430279	3.7710543	4.5570426	53.41382	-16.519821	-407.2256	5.2211018	5.3776174	6.994768	1241.6478388309479
30	5361.364	1855.0757	6659.337	1868.8148	6240.5923	1241.0544	6844.3745	2533.259	1000.0	1000.0	150000	411.2856	102.85639	543.2858	-52.23344	411.2859	102.85366	544.53375	-62.687675	411.17642	102.02717	540.6435	-54.204617	3.8685136	4.631018	57.591503	-15.662565	-412.39328	5.871	6.0784	7.7550406	1285.5685894489288
31	6610.6133	301.8243	6960.202	6256.857	7306.672	73.84006	7451.747	7196.8994	1000.0	1000.0	155000	417.66193	104.8938	549.2153	-71.39518	417.66174	104.89094	546.9862	-71.84307	417.5464	104.076485	547.56915	-61.016422	3.9955635	4.6276135	52.120678	-14.366176	-418.78983	6.0838513	6.2253294	7.761182	1329.1338167190552
32	6854.087	98.15197	7033.396	6755.2876	7398.7095	94.67373	7625.7827	7300.235	1000.0	1000.0	160000	424.6266	105.1354	556.80096	-80.67514	424.62683	105.13402	555.6771	-91.766815	424.4905	104.28544	554.15106	-69.54535	4.1024528	4.642689	48.59304	-13.185947	-425.7644	6.2282877	6.4527025	8.045162	1373.0750606060028
33	6090.168	1729.6653	7102.189	2641.3696	7387.237	148.77184	7636.3687	7188.6074	1000.0	1000.0	165000	430.2669	108.128395	569.926	-33.35281	430.26694	108.126114	569.26874	-27.988594	430.1449	107.28683	565.8717	-38.403404	4.063603	4.608291	51.18411	-13.170206	-431.4119	5.998964	6.184754	7.7161555	1417.3274593353271
34	6980.7437	117.80405	7148.5503	6816.8667	7071.1865	525.5745	7402.2153	5536.512	1000.0	1000.0	170000	437.0864	108.874214	574.7235	-59.179	437.08682	108.87049	571.3125	-28.343014	436.94214	108.03558	570.6735	-29.987867	4.179362	4.6491547	59.42609	-12.992251	-438.20874	6.406113	6.5854187	8.2329855	1462.2040944099426
35	6935.5063	61.279198	7021.1274	6860.449	7302.069	749.1441	7790.125	5106.167	1000.0	1000.0	175000	444.05725	109.32829	583.06775	-32.149567	444.05737	109.32595	584.612	-63.98944	443.88095	108.49302	577.9784	-33.29969	4.3363657	4.676589	71.60521	-13.175247	-445.1868	7.1370797	7.311987	8.987116	1506.2525670528412
36	5793.1167	2343.47	7226.1123	1129.0531	7531.564	177.45047	7858.7427	7280.0425	1000.0	1000.0	180000	449.64865	111.20573	589.8023	-67.86546	449.64914	111.20337	589.0566	-68.38203	449.4467	110.36548	586.1981	-44.63444	4.387326	4.645371	71.89283	-14.782357	-450.7788	7.2277923	7.3431244	9.161479	1550.3788967132568
37	7322.051	76.575874	7407.7026	7226.131	7487.5596	655.2222	8038.9966	5618.636	1000.0	1000.0	185000	453.38544	114.58682	598.84094	-41.705883	453.38565	114.58276	596.0612	-53.33569	453.18762	113.76362	596.0898	-36.921078	4.421057	4.688088	58.290882	-11.785353	-454.5216	7.3786907	7.697858	9.20977	1595.06303524971
38	6547.5615	850.2776	7352.466	5433.1543	7651.5947	237.55235	8162.2676	7246.4688	1000.0	1000.0	190000	459.0717	116.06332	605.58575	-110.22179	459.07193	116.05859	605.3951	-123.57593	458.87216	115.24181	603.79047	-79.73868	4.5324516	4.7246757	64.482506	-11.418955	-460.2277	8.357164	8.679239	10.302962	1640.027442932129
39	7511.7983	286.13007	7871.8853	6995.8364	7845.0337	183.91266	8159.674	7475.96	1000.0	1000.0	195000	464.8312	117.249275	611.9956	-52.541058	464.83145	117.24541	612.9676	-58.897488	464.6326	116.415115	616.22656	-75.85931	4.5985513	4.730275	75.025955	-16.02544	-465.9892	8.140019	8.449204	9.797646	1684.1968264579773
40	7214.392	180.9859	7421.903	6880.3345	8420.636	198.7152	8785.217	8034.7686	1000.0	1000.0	200000	471.6555	117.67451	626.04987	-47.752377	471.65588	117.67187	627.71735	-42.97745	471.45993	116.83149	623.1413	-41.765293	4.653028	4.737145	51.917683	-11.619034	-472.8244	8.064021	8.327019	9.679757	1728.4591541290283
41	7524.698	138.18362	7706.116	7369.0513	8281.91	169.41121	8491.725	8003.2	1000.0	1000.0	205000	477.36185	118.331024	635.2937	-55.90615	477.36276	118.3262	632.3713	-52.919178	477.14984	117.48119	640.32184	-57.94031	4.6910715	4.7103295	59.207363	-12.570109	-478.51895	7.970872	8.18274	9.51107	1773.7180092334747
42	7649.7217	180.25899	7959.1724	7394.4575	7920.1367	177.4747	8175.2505	7537.028	1000.0	1000.0	210000	483.4168	118.019684	652.775	-36.876392	483.41663	118.01512	650.1123	-47.418205	483.16583	117.15799	644.2053	-28.38466	4.755511	4.7031684	47.042492	-13.438147	-484.5454	8.095264	8.304345	9.727923	1818.4624555110931
43	7299.8594	725.03467	8017.9263	5939.795	8267.436	142.30981	8545.6875	8094.401	1000.0	1000.0	215000	488.2046	119.08962	648.5872	-67.169785	488.20526	119.085434	652.3539	-76.18926	487.95453	118.22403	652.7971	-60.053703	4.8324356	4.7097144	63.86531	-12.409222	-489.34375	8.591726	8.767771	10.368382	1862.9317634105682
44	7795.3647	267.7956	8146.7896	7378.2603	8898.642	173.81355	9069.783	8598.074	1000.0	1000.0	220000	493.5102	119.72894	656.3746	-55.65847	493.51096	119.72353	653.6621	-62.370037	493.24295	118.86336	652.2975	-64.78727	4.919914	4.7074375	54.3002	-11.996352	-494.6705	8.733806	9.024203	10.408703	1907.444338798523
45	6449.44	3040.517	8203.969	373.97888	8090.9834	521.6148	8391.658	6553.609	1000.0	1000.0	225000	496.93347	123.33611	657.19934	-62.845062	496.93335	123.33296	659.619	-60.319008	496.65237	122.47934	654.6766	-61.438915	4.8803434	4.683754	53.570824	-11.221676	-498.0912	8.87534	9.142361	10.479236	1952.5093576908112
46	8056.0483	192.60481	8365.907	7769.106	8032.4854	2008.3235	8864.619	2018.9603	1000.0	1000.0	230000	502.14206	124.15874	666.532	-64.96746	502.14294	124.15365	666.75507	-42.58284	501.8527	123.284836	664.31146	-28.016844	4.996708	4.6794667	57.03587	-14.644215	-503.28665	8.78792	8.957934	10.374283	1997.0343058109283
47	8216.298	310.0195	8502.852	7698.05	8371.76	1532.7367	9339.465	4432.5493	1000.0	1000.0	235000	507.77222	125.04494	684.10406	-52.307495	507.7729	125.04074	682.7104	-25.486378	507.5116	124.16967	684.63385	-49.6206	5.098325	4.7112794	49.938683	-13.364183	-508.9559	8.888919	9.040214	10.569383	2041.963637828827
48	8377.728	260.1653	8623.976	7931.261	8815.061	1561.7827	9567.385	4149.4683	1000.0	1000.0	240000	513.3455	126.39016	690.89014	-57.11281	513.3458	126.38588	689.02814	-77.68317	513.0578	125.51232	689.0295	-39.655697	5.174923	4.735942	60.390686	-13.153631	-514.5202	9.258896	9.524398	10.998978	2087.2489337921143
49	7481.7188	2207.0938	8760.639	3073.6716	9029.053	86.88688	9165.439	8874.698	1000.0	1000.0	245000	517.62756	129.87369	701.9956	-121.50868	517.62885	129.86781	701.89185	-103.30289	517.3299	129.02205	700.4113	-145.42665	5.3403945	4.725239	62.764	-12.621789	-518.81445	9.858919	9.977335	11.302271	2132.332008600235
50	8488.033	137.65948	8660.123	8258.466	9014.612	180.29056	9273.859	8635.653	1000.0	1000.0	250000	523.5411	130.64462	708.57513	-118.14615	523.5419	130.63962	704.4976	-106.74156	523.2577	129.75887	701.78656	-151.60469	5.3858	4.7570047	62.252197	-13.307638	-524.749	10.204363	10.427915	11.698456	2176.7978756427765
51	7132.75	2548.711	8570.808	2040.7852	8719.338	156.66669	8920.871	8404.509	1000.0	1000.0	255000	529.19586	132.12581	719.4307	-283.43927	529.1972	132.11757	713.9377	-309.31314	528.8835	131.23502	709.74725	-282.95908	5.52307	4.7816978	59.46871	-14.151062	-530.4252	9.778822	10.218777	11.589814	2221.673379421234
52	8056.4844	474.5043	8751.294	7295.9966	9058.485	146.60922	9361.484	8847.919	1000.0	1000.0	260000	532.4685	136.33865	721.31934	-301.56693	532.4694	136.33322	719.88184	-300.87936	532.1674	135.48694	720.5982	-294.6412	5.5011964	4.7901554	69.917076	-13.895148	-533.7126	10.569109	10.775015	12.050769	2266.4880979061127
53	5677.9614	3558.4028	8754.316	444.61484	9042.47	107.79846	9224.719	8886.972	1000.0	1000.0	265000	535.50464	141.0651	722.1154	-187.20549	535.50507	141.061	721.0307	-172.6036	535.19806	140.21228	725.29224	-179.70877	5.543947	4.810284	84.07	-14.754477	-536.7291	10.127054	10.40798	11.684143	2312.2230076789856
54	6707.241	2150.8535	8757.482	3907.1218	8554.175	2263.9314	9416.218	1766.6292	1000.0	1000.0	270000	537.19086	146.94827	728.4848	-183.16626	537.19116	146.94557	727.27637	-188.91676	536.8634	146.12773	728.1401	-198.55637	5.525368	4.861706	74.31931	-13.475367	-538.4316	11.970589	12.400551	13.115254	2357.6647655963898
55	8478.767	224.46057	8694.635	8079.544	9112.62	162.1319	9264.108	8706.312	1000.0	1000.0	275000	540.9779	148.97163	732.6897	-160.3087	540.9778	148.9675	732.5112	-159.93785	540.6284	148.15143	736.7026	-163.81589	5.5886507	4.9104376	77.27983	-15.108492	-542.1946	11.627066	11.863624	12.855917	2403.235451936722
56	8608.61	312.8735	8999.276	8215.023	9396.624	94.39537	9575.889	9246.873	1000.0	1000.0	280000	545.4545	148.53218	734.524	-187.52495	545.45514	148.52934	738.7566	-200.8156	545.0735	147.69774	735.02637	-168.31152	5.7053876	4.881184	79.21425	-12.604076	-546.6511	12.171789	12.353962	13.880923	2449.473408937454
57	8678.727	285.59335	9091.625	8211.353	9439.364	162.70404	9701.66	9177.88	1000.0	1000.0	285000	549.09235	149.07628	739.6436	-169.96953	549.09265	149.07213	737.3107	-162.48955	548.70593	148.21606	737.2388	-202.11414	5.7211156	4.8631806	75.41409	-13.823658	-550.2912	12.66007	12.858228	14.150087	2494.630783557892
58	8657.014	384.8475	9219.497	8050.2007	9204.276	236.4054	9400.678	8564.963	1000.0	1000.0	290000	552.77527	148.97083	741.04895	-175.35721	552.77527	148.96788	744.2848	-181.57185	552.37	148.10272	740.7378	-178.14647	5.78046	4.893535	68.958916	-13.198491	-553.9748	13.127607	13.669509	14.3648405	2540.6229798793793
59	8984.794	226.12395	9374.226	8770.209	9354.124	115.63212	9559.05	9082.528	1000.0	1000.0	295000	557.42664	148.82727	746.6592	-169.70401	557.42676	148.82642	747.468	-179.47809	557.0286	147.95486	745.80426	-169.6159	5.789684	4.8600593	74.51961	-11.67697	-558.6324	12.077903	12.264807	13.589772	2585.9497430324554
60	8887.455	80.38392	9015.926	8785.244	9194.488	534.81537	9682.852	7666.9297	1000.0	1000.0	300000	562.4622	148.85872	750.0074	-154.35112	562.4619	148.8546	751.10425	-168.69157	562.085	147.97997	747.1044	-171.8988	5.88272	4.8734117	63.438732	-12.138182	-563.6722	11.795688	12.412208	13.193772	2631.5181679725647
61	8916.278	350.36688	9244.842	8250.672	9068.27	111.87708	9258.524	8897.66	1000.0	1000.0	305000	566.8924	150.31535	757.0125	-177.05295	566.89246	150.31293	758.31683	-151.07176	566.5155	149.42365	754.45123	-179.05579	5.8819985	4.8408437	68.21006	-12.398502	-568.0945	11.537612	11.781945	12.993291	2676.6487147808075
62	8830.011	224.85646	9125.795	8515.074	9460.423	214.02342	9758.39	9065.415	1000.0	1000.0	310000	571.4812	150.35841	765.7366	-126.85217	571.481	150.35814	764.6682	-129.01222	571.07294	149.45667	769.37384	-154.75949	5.9954257	4.853243	64.953606	-12.226326	-572.6917	12.298689	12.704369	13.57439	2721.9425780773163
63	9103.532	139.39589	9292.885	8929.724	9419.178	115.83021	9572.113	9229.467	1000.0	1000.0	315000	576.1914	150.26093	774.62537	-153.09776	576.19183	150.25697	775.9811	-139.23483	575.75055	149.36122	767.43536	-170.416	6.025992	4.867179	70.304306	-13.326331	-577.3977	13.307047	13.603224	14.500767	2768.2264223098755
64	9008.178	201.78966	9204.172	8639.811	9842.701	156.4392	10133.542	9600.377	1000.0	1000.0	320000	580.3784	150.60445	778.57733	-158.51453	580.3792	150.5995	775.667	-149.51952	579.9436	149.6978	772.30316	-172.5764	6.080148	4.836914	58.595596	-13.862461	-581.5553	12.346911	12.5384035	13.154092	2814.589100122452
65	8979.352	196.21587	9307.246	8706.017	9192.305	821.1293	9563.221	6741.95	1000.0	1000.0	325000	584.8599	150.67442	776.1853	-159.27065	584.86005	150.67062	778.86053	-167.633	584.4256	149.75195	779.9609	-172.42805	6.116745	4.836054	60.395985	-12.21529	-586.0559	12.182607	12.361762	13.492164	2860.3533363342285
66	9147.783	125.809586	9304.055	8918.108	8459.328	2449.478	9997.373	3047.447	1000.0	1000.0	330000	589.13165	150.45497	796.46967	-141.88231	589.1315	150.45392	793.1131	-107.15795	588.6776	149.546	787.7351	-138.422	6.1670794	4.8513374	64.71102	-12.643995	-590.2936	12.272268	12.639931	13.3168	2905.6956975460052
67	9157.01	155.55197	9426.696	8977.25	9585.922	173.24083	9947.837	9315.716	1000.0	1000.0	335000	592.42694	151.53207	792.9829	-202.84572	592.4274	151.52618	791.9718	-201.35591	591.96344	150.58713	791.7342	-226.73747	6.3036575	4.9036036	57.79411	-16.812115	-593.6304	13.3881	13.565241	14.690986	2952.7156505584717
68	8945.808	264.50912	9372.313	8685.721	9249.727	150.0291	9478.067	9066.898	1000.0	1000.0	340000	596.2683	151.72029	795.253	-196.72441	596.26874	151.71689	795.93024	-208.47002	595.795	150.80296	793.93115	-213.07982	6.2167716	4.8513985	71.002174	-11.644106	-597.4574	12.928612	13.28476	14.203828	2998.7604367733
69	9184.864	225.49115	9477.544	8782.389	9925.497	198.11446	10178.387	9617.1	1000.0	1000.0	345000	600.4163	150.89485	798.9639	-156.2314	600.4163	150.8896	799.4592	-139.96844	599.92786	149.94098	802.0567	-122.18578	6.26078	4.826267	57.008343	-12.192858	-601.5878	12.392463	12.920448	13.7488785	3045.2885115146637
70	9229.449	126.27329	9427.708	9109.731	9424.506	77.87823	9529.103	9286.265	1000.0	1000.0	350000	603.8367	151.40602	801.9996	-199.0748	603.8374	151.4009	802.23254	-204.16872	603.3213	150.46724	799.3709	-233.58606	6.255441	4.824482	64.25018	-14.040199	-604.9759	12.204631	12.41323	13.462675	3091.7282087802887
71	7901.0166	3330.776	9845.655	1254.6826	9738.524	89.64684	9865.406	9565.363	1000.0	1000.0	355000	606.3569	153.1331	802.5277	-160.0341	606.35693	153.12996	806.17487	-118.25075	605.88025	152.17532	798.7062	-133.82257	6.2916713	4.8531237	65.41061	-12.796654	-607.5174	12.267872	12.63503	13.862231	3137.9320108890533
72	8967.242	395.5404	9532.012	8518.576	9837.4	70.78412	9970.255	9747.644	1000.0	1000.0	360000	609.2495	154.0948	806.60614	-205.0871	609.24963	154.09323	806.70184	-236.164	608.72906	153.13527	803.87305	-217.82065	6.3610997	4.8805475	81.86362	-11.5604925	-610.3906	12.866793	13.25441	14.231176	3184.080040216446
73	9143.802	176.91473	9312.048	8921.815	9687.578	182.08081	10010.515	9342.567	1000.0	1000.0	365000	612.1941	154.17502	813.2976	-184.69658	612.19415	154.17409	806.63367	-156.06448	611.6567	153.23349	807.62115	-178.31824	6.341426	4.8566575	74.214584	-13.495674	-613.31635	13.413412	13.486409	14.614136	3229.744346857071
74	9322.99	249.0999	9682.154	8973.714	9602.873	121.294525	9758.849	9368.119	1000.0	1000.0	370000	614.75366	154.15108	810.973	-209.05637	614.7537	154.14597	812.22736	-196.8758	614.19	153.16617	809.62885	-174.8485	6.2958126	4.865558	74.32875	-11.525604	-615.8662	13.339497	13.758427	14.321875	3275.2611272335052
75	9363.6045	189.26323	9552.118	9007.715	9716.918	194.76048	10097.511	9432.286	1000.0	1000.0	375000	616.71185	153.97922	814.9662	-177.0488	616.7122	153.97588	819.11444	-204.27814	616.1335	153.00612	810.4989	-245.47676	6.3843846	4.8691716	58.75326	-13.312729	-617.82745	14.121035	14.401291	14.9562	3322.010931491852
76	9193.67	290.1807	9703.27	8870.832	8267.162	1978.2141	9113.19	2356.5452	1000.0	1000.0	380000	620.2777	153.20915	818.29504	-151.76875	620.2785	153.2064	818.2296	-243.65001	619.7035	152.23793	812.73285	-176.39339	6.4055786	4.8494925	67.64242	-13.247161	-621.365	13.1988125	13.362484	14.353266	3369.1087255477905
77	9182.622	286.56647	9550.25	8719.191	10205.653	161.51332	10429.396	9795.231	1000.0	1000.0	385000	622.7738	153.93251	817.63513	-165.36778	622.7739	153.92879	816.7705	-174.10086	622.19135	152.95627	818.7155	-167.47023	6.4380646	4.8815045	72.771736	-12.957686	-623.8532	13.686337	13.902817	14.459271	3416.2787187099457
78	9319.087	537.7112	9876.125	8371.833	9678.866	1572.0914	10393.953	4973.667	1000.0	1000.0	390000	626.22485	154.40652	822.611	-206.7798	626.2253	154.40327	826.89026	-198.04077	625.62305	153.44228	820.4132	-216.20203	6.4735837	4.87641	82.06591	-12.690184	-627.28796	13.410837	13.66152	14.567444	3463.6672949790955
79	9591.624	180.41376	9847.591	9336.709	9806.072	160.0667	10166.257	9539.862	1000.0	1000.0	395000	629.1521	153.60413	823.61053	-206.1833	629.15265	153.5999	822.4601	-215.42932	628.5274	152.62605	822.8118	-217.65945	6.4349775	4.8450465	70.89004	-12.482487	-630.193	13.420644	13.644669	14.452269	3511.086009502411
80	9465.479	121.07605	9671.9375	9318.595	10044.455	221.27031	10400.177	9691.458	1000.0	1000.0	400000	631.57965	153.65388	834.81305	-191.24486	631.5795	153.65038	834.0275	-188.77084	630.96216	152.67238	834.07965	-279.37585	6.528093	4.8536105	66.39135	-12.817949	-632.6376	13.261344	13.568029	14.208999	3557.1225810050964
81	9438.159	258.29285	9708.251	8979.967	10280.682	137.67542	10478.344	10014.069	1000.0	1000.0	405000	634.92365	154.00465	839.4233	-138.53145	634.92365	154.00261	837.43823	-153.90111	634.30664	153.00269	836.9676	-141.40799	6.5606	4.868514	81.68202	-12.177102	-635.9713	13.458091	13.574816	14.088821	3604.211542367935
82	9466.812	345.44122	9967.178	9055.192	10380.16	76.00757	10501.613	10226.51	1000.0	1000.0	410000	638.0067	154.02495	840.44696	-168.46045	638.00665	154.02487	841.0221	-116.947075	637.38165	153.0142	840.7788	-139.39476	6.565363	4.8631606	74.76454	-12.373232	-639.06854	13.616766	14.123762	14.6726465	3652.1818363666534
83	9711.139	234.2209	10068.992	9407.744	9881.19	245.826	10423.845	9574.362	1000.0	1000.0	415000	640.90454	154.33159	845.36255	-164.9055	640.9047	154.32845	844.1896	-167.54012	640.284	153.36397	841.654	-142.46704	6.577111	4.837922	65.77901	-13.639236	-641.9549	12.787727	13.091457	13.770464	3698.8964495658875
84	9570.097	233.26686	9844.078	9282.068	10269.671	110.571175	10414.685	10032.258	1000.0	1000.0	420000	643.3174	154.82117	846.9536	-157.28264	643.318	154.81508	849.7864	-142.56152	642.6686	153.8488	848.3313	-194.01926	6.6097927	4.8731327	64.458015	-11.602355	-644.3504	13.661769	13.852675	14.48598	3745.8400921821594
85	9639.22	141.17035	9813.153	9458.074	10208.053	190.87767	10476.702	9902.242	1000.0	1000.0	425000	646.113	154.44118	847.3106	-208.5882	646.11304	154.43578	854.4626	-208.90393	645.47076	153.438	848.34485	-239.24855	6.6265235	4.895191	87.55349	-12.232227	-647.1354	13.920343	14.343556	14.697078	3793.1852231025696
86	9679.749	279.63004	10110.995	9290.48	9558.178	82.72639	9694.671	9389.071	1000.0	1000.0	430000	649.50146	155.00323	850.4003	-217.43744	649.502	154.99968	849.3576	-272.30963	648.8744	154.03447	850.91455	-240.52756	6.744839	4.8708057	67.984505	-16.812885	-650.5512	14.032931	14.132997	14.897258	3839.720139026642
87	9781.016	207.67053	9996.295	9454.42	10204.893	397.73016	10539.893	9054.0205	1000.0	1000.0	435000	652.90106	154.86734	858.4937	-228.93845	652.90125	154.86504	854.9865	-216.39333	652.23706	153.86867	853.57837	-211.24919	6.7443733	4.851575	76.95045	-13.221054	-653.9336	14.514203	14.604054	15.103844	3887.6375353336334
88	9780.389	261.31918	10022.149	9317.679	10380.844	122.09481	10568.182	10219.065	1000.0	1000.0	440000	655.8673	155.64809	856.44727	-212.26399	655.86804	155.6439	855.37805	-195.3601	655.20447	154.65186	855.3618	-189.35826	6.777752	4.876652	75.57227	-14.413409	-656.8927	13.893557	14.167984	14.592325	3936.3948719501495
89	9833.773	276.92178	10096.49	9339.156	10529.33	242.53055	10959.215	10089.395	1000.0	1000.0	445000	659.0588	154.61456	856.93463	-127.52783	659.0584	154.61053	859.4956	-123.98967	658.3743	153.6168	862.5349	-118.112816	6.7603564	4.847041	77.86058	-14.307114	-660.056	13.883924	14.378906	14.767835	3984.7162461280823
90	9889.261	357.4486	10384.843	9424.252	10301.473	172.5975	10546.582	10044.797	1000.0	1000.0	450000	660.91425	155.29158	861.00995	-129.38318	660.9146	155.28873	862.3749	-116.153175	660.2208	154.28506	858.5449	-117.11008	6.7741256	4.8688116	70.9805	-14.081439	-661.913	14.634186	14.676591	14.862716	4032.580582857132
91	9910.959	357.24487	10310.9795	9247.859	10485.401	158.84332	10763.712	10309.244	1000.0	1000.0	455000	664.242	154.34265	862.48755	-162.61946	664.2426	154.33965	864.15125	-163.50066	663.53186	153.35924	862.0668	-149.76442	6.8016424	4.8592777	78.423805	-11.772681	-665.217	14.263077	14.234495	14.901791	4080.22571349144
92	9698.073	334.08356	10107.075	9307.137	9749.957	156.85863	9962.879	9476.646	1000.0	1000.0	460000	665.7833	156.00624	869.88336	-132.78995	665.78375	156.00261	865.66693	-132.70648	665.1059	154.99861	863.6198	-146.26682	6.807291	4.8702517	70.088905	-12.9109335	-666.8054	14.113108	14.605738	14.643205	4128.536288499832
93	9220.931	1183.9851	10050.976	6928.0493	10422.373	550.19244	10972.112	8854.389	1000.0	1000.0	465000	668.673	156.23412	867.262	-135.01723	668.67303	156.23218	866.3929	-130.33528	667.9667	155.24992	864.0882	-146.82388	6.855014	4.8984613	76.37192	-11.62656	-669.64734	13.829281	14.172768	14.185994	4176.857828617096
94	9738.214	378.5738	10239.148	9262.057	10418.666	123.186714	10603.522	10200.496	1000.0	1000.0	470000	670.9002	157.47737	868.0195	-246.7988	670.90027	157.47298	868.9644	-219.15372	670.1701	156.49359	874.5921	-182.53342	6.9047685	4.8807826	78.20134	-11.259224	-671.9074	15.099434	15.550547	15.791796	4225.556667566299
95	9992.292	102.01288	10149.692	9849.169	10225.495	135.42647	10456.121	10017.1	1000.0	1000.0	475000	672.0994	158.3104	869.82104	-182.49211	672.1001	158.30663	871.87976	-206.63914	671.36487	157.32365	873.136	-209.80139	6.925832	4.9080815	69.28344	-11.791224	-673.1085	15.664041	15.829298	15.850696	4273.687666416168
96	8834.74	2275.309	10217.456	4297.717	9846.276	116.30532	9960.317	9576.111	1000.0	1000.0	480000	675.6583	157.2964	872.927	-193.10892	675.6586	157.29144	874.356	-184.84383	674.92267	156.2979	870.9422	-197.70326	6.9005613	4.927575	71.32054	-13.679912	-676.652	14.961803	15.316306	15.285012	4322.14840054512
97	9884.63	286.24658	10236.967	9526.229	10550.008	192.65692	10973.842	10250.4795	1000.0	1000.0	485000	676.44324	159.5209	878.7131	-219.18555	676.44354	159.51617	877.2865	-262.1364	675.6825	158.54872	874.9314	-214.78207	6.8961525	4.938876	83.53154	-15.086283	-677.455	16.60065	17.040693	16.658737	4370.534069061279
98	10174.469	321.7911	10511.269	9753.097	10581.795	217.59207	10872.546	10179.785	1000.0	1000.0	490000	678.6345	160.00633	876.8578	-180.06512	678.6348	160.00424	876.2234	-208.04611	677.8633	159.00278	878.76465	-207.92905	6.861266	4.8870735	75.923134	-11.631845	-679.6153	16.14535	16.136854	16.27266	4418.533170700073
99	10085.893	254.7633	10516.234	9778.48	10371.54	157.01364	10592.788	10069.201	1000.0	1000.0	495000	680.9134	159.24153	880.4676	-143.40926	680.914	159.23862	884.4512	-148.63506	680.17175	158.24048	879.31494	-202.7122	6.9341955	4.922042	79.02199	-12.386954	-681.90436	14.89624	15.098808	15.222306	4467.873769044876
100	10090.249	151.64497	10245.649	9859.909	10852.196	141.67412	11023.269	10562.893	1000.0	1000.0	500000	684.08484	159.22478	880.69507	-163.89795	684.08594	159.21892	881.7902	-148.98965	683.33044	158.2262	885.14056	-168.46191	6.9211764	4.8740926	73.06248	-11.784137	-685.0398	14.482818	14.656296	14.846949	4516.242055177689
101	10236.221	236.15947	10542.193	9852.195	10779.841	195.19035	11110.117	10414.261	1000.0	1000.0	505000	687.27155	159.33514	884.4829	-160.31505	687.27155	159.33138	886.29846	-155.11696	686.52075	158.33318	884.1115	-148.12686	6.9600945	4.860085	74.71578	-13.544403	-688.24774	14.344276	14.781204	15.289733	4565.013099193573
102	9799.597	432.9808	10332.453	9260.022	10651.117	182.20723	10923.3	10309.517	1000.0	1000.0	510000	690.07025	159.72493	887.8718	-189.71658	690.07074	159.72043	886.4432	-175.74866	689.33777	158.71335	889.7868	-182.10432	6.954196	4.859836	73.2089	-14.056208	-691.0425	14.497986	14.804586	15.031039	4613.777146816254
103	10309.611	125.4409	10486.35	10158.729	10440.976	184.15497	10850.286	10216.778	1000.0	1000.0	515000	692.0866	160.34583	896.01324	-189.7966	692.0864	160.34265	898.03204	-167.64488	691.2887	159.33984	900.75275	-202.00198	7.0652876	4.898655	84.3585	-11.551895	-693.0527	15.859879	16.476362	15.7960825	4662.121651887894
104	9967.014	473.66138	10470.641	9094.957	9878.334	961.4206	10603.542	7070.8745	1000.0	1000.0	520000	694.7749	159.49374	896.31366	-256.80414	694.776	159.48947	901.1761	-225.36038	694.014	158.4717	894.32166	-205.02856	7.0706787	4.860914	75.46856	-11.727398	-695.73615	15.802262	16.20745	15.71225	4710.911711931229
105	8459.979	3218.7026	10383.126	2085.6467	10938.958	134.05522	11100.261	10704.468	1000.0	1000.0	525000	695.0296	161.52777	902.6782	-205.41678	695.0295	161.52547	899.73883	-205.82169	694.2045	160.54788	894.5771	-217.30862	7.0764766	4.8865213	76.09365	-13.826695	-695.94556	16.251024	16.717241	15.97246	4760.549903869629
106	10142.815	187.42096	10281.585	9779.259	10726.199	67.08705	10882.094	10637.311	1000.0	1000.0	530000	696.39264	161.64233	894.0163	-174.94144	696.394	161.63638	895.622	-166.69203	695.56213	160.65036	892.4442	-203.08357	7.079235	4.893945	81.97115	-14.706746	-697.3185	18.049767	18.191515	16.694225	4809.2557327747345
107	9245.602	1947.9996	10686.082	5455.804	10578.428	154.90941	10811.004	10292.697	1000.0	1000.0	535000	697.6798	162.48119	898.02783	-235.16165	697.68066	162.47768	901.3124	-255.32275	696.83905	161.50146	898.1458	-246.40065	7.132796	4.9194427	72.395035	-14.577545	-698.5961	16.152576	16.33637	16.41761	4857.549758672714
108	10350.453	273.16763	10620.247	9969.92	10619.671	155.01863	10840.36	10294.683	1000.0	1000.0	540000	699.6348	163.11891	900.33777	-251.65468	699.6347	163.11786	902.3268	-235.52342	698.8338	162.12656	898.5372	-226.09702	7.1726565	4.90317	83.72008	-15.259736	-700.5594	16.193218	16.698402	15.95219	4906.5099194049835
109	10275.857	181.92654	10504.547	9952.485	9876.4795	175.69978	10105.458	9608.453	1000.0	1000.0	545000	701.45215	162.98781	904.382	-243.57765	701.45276	162.98094	903.533	-267.54062	700.59686	161.98793	901.53894	-236.26521	7.0153823	4.8515244	72.344444	-13.249807	-702.36005	16.785713	17.152637	16.393223	4954.512200832367
110	10282.437	297.11258	10721.46	9964.03	10501.866	209.35501	10817.341	10060.866	1000.0	1000.0	550000	702.83124	162.66003	904.4672	-284.4049	702.8317	162.65454	907.0973	-265.4569	701.9946	161.65913	906.16473	-245.89262	7.042763	4.870621	78.932655	-13.574686	-703.7539	18.246798	18.566175	17.33026	5003.34530377388
111	8958.295	2367.9062	10661.226	4255.7544	10437.645	154.66264	10719.853	10231.961	1000.0	1000.0	555000	703.9106	163.59573	914.59064	-247.41359	703.91113	163.59123	909.63245	-223.80618	703.0318	162.59137	900.6926	-242.60454	7.151269	4.8925877	86.460205	-13.692745	-704.8245	17.927479	18.157013	17.088772	5052.451932668686
112	10072.814	396.5206	10586.654	9454.936	9960.112	99.20919	10080.094	9753.586	1000.0	1000.0	560000	706.16595	164.00653	904.5531	-198.94016	706.1668	163.99908	906.2914	-144.02678	705.32697	163.01736	911.1056	-184.66708	7.1423607	4.92972	74.87537	-16.554464	-707.0781	18.36298	18.461891	17.638697	5102.398870706558
113	10318.947	336.2423	10731.342	9786.779	10900.501	192.93367	11311.713	10654.364	1000.0	1000.0	565000	708.4518	164.7607	913.47815	-164.46422	708.4521	164.76009	912.1323	-155.01962	707.62866	163.78441	908.522	-179.0149	7.108307	4.8860044	74.838455	-12.678817	-709.3505	17.003487	17.136734	16.620165	5152.102497816086
114	9659.312	744.43677	10752.909	8423.44	11141.408	117.943634	11375.03	10957.327	1000.0	1000.0	570000	710.89484	163.78334	912.1325	-156.41441	710.8951	163.77893	908.58496	-139.0171	710.04645	162.7813	908.10706	-155.47618	7.1118174	4.8740435	82.21565	-13.799168	-711.795	17.083694	17.87923	16.794031	5201.3545978069305
115	10170.479	432.46332	10469.704	9319.653	10530.191	197.75139	10928.319	10183.978	1000.0	1000.0	575000	712.6864	163.37964	913.81976	-143.86824	712.6874	163.3754	912.18884	-161.17523	711.82587	162.38026	913.9426	-188.91045	7.2338057	4.897321	76.67772	-11.54575	-713.5895	19.61777	19.461876	17.9214	5251.055879116058
116	10225.139	264.0532	10650.582	9928.597	10860.628	118.6617	11039.436	10675.447	1000.0	1000.0	580000	714.2724	163.95222	912.2029	-192.73503	714.2722	163.95036	910.92236	-185.01187	713.3768	162.97221	914.7477	-250.3809	7.2062817	4.921844	73.799644	-14.064796	-715.1689	19.056765	19.427761	17.404926	5300.983556032181
117	10575.819	347.21994	10978.589	9960.215	10956.109	91.15937	11123.104	10781.754	1000.0	1000.0	585000	715.79156	163.69699	911.8576	-147.97993	715.79175	163.69356	913.80396	-155.64098	714.92206	162.69731	911.9501	-169.86084	7.246493	4.8864264	85.28859	-13.866676	-716.6948	19.659288	19.664135	18.04338	5352.414180994034
118	10300.195	145.4542	10509.971	10127.494	10788.744	153.45071	11036.908	10472.397	1000.0	1000.0	590000	717.8247	163.2125	914.80865	-195.73093	717.82513	163.21144	917.2662	-174.13728	716.91815	162.24313	911.85333	-179.69846	7.2792645	4.874442	100.69968	-11.81222	-718.6745	18.91277	18.711102	17.73275	5401.307621240616
119	10469.905	266.6528	10683.063	9952.683	11078.814	165.54425	11333.718	10820.653	1000.0	1000.0	595000	718.9898	163.48949	923.85425	-225.04375	718.9908	163.48341	921.8143	-292.7451	718.0902	162.49957	917.9227	-289.8324	7.19261	4.8697677	89.121735	-11.537055	-719.85187	19.325806	19.94566	17.72391	5451.174568414688
120	10338.941	184.71953	10618.987	10140.008	10389.1455	175.3736	10723.879	10154.903	1000.0	1000.0	600000	721.2101	164.51402	923.3562	-209.29219	721.2107	164.51091	921.36993	-187.2377	720.34467	163.52985	918.4752	-213.25911	7.276193	4.8770924	70.84773	-12.562348	-722.0944	17.882462	18.424946	17.531084	5500.635452747345
121	10387.483	271.65674	10701.158	9911.292	10613.48	161.97589	10849.585	10217.971	1000.0	1000.0	605000	723.4832	164.12946	921.6868	-150.55367	723.4829	164.12674	918.8961	-251.19872	722.56476	163.15338	920.3256	-208.30228	7.269988	4.8919296	77.40046	-12.974449	-724.33624	19.153515	19.417265	17.48361	5551.289763689041
122	8416.108	3787.4119	10457.849	845.9839	10740.811	144.46638	10949.73	10503.809	1000.0	1000.0	610000	724.1883	167.0643	921.9389	-234.30807	724.189	167.05806	922.05927	-178.9345	723.3064	166.07274	921.1832	-207.76498	7.297904	4.9221582	73.48272	-13.240794	-725.0984	19.475523	19.592289	17.94164	5601.697643041611
123	10176.029	233.58138	10497.372	9807.8955	10784.752	118.400154	10960.525	10589.112	1000.0	1000.0	615000	725.83124	166.8635	922.2185	-157.9238	725.83105	166.8622	921.01843	-291.53427	724.93304	165.88763	921.83875	-148.22658	7.242286	4.927008	80.240685	-12.680674	-726.7011	17.199654	17.860174	16.817228	5652.397948026657
124	10530.293	186.76439	10734.864	10297.946	10442.639	211.74333	10864.54	10042.869	1000.0	1000.0	620000	727.3099	166.52379	924.6939	-160.70642	727.3102	166.51837	926.1544	-199.23114	726.3936	165.52895	923.0737	-169.64236	7.250944	4.8955913	74.51335	-12.9311075	-728.16956	17.782413	18.610031	16.480389	5702.912996292114
125	10416.014	234.27757	10740.565	10043.128	11359.67	144.56648	11571.619	11135.171	1000.0	1000.0	625000	728.6861	167.2514	926.0901	-243.83054	728.68695	167.24333	927.24774	-263.73508	727.77997	166.25562	923.72375	-139.45322	7.1898746	4.890876	69.025406	-13.932051	-729.5465	17.074734	17.423277	16.70928	5753.43294095993
126	10528.984	275.67334	10842.169	10140.642	10901.775	116.605446	11144.762	10758.691	1000.0	1000.0	630000	731.33887	166.85924	927.2121	-191.16914	731.3394	166.85431	929.9047	-199.75183	730.43604	165.88794	926.25806	-202.55513	7.104674	4.832282	67.69145	-13.505708	-732.1773	17.169804	17.55265	16.602203	5803.439611673355
127	9576.077	2516.8901	10950.089	4545.3853	11127.567	131.5899	11338.391	10972.096	1000.0	1000.0	635000	732.5603	167.70663	934.4811	-204.39256	732.56085	167.70189	934.23474	-222.36754	731.6348	166.72917	933.5017	-209.83475	7.226334	4.890867	80.56766	-11.596096	-733.4225	19.073853	19.757393	17.666304	5854.447667121887
128	10790.15	158.8317	11025.518	10596.779	11327.219	165.51456	11507.536	10907.734	1000.0	1000.0	640000	734.27826	169.17827	933.16943	-244.1776	734.2778	169.17485	938.46533	-270.84637	733.3738	168.21213	933.8464	-305.75662	7.2285924	4.8864565	71.20806	-13.200554	-735.1316	18.18681	18.833853	16.710032	5905.255831241608
129	10505.302	592.8416	11064.59	9478.748	11210.926	139.52884	11489.573	11028.067	1000.0	1000.0	645000	736.97186	168.67926	937.9921	-157.94588	736.97284	168.67024	938.7667	-159.71062	736.05194	167.72488	938.4072	-238.64871	7.2244277	4.91211	72.72808	-12.349648	-737.7889	17.729288	17.995703	16.369741	5955.485642671585
130	10659.591	124.67177	10818.16	10483.428	10922.158	110.986374	11176.23	10728.726	1000.0	1000.0	650000	739.10803	169.03954	946.9512	-179.78343	739.1079	169.03732	943.5343	-145.97339	738.1813	168.05885	942.1965	-156.5856	7.2859974	4.8632812	77.87928	-14.011107	-739.9264	18.719053	18.986937	17.227057	6006.1218004226685
131	10507.644	214.07217	10705.279	10177.705	11058.932	181.57314	11512.642	10873.899	1000.0	1000.0	655000	740.95404	169.20532	944.40533	-182.64565	740.95386	169.20139	944.1264	-268.15335	740.05066	168.23782	944.6288	-180.9086	7.3150406	4.8937197	72.650055	-13.994289	-741.83563	20.002594	20.370619	17.311558	6057.467472553253
132	10727.064	144.01591	10918.211	10502.904	11065.846	115.29333	11200.294	10753.023	1000.0	1000.0	660000	743.6384	168.32037	948.2913	-242.24283	743.6391	168.31761	947.64844	-231.54926	742.7499	167.33034	947.1927	-261.14835	7.323376	4.915816	76.34423	-13.057412	-744.5046	17.471731	18.151077	16.359835	6107.7408537864685
133	10629.498	119.84142	10847.503	10511.266	11286.903	142.87622	11487.291	10952.832	1000.0	1000.0	665000	744.78625	169.35631	950.8004	-252.49835	744.7861	169.35422	951.49725	-313.07874	743.86694	168.38148	949.41516	-229.74442	7.3046584	4.929962	76.489655	-11.052292	-745.63135	18.386992	18.719233	16.692213	6158.667869567871
134	10691.075	181.38168	10894.3955	10384.8125	11103.857	154.90294	11407.803	10897.7	1000.0	1000.0	670000	747.28674	168.88104	950.2268	-204.45973	747.2868	168.87935	958.7364	-184.07361	746.3548	167.92151	948.4997	-242.83946	7.336868	4.899633	69.773125	-10.467366	-748.0989	17.786707	17.966288	16.676565	6209.467478513718
135	10934.944	182.69461	11194.61	10716.961	10673.877	231.70609	11089.407	10320.69	1000.0	1000.0	675000	748.69135	169.23466	954.5201	-215.3778	748.69073	169.22943	957.52124	-217.36276	747.76514	168.25818	950.9534	-300.37775	7.4328904	4.9456625	64.02697	-15.639473	-749.5381	20.088707	20.663425	16.95665	6259.895966291428
136	9637.76	2059.1343	11154.39	5552.4443	11437.833	172.97803	11654.221	11046.654	1000.0	1000.0	680000	750.6798	169.38704	957.2296	-194.4319	750.6797	169.38458	955.33307	-216.82654	749.7628	168.41612	955.6665	-203.01306	7.44584	4.9612813	67.94378	-12.470117	-751.5228	19.965614	20.282137	17.507713	6311.1164474487305
137	10903.894	180.59904	11130.071	10726.714	11116.811	207.3774	11586.296	10801.218	1000.0	1000.0	685000	751.1122	170.56474	953.91974	-174.84726	751.11304	170.5627	951.8851	-197.3549	750.131	169.59317	957.05273	-302.91245	7.4709854	4.994205	72.76428	-19.190813	-751.9322	22.827412	22.514301	18.934147	6362.77000617981
138	10524.079	187.96146	10816.189	10249.424	11128.154	118.898834	11287.8	10978.072	1000.0	1000.0	690000	752.3957	170.66374	955.505	-199.88048	752.3964	170.65982	955.92944	-221.10854	751.4568	169.69933	956.0779	-264.85925	7.4463425	5.046943	72.3277	-12.422553	-753.2349	20.574709	20.108	16.951225	6414.155954122543
139	10676.369	301.4495	11029.573	10127.327	10871.25	177.15297	11134.97	10589.373	1000.0	1000.0	695000	754.9663	169.8191	966.6545	-295.13193	754.9665	169.81866	960.7104	-243.19731	754.0436	168.86044	959.6559	-197.80249	7.3547406	4.967469	67.11182	-13.715188	-755.8011	18.55225	18.689648	16.786518	6465.357865810394
140	10811.106	251.24867	11139.807	10373.077	11443.901	142.44608	11661.038	11167.445	1000.0	1000.0	700000	757.3082	170.47609	963.10626	-327.5719	757.308	170.47423	961.65765	-343.00983	756.38544	169.49696	959.5965	-393.9612	7.3944907	4.889645	77.97562	-13.626068	-758.0965	17.75824	18.151493	16.742744	6516.8875460624695
141	10745.221	408.94495	11025.297	9939.374	11111.828	201.23106	11487.871	10786.877	1000.0	1000.0	705000	759.356	170.50034	965.43005	-145.72972	759.3556	170.4994	968.2736	-149.67192	758.42975	169.5292	962.80005	-174.10062	7.299627	4.8871946	65.15668	-14.172428	-760.1373	17.054052	17.369366	16.151922	6568.831206560135
142	10513.169	393.76727	10912.159	10012.256	11439.01	148.4586	11690.584	11272.84	1000.0	1000.0	710000	761.17865	169.98315	964.3161	-211.80174	761.1787	169.97781	964.0617	-256.7036	760.22797	169.00502	966.1632	-195.49033	7.355317	4.899644	67.93268	-12.3218975	-761.98517	17.734417	18.744526	16.488873	6621.719964027405
143	10908.204	244.09258	11244.935	10500.014	11263.133	106.27502	11423.875	11156.353	1000.0	1000.0	715000	762.2517	170.34026	977.6387	-193.3518	762.25195	170.33603	980.01556	-192.49672	761.2961	169.36568	974.5499	-267.80963	7.401886	4.939865	71.940636	-12.575422	-763.0354	18.635662	19.048012	17.255247	6673.709057569504
144	10716.944	225.50941	10928.663	10309.847	11139.488	135.23903	11387.46	10912.085	1000.0	1000.0	720000	764.4838	169.41	977.46625	-262.87408	764.48346	169.41019	976.13416	-234.09273	763.54596	168.40959	982.3396	-251.10626	7.42852	4.9106174	74.81199	-12.952204	-765.3118	18.244938	18.449518	16.844593	6726.2867732048035
145	10878.912	118.73549	11051.483	10705.083	11172.353	173.51971	11437.136	10835.9375	1000.0	1000.0	725000	765.5086	169.71953	975.5321	-273.34842	765.50903	169.71544	979.12103	-262.083	764.5567	168.73087	978.50397	-251.16011	7.385491	4.918892	77.47722	-12.192745	-766.315	20.171186	20.089941	17.678528	6778.339882850647
146	10760.401	341.1326	11107.769	10216.884	11025.146	124.92744	11227.533	10777.05	1000.0	1000.0	730000	767.38043	169.31525	977.6153	-231.42393	767.3803	169.31396	978.65656	-237.0754	766.445	168.34457	972.5937	-231.59547	7.4211707	4.9635477	67.61286	-12.974279	-768.1938	18.212797	18.417402	16.105831	6830.89791727066
147	10689.755	274.8004	11160.148	10388.384	11073.627	84.42193	11176.649	10950.518	1000.0	1000.0	735000	769.5334	170.18393	982.5723	-259.298	769.5329	170.18233	984.27795	-246.88287	768.5865	169.23564	979.9379	-245.5366	7.4069395	4.9131093	72.67908	-13.660081	-770.3035	18.564608	18.599447	16.409353	6884.107754945755
148	9992.157	1699.689	11322.713	6646.362	11023.029	89.01588	11137.211	10824.416	1000.0	1000.0	740000	770.6324	169.80124	984.12555	-262.5188	770.6328	169.79659	985.76605	-191.30194	769.62146	168.82925	985.3666	-265.26114	7.4153624	4.9018345	80.453384	-12.511818	-771.3797	19.531939	19.912096	16.928019	6937.163872718811
149	10671.603	312.86026	11286.027	10444.406	11143.954	121.78974	11411.235	10937.922	1000.0	1000.0	745000	771.34644	171.07141	981.79736	-159.93138	771.3469	171.06845	981.60284	-204.80919	770.37445	170.12825	982.0087	-253.29747	7.388242	4.937216	75.21365	-13.599073	-772.10144	19.661684	19.51708	16.75304	6990.466381311417
150	10757.117	288.76755	11047.836	10219.67	11223.987	129.34154	11365.097	10985.778	1000.0	1000.0	750000	772.5601	170.86902	981.621	-286.93607	772.56055	170.8652	980.4496	-249.96191	771.55786	169.8911	984.32294	-310.80148	7.426513	4.963941	70.567924	-13.081572	-773.3395	20.488907	20.69605	17.963629	7043.262271642685
151	10956.447	113.76275	11120.702	10785.535	11654.9795	115.18048	11808.846	11398.559	1000.0	1000.0	755000	774.05316	170.17151	985.60095	-195.29175	774.05316	170.16881	983.95074	-163.15338	773.0616	169.17744	979.188	-206.34674	7.4486403	4.9467964	67.747795	-13.219381	-774.8273	19.759968	20.073854	17.217375	7096.481281995773
152	11138.998	195.08498	11422.784	10887.382	11473.361	118.53777	11670.162	11244.527	1000.0	1000.0	760000	775.5563	170.49568	984.6739	-215.61545	775.55634	170.49297	985.2751	-182.57372	774.6173	169.52037	986.0514	-150.71112	7.4329014	4.920145	71.12995	-11.7337	-776.3278	18.886637	18.772022	16.667023	7149.719993114471
153	11085.814	222.53384	11384.113	10766.917	11558.971	146.46759	11705.573	11210.081	1000.0	1000.0	765000	777.5864	170.45795	986.0498	-326.8926	777.5864	170.45403	983.95984	-334.9559	776.61456	169.48955	990.24585	-252.07542	7.488622	4.9683766	62.4732	-13.377985	-778.359	20.139782	20.25355	17.059654	7201.821134328842
154	11098.011	188.39627	11282.707	10805.646	11230.472	130.28123	11428.286	11008.934	1000.0	1000.0	770000	779.22797	170.9292	986.0814	-161.3373	779.2275	170.92914	988.846	-177.41707	778.23047	169.96236	986.88873	-146.51611	7.4331365	4.934556	68.61449	-11.811936	-779.9688	18.711731	18.946068	16.117388	7254.251750469208
155	10882.619	295.64313	11298.44	10396.423	11422.287	208.41255	11908.1	11092.646	1000.0	1000.0	775000	779.6624	170.89441	987.0797	-196.92636	779.66296	170.88924	987.77234	-142.7588	778.6402	169.92015	986.27435	-168.30109	7.5306396	4.9323587	67.55319	-11.9698	-780.3924	20.784447	21.240156	17.52918	7307.530683517456
156	10958.738	222.35994	11300.286	10668.968	11472.34	118.097046	11619.38	11306.763	1000.0	1000.0	780000	781.0318	170.55597	989.605	-307.81824	781.0316	170.55481	984.2036	-299.51224	780.043	169.56415	984.8203	-314.66095	7.530534	4.918067	82.81977	-10.372268	-781.80566	20.61489	20.629137	17.631336	7359.623968362808
157	10667.295	375.136	11082.007	9966.952	11362.299	172.77417	11676.979	11086.205	1000.0	1000.0	785000	781.8786	170.28491	987.09045	-223.82625	781.87854	170.28328	988.7474	-256.4145	780.84106	169.30113	988.46387	-207.84334	7.4512963	4.9318786	78.072876	-11.564724	-782.6069	19.466402	19.634918	16.591827	7412.372425079346
158	8929.144	3990.7175	11137.757	955.0603	11233.408	158.42828	11422.235	10896.191	1000.0	1000.0	790000	782.1226	172.00703	991.0438	-312.2141	782.1228	172.0047	991.85004	-242.13809	781.0866	171.04753	988.8909	-296.72495	7.479628	4.946613	62.42458	-12.921844	-782.8422	19.48851	19.901112	17.166182	7465.229151964188
159	10895.501	334.4681	11159.133	10257.198	10961.992	99.81551	11126.178	10808.446	1000.0	1000.0	795000	782.70984	173.18057	989.7775	-358.45966	782.71	173.17705	991.4393	-285.154	781.6866	172.20522	989.016	-240.96162	7.4922867	5.0277634	75.97735	-12.781208	-783.432	20.46943	21.019156	17.405537	7517.491392374039
160	10947.305	182.67442	11067.716	10590.329	11380.537	226.6845	11666.478	10877.055	1000.0	1000.0	800000	784.39996	172.48544	990.09125	-297.99252	784.39935	172.48506	994.9668	-327.2366	783.4192	171.52646	990.4538	-251.2807	7.547625	4.9711823	76.14949	-12.272511	-785.1787	21.812325	21.586103	17.539679	7572.579880952835
161	10061.182	1035.7211	11017.194	8219.675	11258.26	910.23865	11717.676	8540.864	1000.0	1000.0	805000	786.58356	172.88173	992.4256	-200.10701	786.5839	172.88129	995.5346	-209.35017	785.58966	171.92244	992.1499	-198.22289	7.5847964	4.978353	69.90554	-13.398792	-787.3273	19.894043	20.092165	17.20901	7625.766477823257
162	10905.687	235.62312	11092.906	10449.219	11612.474	131.5682	11868.858	11415.919	1000.0	1000.0	810000	787.3495	172.36377	993.20996	-226.50095	787.3499	172.36081	992.0063	-203.35216	786.28876	171.39107	993.8921	-208.12888	7.6064324	5.0158787	72.53196	-13.398447	-788.09125	23.569357	23.334326	18.248371	7679.968189954758
163	9509.422	3149.3455	11320.606	3217.5771	11500.011	206.93279	11774.903	11129.826	1000.0	1000.0	815000	788.43335	172.34335	998.7013	-432.4311	788.43396	172.33942	996.60736	-417.9806	787.40857	171.343	998.6909	-311.76654	7.5819407	4.969328	71.601204	-11.59489	-789.1804	20.790565	21.116894	17.765293	7734.954673290253
164	10846.665	299.99374	11200.918	10314.468	11293.306	208.92567	11587.221	10973.713	1000.0	1000.0	820000	788.68884	173.20229	993.5836	-146.61612	788.68896	173.19963	995.54565	-162.50034	787.6255	172.23492	992.51483	-191.36418	7.5001554	4.98276	73.21688	-16.115726	-789.4092	21.77526	21.869429	18.03529	7789.339165687561
165	11075.354	369.63754	11559.031	10423.742	10653.197	1953.6051	11638.689	4841.8984	1000.0	1000.0	825000	789.14905	173.86314	996.1034	-225.23422	789.1499	173.86174	994.7192	-351.39523	788.10175	172.89386	993.80334	-239.75081	7.5779715	4.991432	71.187584	-11.570402	-789.85065	19.776968	19.882734	16.98298	7843.8474888801575
166	10554.375	916.89166	11223.182	8737.955	10858.69	2110.3599	11824.012	4540.794	1000.0	1000.0	830000	789.6471	174.64183	995.0574	-200.98903	789.64716	174.63809	992.92163	-205.83633	788.5964	173.69522	1001.0154	-166.32669	7.520635	4.9525604	65.99664	-12.70372	-790.3585	21.723154	21.517921	17.52172	7898.248030424118
167	10958.914	180.46512	11282.934	10737.603	11459.939	160.6154	11684.012	11177.2705	1000.0	1000.0	835000	791.62067	173.60419	996.90857	-281.12103	791.62067	173.6014	997.01886	-323.76392	790.57996	172.6303	995.2354	-221.2941	7.5714216	4.9628296	94.9422	-13.167618	-792.36536	22.72808	22.76568	18.325294	7952.420556545258
168	11101.686	280.0942	11407.235	10609.838	11648.35	224.91156	12055.042	11329.628	1000.0	1000.0	840000	792.3724	174.11569	997.2849	-379.0768	792.37317	174.11346	994.74176	-369.7265	791.30286	173.16579	998.4983	-317.5874	7.6918826	5.0378437	71.43646	-11.713545	-793.0944	22.268791	22.342644	18.32539	8006.977420568466
169	11100.295	187.29573	11355.567	10784.897	11559.095	180.3151	11875.742	11224.947	1000.0	1000.0	845000	793.71967	173.85443	1000.1354	-349.30994	793.7195	173.8591	999.8756	-325.6139	792.6323	172.8867	1003.69885	-267.18228	7.72269	5.055084	73.3233	-13.753544	-794.4349	24.841274	23.772612	18.933529	8061.995120763779
170	10899.92	373.3924	11391.522	10350.991	11398.213	163.53632	11627.726	11176.118	1000.0	1000.0	850000	794.5391	174.03749	997.5804	-334.6834	794.5395	174.03586	998.9476	-353.34708	793.46716	173.05295	997.16547	-284.17508	7.631201	5.0511785	63.67237	-11.846184	-795.2637	24.915138	25.85073	18.52046	8117.314143419266
171	10044.199	2022.9517	11513.167	6032.5454	11610.5205	162.22227	11836.0625	11293.25	1000.0	1000.0	855000	795.43195	173.63968	997.20605	-252.44994	795.43225	173.63695	997.3342	-238.84637	794.3721	172.68591	996.47736	-268.3912	7.73291	5.0401964	78.38374	-11.79126	-796.1244	20.903698	21.144716	17.489586	8172.3300676345825
172	11195.449	62.35657	11293.567	11108.78	10496.629	122.18465	10736.143	10303.404	1000.0	1000.0	860000	796.78406	174.56456	998.3689	-279.68185	796.78503	174.56067	999.686	-274.3697	795.70337	173.60518	999.64636	-229.26251	7.678027	5.022938	78.77768	-12.33435	-797.4553	21.286068	20.994444	17.79051	8226.706517457962
173	10856.901	312.46906	11230.177	10382.685	10596.353	2862.8328	11807.091	2094.6829	1000.0	1000.0	865000	798.43604	173.30832	1002.80304	-235.72931	798.4349	173.31001	1000.91	-314.76602	797.31824	172.36232	999.8867	-319.24503	7.6836977	5.019083	72.53797	-12.085047	-799.1142	22.46225	22.857359	18.21321	8281.83642077446
174	10872.65	829.84296	11476.109	9269.031	11147.955	198.17368	11401.971	10776.253	1000.0	1000.0	870000	798.56525	174.65208	1002.8095	-280.9833	798.5665	174.64455	1001.8622	-260.69675	797.4636	173.6994	1002.608	-239.25398	7.637382	4.973588	76.857376	-13.654662	-799.2619	22.073097	22.4982	18.7161	8336.688355207443
175	11147.042	271.8137	11602.308	10775.526	11387.474	139.61281	11578.201	11083.05	1000.0	1000.0	875000	799.57574	175.05379	1002.38776	-196.518	799.5755	175.04945	1002.90814	-221.611	798.4709	174.12466	1004.2007	-227.00627	7.689996	5.011048	74.21426	-14.615902	-800.2438	22.561682	22.549238	17.988985	8391.417618513107
176	11037.286	285.23804	11582.149	10773.307	11508.689	217.72127	11904.466	11120.115	1000.0	1000.0	880000	800.497	174.67496	1003.7402	-241.49162	800.49713	174.67664	1005.0774	-244.85365	799.3839	173.73492	1002.67224	-236.52296	7.6267877	5.0162144	79.49132	-11.882118	-801.1572	20.684755	20.683958	17.007973	8445.569756269455
177	11071.483	424.55548	11568.002	10511.139	10958.932	1950.5945	11750.73	5121.2827	1000.0	1000.0	885000	801.65094	173.84056	1002.59796	-174.87315	801.65076	173.84067	1004.851	-182.61053	800.5513	172.88914	1000.80646	-215.40448	7.653618	5.0477962	77.128	-12.572944	-802.3209	21.149012	21.169054	17.231207	8501.227868795395
178	11173.297	225.59624	11540.931	10883.409	11655.627	123.7646	11889.891	11500.026	1000.0	1000.0	890000	803.01685	174.70657	1004.3067	-205.54028	803.0174	174.7038	1002.43756	-160.65526	801.9365	173.76839	1000.5997	-330.95764	7.682572	4.9862747	76.7987	-13.5763035	-803.7288	22.203463	22.083096	18.479534	8556.20769071579
179	11076.876	385.18588	11605.799	10535.66	10351.45	1345.2172	11215.582	7435.479	1000.0	1000.0	895000	804.7782	174.25096	1004.4848	-158.91211	804.77856	174.2493	1005.6334	-152.43533	803.7032	173.29706	1006.6794	-144.52821	7.6581035	5.0174503	70.97066	-10.621647	-805.4797	21.876644	21.687672	17.50092	8612.654479026794
180	10974.62	316.91373	11259.064	10391.121	10861.154	128.5721	10981.431	10580.603	1000.0	1000.0	900000	806.26904	173.7633	1008.22906	-221.38905	806.26886	173.7644	1006.43005	-188.22125	805.1374	172.8459	1003.54065	-199.46887	7.7436056	5.014655	77.0883	-13.047856	-806.9291	22.723671	22.221054	18.129635	8668.776333332062
181	10946.415	268.71606	11363.94	10534.518	11786.98	100.042786	11866.239	11518.204	1000.0	1000.0	905000	807.1611	173.961	1005.83167	-147.3627	807.16144	173.9599	1006.9854	-144.4875	806.07104	173.02428	1003.6357	-206.5042	7.674772	4.9950504	73.48291	-13.687352	-807.81335	20.043259	20.021019	16.681944	8724.058231115341
182	11119.981	202.05118	11349.8955	10817.158	11461.468	179.56891	11799.814	11101.465	1000.0	1000.0	910000	808.3268	173.67657	1018.33844	-213.58842	808.3278	173.66965	1017.0352	-191.84326	807.20074	172.72975	1008.3564	-245.34534	7.6645517	4.9705706	81.38532	-12.742463	-808.9549	21.776638	21.96848	18.056892	8780.63748216629
183	10846.619	577.32306	11356.882	9825.512	11732.494	107.35842	11970.181	11641.814	1000.0	1000.0	915000	809.6896	173.19548	1013.0041	-195.10065	809.6894	173.19061	1011.85565	-192.51093	808.551	172.26208	1012.8991	-213.15662	7.6515417	5.011332	96.88515	-13.158904	-810.3034	21.298012	21.527697	17.346088	8837.648287057877
184	11320.545	141.63858	11473.0205	11075.047	11811.205	141.96631	11964.473	11529.243	1000.0	1000.0	920000	808.9968	173.5515	1009.1771	-226.14522	808.99695	173.55202	1008.90753	-208.51582	807.82446	172.63013	1004.9929	-225.00764	7.636297	5.003714	84.47381	-13.190363	-809.6002	22.159533	21.619484	17.650377	8894.405592441559
185	11175.889	175.24263	11403.277	10902.702	11683.104	236.16469	12004.201	11223.192	1000.0	1000.0	925000	809.7429	173.23065	1016.0506	-170.87898	809.74286	173.2298	1015.37006	-200.46133	808.6325	172.26192	1009.46234	-175.16422	7.718665	5.042344	76.77917	-10.916095	-810.3584	21.150948	21.041454	17.38405	8951.842971086502
186	11087.981	283.26016	11314.632	10629.852	10740.6	325.31927	11221.187	9987.636	1000.0	1000.0	930000	810.97174	173.31778	1009.634	-169.57843	810.9716	173.3159	1010.7143	-139.32643	809.83136	172.36957	1010.2351	-141.36157	7.611429	5.0064073	72.820366	-11.201505	-811.5662	20.865778	21.190775	17.202284	9008.107809782028
187	11134.339	301.64523	11404.234	10558.116	11469.491	188.75786	11783.833	11123.566	1000.0	1000.0	935000	811.3965	172.17674	1009.7085	-162.244	811.3978	172.1724	1011.3054	-177.2229	810.24225	171.23672	1013.8943	-234.00262	7.763763	4.9945703	73.144066	-14.769365	-812.01794	22.637562	22.284431	18.330605	9065.046766519547
188	11205.908	138.68576	11440.061	11032.008	11372.966	83.68734	11542.967	11240.128	1000.0	1000.0	940000	812.0803	172.89813	1014.2771	-314.2293	812.08093	172.89558	1015.52466	-244.39612	810.9502	171.9937	1012.74304	-154.49048	7.639242	4.938959	65.85412	-12.970565	-812.6746	21.691645	21.391445	17.597172	9121.318752288818
189	11108.503	236.06067	11379.727	10700.051	11709.791	161.22932	11980.567	11352.905	1000.0	1000.0	945000	814.36646	173.47314	1014.2047	-249.81728	814.3665	173.47101	1017.82465	-253.92809	813.2448	172.53372	1014.85376	-186.96342	7.721656	4.901436	68.14269	-10.87693	-814.99164	23.125706	23.05522	18.452564	9177.520301818848
190	11223.021	207.76239	11405.72	10837.145	11601.133	128.99223	11789.241	11318.706	1000.0	1000.0	950000	815.0833	173.67397	1012.1364	-157.21829	815.0844	173.67151	1016.6846	-155.96431	813.9419	172.72392	1013.9706	-153.73543	7.7032113	4.943708	68.0748	-11.398215	-815.6988	23.745096	23.191998	17.60792	9235.197690486908
191	11220.073	628.0285	11726.832	10005.025	10629.315	80.09968	10775.82	10456.87	1000.0	1000.0	955000	816.50433	172.38834	1019.56464	-157.34203	816.50494	172.3864	1020.9657	-152.419	815.3549	171.44145	1016.95715	-175.3021	7.7238517	4.980557	94.24289	-13.972514	-817.12634	23.034426	22.558565	17.596191	9292.176563739777
192	10877.508	199.85553	11106.15	10565.427	11527.295	148.67061	11748.561	11269.438	1000.0	1000.0	960000	816.6954	172.91263	1018.0651	-153.97925	816.69543	172.9118	1018.5478	-151.03716	815.5423	171.9834	1014.70374	-151.32863	7.739049	4.9288487	86.78739	-13.517224	-817.31165	20.35263	20.549128	16.889135	9348.746510982513
193	11084.527	227.32262	11387.042	10795.791	11771.172	177.0482	12063.092	11503.241	1000.0	1000.0	965000	818.3611	173.15634	1014.60175	-178.17232	818.3614	173.15334	1018.67975	-186.99779	817.2488	172.21143	1016.953	-197.34239	7.800382	4.9893374	79.832115	-12.090322	-819.0359	22.054087	21.86651	17.83169	9404.634972810745
194	11185.727	211.19002	11461.095	10824.843	11806.603	163.10825	12003.412	11551.242	1000.0	1000.0	970000	819.3791	173.123	1020.01605	-279.34875	819.3793	173.12164	1019.93176	-295.5443	818.1903	172.19263	1019.64026	-290.88104	7.7314477	4.982055	80.589905	-12.388295	-819.9864	23.341162	23.498224	18.345482	9460.878779411316
195	11079.462	285.44778	11402.465	10741.223	11625.599	240.9758	11935.669	11087.052	1000.0	1000.0	975000	819.9803	171.96742	1024.485	-222.42297	819.98016	171.96432	1019.8668	-232.94402	818.79095	170.99355	1016.3605	-226.81305	7.7477903	5.0054827	78.0075	-12.691926	-820.6054	23.9801	24.4107	19.262207	9516.983086109161
196	11422.584	90.54399	11541.784	11315.531	11804.639	141.57236	11968.107	11578.8955	1000.0	1000.0	980000	820.8651	172.19724	1020.23517	-183.88774	820.8653	172.19672	1021.4611	-205.09921	819.7023	171.26944	1021.8418	-225.41054	7.7037935	4.944609	73.1172	-16.14222	-821.4764	21.50951	21.45196	17.645596	9572.720722436905
197	11096.688	444.08273	11568.411	10459.228	10872.399	159.81738	11123.4375	10624.835	1000.0	1000.0	985000	821.98553	172.48935	1028.0736	-194.612	821.98517	172.48898	1024.1887	-230.61052	820.83795	171.56046	1022.6233	-230.07716	7.691441	4.909645	63.577522	-11.0611515	-822.5787	22.153597	22.599194	17.65043	9627.632895708084
198	11080.198	364.1092	11486.983	10535.381	11583.907	126.96935	11759.913	11434.34	1000.0	1000.0	990000	822.46136	173.07275	1023.16565	-175.64519	822.4617	173.06642	1024.3097	-214.8074	821.2524	172.12917	1021.0223	-207.7286	7.7346625	4.9659057	77.51182	-13.805283	-823.0323	22.662106	23.29261	18.596066	9684.440906763077
199	11300.137	397.08353	11669.015	10555.547	11261.011	193.9371	11617.428	10892.425	1000.0	1000.0	995000	823.0835	172.70952	1026.6122	-201.8313	823.0835	172.70863	1029.3988	-312.1556	821.8767	171.78078	1032.3997	-264.84702	7.7692447	4.941582	75.3964	-12.076649	-823.6237	24.425936	24.780113	18.73126	9740.353807210922
