Epoch	AverageEpRet	StdEpRet	MaxEpRet	MinEpRet	EpLen	AverageVVals	StdVVals	MaxVVals	MinVVals	TotalEnvInteracts	LossPi	LossV	DeltaLossPi	DeltaLossV	Entropy	KL	Time
0	-632.5099	100.31183	-521.2	-778.56714	1000.0	0.015194398	0.49630454	1.651476	-1.5922507	4000	-0.048533812	3937.4275	-0.011988107	-672.1433	5.4791875	0.0033705083	4.8876566886901855
1	-588.7317	83.09566	-472.77982	-685.4877	1000.0	-7.2606277	8.352287	13.744933	-15.67563	8000	-0.025941562	2610.6152	-0.007660359	-1298.517	5.540146	0.0044929045	9.307915210723877
2	-594.75024	51.042286	-548.6405	-679.8207	1000.0	-22.686104	2.1239104	6.6594534	-23.995089	12000	0.011672659	1305.5842	-0.00635486	-451.461	5.489561	0.00056803436	13.561744928359985
3	-572.5636	29.859552	-544.1201	-619.0283	1000.0	-30.4981	0.92458874	-11.950836	-30.749552	16000	0.026478399	732.28064	-0.003266897	-202.98419	5.567371	0.002384765	18.013153791427612
4	-575.25555	27.713926	-533.07764	-606.50244	1000.0	-33.646423	4.7391405	23.380434	-35.631256	20000	-0.015117603	609.4783	-0.0040890547	-197.71683	5.4884553	0.0016948103	22.383211851119995
5	-509.2119	113.5164	-318.70898	-603.73065	1000.0	-39.250744	0.9629572	-16.554157	-39.580105	24000	0.03314404	540.3517	-0.0033631846	-56.61609	5.4823804	0.0006819891	26.836089372634888
6	-538.2007	74.514946	-431.1695	-631.96704	1000.0	-41.106773	3.357947	22.620565	-41.818733	28000	0.00068503286	491.74115	-0.003194029	-71.19449	5.543226	0.0001863364	30.49862265586853
7	-590.8523	97.811676	-466.2344	-739.9223	1000.0	-43.337254	3.6257505	30.177721	-44.018467	32000	-0.056651097	551.7421	-0.0033290237	-55.956604	5.487315	0.00022749757	34.7301926612854
8	-561.9895	66.277534	-497.97534	-665.8282	1000.0	-45.72712	5.237972	37.44338	-46.620686	36000	-0.019197373	343.48593	-0.0027009714	-25.613647	5.471003	0.0013023872	39.28732633590698
9	-534.264	53.65752	-460.10715	-611.36743	1000.0	-42.217705	16.58152	46.744003	-47.944477	40000	0.010010716	590.2699	-0.0023416253	-337.26862	5.47926	0.00022662598	43.72870445251465
10	-635.5305	133.29483	-519.5531	-860.8786	1000.0	-47.651943	3.8970778	13.347097	-48.844826	44000	-0.008145426	558.3638	-0.0026326077	-97.902466	5.54951	0.0006795991	48.4229736328125
11	-566.1365	15.767843	-548.2501	-591.4015	1000.0	-51.47032	0.54381937	-39.25286	-51.669334	48000	-0.025492908	196.02997	-0.0017466806	-1.0922241	5.504281	-0.000247522	52.83041048049927
12	-460.83582	63.75743	-375.30698	-526.7205	1000.0	-51.70061	1.4127767	-16.846588	-51.977238	52000	-0.045992877	321.66013	-0.0026444755	-76.12633	5.4741387	0.00058333843	57.31691098213196
13	-539.41046	29.082743	-497.39673	-579.53253	1000.0	-47.349007	4.6845417	9.439571	-49.129833	56000	-0.0075324457	274.4282	-0.0014016302	-29.81491	5.4874983	0.0010156741	61.68467164039612
14	-484.72595	49.65353	-405.76566	-532.0257	1000.0	-47.642654	2.4664552	-10.151524	-48.849335	60000	-0.03145429	228.51297	-0.0017362945	-18.08847	5.4901347	-0.00019221116	66.07210874557495
15	-501.375	64.02895	-428.1005	-603.60065	1000.0	-45.8635	3.0033333	0.3512624	-48.001076	64000	-0.072605744	226.81892	-0.002271548	-9.881577	5.5269284	0.0011476167	70.56144309043884
16	-508.9231	57.951637	-452.9106	-602.6727	1000.0	-44.63912	5.5999637	27.805311	-48.06146	68000	-0.07648599	385.94562	-0.001554966	-24.495361	5.4946284	0.00049653405	75.08304953575134
17	-528.43726	34.88806	-479.85117	-567.07275	1000.0	-45.002922	4.4877334	-3.5522177	-48.38098	72000	-0.02141023	378.26245	-0.002120683	-24.119843	5.5065403	0.00032648546	79.34458041191101
18	-465.58978	28.580536	-438.27762	-513.1464	1000.0	-46.417953	3.768963	-6.691562	-49.035046	76000	0.010596535	252.64651	-0.0023340993	-27.138962	5.4985924	0.00074982824	83.68196177482605
19	-473.79932	47.65492	-413.63483	-534.39594	1000.0	-43.937008	3.742746	-3.822407	-48.26168	80000	-0.025616448	192.2794	-0.0015366971	-12.332687	5.5536633	7.9293786e-05	87.94363284111023
20	-482.58398	51.399017	-414.01254	-558.58997	1000.0	-42.765633	6.921998	17.3147	-48.39752	84000	0.014818298	190.00319	-0.0017756298	-45.462036	5.499589	0.00038072263	92.43787336349487
21	-478.62262	35.638718	-425.39206	-520.0471	1000.0	-44.95461	1.9389937	-26.666666	-48.112396	88000	-0.019631758	146.4486	-0.0018505603	-8.143036	5.48554	-0.00045667673	96.74544167518616
22	-478.26517	39.279846	-414.53842	-521.20996	1000.0	-43.59596	3.1645489	16.079739	-47.971012	92000	-0.06546938	229.19516	-0.000961788	-17.64891	5.477926	0.00030326445	100.56324863433838
23	-481.84366	30.238125	-431.2884	-511.56903	1000.0	-43.82364	3.8698618	20.187988	-48.19108	96000	-0.04349079	252.47797	-0.0013916865	-20.117676	5.5067034	0.00045206113	104.79948139190674
24	-456.48096	65.178024	-352.43973	-532.3024	1000.0	-44.895626	2.6227214	-20.954872	-48.253357	100000	-0.05171754	257.3232	-0.0017584376	-57.74179	5.5488915	0.00057937636	109.10278630256653
25	-477.65143	23.452755	-439.01813	-501.20563	1000.0	-44.02139	4.2169123	-1.3468728	-48.060856	104000	-0.03144596	124.29784	-0.0013252199	-12.142975	5.5148296	0.00081940397	113.6806070804596
26	-444.79202	21.13052	-411.43286	-468.89545	1000.0	-41.91465	5.7943707	15.653469	-47.694393	108000	0.0051525114	203.65459	-0.0017670887	-16.887238	5.4870763	0.00033722728	118.00340962409973
27	-457.37247	51.308456	-404.93878	-539.756	1000.0	-32.795326	13.994818	26.149054	-47.167374	112000	0.005812046	431.915	-0.0015244829	-259.06836	5.4948654	-0.0002974078	122.35349655151367
28	-471.53583	56.58789	-406.03244	-561.3975	1000.0	-40.497913	2.6964524	9.109796	-47.165234	116000	-0.059617113	215.66759	-0.002463732	-31.871017	5.523429	0.0011157263	126.85768795013428
29	-397.16574	40.338272	-330.22107	-434.68246	1000.0	-43.747158	4.832979	3.817203	-47.93928	120000	-0.069952674	223.74721	-0.0017964393	-58.860306	5.5103507	0.0006789776	131.2450647354126
30	-490.6018	36.358356	-428.59567	-517.3964	1000.0	-38.111164	4.172031	2.264393	-45.65434	124000	-0.07180426	243.74554	-0.0019245595	-69.47937	5.4961066	0.00048413736	136.13266825675964
31	-441.5103	30.610182	-395.29742	-481.41122	1000.0	-45.402287	2.3231423	-10.920444	-48.25225	128000	-0.075942114	157.22722	-0.0015724376	-21.90091	5.53409	0.0015681605	140.1467101573944
32	-432.84027	88.4635	-315.63568	-560.1968	1000.0	-39.352036	6.30762	18.290262	-46.791573	132000	-0.05214473	278.94495	-0.0016429685	-25.781586	5.470927	0.0010711421	144.6430537700653
33	-472.49203	70.28224	-387.29013	-573.4044	1000.0	-40.013096	3.7654831	-3.3110003	-46.380047	136000	-0.031011334	273.86395	-0.0024051536	-31.166702	5.4915333	-0.00036409934	148.73122239112854
34	-460.76874	66.887085	-411.53784	-575.2631	1000.0	-40.316025	2.978335	-2.3277056	-47.240776	140000	-0.06480002	153.79318	-0.0014380813	-11.582809	5.498172	0.0005835039	153.0984468460083
35	-416.45697	40.640236	-379.61823	-484.74045	1000.0	-41.4278	3.9856849	13.140833	-47.676685	144000	0.003224093	144.50116	-0.0020719161	-17.576797	5.4906363	0.00045343398	157.52454137802124
36	-424.1615	52.296726	-384.3413	-513.9907	1000.0	-39.012913	3.5760427	-3.6456697	-46.87466	148000	-0.040254228	204.39265	-0.0025355741	-23.612747	5.471417	-0.00016136897	161.76449704170227
37	-435.7847	74.14129	-315.1316	-515.25305	1000.0	-36.922985	3.458559	-12.442443	-46.852325	152000	-0.04916583	247.1787	-0.0014849268	-23.676697	5.4730463	0.0001877153	166.22519731521606
38	-452.4513	56.949722	-357.4621	-505.8599	1000.0	-39.73454	4.0736847	-1.4082453	-47.989353	156000	-0.028512837	184.83635	-0.0021702405	-14.698441	5.5223165	0.00059086375	170.39760041236877
39	-458.02338	49.72379	-395.7721	-533.5087	1000.0	-40.602577	3.9000366	-3.9918582	-48.010113	160000	-0.009567213	219.05458	-0.0021853652	-22.627945	5.5091834	0.0014507427	174.82290983200073
40	-376.1828	22.616638	-350.72314	-412.70126	1000.0	-39.305054	3.178135	-14.670848	-48.379753	164000	-0.016712118	160.69743	-0.0013165977	-42.016106	5.4811554	0.0006547981	179.67019367218018
41	-412.29745	51.198177	-331.07318	-463.50388	1000.0	-35.948128	5.033212	19.677284	-47.57622	168000	0.033090524	188.06842	-0.0027090516	-18.8853	5.4687386	0.0019006946	183.97924542427063
42	-404.69147	77.76121	-274.4378	-471.1549	1000.0	-37.188892	2.9508028	-6.210926	-47.672092	172000	-0.001700634	173.49234	-0.0018663778	-13.223816	5.489724	0.0009854377	188.1938898563385
43	-383.69028	45.97572	-311.39896	-435.6011	1000.0	-33.20681	10.014471	32.53224	-46.94255	176000	-0.053092144	206.14847	-0.0016034357	-90.5092	5.459075	0.0004623614	192.47028827667236
44	-404.81665	40.351948	-362.30032	-470.33423	1000.0	-35.4281	4.375704	17.2347	-47.110733	180000	-0.05534372	174.89513	-0.001633808	-24.966263	5.508065	0.00094394	196.62633180618286
45	-392.86414	62.660477	-289.5555	-458.1994	1000.0	-36.74933	4.237251	-7.152073	-47.080246	184000	-0.050701145	146.79582	-0.0020872355	-14.699753	5.4827027	0.0003429748	200.84778571128845
46	-429.41528	107.99853	-338.2257	-613.0086	1000.0	-34.78261	3.9160333	-8.849025	-47.212833	188000	-0.050442223	403.35968	-0.002335675	-68.7218	5.5535684	-1.8720626e-05	205.2395703792572
47	-342.02625	35.9378	-309.86438	-401.4447	1000.0	-36.34129	5.7383823	-4.834641	-50.184498	192000	0.0116353	150.981	-0.0018618908	-53.598373	5.4607716	0.000562332	209.59972190856934
48	-359.07147	27.020813	-320.835	-394.15015	1000.0	-32.118645	2.1155498	-5.7781887	-42.872322	196000	-0.047594965	145.39325	-0.0021731034	-21.805557	5.497233	0.00065116107	214.04787468910217
49	-313.1257	54.304905	-244.48192	-377.59802	1000.0	-30.829266	7.308087	24.73654	-47.133495	200000	-0.03749099	171.5363	-0.0013799742	-45.288002	5.4974017	0.0005781917	218.43667578697205
50	-312.91348	82.32791	-192.6311	-418.2645	1000.0	-28.980703	4.6487575	7.6869626	-41.51775	204000	0.0055408496	204.63095	-0.0015705968	-43.747803	5.4373126	0.00018561978	223.16316890716553
51	-379.3442	28.731033	-350.58038	-426.3378	1000.0	-32.22568	5.774729	27.664993	-49.072823	208000	-0.054718412	169.07372	-0.0008758195	-39.77794	5.523705	0.0007372569	227.9266984462738
52	-376.15848	69.36765	-302.00186	-469.12787	1000.0	-32.454865	6.9565644	19.301846	-49.176334	212000	-0.02768504	176.06021	-0.001015719	-49.58657	5.530939	0.00046961277	231.93154764175415
53	-346.81598	50.444824	-273.3103	-409.2647	1000.0	-33.654755	3.1269798	4.259552	-48.241306	216000	-0.06551859	137.80737	-0.001711756	-17.17978	5.4645143	0.00012685185	235.7339277267456
54	-315.2397	84.64002	-224.67209	-434.51733	1000.0	-31.526258	4.0687423	3.050447	-48.47582	220000	-0.07159469	190.57329	-0.0026113614	-51.53488	5.4728045	0.00080976094	240.18673753738403
55	-308.56082	30.813213	-270.67947	-356.496	1000.0	-28.74395	3.0814152	1.6440771	-44.274754	224000	-0.047115203	110.47208	-0.0028187782	-12.295502	5.525568	0.0008867213	244.67706942558289
56	-397.8413	83.65632	-296.67236	-495.9829	1000.0	-29.286726	6.8732157	39.44209	-46.32107	228000	-0.04956021	344.08466	-0.0021387711	-139.53482	5.4865947	0.00080400554	249.02547883987427
57	-377.4981	46.382507	-315.5852	-440.22607	1000.0	-35.275703	4.6032166	-14.481693	-50.955822	232000	-0.06883063	195.48518	-0.0014891326	-35.941467	5.4797306	0.0012196371	253.3117799758911
58	-338.1333	12.450575	-321.94656	-354.99142	1000.0	-30.451183	4.6624804	-4.326868	-50.60077	236000	-0.0022164478	141.7506	-0.0013160515	-11.823425	5.506619	6.279403e-05	257.2661600112915
59	-293.2911	31.373995	-245.40205	-331.92538	1000.0	-30.194616	2.7493165	-22.76933	-49.785748	240000	-0.075419895	153.79378	-0.001833424	-28.581078	5.4751105	0.0005541762	261.5536313056946
60	-319.5877	52.813873	-228.83374	-359.3222	1000.0	-26.226105	8.140177	34.61971	-49.850555	244000	0.027995635	206.68175	-0.0022761635	-78.4521	5.47145	0.0005210842	266.1982705593109
61	-292.9345	35.590267	-255.30937	-345.86194	1000.0	-29.325964	2.3707113	-16.38157	-49.55713	248000	-0.0724961	138.32257	-0.0025393814	-22.829071	5.4782414	0.001184962	270.5332670211792
62	-307.89594	30.893423	-266.18268	-353.37292	1000.0	-27.279673	4.327257	20.38608	-48.761265	252000	-0.033001352	123.41348	-0.0017629452	-22.602531	5.4871984	0.0012934005	275.2213878631592
63	-264.5944	63.21386	-165.3774	-336.07373	1000.0	-26.942816	5.627084	19.519136	-44.203854	256000	-0.016819322	117.08911	-0.0013068933	-23.05732	5.449094	0.0010075347	279.22775959968567
64	-277.02148	19.724697	-257.60373	-301.92636	1000.0	-25.344719	3.6346183	-1.0784266	-45.994812	260000	0.0211937	125.88972	-0.0025863368	-14.638573	5.5039597	0.00058555056	283.4030420780182
65	-274.8512	33.66149	-234.60847	-315.06827	1000.0	-25.407175	2.9810047	-4.715763	-40.732174	264000	-0.056335602	80.9648	-0.0027395599	-6.5099716	5.414647	-1.3678431e-05	287.7267804145813
66	-273.6614	99.09127	-155.33409	-430.00156	1000.0	-23.071684	5.6104136	11.163163	-41.04032	268000	-0.039103705	223.2102	-0.0021717474	-56.17627	5.492405	-0.00041778715	292.17359232902527
67	-265.62708	25.978117	-242.02808	-307.3347	1000.0	-25.124138	4.062224	3.8088143	-43.03467	272000	-0.08380571	76.766785	-0.0019496828	-15.076004	5.501195	0.000745982	296.1946220397949
68	-235.15465	12.520025	-215.2193	-247.94588	1000.0	-24.45803	4.001298	14.393354	-37.529804	276000	-0.08824359	113.73786	-0.0018072352	-20.43605	5.462628	-0.0003428343	300.47188806533813
69	-288.97827	40.0602	-253.34985	-356.78476	1000.0	-21.83622	4.652791	11.3666315	-44.66929	280000	-0.01319393	177.32726	-0.0013371566	-67.98865	5.495845	0.000616219	304.7551643848419
70	-283.3492	30.946283	-244.16527	-325.228	1000.0	-24.81855	3.2364883	-7.1824164	-46.2973	284000	-0.046275984	106.48552	-0.002541624	-8.177483	5.4680634	0.00026092387	309.640105009079
71	-253.76772	52.48263	-189.89886	-335.94482	1000.0	-25.67432	5.0961175	22.09747	-48.359695	288000	-0.057755243	138.55638	-0.0021299012	-52.607567	5.4568934	0.00065193465	313.7408583164215
72	-285.58807	51.110573	-244.58302	-373.17987	1000.0	-20.490341	3.175493	-1.4965296	-41.003864	292000	-0.016607674	145.39427	-0.0031032898	-41.277893	5.463474	0.00085190067	318.05395317077637
73	-276.74536	34.954327	-247.36194	-336.12683	1000.0	-25.627268	4.089686	19.501253	-48.1296	296000	-0.038721766	185.01544	-0.0007088445	-38.45819	5.4755673	0.0008795053	322.4241054058075
74	-253.80643	36.927162	-219.41675	-316.1028	1000.0	-23.364805	4.0711074	-8.9131775	-48.105885	300000	-0.047794864	60.862377	-0.001962535	-11.290852	5.3887167	0.0011020887	326.63360238075256
75	-246.10675	72.86105	-181.80199	-365.4286	1000.0	-23.127148	2.9960055	-8.29602	-49.53991	304000	-0.08614277	106.19698	-0.0013851449	-15.286652	5.4711337	0.00058504945	330.7330768108368
76	-272.15027	21.80397	-250.24771	-298.58075	1000.0	-21.4443	3.963434	-3.021737	-50.06081	308000	-0.11882346	84.61158	-0.0017927885	-13.8134	5.480111	0.000551279	335.0325984954834
77	-265.4672	55.00323	-193.30592	-347.54013	1000.0	-24.962898	4.0422335	11.091238	-47.76983	312000	-0.08295229	81.88581	-0.0021799877	-12.460312	5.452588	0.0012724807	339.3291163444519
78	-251.79172	28.091244	-228.66156	-298.80627	1000.0	-22.709454	2.959777	-4.7354035	-46.458122	316000	-0.06680908	89.236755	-0.0019161552	-5.9153214	5.499563	0.0006378399	343.78893637657166
79	-261.46225	54.61137	-194.80998	-340.61578	1000.0	-23.094286	3.358545	-7.349892	-48.34138	320000	-0.096873365	85.19148	-0.0017829239	-11.9353485	5.4549227	0.0005896062	348.1894087791443
80	-229.60147	25.407652	-202.27919	-268.44028	1000.0	-22.268366	4.827563	-1.245841	-50.4773	324000	-0.08911485	110.77504	-0.0012761652	-22.333946	5.456844	0.0007278648	353.0929365158081
81	-246.12784	25.018377	-216.60727	-274.42282	1000.0	-21.919367	3.241831	-3.6720412	-46.380184	328000	-0.036062256	154.94777	-0.0022732243	-23.220078	5.469388	-0.00039213567	357.3885660171509
82	-187.54538	13.925523	-174.50563	-209.43465	1000.0	-21.48298	3.6938796	24.46668	-48.74969	332000	-0.046007276	109.85536	-0.0022287928	-37.159195	5.4198194	1.8177509e-05	361.6452536582947
83	-223.32576	34.588512	-185.56749	-265.04333	1000.0	-18.225777	3.8086245	11.758964	-43.170837	336000	-0.07382224	113.97036	-0.0020257533	-17.04139	5.4856358	0.0005239495	365.6411395072937
84	-208.44464	45.974346	-146.01453	-259.8646	1000.0	-18.477053	4.499612	16.061905	-38.957256	340000	-0.04121003	90.04989	-0.0014122464	-30.981342	5.4520135	0.00051183783	369.939909696579
85	-218.2167	81.14547	-153.77615	-353.29022	1000.0	-18.22719	3.4311087	8.487589	-42.777588	344000	-0.030643038	165.51768	-0.0021611229	-40.511116	5.442165	0.00034367258	374.41229581832886
86	-194.35529	56.925835	-141.30316	-286.7298	1000.0	-18.814203	4.038035	2.9612856	-50.515923	348000	-0.11933917	119.49313	-0.0014115646	-28.110725	5.4626455	0.00073562015	378.79564452171326
87	-198.58672	35.286846	-145.28502	-232.77301	1000.0	-17.87762	5.142161	10.868606	-47.798706	352000	-0.026566315	82.10011	-0.0020034853	-19.07159	5.458403	0.00078236306	383.2037081718445
88	-221.9021	31.465979	-189.03995	-271.95706	1000.0	-17.75885	4.4452906	6.9475384	-47.076576	356000	-0.08516467	91.19951	-0.0019691214	-19.993423	5.43282	-2.4574458e-05	387.64809346199036
89	-181.6764	66.378006	-93.55298	-280.45245	1000.0	-19.507215	6.8474483	13.385113	-47.32064	360000	-0.0627479	163.83362	-0.0019207373	-47.578995	5.3891177	2.5353014e-05	391.9675018787384
90	-240.28793	52.76321	-182.22449	-318.10217	1000.0	-14.917633	4.43035	9.815217	-49.570152	364000	-0.05174007	181.84067	-0.0015231892	-71.62171	5.390736	0.0010803597	396.95930457115173
91	-171.66742	29.80952	-124.22913	-205.09158	1000.0	-19.393047	4.103422	-7.2662487	-45.840034	368000	-0.03753025	101.67585	-0.0013588555	-30.60704	5.4182734	-0.0001860404	400.96784234046936
92	-193.94485	28.886332	-160.03706	-239.40703	1000.0	-16.095137	2.9301608	11.057339	-46.497505	372000	-0.08424649	69.65206	-0.0020743385	-11.018154	5.403017	0.0006566715	405.3360095024109
93	-164.50966	55.33479	-85.994804	-221.85039	1000.0	-17.234648	3.128043	8.687871	-45.449936	376000	-0.03483948	159.34303	-0.001050435	-28.554031	5.427368	0.0001147241	409.6804823875427
94	-229.306	83.17771	-148.79031	-365.5211	1000.0	-16.022717	5.6853995	6.1077566	-47.159775	380000	-0.014869211	169.93019	-0.0020091273	-73.86013	5.435109	0.00061532645	414.0003786087036
95	-172.07411	38.735844	-142.41444	-238.44199	1000.0	-16.278614	5.364017	-1.8681465	-54.228905	384000	-0.08649812	84.897156	-0.002464801	-24.774559	5.438626	0.0008427473	418.37658405303955
96	-166.75182	54.744213	-106.34778	-235.39667	1000.0	-15.445067	2.5898228	14.861773	-45.566307	388000	-0.069399334	62.40238	-0.0026436523	-11.657631	5.4395967	0.0005663907	422.7786109447479
97	-157.42082	33.1235	-126.31922	-212.2046	1000.0	-15.702283	4.160762	-2.9908276	-51.911785	392000	-0.106580324	63.10468	-0.002566971	-11.970062	5.395692	0.00057883264	426.99087738990784
98	-153.18018	56.595066	-97.19245	-221.6233	1000.0	-14.2549925	5.861848	14.957709	-52.55977	396000	-0.070287734	120.251175	-0.0015075803	-44.071472	5.436383	-0.0001544643	431.44079852104187
99	-145.1695	14.211714	-126.780014	-163.05295	1000.0	-13.478016	3.34906	16.760405	-43.645924	400000	-0.039241273	53.586697	-0.0031160861	-9.203068	5.3848596	0.00058254326	435.81520080566406
100	-162.24799	41.830006	-102.59595	-213.19006	1000.0	-13.165162	3.1969042	8.089704	-45.096443	404000	-0.12423759	85.71464	-0.0012399927	-13.351715	5.3563085	1.7094612e-07	440.82138752937317
101	-131.86348	32.808773	-104.19282	-185.52892	1000.0	-14.014891	3.1460042	0.84595263	-42.822376	408000	-0.03741846	50.327793	-0.0012902506	-11.84782	5.386849	0.00045148976	445.2135624885559
102	-133.41801	38.794025	-73.42793	-180.76749	1000.0	-11.940868	3.324885	7.0069566	-35.968754	412000	-0.045287445	72.71904	-0.0015572533	-14.647301	5.4465156	0.0008578996	449.85641145706177
103	-122.6062	10.663611	-104.40253	-131.5829	1000.0	-11.4623375	2.4411018	8.608822	-32.511044	416000	-0.10515919	48.56983	-0.0015366077	-5.563942	5.400366	0.00031996678	454.2314314842224
104	-210.59404	44.530857	-138.5442	-257.33783	1000.0	-11.639844	3.2662482	6.1277246	-46.266113	420000	-0.084999256	127.975395	-0.0011363626	-55.23011	5.411673	0.0003469113	458.68625950813293
105	-121.99899	58.098217	-35.497948	-191.64317	1000.0	-17.168339	3.4062448	10.774576	-44.46436	424000	-0.05525645	151.73357	-0.0019068234	-63.36389	5.4778905	0.00041009003	462.99294996261597
106	-127.572	25.324049	-93.211296	-164.23648	1000.0	-10.185453	4.1466317	22.225597	-50.56688	428000	-0.095294036	81.47373	-0.0015439019	-16.076385	5.398478	0.0014956967	467.4888916015625
107	-106.92851	27.463003	-71.078835	-147.72063	1000.0	-11.703586	4.081965	21.168697	-46.11388	432000	-0.08194426	74.20883	-0.0017787069	-23.545238	5.3785872	0.00041151387	471.35916090011597
108	-107.698364	58.363655	-47.068356	-194.72432	1000.0	-9.11461	3.2589436	12.015425	-41.780502	436000	-0.049771186	71.998344	-0.002678156	-19.309055	5.4039135	-0.00026406496	475.6901681423187
109	-169.43973	49.71541	-119.97346	-243.20084	1000.0	-8.226428	4.635883	18.298475	-48.720535	440000	-0.001958064	130.58965	-0.0015150472	-65.179596	5.4007745	0.00075375644	480.15777921676636
110	-152.8098	79.27273	-39.417004	-248.79965	1000.0	-13.181732	8.530052	33.70559	-52.572132	444000	-0.072964005	146.04102	-0.0014966875	-64.0746	5.400592	0.0003559379	484.7785813808441
111	-123.00345	14.200427	-107.23395	-144.37025	1000.0	-10.127924	5.552233	-0.03661987	-47.961052	448000	-0.06545068	66.95241	-0.0013651401	-23.492943	5.440785	8.5338055e-05	489.2878727912903
112	-127.84302	51.843903	-65.38383	-191.88072	1000.0	-10.328095	3.3149278	7.674743	-43.51031	452000	-0.034858413	111.66666	-0.0016933829	-30.800957	5.411625	-0.0002634958	493.6489329338074
113	-106.85759	26.518147	-70.03494	-136.38132	1000.0	-10.363254	4.4245563	11.458973	-40.519215	456000	-0.044778567	89.74078	-0.0026372261	-19.126923	5.4096966	0.0005526553	498.1232991218567
114	-84.10478	48.367138	-10.534499	-141.80315	1000.0	-10.021514	3.7501686	8.679066	-42.738586	460000	-0.067316316	81.12585	-0.0016590804	-21.905048	5.3577623	0.00041464574	502.5082805156708
115	-138.78203	27.762064	-103.81292	-170.10483	1000.0	-7.6929092	5.0081797	19.514965	-39.50446	464000	-0.072401896	100.93389	-0.0022931695	-49.05535	5.3965673	0.00063445803	507.1154978275299
116	-75.182724	24.485334	-46.421127	-110.51849	1000.0	-9.572008	3.8089776	2.1456032	-41.686234	468000	-0.08806328	76.682816	-0.0024441853	-24.785564	5.4032297	0.00081722595	511.5038342475891
117	-87.34908	20.345127	-66.507774	-116.24859	1000.0	-7.991671	3.3923588	11.18099	-34.552505	472000	-0.08298627	62.045452	-0.0026665851	-13.706047	5.415859	0.0003239314	516.0671889781952
118	-87.424286	16.82836	-59.115032	-100.372795	1000.0	-6.302238	2.4037375	10.924909	-29.833637	476000	-0.0850452	50.980648	-0.0013854429	-7.6150665	5.4293146	0.00063771335	520.0491437911987
119	-121.57632	66.12847	-58.499928	-232.62639	1000.0	-8.084913	3.1308784	11.7539835	-33.017735	480000	-0.055689033	183.83157	-0.002014216	-76.57974	5.428887	0.00082482654	524.51500248909
120	-106.083244	24.522104	-77.54471	-142.46475	1000.0	-9.101441	6.0921154	0.5764595	-49.24071	484000	-0.111254044	53.83626	-0.0020927265	-17.129192	5.4023075	0.0011722639	529.5210890769958
121	-75.200645	45.13893	-27.367903	-144.10126	1000.0	-9.463503	3.8364286	6.7418633	-44.745407	488000	-0.045071304	62.92894	-0.0019357428	-24.496017	5.3882675	0.00049913087	533.8352212905884
122	-83.101166	13.881403	-66.87849	-98.4964	1000.0	-5.867499	3.5829787	15.376301	-40.835682	492000	-0.053002898	64.46588	-0.0018760823	-13.630531	5.430322	-0.00039489675	538.3425726890564
123	-135.96086	35.757404	-108.12181	-197.35114	1000.0	-8.203949	3.7803745	10.022245	-40.229176	496000	-0.041628327	145.37524	-0.0012499094	-59.881355	5.410804	0.0010401907	542.6395726203918
124	-94.85974	27.072289	-57.904312	-124.05378	1000.0	-8.6588125	4.949287	-0.7585306	-48.0253	500000	-0.065869585	76.630516	-0.0010770261	-19.000088	5.457308	-6.7016124e-05	547.020117521286
125	-57.789993	13.480848	-42.67998	-78.17001	1000.0	-7.91554	3.1599464	6.484088	-38.51652	504000	-0.034490936	75.93191	-0.0017651133	-16.688007	5.388422	0.0003122453	551.3253102302551
126	-37.061413	55.39544	18.965197	-127.90474	1000.0	-5.03342	2.7386382	12.274993	-29.249218	508000	-0.104748175	58.98849	-0.0020427406	-11.113045	5.3557887	0.0003034656	555.7539005279541
127	-71.28423	32.200706	-43.1713	-122.95885	1000.0	-3.4422123	3.5385332	13.258065	-41.16119	512000	-0.06481967	78.133865	-0.0019174218	-31.568336	5.4012313	0.00059109094	560.2940096855164
128	-79.26553	25.091627	-36.00511	-97.15287	1000.0	-6.1526847	5.5703363	5.2924757	-48.753498	516000	-0.09694267	73.69142	-0.0022367984	-16.722286	5.3978176	0.0007002251	564.3320565223694
129	-86.23915	65.91188	14.906945	-163.74092	1000.0	-7.030723	4.8843946	4.910053	-41.851807	520000	-0.046906546	114.93619	-0.0014427267	-21.463142	5.3957887	0.00019062823	568.8149552345276
130	-149.96378	93.69548	-21.341927	-248.0252	1000.0	-7.7801557	7.192385	7.237039	-49.848568	524000	-0.07637872	264.22293	-0.0019290149	-124.125565	5.361179	8.3779094e-05	573.8402552604675
131	-123.193855	66.00626	-38.579773	-199.16727	1000.0	-11.972922	14.0457945	11.579594	-61.35481	528000	-0.06590447	168.06102	-0.0015396923	-90.64915	5.340167	0.00023966664	578.3327674865723
132	-72.07774	56.813866	11.073881	-146.5043	1000.0	-7.5695815	8.002908	8.105066	-56.418365	532000	-0.062444337	97.247314	-0.0010330155	-32.831703	5.370375	0.00044165057	582.7780730724335
133	-105.98397	63.464558	-45.428253	-212.51573	1000.0	-4.8985724	7.8642025	13.310577	-55.50485	536000	-0.06352597	100.83559	-0.0016965196	-36.818604	5.4340496	0.00088527903	587.1989922523499
134	-66.3064	51.6706	-5.589032	-136.11174	1000.0	-5.918855	6.908204	8.553374	-58.44481	540000	-0.091619626	105.20517	-0.0013071522	-29.734154	5.3041778	0.00040930964	591.6538991928101
135	-55.404423	55.958744	30.985542	-109.49534	1000.0	-5.907242	4.502882	6.296011	-54.118317	544000	-0.10094009	85.24544	-0.0021654367	-18.459389	5.3233633	0.0002252599	596.0241084098816
136	-82.27525	38.514664	-44.26742	-136.64722	1000.0	-4.252832	2.9548306	19.479048	-29.997377	548000	-0.07412157	80.572174	-0.0016691089	-16.963394	5.3621902	0.00047475542	600.4946811199188
137	-37.81458	19.77863	-14.044134	-68.75953	1000.0	-6.6074905	2.9240975	15.54789	-42.488453	552000	-0.096456274	85.501656	-0.0012831315	-27.521519	5.383618	0.0001913315	604.7002999782562
138	-31.922028	16.359142	-21.32423	-60.178593	1000.0	-3.4040816	5.0103507	13.753456	-37.966946	556000	-0.10989397	99.90435	-0.001332894	-21.514168	5.3623652	0.00054262375	609.0451507568359
139	-78.74974	52.484898	-17.197624	-160.57358	1000.0	-2.5497372	5.028682	10.314072	-46.351982	560000	-0.06548282	93.83829	-0.0018202811	-35.782433	5.363384	-1.5053153e-06	613.4379551410675
140	-37.25957	10.084114	-23.076435	-51.328537	1000.0	-6.011223	6.40264	13.306471	-53.611534	564000	-0.10484487	98.442085	-0.0010751039	-35.2846	5.388643	-0.00035580713	618.3671622276306
141	-165.30457	158.45776	-42.843758	-436.15137	1000.0	-5.9168215	9.378497	8.275276	-52.663982	568000	-0.0024230748	427.10773	-0.0014740981	-260.2874	5.3406205	-4.362458e-05	622.7622709274292
142	-71.177666	26.716837	-33.637436	-107.594215	1000.0	-9.881963	12.825433	7.178421	-67.83983	572000	-0.060509723	172.40923	-0.00097057223	-111.86845	5.306358	0.00040848	627.0588586330414
143	-58.18577	35.409275	-28.948738	-118.52089	1000.0	-6.317616	6.4582667	12.958415	-54.773857	576000	-0.04320267	96.40692	-0.0015194751	-30.261261	5.345721	0.0002854053	631.3840320110321
144	-53.58921	24.626272	-24.120853	-81.67402	1000.0	-3.0584123	4.500409	6.233653	-39.180973	580000	-0.08377934	58.23381	-0.00093217194	-12.011677	5.3366036	-0.0001727637	635.5256910324097
145	-72.352325	31.711298	-32.534313	-107.64859	1000.0	-4.060438	3.8341858	5.1299043	-46.635166	584000	-0.020392872	50.56474	-0.0017195717	-10.642433	5.31983	0.00023551314	639.8467028141022
146	-51.99633	34.983803	-29.154049	-112.31738	1000.0	-5.961535	4.5474486	12.288859	-54.77756	588000	-0.022189448	75.07447	-0.0015302785	-22.310104	5.3162117	0.00014619876	644.2707614898682
147	-13.582224	61.437756	81.286285	-89.978615	1000.0	-3.0208755	4.8855476	8.424501	-50.622406	592000	-0.04130482	103.52773	-0.0008777566	-26.43119	5.377541	-2.5758087e-05	648.557422876358
148	-37.916737	60.256916	63.073452	-87.912636	1000.0	-0.8817028	3.6361341	21.476358	-31.700317	596000	-0.031028047	121.00119	-0.0014435649	-38.25331	5.3751426	0.0007672354	652.7406251430511
149	-47.427532	24.676058	-20.095455	-73.06825	1000.0	-4.130451	6.352817	8.265343	-47.751766	600000	-0.07006374	89.934525	-0.0010849088	-21.103996	5.3748584	0.0004773488	657.0190622806549
150	-81.79443	50.60776	-42.587013	-168.51718	1000.0	-2.389826	4.699481	6.8169994	-38.446842	604000	-0.10219703	159.67332	-0.001104258	-79.63631	5.3357453	0.00010076869	661.7087595462799
151	-57.338707	48.53498	-17.137854	-138.6585	1000.0	-5.0247393	6.2949867	4.279009	-56.3245	608000	-0.13084479	59.657608	-0.0014240146	-17.08807	5.3780656	-2.5919795e-05	665.7909905910492
152	-18.272367	31.654675	8.163886	-71.924515	1000.0	-4.3344727	3.439769	5.9814243	-43.100777	612000	-0.07134224	82.61785	-0.0016587228	-18.966633	5.311378	0.00010740757	670.2190635204315
153	-16.121178	38.398834	37.444584	-54.336098	1000.0	-1.9326714	4.0039687	17.64263	-53.061897	616000	-0.093257286	81.73213	-0.0018757135	-20.613415	5.3883667	-0.00014839065	674.4997079372406
154	-68.689766	14.709627	-47.609962	-88.684654	1000.0	-2.2360888	3.6704242	13.147399	-39.851337	620000	-0.033216584	109.08782	-0.0014853589	-31.887901	5.3630877	-0.00020268619	678.6654794216156
155	-36.874317	52.192932	33.066727	-109.10092	1000.0	-3.3339152	4.3298335	6.1248345	-46.21894	624000	-0.03871041	65.57848	-0.0019828714	-15.269711	5.307178	0.00045127113	683.1737277507782
156	-53.512596	45.195274	9.229757	-113.33724	1000.0	-1.8892888	5.090483	8.9537525	-43.40664	628000	-0.123647705	74.35311	-0.0015631169	-20.20826	5.3284717	0.0007374755	687.6173212528229
157	-61.367645	49.719994	14.044837	-109.61908	1000.0	-6.036746	7.716359	9.23494	-52.771015	632000	-0.11647413	155.1064	-0.001235649	-49.171074	5.3350444	0.00047886246	692.0212557315826
158	-59.157715	75.07799	26.919699	-143.67622	1000.0	-3.6620016	8.168268	28.750843	-61.371216	636000	-0.07301568	127.20655	-0.0014537051	-42.594307	5.3637047	0.0004229052	696.484201669693
159	-71.74774	33.02774	-36.644566	-117.78685	1000.0	-2.2427342	7.826851	12.440125	-48.80825	640000	-0.04770986	123.06551	-0.0022026338	-41.451492	5.3847246	0.00022926497	700.6993825435638
160	-44.890354	81.05729	40.220287	-162.41728	1000.0	-6.1345105	7.632253	10.852402	-55.860027	644000	-0.12289128	196.33475	-0.0018886477	-81.6501	5.3307524	-0.00044705786	705.5985169410706
161	-8.802569	43.177944	61.425182	-51.150623	1000.0	-0.5982822	6.782069	16.740698	-64.055466	648000	-0.13311882	63.23282	-0.0010972023	-17.945267	5.366748	0.00058614847	709.9549779891968
162	-17.492584	37.808044	27.644537	-76.79588	1000.0	0.5417427	5.20788	22.364477	-46.84044	652000	0.009394392	122.96465	-0.0018653246	-36.8845	5.3782344	0.00032375235	714.2821128368378
163	-79.019615	79.69765	5.450155	-195.66168	1000.0	-2.785832	7.020827	18.447233	-47.50102	656000	-0.037936658	124.31247	-0.001294218	-49.767784	5.352826	-1.2756407e-05	718.6857080459595
164	3.05689	50.98134	87.91816	-48.241615	1000.0	-5.0765314	7.6036134	9.92748	-62.082104	660000	-0.04869595	117.71395	-0.0012889281	-64.64998	5.302891	-8.982801e-05	722.5004353523254
165	-4.290647	45.648262	43.784405	-78.66242	1000.0	2.0912971	4.689805	14.083908	-38.917324	664000	-0.051201686	77.08394	-0.0010333247	-21.362118	5.3448663	0.0008740748	726.6071557998657
166	-15.501717	6.8356085	-8.287405	-23.573233	1000.0	-0.37804687	3.1977954	23.229872	-30.42193	668000	-0.07770129	53.861397	-0.0026058853	-8.204506	5.352378	0.000978065	730.3891406059265
167	-18.670216	42.059116	27.139362	-86.28838	1000.0	-0.5712951	2.8432121	18.6989	-34.510735	672000	-0.044720072	74.1875	-0.0014109313	-8.889328	5.3970065	0.00047554504	734.5626735687256
168	-53.126602	60.72619	29.87136	-130.6634	1000.0	-1.4212911	3.5030956	17.612755	-30.618498	676000	-0.061217375	84.39197	-0.0020002723	-27.23093	5.380383	0.00059520116	738.9434843063354
169	-68.44602	24.398401	-37.943405	-105.86394	1000.0	-5.1310186	4.6151357	21.653154	-43.693394	680000	-0.09084608	118.81333	-0.0014003739	-50.375687	5.360589	0.0004635737	743.3145704269409
170	-33.68463	62.06446	48.621243	-124.12095	1000.0	-1.1865275	6.385196	31.902834	-49.79875	684000	-0.06854471	117.32231	-0.001177296	-56.20031	5.29996	0.00011164755	747.8969478607178
171	-60.80275	21.799623	-29.709045	-88.94421	1000.0	-0.70547926	5.0141015	9.622963	-39.00573	688000	-0.08449245	74.909	-0.00141377	-18.823753	5.3636737	0.00038202305	752.1088976860046
172	-32.539646	49.037876	17.771385	-101.43271	1000.0	-2.704013	4.994401	15.568909	-45.133892	692000	-0.09501125	76.30624	-0.0020870194	-17.233131	5.3472576	0.0004334567	756.0423600673676
173	-103.223366	167.24467	9.825433	-391.99792	1000.0	-3.2920756	7.609496	8.339449	-44.484142	696000	-0.075239934	652.50024	-0.0027002022	-367.81876	5.323598	0.0003740344	760.3248755931854
174	-39.253895	47.063812	42.254017	-67.55224	1000.0	-2.5004525	13.105585	15.020605	-79.86297	700000	-0.10461235	150.89194	-0.0014649034	-79.11485	5.3225207	0.00042649335	764.4207592010498
175	-7.28979	59.06132	70.69895	-75.30371	1000.0	-2.8108945	7.8202963	47.751247	-67.996025	704000	-0.03464121	117.33568	-0.0008392297	-54.50405	5.3186297	0.0005360592	768.3005051612854
176	6.301002	26.614727	46.40675	-19.992476	1000.0	1.4083997	5.3237143	43.56738	-53.556454	708000	-0.06049518	84.402054	-0.0013039075	-29.89238	5.341241	9.116024e-05	772.5006320476532
177	-16.435776	22.951773	14.045636	-40.257866	1000.0	0.6632544	4.201161	20.498549	-55.125046	712000	-0.09971115	79.82795	-0.0013582632	-28.392143	5.3329287	-7.281059e-05	776.7930822372437
178	-49.14146	84.09463	38.926228	-186.60963	1000.0	0.3624535	5.874881	17.069155	-54.98339	716000	-0.026180686	89.59857	-0.001826454	-35.0393	5.318406	0.0007449411	781.0974559783936
179	-11.657595	52.106323	40.981804	-89.77957	1000.0	0.14603852	5.0779643	12.155944	-59.835537	720000	-0.051838905	80.096924	-0.0010897331	-15.676155	5.3135223	0.00044203902	785.2902660369873
180	-9.69557	53.33045	45.630627	-91.71677	1000.0	0.29438025	6.5889616	12.866587	-52.725784	724000	-0.13226575	79.48667	-0.0013491064	-25.465057	5.276096	0.0003365583	790.2958164215088
181	5.851432	15.784254	28.2476	-9.690436	1000.0	0.62927073	7.908108	35.129635	-59.35039	728000	-0.01171512	100.411095	-0.0010861149	-31.621712	5.347098	0.00028776747	794.4607789516449
182	47.600075	28.210081	75.022354	10.688954	1000.0	2.3957732	6.098055	28.040308	-48.047737	732000	-0.06568149	110.483826	-0.0016854331	-54.4146	5.2729354	0.00030064775	798.7867708206177
183	23.28018	29.333998	63.043926	-9.829764	1000.0	3.588713	3.1484823	20.778982	-37.737263	736000	-0.0916336	75.26278	-0.0011648089	-10.887939	5.3228436	0.00039033138	802.8497562408447
184	26.525948	72.107635	77.454605	-97.026146	1000.0	2.9653134	4.01466	26.300674	-34.425594	740000	-0.021519905	117.51396	-0.001086982	-39.685936	5.3105264	0.00015255457	807.1318287849426
185	-1.0421898	23.823463	15.301973	-42.185143	1000.0	4.1813145	4.855998	13.004337	-32.67764	744000	-0.044074286	73.70703	-0.0012876056	-35.100273	5.2981095	0.00011123371	811.2600786685944
186	-3.0787468	67.45655	78.452805	-109.124565	1000.0	-0.90052557	6.147754	20.179447	-58.05765	748000	-0.03523613	208.39915	-0.0009978227	-98.110596	5.3134365	0.00018475043	815.3733003139496
187	35.787277	50.756573	103.7025	-33.383747	1000.0	3.3842888	7.15268	33.05491	-63.535564	752000	-0.045685366	99.76406	-0.0014846213	-26.2425	5.27554	-0.00016487401	819.575600862503
188	13.6568165	42.35321	71.044624	-48.49054	1000.0	3.7881713	4.657164	24.079231	-65.67388	756000	-0.076643705	59.99418	-0.0016721264	-11.44239	5.2742333	-0.00029414124	823.642493724823
189	31.639202	10.704165	48.759697	20.21291	1000.0	2.8975034	4.519812	21.100151	-46.568108	760000	-0.11470695	102.20834	-0.0019287094	-22.711853	5.332211	0.0004555455	828.0035257339478
190	47.716408	49.464275	97.81874	-33.972805	1000.0	2.8582973	4.1770024	29.432072	-31.812366	764000	-0.051325288	99.21033	-0.0013276935	-29.228928	5.317078	0.0001600269	833.088173866272
191	-4.5935135	45.996376	31.10956	-83.070984	1000.0	5.546526	3.2349558	23.951693	-41.422356	768000	-0.10673708	83.78143	-0.0011806786	-37.67854	5.321918	0.00053273287	837.4224643707275
192	-0.30201435	31.229141	45.376667	-39.707813	1000.0	-0.1479048	4.4140167	16.32756	-49.11297	772000	-0.09009784	123.864876	-0.0014346913	-37.797638	5.2804904	0.0005861962	841.8660135269165
193	8.026577	37.13709	45.923985	-45.00962	1000.0	1.9444612	5.525376	14.039465	-48.199177	776000	-0.065733716	88.4252	-0.0018575042	-22.56002	5.2782526	0.00070843595	846.0414292812347
194	28.31699	40.461544	87.87255	-24.770588	1000.0	3.7714157	4.6847353	14.631702	-34.708515	780000	-0.06772841	82.61024	-0.0013504177	-15.416618	5.274791	0.0004526499	850.0080847740173
195	31.237028	32.71018	84.61844	-1.7477229	1000.0	2.5942152	4.016162	24.812431	-38.970905	784000	-0.08177594	87.97955	-0.0015599132	-22.05088	5.268672	0.00016194451	854.3614673614502
196	12.728266	91.695	84.35751	-143.17764	1000.0	1.0850779	6.131839	33.762993	-25.875498	788000	-0.10664524	97.379265	-0.0013996065	-37.948467	5.312041	-8.098364e-06	858.8206205368042
197	-9.590853	29.176844	30.209175	-50.8601	1000.0	4.207515	2.999439	19.9854	-45.17316	792000	-0.03296345	68.83584	-0.002060376	-21.65226	5.321186	-0.000116513846	863.0602130889893
198	7.3213606	47.03889	54.786354	-51.63897	1000.0	0.25075927	4.459557	22.329388	-49.612656	796000	-0.033020496	136.26369	-0.0011040904	-65.73484	5.301769	0.00026117294	867.3243546485901
199	16.876844	54.938473	78.57602	-70.7924	1000.0	5.884093	4.97915	18.98345	-45.107048	800000	-0.065443926	68.89317	-0.001544185	-17.42437	5.3144965	0.00041102374	871.8016557693481
200	33.05895	25.022371	72.77713	3.522171	1000.0	3.6766725	3.9326081	22.608814	-36.59153	804000	-0.057713363	60.717937	-0.0011060424	-7.2253914	5.2901516	0.0003707803	876.919290304184
201	6.509123	58.18359	82.30585	-65.47612	1000.0	2.852501	6.608716	36.45781	-55.393017	808000	-0.06791906	120.71153	-0.002138257	-29.782906	5.2927375	0.0002865426	881.3483364582062
202	13.445166	62.273872	77.62742	-58.61231	1000.0	2.613454	6.2738314	15.524808	-43.336903	812000	-0.075408146	98.659424	-0.0019992217	-28.610878	5.2420983	0.0009889514	885.3690037727356
203	18.302513	63.27647	76.96804	-88.04494	1000.0	2.5878887	7.2327113	36.59654	-46.868248	816000	-0.07448886	94.37845	-0.0021989718	-29.855347	5.3016777	0.00041056253	889.6572606563568
204	24.231707	40.21896	78.72966	-33.45266	1000.0	3.036879	5.6512837	29.255459	-46.06324	820000	-0.06963692	66.11349	-0.0015736222	-16.5284	5.249991	-2.9497027e-05	893.9893071651459
205	22.266624	33.37894	72.01258	-12.06008	1000.0	2.519405	7.92311	16.734137	-49.59941	824000	-0.04576961	79.12807	-0.001406692	-22.789043	5.2726855	0.0008183517	898.0856838226318
206	30.48492	48.181694	77.69563	-31.593996	1000.0	4.954466	5.820055	23.794388	-43.24008	828000	-0.100536086	103.57413	-0.001527898	-14.937134	5.361124	0.0008606639	902.3116044998169
207	4.4562364	31.696903	35.762707	-48.447212	1000.0	3.4556456	5.803269	14.170632	-40.64986	832000	-0.10197519	74.84269	-0.00091520697	-13.750832	5.3094807	-3.6314308e-05	906.6098580360413
208	72.000916	22.737299	102.10852	40.37689	1000.0	3.0655289	4.2093525	18.702204	-28.108212	836000	-0.06990224	89.72504	-0.001621224	-34.010784	5.3185196	0.0004031351	910.6976497173309
209	-36.176025	73.63953	36.568024	-158.54533	1000.0	1.9659634	9.591003	19.191236	-30.649504	840000	-0.061545298	84.273575	-0.001048103	-34.548653	5.3024383	-0.00025205142	915.0355560779572
210	90.95219	51.551186	160.6197	17.93974	1000.0	2.2593827	3.8932738	12.639021	-28.072155	844000	-0.114875644	114.1039	-0.0016558021	-55.254135	5.279379	0.00059482496	920.1588177680969
211	22.131664	70.222046	98.67556	-88.21995	1000.0	7.929714	4.832494	20.044355	-31.537657	848000	-0.048024286	133.8946	-0.00136365	-50.338104	5.265206	-0.00015781641	924.3909177780151
212	34.979527	63.59333	78.0204	-74.753784	1000.0	5.157004	6.514608	19.01135	-56.05755	852000	-0.02913804	134.90422	-0.0020195544	-49.415833	5.25763	-0.00041232735	928.6368925571442
213	9.839643	72.03917	104.96736	-96.44374	1000.0	4.6978536	8.49584	15.932901	-57.91046	856000	-0.047775947	111.39587	-0.001240503	-32.82386	5.3118224	0.00071751414	932.3670520782471
214	24.202072	136.9373	142.43091	-206.2732	1000.0	2.1924555	8.404787	13.70331	-59.393063	860000	-0.06967139	316.97397	-0.0019119084	-180.23962	5.2589974	-5.7975114e-05	936.5224351882935
215	61.79821	33.432182	105.79626	16.574846	1000.0	7.6179295	10.719468	33.25627	-78.768196	864000	-0.031069843	127.50019	-0.0012222398	-48.080666	5.273761	-0.00030613423	940.8193116188049
216	31.774134	38.21177	92.920975	-7.6589265	1000.0	7.287044	4.880316	22.665455	-55.303898	868000	-0.10466349	97.479416	-0.0019444525	-25.6081	5.273022	0.0010078091	944.7058916091919
217	-39.795372	44.656136	25.525845	-97.775154	1000.0	1.815209	7.832953	23.34145	-55.89249	872000	-0.09582767	108.86371	-0.0015976653	-39.45273	5.268173	8.7963585e-05	948.9923386573792
218	61.35771	28.475706	97.193245	32.432457	1000.0	1.9915212	5.111591	17.171518	-55.376873	876000	-0.12221025	72.07073	-0.0010112599	-30.0344	5.2480636	0.0004307441	953.2798368930817
219	37.33654	26.632671	73.498985	-1.332779	1000.0	5.4653296	5.428934	16.8557	-45.925365	880000	-0.041508388	70.87449	-0.0013696328	-14.122402	5.2948155	-0.00032266666	957.5531687736511
220	89.38784	73.97034	216.96469	38.200497	1000.0	4.9374275	3.2806957	30.667152	-28.530079	884000	-0.08414346	122.80522	-0.0015242174	-29.747223	5.248174	-0.00017079014	962.5925135612488
221	24.740082	35.018948	81.479004	-10.438757	1000.0	7.1970186	5.221978	36.447727	-47.629066	888000	-0.10892807	94.02949	-0.0020037666	-32.075947	5.2677894	0.00038255125	966.802323102951
222	5.428253	90.51084	82.41104	-148.55403	1000.0	0.93639797	7.6709576	21.720743	-38.597336	892000	-0.13029078	93.70903	-0.0010540634	-17.68377	5.287143	3.6264835e-05	970.7479016780853
223	36.936172	72.68181	116.55818	-69.3142	1000.0	5.823919	5.034725	25.847294	-47.233498	896000	-0.054850493	107.11367	-0.00091087073	-35.100792	5.247102	0.00072818104	975.0628082752228
224	99.53766	21.805822	128.49683	67.0463	1000.0	6.3021355	4.0224357	29.125916	-37.96821	900000	-0.061034884	102.16602	-0.0010902993	-21.599495	5.2711463	2.5452317e-05	979.2224349975586
225	95.82529	44.94367	157.16696	30.193127	1000.0	9.531426	4.189567	37.48817	-39.047153	904000	-0.0878083	72.64661	-0.0014383122	-9.769028	5.234732	2.2302866e-06	983.5227117538452
226	0.9492464	80.83492	56.667713	-138.72304	1000.0	7.5264864	7.758383	29.470407	-60.68257	908000	-0.08841951	215.49678	-0.001773268	-110.09611	5.278865	0.00088260847	987.6319696903229
227	108.6349	31.719973	149.59796	62.4686	1000.0	6.582758	4.7887836	35.82021	-60.450027	912000	-0.08911033	100.54322	-0.0010354668	-36.889946	5.271048	-0.000117175696	991.9208438396454
228	32.186707	53.233746	95.831055	-51.925323	1000.0	8.767066	7.5189276	51.828007	-67.16617	916000	-0.017618446	128.70808	-0.0010661054	-50.202614	5.3158436	4.8014343e-05	996.2374536991119
229	54.91841	45.752262	133.83228	21.824856	1000.0	6.2285156	5.309214	17.796906	-51.866074	920000	-0.06464792	83.753174	-0.001609616	-13.072098	5.2353444	-4.5303703e-05	1000.6692461967468
230	71.48472	71.82876	160.21747	-31.09324	1000.0	1.3616774	10.111859	26.467419	-56.879345	924000	-0.07924243	137.5465	-0.0012081489	-50.5038	5.2242384	0.0002585752	1005.5304565429688
231	61.951767	54.96454	128.09245	-13.896991	1000.0	9.296744	4.281076	36.020813	-53.938244	928000	-0.110557176	103.150185	-0.0016867816	-24.292175	5.2556953	0.00079270004	1009.7105612754822
232	43.98163	48.925495	88.74532	-37.952656	1000.0	6.3054466	5.6745896	40.03002	-66.476006	932000	-0.111847095	69.97285	-0.0023729354	-18.51722	5.275452	0.0005670905	1013.8179543018341
233	19.655169	33.60576	73.244316	-16.95929	1000.0	4.9351983	5.476411	20.466927	-55.79759	936000	-0.09506657	76.5887	-0.0014033988	-16.661144	5.248274	3.4028292e-07	1017.4776570796967
234	85.23961	91.906624	189.3469	-38.47721	1000.0	3.7590406	4.5005393	43.755093	-35.856087	940000	-0.1152101	142.41528	-0.0016146824	-43.706062	5.2389636	-3.7928105e-05	1021.5870988368988
235	79.77871	43.600937	154.61716	45.542095	1000.0	9.695826	3.5877192	24.992315	-29.617067	944000	-0.06844196	63.705093	-0.0015821606	-19.978283	5.284847	-2.2246599e-05	1025.5361380577087
236	65.21293	29.925278	101.86623	24.930674	1000.0	6.2844553	4.9405985	24.059626	-48.195114	948000	-0.15058923	95.35204	-0.0022873878	-23.00431	5.253326	0.00064561696	1029.9365665912628
237	-12.498343	90.943054	54.425117	-169.22438	1000.0	6.7774086	9.2061	17.433168	-64.28698	952000	-0.046331268	214.96745	-0.0018437095	-88.647125	5.2403874	0.0003694483	1034.1653518676758
238	56.466	62.330555	156.32132	-10.753918	1000.0	4.9637322	4.606185	20.306599	-61.930283	956000	-0.024165139	95.8867	-0.00095125847	-15.077187	5.2523346	0.00051241333	1038.2768063545227
239	35.214546	72.64994	107.402985	-85.04918	1000.0	4.6280546	9.906617	16.709026	-75.32636	960000	-0.01604969	164.15446	-0.0010223184	-59.575912	5.2368784	0.0006029378	1042.6234440803528
240	48.509518	8.991796	61.718033	36.345352	1000.0	7.539916	7.123776	17.554562	-65.020706	964000	-0.044851907	78.42114	-0.0003579706	-18.574368	5.2221036	6.901026e-07	1047.6147520542145
241	100.10869	35.26867	140.24745	43.326633	1000.0	6.0807967	7.7134542	33.92786	-66.08129	968000	-4.307747e-06	156.23735	-0.001381774	-67.270905	5.237664	-0.00017257917	1051.9937891960144
242	33.276154	77.620155	136.1621	-81.62318	1000.0	11.637673	5.096551	48.210278	-50.325424	972000	-0.17448145	150.07076	-0.0012102574	-65.42042	5.2426095	-0.00018373413	1055.890601158142
243	82.836	62.303505	169.14163	-2.896281	1000.0	4.8995724	5.3661084	17.888998	-49.445976	976000	-0.103853434	137.91371	-0.0013640895	-38.0411	5.224418	-7.3096753e-06	1060.1429631710052
244	71.71566	22.678246	96.33807	39.67703	1000.0	8.623496	6.521289	51.375835	-53.14218	980000	-0.08532712	66.43538	-0.0010682195	-20.060066	5.2161446	0.00032281803	1064.1207823753357
245	89.24921	72.93047	153.17938	-34.007896	1000.0	9.128736	4.7670355	23.328983	-38.606304	984000	-0.06336303	93.32441	-0.0015856996	-18.102768	5.197409	3.11901e-05	1068.2538311481476
246	51.000175	59.064323	108.37118	-47.932934	1000.0	7.7867107	7.4478564	18.860641	-58.340656	988000	-0.02528498	115.7566	-0.0011892822	-31.10994	5.213793	7.076126e-05	1072.3984596729279
247	69.916145	76.7413	163.845	-50.04246	1000.0	8.380224	8.191193	22.440535	-55.392944	992000	-0.08356138	149.12833	-0.0011414662	-36.41387	5.2063174	0.0004020688	1076.5947697162628
248	92.11055	49.694084	174.26147	42.30218	1000.0	9.03426	4.680351	34.43182	-39.8342	996000	-0.050754447	119.57714	-0.0012426637	-18.708595	5.1660447	0.0005334198	1080.591608285904
249	44.36913	73.186806	148.03964	-56.089138	1000.0	8.261887	8.055438	35.661976	-54.007725	1000000	-0.046052817	130.73875	-0.0011687167	-52.2648	5.2534256	0.00023453344	1084.9373214244843
