Epoch	AverageEpRet	StdEpRet	MaxEpRet	MinEpRet	AverageTestEpRet	StdTestEpRet	MaxTestEpRet	MinTestEpRet	EpLen	TestEpLen	TotalEnvInteracts	AverageQVals	StdQVals	MaxQVals	MinQVals	LossPi	LossQ	Time
1	-253.39143	17.78605	-238.0192	-283.53412	-595.197	1.2057574	-593.3735	-597.3615	1000.0	1000.0	5000	8.013557	5.6771846	30.753683	-5.571029	-9.101583	0.33472756	44.2486572265625
2	-302.15195	72.65494	-177.92856	-383.282	-613.55505	18.839739	-595.8636	-653.6059	1000.0	1000.0	10000	23.014317	6.97552	47.513817	4.0082808	-24.111082	0.55315936	89.29589915275574
3	-540.1127	88.302086	-376.52444	-640.4938	-236.637	54.801994	-147.85219	-310.53503	1000.0	1000.0	15000	36.598972	6.4222636	60.02129	12.438911	-37.5766	0.88083386	139.33630466461182
4	-195.10352	18.489243	-172.6726	-219.73814	-82.04272	39.543716	-29.553503	-165.58804	1000.0	1000.0	20000	36.536285	5.473143	57.239506	19.39235	-36.98045	0.6554238	188.99469137191772
5	-65.82231	218.30841	229.30641	-334.5498	-322.09024	95.68178	-181.41005	-457.76172	1000.0	1000.0	25000	38.158592	5.9171805	60.255016	17.931484	-39.069122	0.92514044	238.94833159446716
6	612.1456	322.06583	885.8346	119.219666	941.88495	64.55969	1074.748	827.2325	1000.0	1000.0	30000	40.695957	6.6982	78.52586	20.438572	-41.271557	1.2147827	289.5116603374481
7	308.29413	559.3301	911.8997	-553.81696	376.34912	148.58421	676.4335	192.02917	1000.0	1000.0	35000	55.79522	11.961497	93.361046	23.527021	-57.15166	1.8719192	339.71467685699463
8	793.965	301.52808	1225.4615	304.17407	459.37802	471.9743	979.91876	-461.32507	1000.0	1000.0	40000	69.871025	11.637259	115.65588	39.32809	-71.05395	1.6889435	392.1188576221466
9	995.5529	125.89739	1135.205	782.49115	1111.6025	438.68484	1500.6543	-110.26762	1000.0	1000.0	45000	84.036575	13.507031	135.78346	38.778038	-85.22164	2.3228958	451.1806125640869
10	490.20416	773.598	1386.9757	-503.11566	-47.138092	492.08188	796.18146	-681.7137	1000.0	1000.0	50000	98.622734	17.786734	157.52156	36.75563	-100.010704	3.026386	505.7733700275421
11	30.2771	556.66943	889.2053	-812.04047	30.785192	669.4035	1722.2858	-576.7266	1000.0	1000.0	55000	116.08857	26.571747	200.52345	31.065931	-117.89693	5.775471	560.1010241508484
12	135.4771	399.50436	927.15796	-118.80325	-186.72409	405.0814	700.4712	-601.40576	1000.0	1000.0	60000	134.07747	32.92028	224.86597	39.05357	-135.77934	5.6833186	615.0842378139496
13	262.1298	647.3529	1194.1241	-498.86496	591.87335	797.3712	1690.4249	-606.8387	1000.0	1000.0	65000	144.95882	42.282104	247.83086	32.267498	-146.68312	7.0017533	671.4310958385468
14	593.76184	655.7141	1538.8555	-381.36478	415.95908	887.10364	2050.8584	-481.71185	1000.0	1000.0	70000	154.6386	50.880356	264.92642	27.770723	-156.33315	8.3783	727.8547215461731
15	1178.1677	755.45844	2101.8147	144.14438	230.1584	741.42615	1561.5922	-691.8731	1000.0	1000.0	75000	164.32271	55.624615	287.63693	35.65379	-166.09116	9.48935	783.9920842647552
16	1108.0167	1142.9546	2097.8767	-501.84998	1606.0792	724.309	2505.2686	222.09657	1000.0	1000.0	80000	177.20111	57.77339	312.05295	36.6661	-179.14087	10.490073	838.5684459209442
17	1860.1432	649.149	2586.91	714.96423	2433.8499	328.00333	2754.8638	1766.9698	1000.0	1000.0	85000	190.41731	62.32004	323.92227	39.87556	-192.4037	11.255651	893.4130218029022
18	2071.0757	829.51794	2608.4128	431.78992	2614.9253	531.7766	3346.0493	1373.9215	1000.0	1000.0	90000	204.06396	69.98785	351.46503	31.440744	-206.07007	12.927071	947.8311629295349
19	1858.8705	1457.3627	3240.8486	-395.17734	3136.8762	291.02304	3573.5796	2676.5146	1000.0	1000.0	95000	219.3265	77.45238	376.35522	22.540022	-221.442	14.346231	1000.6873586177826
20	2924.4922	418.85254	3516.3735	2246.201	2456.0913	1003.8093	3158.6743	295.31326	1000.0	1000.0	100000	233.44907	85.04015	402.96317	19.93756	-235.56723	15.6312	1052.5018858909607
21	1326.7418	1508.6515	3253.449	-192.36426	2037.6453	1294.8704	3430.9412	-572.6889	1000.0	1000.0	105000	246.01208	93.08134	421.5525	12.008528	-248.1484	17.525585	1105.7646260261536
22	1728.8845	1690.6742	3281.4258	-650.407	1864.3971	1464.8284	3295.2131	-109.06063	1000.0	1000.0	110000	254.44511	101.52043	436.71457	14.113059	-256.47235	19.88597	1159.3957579135895
23	2593.9163	1152.205	3437.0063	330.68857	2407.3328	1307.1824	3524.5715	64.182526	1000.0	1000.0	115000	262.3084	110.961914	449.42117	0.34629226	-264.31665	21.532372	1211.9181442260742
24	2762.1458	769.843	3559.617	1629.7881	3194.7893	547.16205	3696.561	1906.5999	1000.0	1000.0	120000	269.13895	118.67357	463.82755	-17.196367	-271.09735	23.23171	1264.6695721149445
25	3282.8157	423.69983	3645.0232	2462.7637	1801.0183	1263.4774	3449.5361	-588.0429	1000.0	1000.0	125000	278.69583	124.71589	471.85016	-14.967468	-280.6999	26.412071	1318.2916407585144
26	2260.268	1266.6372	3601.8887	387.7421	2089.8892	1467.6267	3643.3474	-231.2752	1000.0	1000.0	130000	286.6697	129.68604	482.16388	-22.415522	-288.7596	27.313166	1373.000239610672
27	3613.3289	439.66498	4110.941	2946.6885	3173.0156	742.3528	4005.1445	1311.516	1000.0	1000.0	135000	297.48688	131.90276	495.07224	-14.688928	-299.67145	29.0716	1427.1197836399078
28	3605.7485	395.93027	4337.713	3271.9	2957.768	1504.2739	4127.055	-188.11604	1000.0	1000.0	140000	311.16965	129.63177	510.0792	-24.44439	-313.46835	33.389442	1480.764904975891
29	1570.5085	1413.0095	3995.3438	-224.35686	3856.692	695.3572	4437.802	1965.439	1000.0	1000.0	145000	322.2452	124.723595	522.43634	-2.2492256	-324.56644	32.33946	1535.2676606178284
30	3170.4988	1679.6301	4607.156	-121.23873	3500.0703	722.65344	4476.8374	1784.5314	1000.0	1000.0	150000	331.8726	127.4993	535.67	19.208448	-334.12207	31.8746	1587.8936324119568
31	2633.8606	1487.946	3978.8877	449.74448	3882.627	443.77454	4440.817	2950.9626	1000.0	1000.0	155000	339.2093	134.0654	551.1709	-23.766209	-341.4187	36.480476	1640.708167552948
32	4086.448	523.528	4659.3354	3182.1824	2243.114	1374.6188	4377.917	266.22736	1000.0	1000.0	160000	346.06558	140.74615	556.3194	-97.731804	-348.26596	39.730957	1694.96542429924
33	3603.0227	1572.297	4526.19	477.4036	3426.5898	1017.1591	4248.254	828.6632	1000.0	1000.0	165000	354.74103	147.30754	569.73126	-132.46431	-357.12277	41.134724	1746.9187695980072
34	4206.741	296.10498	4474.658	3815.3057	2540.1865	1777.5797	4850.414	-346.09775	1000.0	1000.0	170000	367.66266	146.72662	579.87683	-144.55031	-370.10306	41.95462	1800.4032516479492
35	3657.325	979.79126	4564.8926	1925.5974	3507.9207	1412.016	4830.9	134.8334	1000.0	1000.0	175000	382.36954	138.61589	586.9473	-146.17108	-385.1138	43.148346	1853.1394350528717
36	3634.4492	957.2363	4681.666	2013.5985	4431.283	551.643	4948.0664	3195.8293	1000.0	1000.0	180000	396.38785	132.56833	595.8273	-148.42674	-398.97623	41.039734	1905.1963150501251
37	4372.1694	550.23785	5064.27	3392.042	4200.2744	1086.5194	5033.8745	1691.3013	1000.0	1000.0	185000	404.84915	133.39015	604.2276	-84.490776	-407.18536	37.559032	1957.6489357948303
38	4133.2393	864.1527	4916.605	2771.0552	4923.7876	213.3781	5355.3403	4595.212	1000.0	1000.0	190000	410.43213	139.46082	611.65497	-16.85202	-412.7338	39.256226	2010.0367097854614
39	4922.132	289.88712	5231.779	4396.291	4886.924	245.99542	5306.945	4494.8486	1000.0	1000.0	195000	416.84518	144.95912	618.9585	-118.64711	-419.34808	45.75339	2062.0050179958344
40	4072.7766	1246.5042	5259.623	1663.7854	4520.539	1068.5643	5432.175	2106.8691	1000.0	1000.0	200000	429.175	139.69772	630.2648	-175.67859	-431.7436	43.81129	2113.6604578495026
41	4675.9546	310.78674	5231.737	4327.62	3131.3284	1966.9895	5352.1436	-17.286167	1000.0	1000.0	205000	437.3774	139.66924	638.46344	-22.850225	-439.8087	41.68824	2167.9519984722137
42	4524.5366	668.1114	5131.356	3231.6965	3919.298	1915.9633	5396.4453	-12.883748	1000.0	1000.0	210000	445.4904	140.15279	654.7655	-88.353966	-448.0892	45.761395	2220.512719631195
43	4996.1235	371.98608	5565.255	4573.1294	4327.9897	1079.2516	5275.3506	1891.8359	1000.0	1000.0	215000	455.27338	136.877	659.2693	-123.27754	-457.7817	43.5925	2273.084377527237
44	4551.621	901.98444	5133.4756	2755.3418	3632.7937	1570.4248	5346.5264	424.87448	1000.0	1000.0	220000	460.76782	138.68689	677.8164	-89.24188	-463.1096	42.709995	2326.4689605236053
45	4285.005	1208.9938	5334.2197	2171.3203	4736.9585	1466.346	5577.8945	399.2828	1000.0	1000.0	225000	463.65442	142.72844	675.88	-57.517635	-465.96484	45.414524	2379.406280517578
46	4962.772	319.79144	5246.3745	4394.186	5224.3545	193.28903	5530.41	4937.7363	1000.0	1000.0	230000	467.9456	144.97192	670.4881	-135.52962	-470.2607	44.477413	2432.5830597877502
47	3337.4211	1825.1758	5502.382	1342.9226	2980.097	1882.9385	5238.0264	75.24356	1000.0	1000.0	235000	470.0942	146.47037	675.1431	-145.27135	-472.4093	44.885174	2486.1608283519745
48	4622.567	522.45074	5289.422	3783.613	4746.0845	1381.5381	5637.168	719.01904	1000.0	1000.0	240000	473.96118	145.50005	673.39087	-148.46242	-476.40756	44.76357	2538.7754213809967
49	5450.464	222.16364	5822.284	5214.8965	5253.593	247.23965	5810.8833	4943.5903	1000.0	1000.0	245000	480.6596	140.02242	680.49066	-159.6161	-483.03	43.41115	2591.298501253128
50	4278.571	1257.5056	5036.684	1777.2087	4404.993	1559.4149	5360.855	1.3656893	1000.0	1000.0	250000	486.24023	136.03482	681.3913	-86.06583	-488.5681	42.5739	2644.572673559189
51	5231.7754	238.41428	5524.5674	4873.3003	5014.714	916.8224	5649.1494	2337.2004	1000.0	1000.0	255000	489.998	136.5121	690.0784	-3.3259537	-492.33426	42.003788	2697.1676094532013
52	5308.383	43.570652	5361.242	5250.714	4683.702	646.5721	5460.545	3362.4294	1000.0	1000.0	260000	494.53946	134.77426	695.69763	23.000006	-496.91714	42.847244	2751.1403126716614
53	3457.0715	1811.2859	5062.5293	230.37817	5655.545	494.71198	6155.4976	4597.321	1000.0	1000.0	265000	497.86707	133.0609	695.76904	-100.91113	-500.12515	43.01985	2805.2034430503845
54	4994.558	1115.4774	5794.788	2883.5781	5128.827	469.92606	5580.981	4137.341	1000.0	1000.0	270000	500.12515	136.02945	704.4714	44.493614	-502.4084	42.948196	2859.860676050186
55	5040.9204	398.91287	5584.949	4449.1675	5182.5464	943.0679	5911.393	2430.4023	1000.0	1000.0	275000	504.23685	137.24226	719.4451	32.415573	-506.4663	44.117058	2914.1052424907684
56	4585.4365	1141.2894	5376.9546	2386.4844	5166.9717	235.36446	5511.4883	4781.4775	1000.0	1000.0	280000	504.5909	143.30518	713.6225	-71.79702	-506.7979	46.26555	2967.6961166858673
57	4903.4053	878.2194	5717.4097	3200.6155	4614.9233	1507.082	5879.0933	951.5917	1000.0	1000.0	285000	509.0374	143.63177	709.5437	-29.801043	-511.2962	45.689705	3020.4386456012726
58	5302.954	497.277	5888.241	4548.5215	4281.955	1536.7148	5458.612	-59.674553	1000.0	1000.0	290000	511.38605	145.02147	714.4495	-43.501003	-513.5245	44.75996	3073.009023666382
59	5372.044	292.44766	5880.1064	5041.5107	4602.3975	1741.7994	5949.7197	619.55396	1000.0	1000.0	295000	513.3528	145.88106	705.816	-100.81766	-515.5493	49.382626	3126.4429829120636
60	4298.2446	1997.4174	5666.5273	327.9666	4909.0615	1299.8324	6015.6353	1405.0586	1000.0	1000.0	300000	515.0038	146.8358	718.0076	-39.680405	-517.1894	48.577312	3179.2602276802063
61	5323.407	221.69646	5634.5493	5030.8833	4633.3267	2010.3986	5983.2954	-532.25885	1000.0	1000.0	305000	517.8277	147.7817	716.6	-65.30481	-519.9592	47.157433	3233.487484693527
62	4539.3	1483.1937	5789.985	1638.7244	5348.118	422.0555	5923.5425	4774.014	1000.0	1000.0	310000	519.1566	150.82785	727.8033	-60.318237	-521.2849	45.286118	3287.904685020447
63	5124.242	935.5895	5601.014	3253.1045	4665.999	1630.9698	5731.3022	1029.5325	1000.0	1000.0	315000	520.6363	154.49437	722.96796	-86.84931	-522.7103	46.046955	3341.200414419174
64	5220.371	244.0441	5582.803	4846.2075	4561.5454	1474.0776	5988.3228	1137.1136	1000.0	1000.0	320000	523.5086	156.70963	729.85626	-70.14518	-525.7053	49.36626	3394.632695913315
65	5536.37	374.86316	5988.648	4930.762	5614.517	445.92398	6136.9775	4555.209	1000.0	1000.0	325000	527.711	156.40184	726.6561	-118.03479	-529.8249	49.000042	3446.976947784424
66	5616.225	161.69159	5759.105	5330.9746	5338.16	721.98773	5973.6226	3463.6677	1000.0	1000.0	330000	530.15344	157.59634	731.98	-119.90383	-532.29675	49.689877	3500.023490190506
67	5425.4927	345.0929	5909.025	5040.29	5373.3003	1220.317	6363.488	1879.8529	1000.0	1000.0	335000	534.9692	156.233	728.35376	-130.15846	-537.1744	50.219055	3551.7657356262207
68	5818.755	149.63733	6043.466	5612.358	5117.825	1629.8894	6026.5103	321.81592	1000.0	1000.0	340000	538.31586	156.13588	734.8086	-108.81255	-540.4186	48.61317	3602.8364686965942
69	4619.737	1335.9486	5844.3394	2145.1135	5030.543	1272.8391	5859.299	1352.8497	1000.0	1000.0	345000	540.5306	156.73753	732.08594	-128.77307	-542.69995	50.429764	3655.926695585251
70	5592.0054	156.0421	5730.219	5301.1016	3962.3042	2304.989	5956.21	65.97668	1000.0	1000.0	350000	542.3242	159.31047	737.5749	-192.55711	-544.3981	50.605824	3708.2193846702576
71	5573.4897	192.72092	5898.6514	5324.5317	5803.8604	276.1972	6216.9355	5118.322	1000.0	1000.0	355000	544.65533	161.50914	743.62384	-228.49083	-546.63525	49.690857	3760.7802946567535
72	5502.2607	214.42177	5824.7876	5264.109	5277.1396	1528.4229	6278.4	1708.7456	1000.0	1000.0	360000	546.445	163.35022	744.1387	-226.13004	-548.5563	54.11386	3812.9863946437836
73	5426.5693	462.93213	6168.274	4913.859	5058.859	1877.5121	6094.104	-522.35254	1000.0	1000.0	365000	551.33966	161.76855	747.4299	-198.41396	-553.4847	53.825024	3865.1652450561523
74	5245.0845	525.3622	5773.9487	4356.2373	5566.625	1031.3121	6365.5015	2638.5684	1000.0	1000.0	370000	553.4693	160.99919	750.4414	-132.00676	-555.54114	53.030827	3917.1181213855743
75	4647.3765	2112.2703	6178.4023	511.8109	6069.193	378.39084	6524.292	5212.759	1000.0	1000.0	375000	555.62683	162.61288	751.3858	-205.80345	-557.6508	53.453564	3970.9692285060883
76	5784.6006	189.9153	6095.2515	5564.2007	6179.3438	212.06683	6539.0312	5715.868	1000.0	1000.0	380000	555.3787	166.20395	753.3574	-250.66971	-557.4055	54.682007	4025.9446535110474
77	5643.4146	402.1532	5981.0356	4888.2466	5947.233	231.18138	6400.643	5564.901	1000.0	1000.0	385000	558.6233	166.07901	751.6175	-239.21025	-560.6352	53.01497	4079.7972564697266
78	5967.359	186.32956	6260.438	5794.4033	5993.5205	350.18472	6465.7246	5355.5513	1000.0	1000.0	390000	560.1911	167.94786	757.968	-261.8758	-562.2085	51.296062	4135.278739929199
79	5844.4126	237.9735	6181.9316	5509.552	5523.674	593.3677	6402.7197	4101.0825	1000.0	1000.0	395000	563.882	167.78487	759.81665	-201.98712	-565.9754	55.713707	4189.321984767914
80	5875.6255	226.95247	6189.7876	5534.0723	4640.4565	999.1552	5786.4233	2840.0164	1000.0	1000.0	400000	567.0896	167.66963	759.53955	-177.97487	-569.1146	54.50905	4243.7141807079315
81	5551.7217	497.6831	6028.141	4648.8574	3488.8765	1334.5574	5803.037	1465.107	1000.0	1000.0	405000	569.6012	166.16399	761.97064	-148.15372	-571.6425	54.285233	4298.289563655853
82	4995.3213	564.0858	5558.2285	4168.081	4998.0693	1822.1111	6522.9346	442.62256	1000.0	1000.0	410000	570.89886	165.5893	761.59796	-224.96251	-572.8609	55.677845	4352.945518493652
83	5851.6045	299.4923	6196.401	5450.578	5488.9653	1711.7026	6635.6973	1650.2319	1000.0	1000.0	415000	571.9162	166.36017	763.3456	-268.37613	-573.94165	57.898926	4407.293535709381
84	6125.869	263.06015	6369.3843	5645.978	6262.09	215.57874	6635.911	5828.504	1000.0	1000.0	420000	574.21027	165.48883	766.79193	-198.78316	-576.1962	53.756325	4462.82995057106
85	4548.5225	1462.4885	5757.144	1905.3546	6040.886	462.14252	6840.6035	5409.3936	1000.0	1000.0	425000	574.2514	167.7997	764.49854	-267.84866	-576.1131	55.418957	4517.013239622116
86	6079.3228	233.709	6300.668	5657.712	5752.828	1211.1895	6793.6045	2415.0222	1000.0	1000.0	430000	573.43536	170.65804	780.58167	-172.84972	-575.3055	57.557938	4569.108900547028
87	5928.2773	469.35028	6354.574	5070.224	5259.164	2039.9518	6293.0244	-659.7714	1000.0	1000.0	435000	575.75116	170.79318	772.6067	-253.68452	-577.8298	58.280724	4622.597330570221
88	5669.815	386.8523	6215.1484	5198.1436	5503.868	1243.2947	6417.6104	1945.6461	1000.0	1000.0	440000	578.80786	170.55103	778.0553	-137.82903	-580.65125	56.47066	4676.048691749573
89	6007.747	129.48625	6235.4	5847.2725	5679.3564	1143.371	6838.878	2679.4014	1000.0	1000.0	445000	578.9265	174.56395	781.335	-248.59528	-580.86475	58.211056	4729.650843858719
90	6133.92	276.59662	6513.188	5810.6978	5781.8135	689.4316	6301.808	3861.4856	1000.0	1000.0	450000	582.29016	173.67625	778.08704	-200.91232	-584.2435	57.3249	4783.739630460739
91	5970.5596	548.59863	6392.6973	4966.5615	5479.247	660.3793	6401.3364	3913.681	1000.0	1000.0	455000	585.0628	173.76073	784.8589	-217.6452	-587.0183	55.311787	4839.238465547562
92	4765.1865	1084.7472	5738.715	2847.194	5991.3467	427.69635	6866.117	5358.33	1000.0	1000.0	460000	587.23615	174.49525	784.848	-254.46542	-589.23486	59.871674	4893.838497877121
93	6034.573	321.41064	6257.626	5400.041	5341.0728	1338.9824	6484.553	1769.246	1000.0	1000.0	465000	590.4011	173.23071	785.67676	-254.5069	-592.3078	56.426426	4947.522368192673
94	5452.754	1349.0808	6387.704	2771.3005	6209.998	274.21658	6781.347	5827.0503	1000.0	1000.0	470000	590.69196	175.96364	787.2471	-266.5512	-592.6006	59.088757	5001.824612617493
95	5489.2944	948.35077	6627.3276	3820.9194	5860.4385	486.3017	6712.767	5031.5635	1000.0	1000.0	475000	590.90063	178.41556	793.35223	-196.07216	-592.67865	58.72252	5055.144523143768
96	6168.8164	394.29315	6518.9683	5400.9526	4662.3545	2395.9878	6525.7993	502.36783	1000.0	1000.0	480000	590.8095	180.96606	787.6394	-270.03345	-592.6987	58.76344	5111.60240483284
97	5158.8525	2205.033	6748.8677	803.6917	5855.415	809.7664	6909.8833	3893.3042	1000.0	1000.0	485000	591.6783	183.7874	792.77344	-556.5622	-593.5058	63.785213	5165.983611345291
98	5991.95	203.6623	6271.1187	5643.9937	6134.6826	141.64943	6420.0366	5923.3906	1000.0	1000.0	490000	592.0399	185.45966	790.7532	-505.2824	-593.7935	61.02716	5220.761059522629
99	6118.6274	357.98236	6432.7144	5434.878	5368.2466	189.20222	5641.6016	5003.4224	1000.0	1000.0	495000	592.2862	185.7805	793.1854	-408.72638	-594.08636	59.534107	5276.317698717117
100	5893.085	604.38965	6658.497	5167.0107	5389.133	1474.6266	6717.29	1990.8033	1000.0	1000.0	500000	592.9909	187.03107	795.79816	-377.05853	-594.74054	63.060776	5332.648599863052
101	6254.683	309.54767	6512.828	5660.1255	6274.723	234.12967	6591.47	5907.077	1000.0	1000.0	505000	594.89813	185.35757	794.6496	-311.6749	-596.6687	63.330864	5386.77246761322
102	5744.917	1607.9816	6769.4106	2566.988	6294.3125	218.25313	6564.0244	5903.247	1000.0	1000.0	510000	596.00165	184.58868	793.54016	-338.83545	-597.8498	64.1974	5441.005059480667
103	6096.935	138.93076	6268.691	5908.4883	5610.8906	1311.3842	6557.8076	1818.3418	1000.0	1000.0	515000	597.58997	183.7051	795.453	-361.68933	-599.2964	62.35167	5496.747035503387
104	5860.8486	838.98505	6417.9946	4191.979	6425.5767	398.75424	7127.5864	5716.2046	1000.0	1000.0	520000	597.8427	184.72246	794.4507	-340.46667	-599.672	63.70355	5551.8139181137085
105	5248.62	1225.5076	6187.163	2873.2205	5236.5083	1898.9941	6607.9893	-8.209869	1000.0	1000.0	525000	600.1903	183.40334	797.7503	-429.9479	-602.0228	64.48869	5608.460221529007
106	6108.9805	142.3086	6252.3545	5844.246	6222.142	298.65634	6477.8975	5541.5864	1000.0	1000.0	530000	601.6789	182.89719	793.26733	-438.27353	-603.4495	66.14854	5662.064432144165
107	6054.8525	225.62622	6286.9233	5659.0493	5867.362	347.68958	6513.3154	5324.741	1000.0	1000.0	535000	603.404	182.31061	798.5026	-553.17633	-605.1683	67.076965	5716.773107767105
108	5965.6733	420.2854	6470.1616	5193.4355	6373.544	404.5291	6913.5713	5380.216	1000.0	1000.0	540000	603.8986	183.01021	803.3074	-536.64746	-605.5993	67.41963	5771.231344461441
109	6242.675	125.044655	6467.154	6102.442	6266.983	291.50137	6767.6357	5540.7036	1000.0	1000.0	545000	605.547	181.91017	802.95935	-511.53522	-607.34515	69.80666	5825.333206892014
110	6200.4463	528.92316	6590.551	5174.725	5540.835	1466.8679	6616.6533	1556.3525	1000.0	1000.0	550000	607.3437	181.17302	803.8582	-351.4866	-609.1286	61.217045	5880.024060964584
111	5403.0405	1633.1158	6363.119	2150.2883	6372.2466	419.97327	6949.579	5288.185	1000.0	1000.0	555000	609.45325	181.56467	801.68475	-376.65176	-611.30206	67.73341	5935.613609552383
112	6152.807	249.3236	6413.7563	5760.9683	5587.8105	1973.7347	7070.374	1128.0394	1000.0	1000.0	560000	612.32855	180.1332	804.5163	-494.34915	-614.1686	64.460594	5989.8287653923035
113	6055.2837	321.83234	6439.5273	5613.7134	5311.8105	1375.555	6358.114	1746.125	1000.0	1000.0	565000	613.04236	180.28093	800.42224	-400.0102	-614.7307	62.27981	6044.446067094803
114	5717.8745	1076.862	6353.355	3566.579	5962.012	378.06055	6602.332	5391.5645	1000.0	1000.0	570000	612.7472	179.56398	802.3935	-519.3089	-614.5331	64.611435	6098.690452814102
115	6099.343	276.10724	6433.0605	5608.1816	6078.2188	156.18457	6350.579	5864.6533	1000.0	1000.0	575000	614.95654	173.91344	798.96954	-466.96027	-616.6874	62.7141	6153.39160656929
116	5538.724	550.4425	5986.0513	4489.0723	6279.3335	243.88782	6899.0293	5934.7466	1000.0	1000.0	580000	614.8982	174.45952	799.66437	-524.8128	-616.53625	63.2368	6208.872886896133
117	6167.376	303.80713	6556.1396	5740.7603	5657.1084	1223.4154	6545.988	2077.4263	1000.0	1000.0	585000	614.2121	177.36357	799.56714	-463.54913	-615.9027	62.208736	6263.509002685547
118	5939.349	600.0561	6826.47	4957.0244	4837.3984	2293.3113	6965.4536	214.87508	1000.0	1000.0	590000	615.01935	177.24173	803.2636	-377.61816	-616.7468	65.78828	6317.561915874481
119	5113.813	2091.1592	6435.5503	943.9559	5910.9873	1001.1089	6725.941	3157.9448	1000.0	1000.0	595000	615.5365	178.35802	797.28235	-391.8689	-617.1415	63.88328	6372.774587154388
120	6135.7227	362.0911	6570.383	5512.07	6404.096	167.66168	6705.5703	6097.8833	1000.0	1000.0	600000	612.9853	179.88943	798.86755	-388.33167	-614.6249	64.60043	6428.268125772476
121	6082.384	418.71234	6337.248	5247.7065	6512.666	384.7569	7098.904	5612.2007	1000.0	1000.0	605000	613.923	175.99963	795.2819	-359.6842	-615.5881	60.683792	6482.118264436722
122	6211.537	702.2864	6766.3335	4865.003	5999.9897	1454.126	7100.9683	1831.6969	1000.0	1000.0	610000	615.2041	173.68811	806.0164	-412.94437	-616.8745	60.283005	6535.440174341202
123	5933.7812	584.39325	6549.308	4907.042	6303.714	184.96756	6591.02	5965.3184	1000.0	1000.0	615000	615.1217	175.92902	800.3963	-348.84854	-616.7286	62.224907	6590.239918470383
124	6291.464	386.9436	6946.8257	5822.3994	6620.578	293.8555	7038.018	6053.5244	1000.0	1000.0	620000	615.7731	176.67902	798.4468	-422.4516	-617.4254	65.57444	6644.828032016754
125	6331.5635	299.32208	6659.797	5796.198	5769.967	1439.2391	6373.748	1465.9286	1000.0	1000.0	625000	617.8456	175.84709	804.0571	-378.39545	-619.5227	63.960392	6699.960648298264
126	6277.2275	368.13803	6755.466	5812.353	5583.3853	2057.3428	6848.543	-364.29562	1000.0	1000.0	630000	620.2225	175.55852	801.39996	-339.7221	-621.8976	65.391174	6754.774539709091
127	6253.942	449.5295	6651.148	5408.597	6448.893	321.42245	6874.5176	5736.514	1000.0	1000.0	635000	621.3985	175.33514	804.5205	-511.631	-622.9683	67.198875	6809.596716880798
128	6121.3843	348.04028	6712.308	5685.9424	6123.083	295.36646	6434.215	5384.286	1000.0	1000.0	640000	623.22845	172.23831	805.7483	-467.72247	-624.9482	70.66126	6863.333803892136
129	5977.507	328.58115	6299.8784	5358.4316	6158.6606	805.96454	6807.49	3874.7395	1000.0	1000.0	645000	624.4727	167.30862	802.5121	-393.64163	-626.0849	67.1563	6916.858206510544
130	6427.7744	203.65729	6802.149	6213.8022	6621.379	218.40428	6905.9785	6227.649	1000.0	1000.0	650000	626.11774	164.94963	819.0328	-316.7264	-627.81	59.461113	6971.352742433548
131	6333.9907	170.27232	6670.6895	6202.4683	6735.564	167.03935	7037.2407	6478.5757	1000.0	1000.0	655000	629.3659	162.89346	808.0099	-323.4795	-631.1043	62.698486	7024.738304376602
132	6461.6978	288.74527	6906.2	6077.225	5911.095	1437.072	6710.4478	1701.0154	1000.0	1000.0	660000	631.01807	160.27745	814.9522	-239.23535	-632.6998	60.766445	7080.081258535385
133	6344.1216	269.63995	6759.249	5930.8384	6145.335	872.981	6637.9375	3553.1362	1000.0	1000.0	665000	631.7939	158.43384	807.8571	-454.3365	-633.4097	59.984123	7134.926917552948
134	6418.6636	258.58322	6836.9194	6119.8926	6042.3506	1035.8962	6838.09	3216.8003	1000.0	1000.0	670000	632.27246	158.91107	818.2246	-471.48242	-633.848	57.54012	7190.124995708466
135	6530.7627	372.1182	7119.401	5955.0576	5453.63	1714.98	7039.6665	1711.8362	1000.0	1000.0	675000	630.56836	163.63919	815.32367	-427.98468	-632.0985	56.695908	7244.529705047607
136	5939.29	730.43286	6952.3374	4908.469	6815.44	285.1904	7174.543	6175.795	1000.0	1000.0	680000	628.61615	168.86552	814.4846	-398.54324	-630.1203	59.749058	7299.543442726135
137	5372.8164	1813.2551	6510.306	1761.1317	5948.865	1213.6038	6908.3706	2675.021	1000.0	1000.0	685000	627.8179	170.9991	809.0733	-205.24643	-629.3987	62.640274	7355.181062698364
138	6312.7524	466.38507	7060.145	5617.0073	6491.505	452.8236	7309.2104	5384.069	1000.0	1000.0	690000	629.0618	171.61014	814.43506	-241.84528	-630.5821	60.879963	7409.8910002708435
139	6312.793	36.62973	6374.6816	6281.5254	6226.525	674.4014	6769.045	4280.6284	1000.0	1000.0	695000	628.71313	172.0264	815.5587	-279.18716	-630.2754	63.86088	7464.4087109565735
140	5120.621	2224.0308	6480.549	680.2356	5855.393	583.4272	6421.347	4684.55	1000.0	1000.0	700000	628.218	172.03789	816.7793	-177.66655	-629.6164	61.873436	7519.6383509635925
141	5690.2197	702.5224	6456.6553	4521.1567	6080.997	849.20154	6602.795	3618.9348	1000.0	1000.0	705000	626.8049	172.55011	807.9576	-250.58322	-628.4033	65.187584	7575.69868016243
142	5522.0596	1622.8069	6768.2954	2311.445	6098.952	298.09988	6403.619	5360.29	1000.0	1000.0	710000	630.1006	168.79813	816.3154	-301.03125	-631.7146	61.7165	7630.517107725143
143	6186.576	188.0726	6503.8916	5970.025	5826.39	1068.579	6690.464	2901.343	1000.0	1000.0	715000	631.87634	168.33766	816.13196	-287.28314	-633.4697	62.03914	7685.858293294907
144	6236.186	415.92236	6745.8535	5510.071	6258.3584	427.1431	6943.496	5361.3867	1000.0	1000.0	720000	633.0526	167.65706	818.20325	-182.92316	-634.6525	63.431686	7743.3867337703705
145	6533.882	205.49873	6847.1167	6285.38	6151.0776	200.29652	6538.1353	5821.752	1000.0	1000.0	725000	635.80054	166.6012	817.62244	-343.64877	-637.4598	60.50409	7798.8262984752655
146	6147.6733	330.5863	6489.7236	5710.371	5708.561	1558.0145	7229.515	3334.6548	1000.0	1000.0	730000	639.0809	165.83223	820.86237	-251.98438	-640.73785	62.271008	7854.613342285156
147	6212.253	339.92465	6652.3896	5730.8755	6100.4233	1541.9169	6831.6816	1493.3074	1000.0	1000.0	735000	640.5212	165.28755	820.1643	-207.86958	-642.1261	61.28215	7911.713394641876
148	6675.6655	288.13538	6923.0103	6126.9243	5903.7397	1710.554	6938.6025	892.7301	1000.0	1000.0	740000	642.2965	164.1115	824.7403	-238.67465	-643.9046	59.626225	7967.663471221924
149	6376.97	462.68845	6673.5796	5455.0195	5393.918	1427.1038	6371.934	1249.8337	1000.0	1000.0	745000	642.7061	163.95511	827.2247	-261.2776	-644.2939	62.47175	8022.3481323719025
150	5085.658	1686.5863	6687.291	2611.9255	6811.3423	183.60783	7034.525	6347.7954	1000.0	1000.0	750000	642.5956	164.93681	820.8293	-288.73172	-644.16956	61.987057	8079.142379283905
151	6128.775	349.12537	6602.0464	5612.0693	6643.2627	270.06442	6891.018	6001.12	1000.0	1000.0	755000	642.43207	161.24161	817.78546	-211.05396	-643.99756	59.655495	8133.91671705246
152	6348.7764	210.7855	6626.125	6057.4243	6253.256	1193.6837	7219.292	3354.6401	1000.0	1000.0	760000	642.5882	159.87953	821.94653	-208.30528	-644.1358	57.5384	8190.524506568909
153	5056.8174	2257.5283	6540.637	595.3325	5847.205	1708.6926	6843.122	826.42584	1000.0	1000.0	765000	642.7933	161.27913	824.15894	-275.29675	-644.30743	59.890564	8246.791413545609
154	6180.085	136.45613	6435.357	6062.779	6555.5415	361.61197	7083.2827	5973.4478	1000.0	1000.0	770000	641.46484	164.6132	822.53705	-298.45346	-642.9391	61.749287	8303.66073513031
155	5986.9814	839.22437	6553.953	4322.559	6618.624	450.05246	6900.8306	5322.049	1000.0	1000.0	775000	640.7066	167.55574	823.6563	-293.6219	-642.2077	57.561543	8358.621517181396
156	6426.7725	297.97208	6784.6226	5945.317	6411.4004	782.74286	7051.143	4521.7456	1000.0	1000.0	780000	641.808	169.91199	825.1475	-317.34326	-643.3699	64.88489	8414.15207362175
157	6183.044	310.6688	6610.6997	5731.1953	6281.925	207.95432	6622.73	5964.662	1000.0	1000.0	785000	643.1028	168.15172	823.6217	-394.2939	-644.5488	62.340767	8469.492437839508
158	6344.5317	45.885384	6419.4985	6283.015	6579.026	549.33777	7045.6504	5254.928	1000.0	1000.0	790000	641.4474	170.5529	822.606	-321.0254	-642.8544	65.30736	8524.999023199081
159	6338.051	48.618595	6408.8594	6256.7354	6634.0156	144.32452	6853.127	6444.075	1000.0	1000.0	795000	639.7945	173.33032	820.71295	-324.24435	-641.2203	65.27708	8579.140260696411
160	6591.0913	329.68915	6959.2637	6013.7417	6639.4937	242.88614	7217.51	6263.8574	1000.0	1000.0	800000	639.7749	173.62273	823.5404	-286.6138	-641.2455	64.02421	8634.049340486526
161	6464.659	133.81044	6637.4434	6326.335	5823.6455	2011.9971	7107.609	867.3824	1000.0	1000.0	805000	641.33105	171.50911	832.67773	-284.43506	-642.8833	66.25751	8690.24768948555
162	6592.392	326.03812	7057.3926	6132.0493	6384.6	513.12573	7007.8965	5325.345	1000.0	1000.0	810000	642.9934	168.45892	824.8811	-459.6616	-644.44586	66.2498	8746.17304801941
163	6363.56	275.36377	6770.5454	5997.623	6784.751	337.03964	7236.434	6074.5264	1000.0	1000.0	815000	644.2261	166.92822	819.30896	-267.80664	-645.7151	62.871975	8801.974121809006
164	6580.7056	331.59406	6976.391	5992.441	6589.413	93.35301	6706.402	6403.536	1000.0	1000.0	820000	645.74927	164.58156	825.3738	-254.20485	-647.2259	61.77419	8857.257505655289
165	6641.2563	323.97427	7118.6523	6300.3228	6905.2095	252.77483	7295.093	6560.632	1000.0	1000.0	825000	645.7311	165.14531	819.77057	-356.57175	-647.23425	61.22445	8913.554892539978
166	6462.6587	265.31653	6726.816	5967.667	5840.466	1720.0327	7133.985	781.1191	1000.0	1000.0	830000	648.01227	162.92126	821.82904	-328.44858	-649.504	61.286125	8968.756601572037
167	5588.359	1973.2357	6891.069	1677.3412	6868.4717	285.14017	7233.1836	6200.357	1000.0	1000.0	835000	649.00977	163.73271	828.2454	-343.23438	-650.5365	61.87755	9023.464592933655
168	5178.3813	1759.8132	6567.089	1942.2551	6118.084	976.3895	6838.3755	3302.8247	1000.0	1000.0	840000	649.9685	164.56184	825.9748	-276.91693	-651.45667	62.292164	9078.844431877136
169	6570.366	264.30737	6919.0903	6124.861	6571.1313	252.22665	7061.0127	6227.7476	1000.0	1000.0	845000	649.09344	163.07463	828.5318	-258.04886	-650.49744	63.329906	9134.56815958023
170	6314.872	205.43347	6568.8784	6037.4204	5860.468	1811.8153	7262.883	975.7759	1000.0	1000.0	850000	648.87225	161.89018	830.5033	-343.0425	-650.3721	64.89317	9190.406324625015
171	6510.891	337.19623	6870.4424	5907.365	6300.6147	170.6662	6671.2305	6009.5776	1000.0	1000.0	855000	650.13617	160.97736	822.8472	-160.5061	-651.5192	58.166714	9246.685167312622
172	6430.53	274.91354	6926.047	6175.573	6901.9507	247.6815	7168.483	6502.8896	1000.0	1000.0	860000	649.6358	160.70905	822.5748	-209.33638	-651.1168	59.776314	9301.956683397293
173	6263.8804	155.8781	6492.038	6092.761	6345.0083	1324.2911	7090.4507	2441.8948	1000.0	1000.0	865000	651.29895	158.43547	822.5692	-219.9025	-652.7613	59.213627	9362.1607568264
174	5822.3154	1242.2367	6707.5947	3364.2537	6062.6836	1258.488	6808.7935	2337.0728	1000.0	1000.0	870000	650.6296	159.46114	825.7915	-163.3797	-652.06384	60.621174	9428.302474021912
175	4699.214	2651.9565	6437.296	-494.10947	6604.1147	805.7605	7178.489	4291.166	1000.0	1000.0	875000	649.59546	160.89238	814.0708	-262.56784	-650.9488	61.6113	9494.44096493721
176	6475.9053	366.1934	6872.1284	5850.2104	6581.8096	219.32309	7003.506	6203.494	1000.0	1000.0	880000	648.1004	162.63637	822.2359	-257.5792	-649.4554	61.539574	9561.524866819382
177	6342.422	225.67003	6751.54	6109.661	6707.968	186.20573	7032.04	6297.344	1000.0	1000.0	885000	647.7222	163.10323	824.77515	-241.39645	-649.0546	63.4712	9627.775967597961
178	6600.8447	228.56648	6889.7524	6291.922	6215.4194	565.72845	6746.957	4673.8506	1000.0	1000.0	890000	646.93445	163.94319	820.59045	-381.20367	-648.3038	71.868126	9692.654476881027
179	5816.0776	1035.307	6561.4434	3761.969	6503.2485	152.14105	6678.5557	6232.7886	1000.0	1000.0	895000	647.5113	164.58148	824.44495	-234.10707	-648.8338	67.498474	9759.054572820663
180	6526.847	247.642	6788.602	6088.876	6374.0366	412.21082	6814.9487	5353.3687	1000.0	1000.0	900000	647.0934	165.0655	820.4238	-276.7976	-648.4468	60.525387	9824.526590824127
181	6369.778	302.8484	6833.297	6031.7183	5201.293	1922.5482	6872.7837	1386.6495	1000.0	1000.0	905000	647.2368	165.91235	821.1002	-288.011	-648.5755	66.26246	9889.898941516876
182	6259.335	88.57645	6354.043	6119.781	6407.4893	557.6791	6806.0635	4783.134	1000.0	1000.0	910000	647.4163	166.31729	824.166	-292.28665	-648.7438	66.55245	9957.327657699585
183	6218.1357	619.5001	6771.924	5007.7603	5624.4883	1691.4397	6634.494	1498.3444	1000.0	1000.0	915000	648.3102	163.65788	820.66705	-323.97446	-649.71387	62.376564	10024.41709280014
184	6580.004	329.0052	6873.7036	6089.547	5008.0635	2263.1848	6675.7744	684.62085	1000.0	1000.0	920000	649.294	162.21938	822.93463	-155.74301	-650.6646	60.76345	10089.570910930634
185	6562.7905	299.41003	6912.5576	6083.5	5945.4614	1301.2197	7126.0513	2865.5486	1000.0	1000.0	925000	649.72955	161.99046	821.034	-317.2793	-651.1393	64.03448	10156.515917539597
186	6641.6963	160.25291	6897.719	6472.1123	6758.7217	272.65512	7046.25	6028.4575	1000.0	1000.0	930000	653.4749	161.03705	829.1422	-294.18195	-655.0216	60.828976	10224.249341726303
187	5797.4004	1233.484	6833.293	3560.2854	6315.4033	1068.6958	7153.272	3171.7764	1000.0	1000.0	935000	655.6865	162.33022	831.986	-174.35837	-657.06866	63.612926	10294.17022061348
188	6553.284	430.95596	6911.7295	5756.419	6663.05	330.31973	7216.244	6079.972	1000.0	1000.0	940000	654.7806	163.4168	822.42035	-319.5587	-656.14703	59.73279	10361.557893276215
189	6548.7935	216.7067	6771.079	6242.5264	6494.307	201.80084	6738.29	6089.825	1000.0	1000.0	945000	654.00134	164.27855	828.48065	-258.6855	-655.2817	60.484756	10429.173504114151
190	6339.233	108.66397	6503.3286	6177.373	6570.875	703.58984	7020.729	4523.844	1000.0	1000.0	950000	653.77795	162.91214	825.557	-271.66772	-655.1106	65.42781	10498.191462039948
191	6370.079	289.49197	6720.581	5912.86	6327.5728	1053.9902	7226.591	3280.1023	1000.0	1000.0	955000	653.58844	160.77606	826.1691	-215.17722	-654.8948	62.90995	10563.926778316498
192	6648.078	206.0955	7002.7188	6408.244	5981.758	236.4173	6234.981	5456.8755	1000.0	1000.0	960000	655.24414	160.27055	824.11804	-229.10939	-656.6648	63.97991	10630.073187112808
193	6198.9443	398.52438	6549.4956	5595.406	6157.752	690.3938	6939.334	4607.745	1000.0	1000.0	965000	656.6083	158.51324	827.11365	-358.37247	-657.9192	65.269615	10697.199051141739
194	4861.517	2123.0234	6917.1553	879.4454	6637.9688	653.7265	7082.437	4755.4854	1000.0	1000.0	970000	654.8444	159.56287	819.82166	-387.54056	-656.1141	63.888714	10763.742426395416
195	6395.741	541.8072	6899.3794	5518.7627	6855.026	250.85136	7194.3735	6415.627	1000.0	1000.0	975000	654.5469	160.37442	821.8479	-171.7449	-655.85034	63.889137	10828.842278718948
196	6434.3696	268.273	6827.085	6044.4546	6018.911	509.1271	6643.708	4918.9536	1000.0	1000.0	980000	656.34515	157.4851	825.95874	-241.95682	-657.7612	61.552673	10895.367445707321
197	6167.8594	516.6213	6682.234	5368.3745	6069.9014	146.9855	6314.0015	5813.838	1000.0	1000.0	985000	657.71967	156.00778	822.24457	-306.97772	-659.0607	64.23543	10962.490379095078
198	6472.7085	296.41428	6878.7837	5960.234	6769.4756	664.48773	7301.217	5222.1973	1000.0	1000.0	990000	658.70795	154.92249	828.3047	-238.22917	-660.01196	58.028355	11029.945348262787
199	6274.9414	464.20245	6734.4937	5645.7324	6754.7563	389.49973	7305.3794	6115.751	1000.0	1000.0	995000	658.3306	155.7299	827.88965	-222.3791	-659.6877	57.13111	11096.209457159042
