Epoch	AverageEpRet	StdEpRet	MaxEpRet	MinEpRet	AverageTestEpRet	StdTestEpRet	MaxTestEpRet	MinTestEpRet	EpLen	TestEpLen	TotalEnvInteracts	AverageQ1Vals	StdQ1Vals	MaxQ1Vals	MinQ1Vals	AverageQ2Vals	StdQ2Vals	MaxQ2Vals	MinQ2Vals	LossPi	LossQ	Time
1	-68.0159	97.26984	35.40705	-329.74133	-32.653145	31.843208	-7.01147	-123.13083	215.73914	23.5	5000	1.0669073	3.1158805	21.196896	-12.614863	1.0665187	3.1166937	21.008091	-12.200955	-2.3749108	0.38554448	46.193705558776855
2	-115.61185	134.74313	-5.8587856	-400.44196	-523.2838	765.35864	-21.755434	-2384.5967	309.875	224.1	10000	9.514048	5.282945	41.49289	-10.863287	9.51403	5.283228	40.379498	-10.447432	-12.372585	1.2746562	85.61582708358765
3	-162.952	516.2431	221.08609	-2094.1113	97.74918	99.86186	324.55862	7.4516044	288.94116	302.2	15000	15.208914	4.9752884	46.077736	-11.953702	15.20925	4.9791927	46.041214	-12.04397	-17.163548	2.2629578	135.35890817642212
4	155.29744	124.36689	309.93036	-3.0234923	108.28452	179.2169	612.33984	-7.12099	491.33334	219.1	20000	15.287684	5.6627483	41.48442	-7.956973	15.287829	5.6642666	41.58527	-11.601387	-17.117212	1.6664547	177.91958808898926
5	227.25494	197.28667	491.52365	14.575508	81.93375	157.05453	548.14667	1.0115093	543.8889	179.4	25000	16.192354	5.387164	43.015507	-9.931933	16.19283	5.3883657	41.385902	-13.685474	-17.940817	1.5831124	226.00763964653015
6	130.70297	212.00525	612.545	-20.36484	416.98956	261.91595	717.3896	13.726572	283.6842	743.8	30000	17.438444	5.0461316	43.258816	-12.709761	17.438715	5.047434	43.18305	-10.605055	-19.006962	1.7953756	283.42124581336975
7	297.88834	233.12994	644.0722	-0.41899478	271.67142	313.7533	788.19867	-0.6292527	678.875	453.2	35000	19.015017	4.8997717	45.853058	-10.947601	19.015388	4.9011526	47.87399	-11.483292	-20.568377	1.845456	332.9750647544861
8	320.31	236.83119	579.49493	-0.15421903	152.3132	201.21239	614.89343	-1.5129608	616.2857	295.7	40000	20.410482	4.8678546	48.18066	-16.93481	20.410826	4.867533	47.954567	-12.02145	-21.906742	1.7895737	375.10158944129944
9	343.56937	324.72736	706.46826	-42.061913	199.6146	286.84387	712.8784	-14.189995	607.3333	327.1	45000	21.82674	4.9725394	47.116314	-18.743523	21.827223	4.9725327	53.115788	-16.34199	-23.257261	1.8012311	421.5331931114197
10	550.665	247.1611	715.90454	18.06624	311.50146	305.1995	765.50287	0.09782237	841.5	498.1	50000	23.605427	5.2226973	58.996773	-12.708923	23.605732	5.2229705	64.88779	-12.107187	-24.998026	1.7243837	475.54660081863403
11	424.37604	274.72238	707.19525	19.82684	411.96625	318.13614	801.675	24.547419	680.0	592.4	55000	25.323542	5.4280457	57.804893	-13.040318	25.32401	5.4276233	57.09414	-15.723282	-26.60842	1.7469841	524.6719305515289
12	393.69577	307.8973	686.43445	-7.318635	287.0403	333.19916	813.0526	-14.408503	637.5	429.1	60000	27.067785	5.610732	58.901268	-26.214935	27.068161	5.610125	57.32353	-25.238276	-28.276445	1.813417	572.6471519470215
13	406.59763	312.6464	749.98645	-0.59504426	168.71666	244.3283	797.59863	15.016822	637.75	292.1	65000	28.72246	5.8893223	64.78046	-32.690807	28.722776	5.8900137	62.77717	-29.4353	-29.908308	1.9212292	618.9743506908417
14	261.02823	282.41516	750.71155	-5.924681	378.65707	333.7829	797.75793	-7.333219	442.81818	536.0	70000	30.109066	6.1748505	64.40472	-29.710592	30.109219	6.1756635	66.87495	-30.176634	-31.252884	1.984527	666.27903008461
15	408.63324	326.7911	732.2319	13.218071	451.1067	338.61752	895.2134	32.132626	592.0	586.6	75000	31.490543	6.4710855	69.059105	-25.818594	31.490965	6.4738946	68.69468	-23.977423	-32.60651	2.143441	721.659322977066
16	267.598	305.6932	778.2094	10.614133	340.72772	340.10052	807.34186	9.509411	373.46155	455.9	80000	32.651867	6.7021165	65.33396	-23.84174	32.6518	6.704781	62.713627	-23.89426	-33.715206	2.172311	767.9246144294739
17	357.18848	323.04337	777.7926	12.643877	554.6627	336.1142	803.26874	6.3219995	500.44446	721.7	85000	33.779976	6.97949	63.923553	-16.762625	33.780304	6.981984	63.618164	-23.348284	-34.81083	2.2029064	820.9047484397888
18	512.6481	311.06802	839.9002	24.263977	313.08118	301.97824	873.9284	7.506473	733.1429	413.4	90000	34.823708	7.0594797	63.01722	-19.672771	34.823875	7.060826	63.402485	-20.387838	-35.83359	2.1597586	873.9181659221649
19	418.45944	331.25916	789.86	-29.774132	441.2895	379.6387	835.30804	-9.592558	594.875	543.4	95000	35.915234	7.115991	62.465122	-29.28781	35.915478	7.1168733	63.958572	-31.301025	-36.918762	2.165316	921.5357279777527
20	399.8287	324.54248	887.9279	3.696405	374.72284	391.71347	877.6507	5.4922285	550.0	425.7	100000	36.94114	7.2466345	63.853523	-33.3975	36.941334	7.248313	62.923645	-31.844334	-37.93806	2.3231947	972.3911283016205
21	344.1276	369.50488	916.8849	4.795922	523.93195	378.04898	900.1921	14.887803	408.25	593.8	105000	38.094925	7.3803577	64.73434	-33.93134	38.09516	7.3815656	63.76693	-30.471504	-39.069298	2.4314399	1027.074951171875
22	311.92654	339.71606	895.93164	8.676882	311.09906	321.87448	870.7608	1.6725581	408.45456	391.1	110000	38.922367	7.3896523	66.83986	-22.15734	38.922657	7.3913383	69.81525	-24.989285	-39.892113	2.537489	1071.1101911067963
23	469.34665	383.76453	1026.7604	19.09123	674.949	407.95807	1142.9906	15.140212	505.45456	653.5	115000	39.784725	7.446916	66.18696	-24.049269	39.78496	7.449142	68.67468	-27.327894	-40.765945	2.6845613	1124.8131413459778
24	448.30756	391.1714	1039.0415	9.805483	324.39908	355.07224	862.7975	3.7061791	510.55554	376.6	120000	40.857834	7.401922	65.690865	-28.526558	40.85809	7.403937	65.83814	-30.681837	-41.8303	2.7280643	1172.3100323677063
25	578.52936	362.41998	1049.6564	11.924716	358.65295	332.24683	845.68225	12.108425	631.1111	452.7	125000	42.025837	7.4046984	66.683205	-24.181467	42.025978	7.406926	66.305626	-26.038643	-42.990208	2.9968874	1230.8794305324554
26	504.6255	304.62985	790.42114	49.87784	585.60925	377.06607	1079.366	17.190016	693.3333	617.1	130000	42.982506	7.39928	67.522896	-34.52558	42.982788	7.4006023	70.30908	-36.767803	-43.953598	3.0411627	1276.8661351203918
27	411.00702	342.15118	832.8099	5.082496	432.82236	367.51263	930.8231	10.688549	511.9091	532.9	135000	43.95188	7.317859	68.64149	-28.6899	43.95236	7.3178153	71.50824	-27.662224	-44.93137	3.0637727	1331.3563766479492
28	805.9278	123.55559	978.36945	658.91705	396.3636	342.08917	899.0171	22.334597	1000.0	423.4	140000	44.88496	7.244853	70.07995	-22.242905	44.88495	7.248119	70.24551	-23.309746	-45.86845	3.0587142	1379.9528150558472
29	690.31067	78.85508	803.91925	571.5532	274.70114	288.32	751.34985	14.274123	1000.0	359.9	145000	45.681286	7.2089295	71.70638	-23.079348	45.681637	7.2087207	72.73336	-24.946741	-46.683353	3.0806484	1427.1595623493195
30	206.64342	263.3214	751.1402	-2.7381659	458.24847	417.6919	995.5333	13.396723	247.21053	447.9	150000	46.256653	7.1273694	75.59894	-37.414593	46.256817	7.1304607	74.93478	-32.445854	-47.24774	3.3671157	1473.86327791214
31	489.93524	388.89078	1145.9052	19.610224	515.9299	391.74374	1118.2919	8.401296	554.6	540.8	155000	46.801216	7.174889	72.868034	-35.89957	46.801613	7.176338	73.05215	-29.26668	-47.748203	3.505321	1531.7553100585938
32	360.89636	350.58002	862.9647	20.514265	659.2763	453.3276	1234.8844	1.5268327	455.9	562.4	160000	47.280487	7.3348775	73.47234	-32.7701	47.28069	7.337246	73.86359	-24.379017	-48.211864	3.6159143	1582.296525478363
33	738.092	333.90536	1252.1857	169.06189	919.5428	551.8904	1419.7834	-5.0294685	855.5	728.8	165000	47.76544	7.4066296	76.43304	-23.993036	47.765522	7.410251	78.10947	-23.371021	-48.690105	3.5450943	1636.5180881023407
34	832.1684	497.31558	1439.4905	52.634995	735.0779	356.4531	1091.7318	45.9048	736.7143	758.5	170000	48.358498	7.5089083	76.75752	-35.418335	48.358624	7.5113134	77.58298	-39.418762	-49.31539	3.6532912	1691.0266857147217
35	841.7947	369.60294	1263.3312	157.48282	626.9137	442.54254	1417.3029	19.451956	850.6667	655.5	175000	48.974735	7.7410035	77.713524	-40.36666	48.97485	7.743337	79.219025	-40.952538	-49.946396	3.6633964	1742.992012500763
36	1017.0602	240.14217	1413.902	695.7551	606.88806	381.22134	1061.9645	42.540634	910.0	622.9	180000	49.638687	7.9451566	79.84219	-35.698395	49.639095	7.942736	81.34133	-28.509901	-50.575874	3.8411486	1794.494248867035
37	794.08795	307.20288	1153.7721	167.11789	739.9153	510.58206	1336.6907	4.42971	790.1667	640.1	185000	50.279213	8.207672	80.41827	-31.599474	50.27926	8.208741	81.985245	-26.470903	-51.238525	3.933681	1847.2413852214813
38	508.3033	423.50775	1197.9131	49.29425	1151.7965	471.3946	1677.882	11.184307	547.8	806.4	190000	50.87792	8.525335	82.0882	-36.213085	50.87802	8.528511	83.44004	-32.757164	-51.84382	3.9907415	1907.8479511737823
39	739.75336	467.69904	1533.5083	57.34409	511.66473	566.1048	1536.7019	-4.2660093	722.3333	393.9	195000	51.40511	8.848537	84.12426	-23.97349	51.405094	8.852355	83.0194	-30.200283	-52.378677	4.2897644	1954.6469242572784
40	656.4218	387.19174	1377.7349	49.51076	842.3675	496.36072	1482.8425	35.389103	658.7778	703.7	200000	52.1089	9.195019	85.20152	-25.973373	52.10909	9.199206	85.103096	-21.703547	-53.130768	4.483039	2018.1700510978699
41	606.1877	423.22897	1400.8817	55.52798	1097.1666	421.96844	1433.6555	23.288877	535.2222	830.9	205000	52.86368	9.514558	87.305374	-38.69669	52.863792	9.518282	88.5457	-29.918068	-53.870552	4.6974144	2072.785254240036
42	713.3792	487.41455	1395.3312	0.7225202	1004.2689	382.75818	1680.6183	159.59557	562.75	849.9	210000	53.564453	9.878536	87.56137	-25.836449	53.56463	9.880075	88.3836	-25.883781	-54.536312	4.7556367	2129.749217748642
43	596.31104	523.0272	1580.3691	15.834112	564.6205	403.6629	1183.0022	26.362028	425.75	559.8	215000	54.18526	10.540737	88.47201	-25.605303	54.18535	10.541372	90.5886	-38.12163	-55.16764	5.020975	2178.8071365356445
44	853.48486	183.8314	1161.3749	712.86725	1153.039	664.4704	1974.3613	11.665415	936.0	832.2	220000	54.486473	11.672273	92.19625	-46.47425	54.48675	11.673878	92.998276	-37.24142	-55.479862	5.253451	2236.5120260715485
45	686.60394	243.6906	1130.4437	338.98798	751.02716	658.7685	1808.5892	15.346334	713.1429	616.4	225000	54.866585	12.5933895	94.576385	-25.624683	54.866383	12.597345	93.33056	-38.192005	-55.89775	5.3499427	2285.728400707245
46	823.247	610.69617	1750.1204	40.371067	1282.241	459.01718	1819.5468	675.8703	679.5	1000.0	230000	55.439545	13.265136	96.5155	-40.133015	55.439636	13.268346	96.98045	-37.758728	-56.463844	5.7761436	2333.050423145294
47	737.9686	580.37335	1539.7662	1.6241459	859.9779	636.67096	1778.6742	5.3651376	617.7778	661.8	235000	56.120102	13.965066	98.05873	-35.004887	56.12039	13.968446	98.84653	-32.519207	-57.122597	5.7975135	2389.101531982422
48	937.57855	514.6342	1708.9895	-11.128547	1220.5151	659.8151	2018.3933	-3.7349746	838.3333	805.6	240000	56.854996	14.993435	100.3541	-28.319986	56.855324	14.995481	99.38055	-24.966581	-57.908047	5.9624047	2444.5813999176025
49	1235.169	623.9425	1850.5377	19.601772	752.20966	359.30676	1124.9061	20.223948	838.6667	667.9	245000	57.481087	16.254934	104.18788	-38.48134	57.48115	16.257858	104.495026	-51.186405	-58.607883	6.327381	2500.133810520172
50	775.5823	516.4898	1542.4713	14.352854	1661.598	402.8751	2100.3813	842.94507	608.5	944.1	250000	58.099483	17.758167	106.28236	-48.460876	58.099567	17.761707	107.1567	-49.726692	-59.309402	6.8132734	2553.322224378586
51	1081.3198	408.89478	1586.482	431.4379	423.70297	381.74686	967.0815	12.481221	950.6	336.7	255000	58.42422	19.194366	108.07971	-74.650085	58.4244	19.198715	111.270485	-73.20686	-59.626057	7.2457995	2598.0567955970764
52	771.812	191.34804	1165.4517	552.8254	1551.2904	403.05167	1959.0109	611.1168	819.8333	944.4	260000	58.414516	20.49979	112.44913	-85.40711	58.41466	20.502857	113.12643	-90.39025	-59.646328	7.608349	2650.58189702034
53	734.853	531.4079	1776.8007	6.1153913	1733.9818	695.2872	2157.3215	-2.402155	625.0	844.6	265000	58.537186	21.86378	111.50803	-49.272873	58.53737	21.868307	112.81313	-55.84804	-59.80939	7.825647	2703.647538661957
54	1006.0029	779.9218	2055.8013	52.10596	537.2436	497.09103	1880.6595	141.4107	674.0	365.3	270000	58.578682	23.460289	117.61419	-74.81142	58.57843	23.464806	115.81427	-55.750748	-59.86112	8.192728	2754.0642273426056
55	1007.5127	791.7299	1968.5837	15.249327	352.95355	318.37286	1051.3701	-60.385887	541.3333	345.0	275000	58.781105	25.12083	117.53558	-28.973799	58.78085	25.124434	117.895325	-39.36063	-60.133705	8.991929	2801.807401895523
56	1126.9563	664.1494	2062.9749	378.15067	826.0457	213.1377	1266.7003	543.51776	667.625	1000.0	280000	59.163494	26.421188	121.46205	-47.57629	59.163166	26.425724	122.77988	-60.21701	-60.521202	9.305868	2863.2976779937744
57	1527.9928	843.9496	2208.707	-3.7399402	1489.4639	669.60474	2113.7803	121.19887	835.3333	817.7	285000	59.795876	27.9055	122.370834	-58.978985	59.795822	27.90932	123.73935	-53.877575	-61.23536	9.787625	2919.802670955658
58	995.59814	553.93896	1987.8354	174.50244	1598.2988	857.5961	2329.5854	-2.0927925	643.0	771.8	290000	60.616123	29.146158	129.03467	-37.047348	60.61602	29.149937	126.052345	-33.537384	-62.056637	10.092201	2976.6982889175415
59	953.63684	694.4917	2125.856	216.1665	1280.956	891.1764	2070.0105	31.503841	519.25	702.8	295000	61.800945	30.25666	127.62517	-37.886715	61.800644	30.260584	127.67199	-35.91207	-63.320293	10.837781	3026.441612482071
60	1138.1973	704.58936	2102.2656	84.86868	1295.2561	587.28125	2187.1116	372.13953	709.375	754.4	300000	62.705544	31.28453	129.2218	-47.823544	62.705383	31.287994	131.42735	-40.809902	-64.14452	10.830778	3086.769676208496
61	1324.2722	666.2385	2217.0303	425.09137	1061.9077	908.1278	2358.0757	37.850506	711.1429	567.4	305000	63.70646	32.679134	132.372	-53.80652	63.706894	32.683167	134.22092	-53.58771	-65.09723	11.593137	3142.1146738529205
62	954.1955	625.72174	1996.904	222.00409	1394.2694	839.82056	2198.716	11.785559	650.5714	674.8	310000	63.784573	34.435165	135.3873	-30.362698	63.78466	34.43784	134.70169	-41.64695	-65.399445	11.8541975	3193.2377548217773
63	822.91254	631.1807	2121.2073	51.99905	1428.4984	950.3449	2336.889	20.44274	407.91666	701.0	315000	64.13511	36.07384	139.29933	-39.1525	64.13496	36.076286	138.83543	-29.358412	-65.78842	13.141954	3248.2887818813324
64	879.90955	725.4841	2165.1812	260.52475	1219.9307	663.77734	2297.3323	36.31476	642.625	738.7	320000	64.94794	37.383564	138.48686	-37.70297	64.94797	37.388035	139.92789	-45.404385	-66.579155	13.280791	3305.4845101833344
65	1372.3822	738.99084	2155.381	435.62146	1536.4473	703.8113	2253.6426	342.41754	868.1667	727.5	325000	65.603645	38.479767	142.68404	-35.201496	65.60387	38.481598	141.76666	-57.41092	-67.20329	13.717868	3361.2979729175568
66	1208.2537	876.949	2233.9937	27.416945	905.667	725.6258	2222.3757	0.9604275	586.6667	562.9	330000	65.98622	40.2816	144.90274	-72.87511	65.98622	40.285004	143.64986	-36.27369	-67.6284	15.083126	3413.2031219005585
67	1303.7948	611.56635	1960.8285	344.72202	1995.4313	516.6352	2269.4087	455.71442	843.0	921.8	335000	66.81777	40.85545	143.82549	-80.68704	66.81779	40.85858	145.05458	-49.425232	-68.41057	15.077277	3470.4920296669006
68	1996.0325	413.47235	2294.6165	1179.5841	538.2794	387.72675	1103.215	37.39268	902.4	420.0	340000	67.959404	41.682564	145.3383	-45.77213	67.95943	41.685932	143.59059	-60.95269	-69.53143	14.906082	3515.144804954529
69	1078.7075	943.5303	2243.8867	1.4139798	1752.8591	878.2904	2589.0623	330.7196	598.2222	808.9	345000	68.905655	42.612804	148.19695	-53.733135	68.90562	42.61701	148.08978	-65.30144	-70.49293	15.579911	3570.0833909511566
70	1078.3397	869.1653	2340.3777	143.5397	1067.3279	994.9931	2545.6565	-99.41903	674.1429	548.5	350000	69.69221	43.8817	148.92836	-42.549477	69.69263	43.884193	149.03552	-50.693214	-71.21252	16.097668	3617.656904697418
71	1357.29	923.32056	2279.7747	50.8253	1066.0144	760.81085	2495.2534	40.542633	649.625	557.4	355000	70.67376	44.873055	149.99303	-45.747303	70.67495	44.875084	150.45961	-56.565353	-72.24797	16.356035	3668.0436913967133
72	1522.4838	879.0911	2475.8447	96.39251	1462.032	984.26306	2521.9382	86.22828	706.5714	618.9	360000	71.67857	45.890656	153.7508	-72.64344	71.67939	45.891895	154.6984	-59.46533	-73.128365	16.122078	3716.78782081604
73	1288.7546	925.4216	2511.1763	76.132095	1811.4078	768.6077	2459.376	403.05878	664.0	922.2	365000	72.87248	46.68601	171.2581	-69.73007	72.873146	46.68753	162.09352	-54.672016	-74.27194	16.766254	3769.637628555298
74	1862.0349	473.6745	2296.6775	1075.2078	1639.3262	769.7932	2435.5981	107.26071	1000.0	719.6	370000	73.857704	47.55941	158.62451	-57.34931	73.85771	47.56269	160.12305	-72.74468	-75.5356	17.54685	3821.992075443268
75	1430.9294	830.2526	2546.2258	63.567726	1892.867	758.27295	2465.871	326.42813	677.125	939.5	375000	75.05685	48.466698	162.18661	-48.188927	75.05863	48.46817	160.31381	-60.226353	-76.55229	17.347008	3878.9797518253326
76	1738.8359	593.984	2414.163	665.41797	2189.1636	731.34283	2546.0657	7.582665	863.6667	904.5	380000	76.12478	49.403217	159.87857	-54.210743	76.125084	49.40449	160.45663	-59.10469	-77.76139	17.766592	3935.8101122379303
77	1814.4434	881.8597	2488.6392	3.0913584	2073.229	782.588	2606.344	-10.087185	837.3333	900.6	385000	77.61715	50.11003	161.54456	-82.10516	77.617714	50.111744	163.06944	-54.743607	-79.168434	18.40927	3993.217938184738
78	1795.6029	703.48517	2567.5518	687.59485	1933.8096	734.9684	2548.9778	601.3787	736.8333	858.5	390000	79.12704	50.53547	165.99133	-59.939495	79.126785	50.53997	173.23277	-57.84292	-80.59051	17.976532	4043.7737488746643
79	2387.8442	237.97032	2688.6323	1967.662	1614.1346	935.01825	2571.548	22.348438	1000.0	834.2	395000	80.981094	50.782864	167.55806	-104.617424	80.98093	50.786045	165.62527	-50.85775	-82.444214	18.545557	4097.0095200538635
80	2387.7134	157.49832	2495.6138	2077.976	1927.7175	936.6075	2776.5938	233.19519	979.8	826.2	400000	82.889854	51.127384	167.4022	-79.92154	82.88959	51.130905	167.86243	-91.23081	-84.48029	18.347036	4148.67107462883
81	1311.583	1298.3483	2421.4658	-1188.1227	1929.2253	995.61664	2683.5916	6.2489257	869.5	772.3	405000	84.33378	51.965694	166.86298	-58.614788	84.33402	51.969975	168.07233	-53.22117	-85.88952	19.030167	4202.820205211639
82	1718.6475	810.31116	2553.9446	214.40092	1043.8259	710.1893	2468.1216	112.07876	908.5	566.6	410000	85.68119	52.849323	171.63321	-58.689415	85.6813	52.85254	175.58594	-88.93046	-87.136215	19.15551	4256.285986423492
83	1488.3889	928.9752	2782.708	61.320316	1579.3134	916.12555	2624.7168	30.48687	636.7143	645.2	415000	86.727486	53.591805	173.05872	-60.441868	86.727325	53.59379	172.11664	-68.54453	-88.102615	19.828497	4305.4891176223755
84	1180.1105	936.46576	2593.6199	4.0051208	2131.069	819.762	2753.8872	343.44513	540.0	1000.0	420000	88.02364	54.401604	175.84206	-60.205242	88.0237	54.403873	177.71475	-66.636536	-89.7051	20.501856	4361.560083389282
85	1146.5743	1028.6708	2843.009	-2.7145576	1449.2751	1162.1606	2847.2021	52.88517	645.75	724.6	425000	89.033356	55.28321	187.9948	-69.636444	89.03432	55.286007	174.90396	-68.33985	-90.57516	21.639921	4415.06717300415
86	1329.6265	941.49084	2642.9094	-13.33566	1855.1927	1093.4662	2876.627	13.665759	682.75	685.8	430000	89.58453	56.424286	179.22458	-66.898155	89.58482	56.4263	177.53168	-62.51619	-91.251564	21.405489	4469.84991812706
87	1698.1942	914.1082	2655.5767	183.14107	1737.183	1114.5149	2702.4116	36.86933	681.5714	664.2	435000	90.46336	57.66067	180.85666	-55.033318	90.46385	57.66342	182.3485	-60.71094	-91.90042	22.180647	4520.840587854385
88	1967.629	722.9246	2551.2744	416.79825	1998.2649	1056.8369	2847.7026	10.483421	783.5	833.9	440000	91.069954	59.192936	182.61908	-75.05901	91.06959	59.1969	187.3939	-79.280174	-92.727	22.685396	4575.511300563812
89	2086.5671	831.0475	2742.5747	537.9591	986.6663	1008.1383	2670.2334	12.31058	1000.0	450.3	445000	92.33009	59.824944	182.057	-112.14648	92.32941	59.83027	181.3587	-84.1836	-94.05473	23.563515	4625.689690589905
90	1693.8821	842.0676	2755.9841	672.3105	2250.3738	1026.9697	2942.5383	-9.080379	786.8571	821.2	450000	92.936264	61.083614	183.1187	-134.14714	92.936066	61.08818	184.62296	-137.57996	-94.77491	23.647947	4682.172507286072
91	2116.967	606.05383	2769.195	1167.4036	1754.1562	1168.1119	2816.147	12.979996	803.8333	792.4	455000	92.94786	63.017506	183.84656	-85.20094	92.94712	63.01896	187.40266	-89.23334	-94.9039	24.586662	4733.303173780441
92	1706.24	1166.7726	2777.3464	10.616959	1722.0082	1255.7261	2970.34	-8.811035	649.0	612.3	460000	93.82965	64.506935	186.12665	-90.42453	93.8283	64.510414	186.81845	-66.32417	-95.799324	24.609348	4781.4169273376465
93	1652.6179	871.93726	2807.4517	361.78018	1666.4193	1036.5287	2916.2383	26.701921	685.25	733.7	465000	94.148865	66.45325	186.31464	-72.311745	94.14699	66.45825	187.9015	-74.661606	-96.06469	24.495184	4837.2178699970245
94	1549.192	907.06116	2925.2207	505.22946	1494.4907	1358.7339	3165.4724	-145.86845	866.5	752.9	470000	94.77274	68.36907	188.3875	-75.026825	94.76846	68.37783	190.90765	-79.1329	-96.54011	25.9319	4890.04546713829
95	1914.9109	915.6142	2994.9797	543.5747	2361.112	861.0098	2993.3682	-7.135098	917.0	842.3	475000	95.27593	69.66789	192.55836	-92.8662	95.27452	69.67162	192.39343	-92.3418	-97.25432	25.838015	4940.198353052139
96	2450.331	903.84534	3135.5317	450.72763	1965.8379	847.2784	2904.3457	493.74115	852.6667	878.6	480000	95.95729	70.49865	190.60982	-84.58538	95.95669	70.501595	192.95598	-66.27421	-97.70172	26.719843	4992.65749001503
97	1770.8756	1228.5815	2954.79	-340.60962	2381.7856	677.9978	2885.817	614.0018	807.5	887.8	485000	96.5624	71.25939	194.21992	-68.43236	96.56245	71.260765	194.0235	-73.613266	-98.26257	26.233427	5043.579864501953
98	2490.4146	761.8509	2999.0425	974.9149	2400.28	1073.9056	3168.78	70.4954	1000.0	823.6	490000	98.206696	71.470856	196.12791	-82.44874	98.20564	71.474	206.35843	-76.21889	-100.0441	26.389744	5095.799627780914
99	1387.2085	847.654	2706.9172	12.494872	1736.9988	1134.6542	3068.3228	11.187401	689.5	635.1	495000	99.41473	71.26171	198.42624	-82.70455	99.41448	71.264465	206.72105	-75.879005	-101.114784	27.279346	5149.7441239356995
100	1675.9269	1219.9384	2960.8645	-22.41278	3115.7434	129.99364	3306.9338	2902.6355	737.8333	1000.0	500000	100.720314	71.09538	203.01631	-62.556274	100.7204	71.09911	198.85918	-72.53689	-102.458435	28.362524	5205.861698627472
101	2774.7053	200.17514	3027.0881	2470.5842	2380.538	1208.9841	3237.7703	-0.13134982	973.2	783.8	505000	102.438034	70.71933	199.14276	-122.46007	102.4389	70.720024	201.78656	-79.03779	-104.36467	26.316755	5259.922904014587
102	1330.4231	1185.6431	3075.1821	-1.2690449	2308.251	1138.6511	3371.1985	477.66644	533.8889	790.7	510000	103.99882	70.481155	200.34668	-111.924355	103.99957	70.48288	207.13916	-131.77771	-105.59959	28.093477	5313.616176128387
103	1677.8474	1181.7775	3079.4167	26.551794	2543.0986	832.6328	3198.8718	964.86743	615.8889	886.2	515000	105.53775	70.18218	202.10974	-80.89015	105.538666	70.18436	208.5487	-127.96319	-107.27766	28.306763	5370.426165819168
104	2395.5105	761.8219	3120.0308	1139.9069	3038.9075	152.6855	3235.3328	2718.7065	846.5	1000.0	520000	107.34478	69.86945	207.36394	-141.86226	107.34475	69.871704	210.05293	-110.079185	-109.08817	29.72694	5426.878540992737
105	1730.2256	1031.9496	3165.2012	414.6422	2964.6792	316.9406	3210.5977	2068.0786	831.8333	964.4	525000	108.71541	69.69219	204.31027	-74.212006	108.71635	69.693535	213.29694	-78.603874	-110.316505	29.74037	5482.317199468613
106	3029.8801	88.59165	3157.2803	2920.7134	2835.0671	960.1482	3436.32	8.181668	1000.0	901.7	530000	110.03057	69.636665	211.04091	-132.2041	110.03072	69.639206	206.22849	-77.9637	-111.82075	29.838484	5539.036929368973
107	2224.4255	1307.7495	3154.502	153.25586	2730.734	768.52515	3150.8457	501.1597	729.0	897.6	535000	111.86314	69.53223	206.85547	-118.23725	111.86356	69.53403	212.16626	-90.1619	-113.468994	30.258879	5597.076038599014
108	2992.754	150.21805	3209.7014	2774.293	2182.524	905.56445	3328.829	790.7725	989.8	704.0	540000	113.51601	69.39214	209.63019	-88.61679	113.5156	69.398575	208.29486	-82.766335	-115.20537	29.803934	5653.539361476898
109	1579.0762	1094.9823	3218.559	458.5724	2451.884	777.93835	3504.877	1188.5048	640.125	779.8	545000	114.574295	69.612495	209.99347	-141.95047	114.574776	69.614494	211.86313	-97.705	-116.48548	31.181282	5710.26055765152
110	2391.088	515.2509	3192.4316	1618.144	3038.6562	641.11536	3533.3682	1573.4231	843.8333	959.7	550000	115.84556	69.685196	211.69328	-94.981224	115.84538	69.68863	211.86862	-134.13707	-117.77551	31.501463	5769.902546882629
111	1965.6731	923.4733	3142.5195	938.2691	2943.776	809.18384	3497.0085	810.06573	862.0	961.6	555000	116.6411	70.160866	213.7246	-64.90917	116.64067	70.1658	216.83395	-68.93245	-118.489655	31.800993	5821.017283439636
112	2089.9072	1015.4446	3269.689	254.19592	2055.562	1132.1538	3514.4373	675.99524	682.25	634.2	560000	117.95057	70.488365	219.11136	-85.90678	117.950134	70.4904	218.77908	-86.37493	-119.888115	30.998903	5876.19988656044
113	2392.8762	1036.608	3224.0	497.91135	1443.3865	1122.4341	3415.838	-11.382709	991.4	635.5	565000	119.28199	70.91017	216.8712	-72.49082	119.282	70.91486	214.91663	-101.17105	-120.94625	32.362057	5933.714656352997
114	1529.5712	1002.9462	3020.5146	14.4402895	2702.9045	1044.7643	3481.131	114.93337	641.125	845.1	570000	120.00186	71.561714	219.71495	-74.53436	120.00177	71.5647	222.78134	-74.19393	-121.8146	32.571835	5992.493510246277
115	2959.5125	392.7394	3189.6921	2176.7395	2308.3062	1368.4712	3569.313	-239.60207	1000.0	791.8	575000	120.99015	72.29298	219.16478	-66.387505	120.99013	72.29715	220.14207	-81.05873	-122.79874	33.460896	6048.149355888367
116	2953.7043	509.20667	3371.6428	1967.4363	1415.9194	1151.8816	3040.1523	12.505097	920.8	424.6	580000	121.94765	72.85338	223.36536	-80.43416	121.94762	72.8553	221.14209	-114.23562	-123.68518	34.721134	6099.091700792313
117	2466.0752	1736.2377	3559.087	-991.45953	2748.8794	982.6741	3665.0117	529.09216	1000.0	916.0	585000	122.67244	73.76461	224.60857	-62.8326	122.67222	73.767235	220.32483	-107.511024	-124.71082	33.773838	6157.533794403076
118	2149.0862	1356.512	3401.0947	216.38994	2478.3472	1219.7526	3520.9702	220.33322	654.625	841.9	590000	123.7433	74.73237	226.28389	-134.79172	123.74325	74.734	222.80847	-103.386246	-125.6676	34.707577	6217.523192167282
119	1813.7012	1249.1385	3248.0044	72.790764	2459.9316	1233.3468	3540.485	13.620331	634.25	752.1	595000	124.76611	75.20158	232.86401	-117.49862	124.76591	75.20538	235.10268	-87.618225	-126.57173	35.069897	6274.741869926453
120	1794.5267	1066.8557	3415.8025	329.54956	2751.7139	883.42725	3485.9565	1178.5137	560.375	845.8	600000	125.870026	75.887	228.3823	-90.30823	125.87079	75.89093	227.56967	-92.59482	-127.64474	36.289677	6326.843931913376
121	2466.618	851.99756	3186.971	996.55	3029.3503	1146.2522	3701.5466	-1.9766481	806.1667	852.2	605000	126.70311	76.40259	228.2017	-136.49123	126.703285	76.406456	231.19363	-159.50829	-128.61844	38.407726	6383.266381978989
122	2382.291	1318.3932	3640.1394	84.80091	2763.3137	1239.7993	3630.3499	219.7863	706.75	868.7	610000	127.43083	76.759605	231.13716	-96.28377	127.43087	76.7618	230.96844	-82.33841	-129.32176	38.64444	6443.932019948959
123	2195.2686	1271.7693	3619.1687	1.5087464	2850.1143	1258.1759	3860.6165	-8.452709	751.8333	835.2	615000	128.69041	77.11195	234.74583	-91.72861	128.68874	77.11663	233.46095	-116.67497	-130.57692	38.545223	6495.865872859955
124	2615.567	1133.5596	3424.8083	231.38266	2054.268	1421.485	3700.8032	7.7136545	801.0	688.1	620000	129.55655	77.28361	233.21915	-102.621445	129.55716	77.28814	233.26836	-139.54214	-131.46378	40.631966	6553.64727306366
125	2988.5964	709.1475	3500.174	1592.2622	2416.023	1520.5165	3691.7256	-1164.2191	907.4	878.3	625000	130.58456	77.60785	231.39929	-113.18744	130.58307	77.61354	235.0287	-84.2816	-132.52322	42.35189	6608.1086683273315
126	1741.3716	1027.8768	3532.4602	428.0798	3036.5552	1166.1272	3881.787	221.30101	702.375	846.3	630000	131.42818	78.13925	239.43584	-117.0822	131.4268	78.144325	233.72368	-98.23832	-133.3377	39.646477	6668.658475637436
127	2716.4941	1069.736	3691.9204	484.23636	2967.611	1494.0376	3958.5242	-426.06763	834.0	912.6	635000	132.12415	79.00931	237.4041	-107.76982	132.12434	79.01511	233.55495	-122.64037	-134.14923	41.150333	6725.860572099686
128	1865.519	1137.3608	3375.0596	410.5456	3644.259	155.88321	3991.63	3444.559	786.8333	1000.0	640000	132.49754	80.10497	239.90909	-152.19878	132.49893	80.104996	237.92273	-96.17926	-134.37775	42.002502	6782.6590757369995
129	2277.7332	1479.827	3825.0867	142.01137	2916.6829	1075.5227	3866.7751	779.35364	760.7143	860.8	645000	133.27943	80.84214	237.88379	-135.88063	133.27974	80.84654	237.20474	-144.96808	-135.28561	44.590263	6841.50680398941
130	2741.6558	1318.7317	3646.958	122.271614	3723.0852	137.9046	3943.887	3399.7478	812.6	1000.0	650000	133.15553	82.062195	238.59038	-100.15588	133.15556	82.064285	238.01872	-128.18333	-135.20816	44.228527	6893.243942022324
131	2219.994	1517.9563	3593.7625	177.76932	3773.9126	150.98013	4055.0764	3535.111	662.125	1000.0	655000	133.81476	82.89072	242.64156	-103.34932	133.81381	82.89822	239.41478	-93.08373	-136.02068	44.13177	6952.2054443359375
132	2424.0466	1078.331	3633.9004	824.8443	3146.303	979.27893	3631.43	227.18149	781.5714	910.4	660000	133.85484	83.94688	242.7011	-135.69339	133.85704	83.94662	240.24971	-90.30674	-135.95662	44.248745	7012.591433048248
133	2405.7603	936.25586	3491.8618	1165.1547	3520.773	208.75574	3768.3032	2973.6262	921.4	980.1	665000	134.15982	85.0752	242.71185	-129.01102	134.16019	85.08031	241.4284	-117.77122	-136.16252	45.420845	7070.609102487564
134	3372.1555	177.92531	3631.4714	3135.1235	3400.821	796.5793	3996.4722	1743.7969	979.6	903.4	670000	135.02101	85.7076	245.18094	-104.39849	135.02187	85.710075	243.01562	-119.36334	-137.03152	47.166286	7130.568070650101
135	2393.9275	1514.6617	3529.9338	197.22159	1989.0325	1476.0012	3779.9824	40.953358	844.3333	629.6	675000	136.11101	86.314644	243.89159	-132.42673	136.1102	86.32128	244.67267	-149.84657	-137.97234	47.429703	7185.548795938492
136	3129.207	583.0037	3559.0195	1886.8427	1960.9847	1301.7725	3796.8389	375.2058	891.1667	689.9	680000	136.48499	87.564644	247.4083	-103.94963	136.48521	87.570885	245.92352	-106.16822	-138.86836	48.08391	7245.159338235855
137	2324.444	1552.4935	3948.4414	-23.707275	3384.6226	172.70198	3680.6	3169.8157	657.8571	1000.0	685000	137.54398	87.84841	248.64392	-131.10614	137.54366	87.853424	246.87395	-124.73888	-139.82187	49.69872	7301.316299200058
138	2146.0205	1356.8026	3759.253	28.668797	2473.4307	1338.6187	3565.4563	29.45354	658.25	727.6	690000	138.31903	88.64522	253.57544	-111.96115	138.32076	88.64598	249.41681	-145.4194	-140.56499	48.79509	7358.621651172638
139	2639.7522	1339.9474	3757.4072	717.9456	3682.9016	130.40176	3872.956	3470.551	735.1667	1000.0	695000	139.28534	89.4287	253.5469	-124.2031	139.28516	89.43034	254.03339	-136.47816	-141.65906	49.69144	7416.758581399918
140	2385.9607	1268.047	3568.3577	535.1702	1986.6687	1110.9766	3849.132	131.99045	806.1429	571.6	700000	140.33836	90.11312	254.4337	-124.53006	140.33815	90.116135	252.33035	-146.43658	-142.50232	49.281494	7480.622284173965
141	2033.4153	1099.8159	3592.41	580.1572	1670.9323	1775.553	3973.3699	59.93545	690.1429	542.8	705000	140.84059	90.97025	252.82529	-162.94128	140.841	90.975044	252.45705	-157.59053	-142.9155	51.545074	7533.322233200073
142	2870.0273	1209.8274	3802.2234	1067.5931	2140.9807	1545.6761	3837.3286	177.86249	892.5	591.1	710000	141.42021	92.037544	257.74817	-100.47417	141.41869	92.04212	258.65866	-97.92412	-143.64236	52.507057	7589.698502779007
143	2129.0818	763.62555	3483.3838	1205.026	2631.4055	1381.9702	3953.9426	6.4416685	610.2857	733.2	715000	142.13177	92.78031	259.96234	-115.32429	142.13007	92.787605	257.86337	-112.35061	-144.45715	50.69982	7640.197804927826
144	2355.1729	1588.2069	4047.4436	130.08368	3529.1758	1121.0653	4169.3853	190.59818	628.2222	910.5	720000	142.97356	93.6549	257.58725	-141.49835	142.97119	93.661545	256.3199	-150.00507	-145.4287	52.989174	7701.1767592430115
145	2756.076	1048.7572	3891.196	792.30475	2872.4397	1351.3798	3859.4307	109.69931	908.6	820.2	725000	143.98315	94.90075	260.53745	-107.659035	143.98224	94.90288	258.36096	-151.74596	-146.25864	51.91015	7754.711592674255
146	3054.2092	746.57434	3647.247	1425.177	1935.861	1234.4498	4177.4575	352.58868	862.1667	501.6	730000	144.91873	96.18231	260.46255	-175.00615	144.9181	96.185356	263.13077	-231.19283	-147.12265	53.20685	7808.049407958984
147	3140.6008	537.5264	3711.3643	2213.4924	2930.1616	1107.7954	4493.546	597.9468	861.5	733.0	735000	145.584	96.98183	265.14737	-103.31261	145.58243	96.989914	264.8744	-109.08366	-148.24747	54.59494	7864.40954041481
148	2403.4966	1422.5071	3856.744	1.996511	3743.5938	579.0835	4116.1235	2060.3901	657.5	958.9	740000	146.36346	97.75549	266.71042	-116.52058	146.36365	97.75646	263.69583	-110.11221	-148.94614	56.89073	7926.09752202034
149	2915.4773	1250.0868	3786.6384	418.7641	3267.9883	1032.019	4198.5005	641.67523	800.3333	855.2	745000	146.67215	99.26197	265.1385	-127.373825	146.67245	99.26359	268.45795	-136.6576	-149.30696	58.753937	7982.8623876571655
150	2731.7097	1442.5548	3917.1528	348.6823	2550.8872	1567.3645	3999.7605	-10.622003	734.6667	687.7	750000	146.99438	100.20028	266.98596	-123.41048	146.99518	100.20502	267.56305	-127.296074	-149.28851	57.328823	8032.438856840134
151	2812.4636	1147.4584	3894.692	894.1587	2532.1863	1559.3344	4118.7954	-9.272228	759.4286	640.9	755000	147.83185	101.07638	268.71927	-126.55568	147.83043	101.08237	267.31894	-232.37862	-150.31293	58.523666	8087.059046268463
152	3231.2021	1269.8625	4190.8423	426.47498	3232.2026	1184.5742	3955.1125	-12.313611	854.0	854.7	760000	148.69696	101.497856	270.62662	-138.73013	148.69843	101.50183	270.82242	-134.82121	-151.2257	59.870815	8143.853209972382
153	3629.6492	168.49304	3849.5696	3340.2832	2692.234	1017.09644	3812.3157	839.75543	1000.0	731.1	765000	149.59149	101.86308	269.07748	-160.83043	149.59189	101.86275	273.3989	-152.71141	-152.14456	60.47339	8197.946005821228
154	3246.3945	611.5161	3933.5015	2152.0044	3124.0093	1232.233	4186.001	696.5818	858.1667	820.9	770000	151.08385	101.52474	276.17838	-147.51183	151.08156	101.53468	269.88748	-148.65157	-153.43034	60.24238	8256.486181259155
155	1878.433	1289.3066	3798.0854	-6.4275084	3312.377	1450.4446	4460.7617	553.5622	523.7	788.4	775000	151.68576	102.31253	274.91864	-151.72101	151.68443	102.318436	273.49994	-148.17557	-154.33884	59.328598	8313.78870344162
156	3576.7114	387.4728	3915.1846	3055.3599	3348.9126	1059.2063	4020.6226	292.44144	925.2	882.8	780000	152.87433	102.92765	277.62723	-195.9892	152.87294	102.93315	278.5472	-170.50233	-155.61601	64.79905	8369.63693523407
157	2386.131	1495.0416	3857.0566	174.11472	3785.773	350.7828	4103.3667	2792.7612	650.8571	971.7	785000	154.36478	102.68628	276.52658	-166.36176	154.36528	102.68969	278.36108	-169.55528	-157.00737	63.161682	8426.148342370987
158	2998.5117	889.6867	3740.095	1480.404	3386.5566	1058.5981	3932.3027	227.91809	820.3333	907.9	790000	156.45694	101.089714	280.84293	-155.89497	156.45518	101.100815	280.18542	-173.37105	-159.34067	65.209145	8484.70807814598
159	3252.256	1059.0836	4066.2246	973.56305	3533.789	1092.4888	4485.38	608.04706	845.1429	869.8	795000	158.1717	100.24533	281.14215	-159.8635	158.16919	100.25191	277.07715	-180.22456	-160.68163	60.91686	8550.59052991867
160	3236.902	1342.218	4062.3987	557.34753	2886.1062	1291.5648	4145.49	795.82434	834.6	710.8	800000	160.07838	99.36145	280.1816	-164.77713	160.0773	99.36402	276.54654	-168.27606	-162.37526	61.367302	8602.54315328598
161	3088.9495	1330.2313	4077.9238	630.55817	4073.7344	200.31708	4519.523	3808.1106	867.5	1000.0	805000	160.77005	99.48445	279.73157	-144.48639	160.76952	99.48949	279.02295	-152.81267	-163.2585	62.396187	8667.343869686127
162	2450.9695	1413.9691	4251.5034	948.4588	3553.5222	1262.5627	4310.1094	-8.917633	723.8571	869.6	810000	161.84935	99.59588	284.0602	-158.93344	161.84769	99.60129	284.05902	-161.87851	-164.07777	62.11066	8727.643867254257
163	3316.5876	1042.0864	3946.9333	1027.5266	3111.8948	1422.6393	4302.3745	76.072754	872.5	758.0	815000	163.19856	100.170074	286.18643	-131.7079	163.19743	100.17392	286.21182	-130.83427	-165.57372	61.51304	8787.120062351227
164	3761.944	279.97723	4169.596	3378.8455	3663.735	1160.2986	4445.0396	336.74756	971.0	886.1	820000	164.34192	100.69162	285.07217	-145.21272	164.33905	100.70092	287.06464	-134.80362	-166.63962	62.400303	8847.333537340164
165	2393.9167	1612.612	4152.532	275.76163	2854.5393	1440.3109	4182.7803	494.3184	598.5	715.5	825000	165.33185	100.4466	288.39218	-147.68504	165.3292	100.45257	293.0688	-155.78835	-167.60294	62.68314	8903.923615455627
166	3834.1204	130.6625	4011.7092	3643.2507	2572.0835	1662.3251	4228.01	5.366177	1000.0	625.9	830000	166.33775	99.86643	288.81726	-134.15611	166.33617	99.87276	285.94272	-139.9322	-168.59166	66.079414	8962.066789865494
167	2685.3586	1278.8383	4028.1067	242.83447	2681.8696	1361.0836	4083.584	406.13815	707.0	676.9	835000	167.94928	99.24003	290.0564	-150.4738	167.9485	99.244026	289.41528	-179.46954	-170.12015	63.868523	9022.875522375107
168	3083.6978	1708.4369	4334.2144	-293.39392	1897.9402	1432.9489	4114.0664	411.12607	972.4	561.9	840000	168.84474	99.06252	289.71786	-143.71518	168.8426	99.0671	289.75052	-139.36267	-171.08499	63.870026	9080.580068349838
169	3329.6125	1054.9219	4058.7334	1007.2123	3732.7212	1248.1072	4354.2715	4.9170322	857.8333	902.0	845000	169.99957	99.323364	290.72705	-161.57642	169.99826	99.32827	290.3237	-174.18076	-172.2949	69.56709	9142.42434668541
170	2807.8901	932.4038	3947.1663	1501.5693	2685.505	1482.2621	3910.6301	9.302643	745.7143	775.8	850000	170.99908	99.98509	290.8008	-154.86752	170.99869	99.9905	292.35217	-148.79922	-173.42659	70.4835	9205.949328660965
171	2082.1597	1414.2212	4089.597	5.3102865	3389.4062	1273.7402	4326.095	352.51816	549.7	911.0	855000	172.09682	100.318375	293.8815	-181.52115	172.0966	100.31704	291.28345	-151.42331	-174.49806	70.06637	9271.230836868286
172	3880.0093	152.02188	4146.0117	3677.5168	3740.1392	665.1253	4263.9224	2287.209	1000.0	955.9	860000	173.20894	99.9638	291.8176	-129.27534	173.20827	99.965904	293.01447	-183.49776	-175.25711	67.006966	9331.585089445114
173	4032.2395	157.66441	4237.045	3807.3416	3472.1323	1547.159	4462.7354	235.92545	1000.0	825.4	865000	173.89357	100.08913	292.51663	-279.41077	173.89171	100.09481	291.00848	-149.65372	-175.93791	66.30228	9391.63953280449
174	2823.7898	1266.6088	3963.0652	885.6865	3040.6934	1320.8638	4225.714	752.19543	896.6	746.1	870000	174.8596	100.39902	293.65076	-133.18105	174.8592	100.40148	292.10864	-122.446915	-177.11157	67.24978	9443.697068452835
175	2589.3435	1182.0994	4019.617	1152.5895	3873.4395	532.14276	4274.8857	2359.8838	670.0	957.6	875000	175.00366	100.98695	292.18997	-165.8395	175.00366	100.98764	293.66064	-144.54663	-177.27533	65.85668	9502.521563053131
176	3552.3516	749.21686	4226.1685	2066.224	4059.4194	165.65346	4231.9004	3699.0044	902.0	1000.0	880000	175.47662	101.95547	297.70047	-138.04659	175.47853	101.95367	299.07144	-186.77794	-177.71289	69.04491	9566.580204486847
177	2643.8755	1595.9889	4096.3965	288.385	3550.673	1654.8301	4644.867	-18.588326	675.7143	818.7	885000	175.52872	102.903656	295.85217	-134.62535	175.5304	102.90765	296.99576	-130.74568	-178.21758	69.40956	9625.067871809006
178	3040.4612	1319.4214	4359.4316	1029.1288	3713.8027	1344.7235	4521.7026	4.3848057	759.2857	901.6	890000	176.05318	103.27149	295.93274	-160.94815	176.05399	103.269615	296.69098	-153.10611	-178.54028	72.4355	9686.855055093765
179	3218.5535	1467.0137	4232.582	-3.0393775	2935.5542	1263.6027	4165.1064	514.6852	809.3333	783.1	895000	176.51782	103.29581	297.21075	-136.7616	176.51791	103.300255	295.93835	-169.17007	-179.04718	70.00928	9745.187217473984
180	3094.2659	1217.3533	4220.1045	591.8971	3502.0266	1544.1212	4400.649	371.19574	779.8571	825.1	900000	176.96745	103.35949	297.5002	-158.79263	176.96895	103.358406	294.68082	-134.70119	-179.60066	70.16141	9807.683582305908
181	2569.9175	1589.8695	4483.8813	641.58545	2559.7449	1793.0586	4394.336	-414.03345	744.6667	730.5	905000	177.40666	104.2303	298.09012	-144.35957	177.40875	104.22687	295.6865	-159.22221	-179.87297	72.94846	9864.112658500671
182	3233.798	984.3028	4109.254	1311.6176	2873.9326	1767.1622	4373.306	-0.5223401	801.5	803.3	910000	178.14772	104.765594	297.99918	-155.82114	178.14787	104.76719	297.57224	-170.28134	-180.70137	73.71439	9923.22647190094
183	3141.1523	1225.928	4168.58	940.5704	3981.0024	1104.259	4560.753	705.9854	804.1429	916.3	915000	178.60722	105.69465	299.60678	-146.3292	178.61003	105.690865	299.1968	-158.37808	-181.13626	75.30063	9990.441832780838
184	3540.7207	1002.37006	4569.782	1667.311	2836.0083	1427.9281	4263.2075	375.7248	858.6	705.5	920000	178.97342	106.56853	299.53323	-194.26218	178.97377	106.57245	299.34714	-228.9282	-181.50603	73.45996	10044.731175661087
185	3292.6792	1111.1962	4198.008	1043.5547	4141.6787	606.4606	4750.0605	2426.553	818.4286	957.3	925000	179.31659	107.74886	301.67728	-162.88011	179.31706	107.74717	300.61182	-185.08127	-181.75423	75.47139	10118.584859132767
186	3052.424	1027.7402	4006.1265	1200.3173	3355.0618	1378.417	4289.5186	224.32362	767.8333	837.0	930000	180.06929	107.919174	302.88672	-182.34601	180.07198	107.9178	301.18076	-173.80438	-182.60457	76.92695	10179.290348052979
187	2978.9126	1418.585	4374.643	440.75485	3979.711	164.86203	4274.281	3733.0203	750.1429	1000.0	935000	180.50793	108.863884	305.265	-216.12703	180.50949	108.865005	303.8568	-178.67833	-182.79352	76.07578	10246.92224907875
188	3527.317	843.03625	4118.432	1861.9355	3672.2336	1377.2805	4586.456	-4.694256	905.0	850.9	940000	180.84236	109.230255	303.7912	-228.0159	180.84457	109.23135	301.58786	-192.36255	-183.5681	77.78679	10307.544750213623
189	3324.1125	1480.8519	4251.768	99.89915	2820.2341	1340.3396	4345.854	645.5513	820.5	672.4	945000	180.8327	109.8576	308.0873	-195.37437	180.83159	109.8617	307.77115	-205.8602	-183.26045	80.54992	10366.759135484695
190	4194.109	132.75032	4388.632	3972.2754	3806.804	672.3511	4287.328	2384.2002	1000.0	923.8	950000	181.06126	111.55632	305.89407	-205.40054	181.0618	111.55501	306.17694	-225.83655	-183.83035	80.75347	10431.529721021652
191	3470.1096	1013.14575	4183.548	1280.0187	4153.8105	361.87915	4569.437	3125.1338	866.8333	973.7	955000	181.31216	113.76453	305.22385	-245.6448	181.31062	113.77531	303.6655	-239.10977	-183.99663	82.4383	10497.100769758224
192	3827.9595	293.86148	4222.176	3329.5203	4201.055	938.9939	4752.4497	1431.285	1000.0	931.5	960000	181.86507	114.121216	303.8323	-275.96915	181.86394	114.126114	306.3765	-255.29073	-184.37752	81.8462	10562.018801689148
193	2914.6643	1568.4719	4291.309	669.84985	4256.479	105.68817	4374.6875	4055.6313	772.2857	1000.0	965000	182.72363	112.69466	309.2488	-236.14555	182.72238	112.69807	315.17767	-239.7141	-185.34816	80.69557	10630.074080228806
194	4051.3315	112.002556	4172.706	3890.4873	3487.3508	997.1319	4106.013	991.9037	1000.0	892.0	970000	182.0804	114.56545	303.52017	-244.50093	182.0818	114.56769	309.03256	-233.1965	-184.48909	83.137825	10693.868797540665
195	2907.7449	1023.89185	4174.2583	1434.0525	3245.9695	1628.7863	4434.6816	122.58275	749.8333	770.8	975000	181.9801	116.94858	308.5112	-305.8375	181.98157	116.95275	307.7685	-290.49597	-184.74022	84.83176	10749.457381725311
196	2991.889	1251.5255	4243.231	1238.601	4300.033	147.12668	4580.253	4091.1086	752.1429	1000.0	980000	182.18025	117.90036	307.09015	-269.2882	182.18027	117.90186	310.6452	-277.53485	-185.14346	82.33819	10812.553406476974
197	3009.8992	1500.0826	4192.9463	341.22342	3656.5378	1439.8695	4508.7793	7.127195	747.1667	848.7	985000	182.29654	119.10666	305.13425	-232.57642	182.29607	119.10912	305.96317	-227.4533	-184.92728	83.03339	10869.843193292618
198	3436.077	1076.3546	4295.9736	1120.3683	3655.9543	1186.0122	4437.9487	1015.0784	861.0	926.7	990000	182.15025	120.55069	306.9713	-241.67311	182.15062	120.55103	306.2814	-238.2753	-184.8129	85.33311	10935.12590456009
199	3846.2327	572.62	4259.267	2583.2708	4042.1772	332.2165	4492.371	3200.98	935.5	994.2	995000	181.96829	121.98019	309.53003	-248.63315	181.97006	121.9801	308.67328	-254.39305	-184.46371	88.23316	11002.962177276611
