Epoch	AverageEpRet	StdEpRet	MaxEpRet	MinEpRet	AverageTestEpRet	StdTestEpRet	MaxTestEpRet	MinTestEpRet	EpLen	TestEpLen	TotalEnvInteracts	AverageQ1Vals	StdQ1Vals	MaxQ1Vals	MinQ1Vals	AverageQ2Vals	StdQ2Vals	MaxQ2Vals	MinQ2Vals	LossPi	LossQ	Time
1	-268.92792	67.43359	-158.47865	-356.16287	-606.9151	0.5039688	-606.16077	-607.6731	1000.0	1000.0	5000	1.4663334	2.5907125	16.616175	-6.4207673	1.4660532	2.5907857	16.130686	-6.827514	-2.379314	0.38270086	42.16262602806091
2	-256.92618	67.108	-200.17455	-374.99808	-555.7264	15.356135	-531.25464	-582.75665	1000.0	1000.0	10000	8.175028	5.755805	28.747036	-15.338294	8.174901	5.7556815	29.121696	-15.084138	-9.914145	0.79326415	83.99799299240112
3	-246.67859	420.86417	586.1874	-524.5919	496.44458	494.9161	1268.0016	-496.06494	1000.0	1000.0	15000	12.286882	7.87602	44.105427	-7.1058664	12.286988	7.8755193	44.34889	-7.9534416	-13.628688	1.3922397	127.88430857658386
4	348.24768	415.7936	945.4815	-220.62323	793.81287	523.24854	1165.2795	-649.1498	1000.0	1000.0	20000	16.241611	11.094759	54.215225	-8.401168	16.24151	11.093756	53.981144	-9.316707	-17.620104	2.1462255	171.15327525138855
5	334.12515	831.8317	1138.0889	-847.5549	207.23242	558.8009	1078.866	-443.13312	1000.0	1000.0	25000	22.507782	15.89924	64.70607	-12.423458	22.50772	15.898803	64.63367	-12.435469	-24.037306	3.3660116	214.69965744018555
6	287.7896	803.9504	1488.4489	-628.0816	1189.5695	622.2024	1905.767	89.43365	1000.0	1000.0	30000	26.60613	22.287073	79.79808	-22.804615	26.60636	22.286602	80.674965	-21.086815	-28.29414	4.210293	259.20855498313904
7	1781.3783	427.76523	2156.8484	954.0752	1738.624	932.7563	2525.4294	168.31075	1000.0	1000.0	35000	35.07312	28.646156	108.79429	-22.758408	35.073086	28.645296	109.78834	-23.204145	-36.6936	5.0338416	302.25384497642517
8	2225.6719	475.1378	2698.2205	1334.0947	2497.5295	406.75253	2856.6335	1508.2618	1000.0	1000.0	40000	48.031994	35.30737	128.20529	-25.87132	48.031834	35.306747	130.49742	-27.133976	-49.773212	6.8390975	345.26768040657043
9	2941.7883	207.90753	3139.2222	2673.5596	3281.7239	134.51666	3451.6843	3037.948	1000.0	1000.0	45000	63.32927	43.340023	163.37567	-26.343466	63.32885	43.33898	163.24411	-25.408188	-65.19623	9.655349	387.8199725151062
10	3270.6655	171.47807	3547.2507	3088.1982	3313.2046	405.94492	3717.0803	2158.3428	1000.0	1000.0	50000	81.37563	50.98162	188.27693	-29.039875	81.37564	50.980587	190.64145	-26.991127	-83.63193	11.749881	430.2041027545929
11	3385.7024	313.40308	3849.2468	2977.333	3838.6138	103.70297	3971.9275	3631.3284	1000.0	1000.0	55000	99.97803	57.31771	211.51569	-27.353506	99.977806	57.317276	210.97041	-26.122688	-102.37234	14.506934	473.15446639060974
12	3525.3328	195.71889	3710.3333	3168.445	4074.9673	140.21335	4274.728	3845.5994	1000.0	1000.0	60000	118.786995	62.780655	230.9022	-25.37146	118.787056	62.779526	231.19211	-23.907143	-121.41792	16.873453	515.3701219558716
13	4018.8774	80.21442	4147.5454	3911.3079	4047.3281	1184.18	4758.7153	524.07513	1000.0	1000.0	65000	137.39255	68.14811	249.3389	-28.072453	137.3924	68.146805	250.81769	-24.729046	-140.06082	18.583654	558.4838569164276
14	4227.952	161.99493	4519.611	4025.6904	4668.396	125.58501	4849.373	4409.216	1000.0	1000.0	70000	156.0711	73.28504	279.81335	-24.844332	156.07097	73.284195	280.79767	-25.250051	-158.874	20.291624	601.4472501277924
15	4523.1377	87.97547	4643.0806	4385.5186	4512.1943	741.1935	5094.2134	2338.0247	1000.0	1000.0	75000	174.4332	77.77969	299.5716	-23.892996	174.43306	77.77878	299.04095	-24.987337	-177.26845	22.408278	643.3343465328217
16	4697.1436	230.14423	5040.251	4372.9375	4952.8267	204.41855	5295.3823	4616.8335	1000.0	1000.0	80000	192.74477	81.79738	322.25867	-24.058483	192.74474	81.7969	323.5363	-21.29542	-195.71248	23.854397	685.039698600769
17	4676.155	269.97076	5174.9272	4370.2915	5128.053	120.26922	5318.3486	4952.0557	1000.0	1000.0	85000	210.39828	85.60451	346.30472	-25.627085	210.39803	85.60349	344.7669	-25.10184	-213.38396	25.15526	728.2171671390533
18	4925.2197	86.07835	5033.6	4783.213	5090.3096	226.18224	5528.226	4597.622	1000.0	1000.0	90000	226.87918	88.90754	359.86325	-19.096764	226.87909	88.90729	362.62958	-20.797003	-229.8632	26.196138	771.3713116645813
19	3990.2383	1615.5988	4912.4556	761.59955	5021.327	608.3978	5458.065	3255.4724	1000.0	1000.0	95000	242.2835	92.239815	386.32526	-36.193436	242.28336	92.23981	388.3301	-38.067562	-245.42862	27.887575	814.7924423217773
20	3972.0688	1999.6841	5135.764	-21.312296	4970.7095	1331.8734	5718.4277	1028.237	1000.0	1000.0	100000	252.55742	99.248314	397.46902	-65.00855	252.55768	99.24695	398.58328	-80.64432	-255.21245	30.257944	857.8073921203613
21	4499.9536	1286.2472	5221.718	1929.4269	5588.122	149.50174	5876.97	5441.412	1000.0	1000.0	105000	263.7988	105.68832	409.03293	-90.924644	263.79877	105.68828	408.7292	-98.04109	-266.42032	32.630936	899.9515149593353
22	5088.444	569.50555	5523.912	3971.3381	5426.538	112.10741	5669.9814	5247.228	1000.0	1000.0	110000	274.30856	111.23393	422.75757	-93.90912	274.30908	111.23263	424.09277	-90.38373	-277.33926	34.129448	942.7143356800079
23	4439.802	1396.5333	5433.0938	1698.642	5808.424	99.65308	5964.432	5661.761	1000.0	1000.0	115000	284.1992	115.97988	431.1411	-117.111465	284.19913	115.97831	431.38828	-110.62002	-287.16565	37.24951	986.1969485282898
24	5408.5503	90.64537	5510.883	5240.7666	5749.66	89.92832	5870.092	5623.5938	1000.0	1000.0	120000	293.6917	119.924225	440.09366	-101.54644	293.69144	119.9245	440.23523	-103.23124	-296.31656	39.42873	1029.6875109672546
25	5424.8794	133.81027	5639.0137	5225.5693	5607.71	1083.1711	6124.2134	2378.1582	1000.0	1000.0	125000	304.1557	122.16762	448.4003	-103.697365	304.15552	122.166916	448.8971	-97.189476	-307.0704	39.133488	1073.5811338424683
26	5586.3813	110.11866	5744.743	5412.8584	5822.098	140.08426	6091.94	5591.46	1000.0	1000.0	130000	314.45282	123.64292	454.65454	-90.50707	314.45312	123.642334	456.3623	-92.1793	-317.03476	37.264523	1116.1009211540222
27	5665.2466	87.613106	5801.513	5553.9766	6061.112	69.077354	6135.2334	5891.288	1000.0	1000.0	135000	324.71146	124.85127	466.69385	-81.80083	324.71133	124.85133	464.26163	-91.4873	-327.3094	37.17905	1158.497050523758
28	5659.03	125.712074	5856.496	5493.746	5967.184	65.42505	6084.8823	5856.832	1000.0	1000.0	140000	333.93607	126.14407	472.54977	-89.833694	333.93607	126.14416	470.5502	-99.705956	-336.43573	36.40732	1200.8787734508514
29	5719.8013	124.83428	5838.6685	5479.976	6310.5703	123.02734	6521.491	6122.1216	1000.0	1000.0	145000	343.01035	126.84295	479.4376	-89.21089	343.01035	126.84207	477.9308	-95.563	-345.58884	36.319187	1244.4916055202484
30	5831.1196	171.89981	6091.334	5601.887	5822.7197	1406.9105	6526.656	1627.834	1000.0	1000.0	150000	351.05048	128.77188	484.9594	-101.80303	351.0502	128.77182	485.96683	-119.85405	-353.91455	36.640255	1288.4007880687714
31	5839.62	152.70486	6061.836	5636.9155	6478.1377	180.3576	6707.7266	6128.3447	1000.0	1000.0	155000	359.86722	129.23537	497.78888	-110.352554	359.86697	129.23482	498.29492	-106.92138	-362.46405	36.241013	1331.9657127857208
32	5964.8555	76.99606	6061.8594	5890.3027	6641.7983	80.02249	6797.8643	6496.7847	1000.0	1000.0	160000	367.81332	130.16302	507.2592	-115.57835	367.81345	130.16298	508.4577	-115.01858	-370.53265	35.744244	1374.7911665439606
33	5904.744	250.09953	6286.706	5620.2	6487.2393	154.35518	6750.9653	6282.2964	1000.0	1000.0	165000	375.70502	130.68875	517.3554	-125.67107	375.7047	130.68837	518.13947	-127.01483	-378.23126	35.182556	1418.9371416568756
34	6047.4243	149.84035	6202.745	5777.2397	6718.204	65.32733	6819.613	6569.9326	1000.0	1000.0	170000	383.01846	131.15266	521.647	-133.67528	383.01825	131.15356	522.7212	-121.77277	-385.53336	36.379257	1463.198258638382
35	6171.2783	100.87195	6297.198	6022.7393	6725.337	110.31552	6899.0264	6530.202	1000.0	1000.0	175000	390.2892	131.50363	527.4878	-103.38205	390.28958	131.50293	527.8726	-108.73715	-392.6519	35.506187	1508.3656070232391
36	6105.9556	118.7216	6291.244	5926.585	6729.1865	93.81426	6863.857	6557.257	1000.0	1000.0	180000	397.28168	132.25896	532.0976	-105.310905	397.28177	132.25833	533.3363	-98.04293	-399.70892	35.346043	1553.7432701587677
37	6231.837	170.8897	6438.026	5930.063	6617.2383	128.11478	6814.898	6414.6416	1000.0	1000.0	185000	403.987	132.71095	537.8453	-138.5875	403.98682	132.7108	538.2913	-126.95885	-406.58124	35.981705	1598.5184400081635
38	6215.5117	118.429596	6361.0522	6074.8394	6823.927	147.73555	7085.5093	6620.5557	1000.0	1000.0	190000	410.33087	133.6588	541.9898	-113.10619	410.33087	133.65837	541.51074	-117.1947	-412.8496	35.20999	1643.317191362381
39	6355.2803	102.71554	6524.2495	6228.989	6944.6025	67.89619	7106.32	6825.0244	1000.0	1000.0	195000	416.59567	133.79063	546.8709	-132.8639	416.59576	133.79051	548.36444	-133.6972	-419.29535	35.876987	1687.703305721283
40	6347.792	159.16255	6472.4395	6042.966	6844.79	156.82501	7082.859	6616.0537	1000.0	1000.0	200000	422.7644	133.87003	551.419	-111.075966	422.7648	133.86887	554.4349	-113.974815	-425.401	35.79257	1732.7840738296509
41	6401.217	74.81323	6497.924	6280.705	6487.6724	56.42274	6582.4736	6404.289	1000.0	1000.0	205000	428.88278	133.98969	558.1586	-110.071106	428.88275	133.98947	561.3557	-114.19957	-431.1833	35.502007	1777.5676438808441
42	6387.2017	129.16582	6610.343	6236.76	6957.3813	159.19148	7141.859	6630.3403	1000.0	1000.0	210000	434.88376	134.23804	563.19147	-148.02136	434.8831	134.23851	563.8455	-130.79617	-437.0737	35.569683	1822.393214225769
43	6408.8784	33.637318	6456.361	6356.085	6867.389	103.235916	7013.7485	6685.962	1000.0	1000.0	215000	440.33737	133.67856	569.3644	-114.9719	440.33746	133.67825	568.5635	-107.74697	-442.529	35.81026	1867.1807556152344
44	6358.687	210.98445	6629.7886	6039.1567	7015.2007	126.63351	7220.9023	6740.327	1000.0	1000.0	220000	445.74734	133.30203	574.52576	-114.72253	445.74725	133.30144	574.51715	-111.5063	-448.24695	35.401337	1912.8171091079712
45	6599.628	132.5414	6794.557	6467.7466	6988.1797	92.81422	7183.5054	6882.439	1000.0	1000.0	225000	451.06006	133.01132	582.17224	-94.910324	451.0598	133.0107	583.4498	-109.50067	-453.44415	35.95139	1957.9185235500336
46	6510.575	40.617233	6562.83	6455.902	6985.06	74.13316	7166.31	6882.2183	1000.0	1000.0	230000	455.80188	133.30618	586.40985	-104.53846	455.8015	133.30666	586.088	-104.87334	-457.8279	35.289406	2002.8437798023224
47	6548.2046	223.86234	6863.775	6168.0273	7081.3096	131.27771	7279.827	6836.304	1000.0	1000.0	235000	460.66016	132.9225	593.5416	-94.28575	460.6605	132.92215	591.69574	-104.21133	-463.2122	34.023106	2048.214064836502
48	6591.785	93.66627	6747.4595	6454.031	7122.007	56.673416	7246.791	7036.809	1000.0	1000.0	240000	464.98132	132.76973	596.714	-97.368034	464.9806	132.76999	595.76276	-105.505325	-467.71896	34.60532	2093.141541957855
49	6624.6455	84.73365	6729.5933	6511.968	7090.051	73.10441	7224.527	6922.967	1000.0	1000.0	245000	469.60794	132.47546	597.4082	-123.562874	469.60776	132.47513	598.3073	-120.590164	-471.7823	34.234818	2136.5108580589294
50	6764.4	68.07175	6856.801	6671.1807	7276.8125	130.68997	7571.7183	7043.4614	1000.0	1000.0	250000	474.45572	131.61186	604.4645	-100.16718	474.456	131.61203	605.31616	-98.08572	-476.861	34.74958	2180.3508236408234
51	6725.829	147.94424	6831.45	6433.5327	7283.7876	95.41583	7474.761	7106.6943	1000.0	1000.0	255000	478.23822	131.83449	611.5274	-122.15134	478.2377	131.83424	612.82465	-91.39992	-480.7139	36.10114	2225.551556825638
52	6723.4233	353.4921	7041.117	6039.638	7417.493	148.7525	7689.718	7221.3384	1000.0	1000.0	260000	482.40668	132.18188	612.88947	-90.93866	482.4065	132.18265	615.9514	-86.66996	-484.4193	35.580154	2269.9708535671234
53	6808.1313	244.73613	7032.8335	6364.1953	7353.0483	68.12058	7442.057	7262.2363	1000.0	1000.0	265000	486.52252	131.87491	620.24994	-103.43759	486.52252	131.87468	619.94995	-96.53742	-488.944	36.051086	2313.844720363617
54	6959.4062	46.903706	7008.717	6876.2505	7296.617	83.63896	7420.4976	7165.984	1000.0	1000.0	270000	490.32553	132.10567	621.375	-113.391205	490.3254	132.10484	622.6395	-119.514626	-492.36444	36.85242	2358.8657228946686
55	6985.16	140.53523	7100.5693	6731.2817	7465.7256	107.0734	7657.8784	7265.0884	1000.0	1000.0	275000	494.20032	132.84108	633.60443	-111.6772	494.20047	132.8402	632.0299	-119.15122	-496.6957	36.374043	2403.702062368393
56	6929.853	116.06124	7079.199	6737.997	7577.4077	113.10269	7808.207	7413.906	1000.0	1000.0	280000	499.04623	131.79352	635.516	-124.263985	499.04596	131.7929	639.78046	-132.59068	-501.28714	36.252487	2448.818899869919
57	6889.052	174.55696	7110.9473	6599.901	7590.7627	86.99973	7687.3936	7359.3003	1000.0	1000.0	285000	502.90295	132.3177	640.22003	-111.37841	502.90268	132.3178	644.4092	-109.72211	-505.4781	36.3979	2492.7414495944977
58	7013.376	108.18348	7192.397	6870.1143	7421.1523	116.25027	7607.808	7212.1265	1000.0	1000.0	290000	507.119	131.69597	642.32837	-122.23854	507.11884	131.69597	642.419	-128.46858	-509.5292	37.40588	2537.991519212723
59	7025.604	133.5678	7188.782	6854.0293	7617.8037	87.84655	7733.9814	7474.9917	1000.0	1000.0	295000	510.68335	132.0825	645.63007	-134.65065	510.68362	132.08101	646.91364	-88.25089	-512.8668	36.967567	2583.6102995872498
60	7105.6743	116.4483	7296.221	6936.467	7809.572	92.6681	8029.8037	7673.077	1000.0	1000.0	300000	514.43097	131.74782	652.3258	-97.7978	514.4307	131.74701	654.43115	-112.53336	-516.8859	36.902596	2628.0806839466095
61	6992.12	171.07278	7152.4062	6665.2964	7855.415	140.30782	8112.5757	7574.2017	1000.0	1000.0	305000	518.21124	131.56534	658.5062	-92.12256	518.2105	131.56456	656.67957	-95.19121	-520.51245	37.512005	2673.319976568222
62	7141.569	230.81148	7457.5513	6792.691	7892.2783	93.59868	8075.7417	7728.5117	1000.0	1000.0	310000	521.69446	131.42436	657.0018	-110.8285	521.6945	131.42424	656.38	-114.78474	-524.1583	37.984573	2718.4137768745422
63	7315.905	231.83846	7561.3047	6893.248	7804.577	162.90997	8068.286	7545.616	1000.0	1000.0	315000	525.4234	131.32365	668.60895	-68.68163	525.423	131.32411	666.2971	-79.56379	-528.0073	37.954033	2763.722179889679
64	7239.6694	128.19118	7358.332	7046.207	7058.4287	57.156204	7145.765	6984.0205	1000.0	1000.0	320000	529.29144	130.62537	670.02	-94.63263	529.29156	130.62392	669.66534	-74.63644	-531.83386	40.412697	2808.962141275406
65	7248.655	246.4359	7523.2207	6825.109	8106.8955	121.67282	8378.877	7925.4243	1000.0	1000.0	325000	532.27277	131.08353	674.8523	-96.03061	532.2728	131.08269	671.03406	-113.35043	-534.5657	39.69313	2853.903195142746
66	7485.9165	127.20384	7732.925	7374.3877	7801.428	138.23901	8046.6313	7639.661	1000.0	1000.0	330000	535.0892	131.95845	676.90015	-93.065216	535.08905	131.95712	675.60956	-96.87202	-537.6193	40.031868	2899.556899547577
67	7322.587	131.724	7501.848	7174.2744	7715.134	90.03067	7910.21	7595.5933	1000.0	1000.0	335000	538.1805	131.98189	679.03235	-104.90124	538.18036	131.98143	676.432	-105.417725	-540.4714	39.7339	2945.1412014961243
68	7206.4478	154.82498	7361.8125	6941.8804	7974.3813	135.68419	8182.835	7744.728	1000.0	1000.0	340000	540.95935	132.57338	681.084	-107.457596	540.9595	132.57246	679.98883	-120.37983	-543.42255	40.24963	2990.123330593109
69	7394.643	290.67725	7614.1987	6834.7646	8208.749	119.24505	8428.009	8075.246	1000.0	1000.0	345000	544.3424	131.19489	682.55225	-84.47576	544.3421	131.19417	683.1766	-84.46569	-546.947	40.170193	3035.1619744300842
70	7320.208	159.13683	7609.816	7149.5225	8390.51	125.44733	8656.138	8227.069	1000.0	1000.0	350000	546.5492	132.32135	685.73535	-106.737045	546.54913	132.32086	685.5768	-98.961555	-548.4423	41.261536	3080.8149576187134
71	7526.3545	132.95892	7693.618	7321.3154	7483.3545	97.24274	7608.1855	7281.8066	1000.0	1000.0	355000	549.55505	131.29114	687.5573	-120.25467	549.5551	131.28827	686.90094	-103.08335	-551.8118	41.47578	3125.323477268219
72	7366.759	262.27325	7689.3975	6931.646	7828.7217	105.6579	8010.243	7689.516	1000.0	1000.0	360000	552.14655	131.28821	691.5786	-88.91873	552.1463	131.28743	689.28046	-112.024155	-554.64874	42.946342	3171.103100538254
73	7449.1924	72.54216	7528.192	7349.41	8340.4	100.73765	8514.791	8213.095	1000.0	1000.0	365000	554.6362	131.10074	691.72876	-115.8244	554.6367	131.09973	690.3796	-100.272934	-556.82416	41.5086	3217.153990507126
74	7635.05	204.80339	8006.3926	7388.1353	7805.9014	181.97903	8103.2524	7536.2505	1000.0	1000.0	370000	557.025	130.81592	694.5534	-82.14515	557.02527	130.81415	695.00104	-100.2171	-559.1637	40.757008	3262.4687712192535
75	7462.2275	164.85103	7684.546	7280.332	8159.0835	134.48878	8297.29	7885.7617	1000.0	1000.0	375000	559.42645	130.72737	698.55914	-89.636665	559.4263	130.727	698.01385	-91.7965	-561.634	39.877247	3309.0421364307404
76	7583.3735	174.7293	7766.2236	7350.154	8172.25	123.39855	8284.231	7920.785	1000.0	1000.0	380000	561.96594	129.81996	701.1907	-88.74215	561.9658	129.81895	698.7408	-100.10062	-564.0941	40.68972	3354.2731103897095
77	7758.1885	188.84702	8012.548	7485.3296	8135.6626	163.65434	8410.889	7845.0205	1000.0	1000.0	385000	564.0582	129.59572	700.0391	-82.558334	564.0585	129.59485	701.9921	-86.9893	-565.8808	40.56352	3399.4092643260956
78	7598.63	78.254845	7728.233	7486.0176	8467.352	96.54917	8590.594	8260.086	1000.0	1000.0	390000	566.2629	129.62349	707.87286	-84.27382	566.2623	129.62396	711.8137	-100.42232	-568.23474	40.835957	3445.6376650333405
79	7807.081	165.2236	7979.2656	7492.17	8602.84	70.231155	8735.193	8497.953	1000.0	1000.0	395000	568.0896	130.53629	710.88074	-78.03368	568.08966	130.5357	709.3355	-91.949265	-570.3017	40.719864	3492.4495322704315
80	7804.5103	167.86986	8030.701	7544.399	8564.505	141.50168	8767.047	8274.168	1000.0	1000.0	400000	570.4296	129.85078	715.057	-89.36985	570.4295	129.84991	715.44275	-94.75707	-572.6583	41.148327	3538.445737838745
81	7618.7197	131.04651	7870.114	7484.9497	8425.6875	221.20284	8871.895	8114.2246	1000.0	1000.0	405000	572.5462	129.48238	713.5096	-114.88171	572.546	129.48135	713.90765	-111.29065	-574.9109	41.828644	3584.9504024982452
82	7808.1914	117.292145	7966.0293	7645.4473	8456.025	104.99375	8576.351	8246.6045	1000.0	1000.0	410000	574.29584	129.47304	716.1131	-82.9825	574.296	129.47159	715.20105	-88.33871	-576.3687	42.336273	3630.5284214019775
83	7816.996	138.31322	8034.598	7681.4565	8389.101	104.77631	8515.807	8189.629	1000.0	1000.0	415000	576.10974	129.36241	718.42126	-97.17442	576.1097	129.36165	716.85	-91.4993	-578.3327	42.25755	3677.099102973938
84	7893.7695	190.95723	8255.753	7715.094	8566.994	146.34277	8775.587	8263.548	1000.0	1000.0	420000	578.7351	128.31102	717.3674	-102.1244	578.73517	128.30902	717.9022	-124.685524	-581.259	41.4892	3723.3511068820953
85	7799.095	248.02956	8138.904	7423.0767	8615.739	85.2962	8751.824	8495.746	1000.0	1000.0	425000	580.8025	128.38162	721.91364	-100.18787	580.8024	128.38087	721.78094	-94.83853	-582.8368	41.078476	3770.0380058288574
86	7840.245	209.26746	8163.542	7636.613	8216.377	206.12259	8503.521	7795.15	1000.0	1000.0	430000	582.766	128.95607	723.38605	-108.17611	582.76636	128.95427	724.5322	-98.7528	-584.7532	41.865475	3816.384025812149
87	7717.7744	60.00745	7811.396	7654.04	8600.814	76.315094	8728.497	8442.454	1000.0	1000.0	435000	584.7803	128.73598	724.5497	-122.47505	584.7799	128.73497	724.3008	-148.0002	-586.89453	43.17005	3861.808612346649
88	7946.483	151.1043	8191.366	7796.479	8284.963	80.575066	8402.838	8135.63	1000.0	1000.0	440000	587.13727	128.63626	733.4073	-72.631355	587.13745	128.63423	732.60175	-95.96191	-589.22424	43.004227	3908.350327730179
89	7841.072	123.92208	8067.567	7725.2925	8746.814	128.14766	8974.44	8490.665	1000.0	1000.0	445000	588.8138	128.74861	733.5692	-74.71596	588.81354	128.74638	733.28577	-77.28173	-591.1115	44.41919	3955.461365699768
90	8018.393	198.08545	8255.805	7784.5625	8657.38	111.44594	8847.279	8455.621	1000.0	1000.0	450000	591.16364	128.18486	733.2494	-104.32462	591.1638	128.18282	735.18567	-63.669533	-593.6136	45.167538	4001.831577539444
91	7894.108	136.47095	8157.679	7788.694	8567.362	84.83689	8728.473	8432.176	1000.0	1000.0	455000	593.0904	128.04324	734.64746	-100.6319	593.0905	128.0426	736.7065	-83.74638	-595.2474	44.095184	4048.5489387512207
92	8013.6772	217.80113	8415.722	7788.3335	8711.469	84.31642	8888.711	8566.401	1000.0	1000.0	460000	594.7134	128.77188	741.9859	-116.21172	594.7134	128.77101	741.66766	-121.01099	-597.1383	45.953945	4093.744289636612
93	8006.1094	164.32007	8204.314	7766.4497	8772.896	115.65451	9004.715	8643.89	1000.0	1000.0	465000	596.2703	129.32355	741.5391	-100.95036	596.2704	129.32121	740.37274	-112.4455	-598.77423	46.21653	4139.188330173492
94	7888.3604	495.43597	8199.885	6907.476	8636.188	82.3826	8771.306	8469.34	1000.0	1000.0	470000	598.8504	128.46764	744.1302	-129.63927	598.8504	128.46638	744.2535	-141.21002	-601.71936	45.517944	4185.058680772781
95	7902.5586	158.55652	8124.2456	7654.887	8616.381	79.61181	8706.185	8441.894	1000.0	1000.0	475000	600.65985	128.87758	742.8792	-152.3788	600.65967	128.87561	744.05	-137.06548	-602.8556	45.002064	4231.3325889110565
96	7972.9893	345.26434	8301.928	7421.623	8935.702	142.291	9141.427	8652.591	1000.0	1000.0	480000	602.3333	128.55199	747.1691	-117.92082	602.3335	128.55096	746.84705	-136.6604	-604.8269	46.156433	4278.151030302048
97	8245.293	252.57072	8496.814	7768.7026	8840.33	39.24157	8909.62	8786.728	1000.0	1000.0	485000	604.3469	128.54262	748.1358	-108.03114	604.3474	128.5406	748.45154	-116.33462	-606.4936	45.863537	4323.145205497742
98	8135.8438	97.52081	8323.208	8047.017	8802.312	170.99591	9045.651	8538.917	1000.0	1000.0	490000	606.3429	128.81143	755.2126	-122.048	606.3423	128.81155	750.90515	-120.91237	-608.67914	45.200558	4369.027690649033
99	8032.417	152.00542	8197.504	7844.13	8880.286	43.735893	8949.885	8793.645	1000.0	1000.0	495000	608.3759	128.90926	751.4036	-162.54959	608.37585	128.90793	751.4652	-140.57327	-610.6666	46.132057	4415.350576162338
100	8097.6914	78.997894	8184.3066	7948.4614	8862.283	98.29238	9064.685	8742.78	1000.0	1000.0	500000	610.1193	129.62253	757.16113	-134.80804	610.1191	129.62184	757.1208	-156.02235	-612.4772	46.041245	4461.9022879600525
101	8182.392	101.249756	8300.285	8047.4966	8729.154	79.0889	8851.237	8611.037	1000.0	1000.0	505000	612.2397	128.89934	757.41565	-124.901085	612.2399	128.89787	758.33636	-119.650444	-614.4086	46.338768	4508.71454668045
102	8178.053	145.67384	8446.14	8001.8174	9094.252	136.97191	9344.564	8837.717	1000.0	1000.0	510000	613.6394	128.92537	756.5472	-86.111115	613.63916	128.92337	757.71747	-105.15239	-615.9844	46.516155	4555.515265226364
103	8262.756	281.1545	8698.851	7814.205	9083.708	85.137955	9234.44	8974.1455	1000.0	1000.0	515000	615.75037	128.56755	759.9114	-119.43314	615.7506	128.56526	760.7882	-114.457504	-618.0994	45.838688	4601.140206813812
104	8329.205	243.5292	8749.107	8035.7603	9076.681	90.30611	9224.494	8969.74	1000.0	1000.0	520000	617.7975	128.68388	765.376	-99.548706	617.7973	128.68243	766.5551	-125.96618	-620.09186	46.052647	4647.838369846344
105	8250.64	200.2519	8618.267	8031.711	9077.568	105.392296	9233.163	8891.377	1000.0	1000.0	525000	620.0234	127.81797	766.6295	-97.347015	620.0234	127.81597	767.02747	-94.33519	-622.48785	45.887592	4695.011372089386
106	8106.4365	136.43388	8366.458	7970.0317	9081.51	116.45874	9290.097	8857.476	1000.0	1000.0	530000	621.6773	128.00517	769.5757	-86.828125	621.67725	128.00276	772.0166	-102.65095	-623.7604	47.124283	4741.62620472908
107	8201.889	217.07333	8588.051	7979.6997	8943.193	121.31522	9167.031	8780.596	1000.0	1000.0	535000	623.5546	127.18871	776.12616	-70.42056	623.5545	127.188065	777.4118	-81.56929	-625.8227	48.235466	4787.905868291855
108	8287.636	172.58295	8475.701	8007.122	9222.424	133.94687	9473.13	9026.196	1000.0	1000.0	540000	625.252	127.4638	776.72437	-81.34469	625.25165	127.462906	777.1519	-89.15083	-627.4896	48.06168	4834.588212251663
109	8225.873	321.45724	8466.908	7616.334	8648.928	74.320854	8760.76	8532.494	1000.0	1000.0	545000	626.8989	127.67111	777.405	-82.059784	626.89886	127.66953	779.59015	-103.18965	-629.0247	48.429256	4881.030823945999
110	8193.731	91.05989	8287.293	8065.6294	8872.357	104.24043	9032.662	8667.013	1000.0	1000.0	550000	628.55	127.833885	779.6733	-103.59543	628.54987	127.83293	780.4102	-121.66608	-630.7721	48.772476	4928.8483691215515
111	8380.911	93.6416	8525.22	8260.473	9214.931	62.562645	9293.349	9098.534	1000.0	1000.0	555000	630.11707	127.62863	780.11926	-112.076485	630.1168	127.62798	780.55383	-107.87685	-632.1843	49.754787	4976.255306959152
112	8605.505	118.75255	8670.106	8368.211	9229.541	122.51689	9410.047	9046.341	1000.0	1000.0	560000	631.56177	127.978134	784.9568	-108.336075	631.56213	127.9759	782.10034	-118.90452	-633.9394	49.8852	5023.359797000885
113	8453.432	232.68948	8772.633	8109.472	9190.861	174.856	9477.447	8898.313	1000.0	1000.0	565000	633.11646	127.01414	786.2692	-106.82278	633.11633	127.01255	786.0289	-118.40649	-635.6964	49.037964	5070.5543167591095
114	8402.572	137.20093	8610.542	8234.041	9078.387	71.62238	9200.009	8955.497	1000.0	1000.0	570000	635.1177	125.8588	795.2601	-96.9587	635.1182	125.855934	794.63104	-94.995384	-637.2656	48.415127	5117.613347768784
115	8438.123	148.99121	8633.774	8257.958	8989.02	163.57654	9229.611	8722.799	1000.0	1000.0	575000	636.4521	126.71153	795.1792	-105.54709	636.4519	126.70948	794.8694	-91.740654	-638.7405	49.345352	5165.082416057587
116	8286.862	100.53854	8430.341	8157.5454	8588.102	91.411575	8755.181	8401.364	1000.0	1000.0	580000	638.0857	126.846	796.08966	-129.29958	638.0858	126.84304	797.78613	-118.88488	-640.1315	49.60017	5213.281939506531
117	8392.942	260.86288	8703.782	7943.063	9178.521	130.07268	9398.057	8922.336	1000.0	1000.0	585000	639.2096	127.84733	795.36633	-178.75616	639.2092	127.84764	797.35406	-175.28346	-641.7932	50.939655	5261.147919893265
118	8440.434	107.69309	8585.819	8323.137	9098.3	138.22597	9411.627	8942.83	1000.0	1000.0	590000	641.1625	127.16003	802.8301	-170.4897	641.1625	127.1577	802.4295	-169.75363	-643.4248	52.636787	5309.624946117401
119	8503.674	224.96004	8911.863	8269.938	9284.741	180.6997	9495.891	8984.639	1000.0	1000.0	595000	642.21716	127.62808	804.02747	-138.69489	642.2171	127.62673	804.28357	-132.36801	-644.2198	52.791595	5357.538529396057
120	8639.224	258.07303	8916.495	8169.678	9196.557	74.9114	9297.356	9043.961	1000.0	1000.0	600000	644.01105	127.55636	805.5584	-154.12741	644.01135	127.55345	803.3003	-177.97495	-646.2958	52.13564	5406.33736872673
121	8488.135	287.55823	8907.976	8150.6616	8765.459	64.172775	8889.199	8636.221	1000.0	1000.0	605000	645.563	127.371254	803.51263	-104.436035	645.56354	127.368034	806.70654	-151.75186	-648.0519	50.638718	5453.738242864609
122	8417.384	152.79236	8639.854	8231.136	9279.514	130.23955	9482.219	9032.535	1000.0	1000.0	610000	647.496	126.81341	807.2679	-106.79313	647.4956	126.812454	808.1447	-105.84865	-649.4905	49.590206	5502.443823099136
123	8541.407	149.67622	8770.978	8311.809	9268.247	149.24345	9436.684	8969.302	1000.0	1000.0	615000	648.9914	126.965706	806.80896	-129.84447	648.99133	126.965096	806.1814	-110.10508	-651.2846	50.6392	5551.696142911911
124	8525.865	226.58888	8960.175	8321.308	9096.21	127.53675	9325.698	8942.189	1000.0	1000.0	620000	650.37555	126.61446	807.196	-114.66434	650.37585	126.61283	807.5021	-129.97621	-652.83997	51.469116	5599.394690275192
125	8517.509	174.96596	8851.478	8335.932	9247.087	134.38791	9439.199	8965.697	1000.0	1000.0	625000	651.46954	127.80615	811.42834	-169.40253	651.46936	127.804756	813.0675	-155.16965	-653.7122	51.904873	5647.91402220726
126	8564.174	236.67685	8806.013	8125.497	9167.791	104.12754	9333.322	8998.346	1000.0	1000.0	630000	653.1714	127.51583	809.392	-142.92242	653.17163	127.51418	811.646	-123.34047	-655.2682	51.437397	5695.682230234146
127	8646.614	120.98234	8792.887	8465.875	9468.494	132.4735	9689.663	9274.854	1000.0	1000.0	635000	655.05273	127.362686	812.418	-140.26482	655.0524	127.36033	812.8631	-174.07503	-657.5454	53.122932	5744.263170003891
128	8668.931	81.80641	8740.891	8513.523	8952.58	60.891987	9034.005	8864.275	1000.0	1000.0	640000	656.7594	127.144196	814.5637	-96.3946	656.7599	127.14063	811.05145	-104.93059	-659.2442	52.690495	5792.705698013306
129	8516.556	230.56064	8884.8125	8183.9297	9280.479	163.51103	9493.115	9019.606	1000.0	1000.0	645000	658.5617	126.58013	813.761	-163.13988	658.5613	126.578156	812.8981	-138.03195	-660.7829	53.755463	5840.922771692276
130	8682.69	122.99705	8846.849	8480.558	9380.511	71.616554	9490.393	9248.609	1000.0	1000.0	650000	659.8965	127.412254	816.36694	-112.56687	659.8967	127.41075	815.2079	-148.11505	-662.6429	52.99351	5889.448405981064
131	8043.7056	868.7397	8890.845	6407.7593	9468.396	102.79231	9632.247	9288.461	1000.0	1000.0	655000	660.7089	128.39526	823.77454	-128.77716	660.7092	128.39415	825.4401	-106.0974	-662.8195	54.3849	5937.489550113678
132	8508.09	266.785	8796.812	8171.9155	9484.042	95.0812	9648.181	9285.769	1000.0	1000.0	660000	661.99054	128.46184	821.75006	-173.9575	661.99115	128.45895	819.9594	-230.89755	-664.5207	57.875813	5985.273031711578
133	8597.895	150.1178	8779.51	8383.292	9379.172	225.55188	9753.0	9035.438	1000.0	1000.0	665000	663.01764	128.65353	825.9545	-164.87682	663.0177	128.65167	827.49963	-216.41518	-665.051	57.246925	6033.534458398819
134	8572.459	204.51408	8763.242	8176.257	9135.537	59.49373	9224.879	9012.765	1000.0	1000.0	670000	664.3005	128.28719	822.41656	-142.43484	664.3007	128.28554	824.1958	-236.80904	-666.3766	56.704964	6079.767979860306
135	8600.984	251.56088	9050.901	8362.656	9500.861	131.37595	9741.651	9337.629	1000.0	1000.0	675000	664.8947	129.53687	821.6056	-123.12533	664.89453	129.53462	820.1189	-130.9026	-667.1193	57.9411	6127.233963251114
136	8724.056	263.5619	9064.982	8337.167	9483.007	114.46536	9728.667	9265.381	1000.0	1000.0	680000	666.20044	128.80908	825.2834	-366.65317	666.20056	128.80705	824.1182	-347.48694	-668.5491	58.760174	6176.002410411835
137	8806.708	48.305264	8895.87	8768.101	9401.701	87.84658	9518.265	9249.216	1000.0	1000.0	685000	667.77075	129.14514	826.6446	-247.96426	667.77094	129.1435	826.1585	-262.9731	-670.4499	57.70645	6223.956879615784
138	8891.391	210.09743	9119.809	8631.787	9322.986	141.34447	9497.742	9043.677	1000.0	1000.0	690000	669.32416	128.59444	826.0319	-233.32889	669.3242	128.59152	826.8644	-223.22365	-672.01	57.923214	6272.58833527565
139	8532.205	81.449776	8655.28	8444.081	9378.889	99.95029	9551.092	9191.485	1000.0	1000.0	695000	671.2204	126.59942	826.8285	-129.5182	671.22046	126.59911	829.64813	-156.54526	-673.29376	57.047775	6322.619385004044
140	8799.717	179.99307	9054.327	8555.498	9559.722	160.9713	9787.666	9281.367	1000.0	1000.0	700000	672.5932	125.93936	829.7575	-163.73962	672.59344	125.935684	831.94	-201.38052	-674.9826	58.428337	6373.305301427841
141	7605.013	2127.0347	8875.794	3356.925	9279.075	98.06166	9408.647	9114.966	1000.0	1000.0	705000	673.6875	125.738304	828.5358	-724.12256	673.6874	125.736115	829.68463	-682.7852	-675.9547	61.20005	6423.755195379257
142	8694.248	271.03915	8960.741	8255.373	9351.981	118.677826	9615.018	9174.965	1000.0	1000.0	710000	673.9682	127.09607	833.168	-633.1098	673.9689	127.0911	831.87225	-648.0083	-676.3656	61.878326	6474.87269282341
143	8855.166	265.61615	9307.657	8579.319	9414.017	102.107666	9550.706	9218.866	1000.0	1000.0	715000	674.90967	127.51102	830.3272	-502.7787	674.9098	127.50895	831.9387	-416.40714	-677.326	58.899544	6525.695207357407
144	8747.925	154.21402	8945.949	8522.075	9118.32	150.03891	9379.696	8831.235	1000.0	1000.0	720000	676.3733	127.447784	829.84	-524.7361	676.3741	127.44547	827.5504	-582.2179	-678.8271	59.8142	6574.959447622299
145	8674.932	167.56714	8911.16	8470.896	9486.599	176.91342	9663.079	9138.549	1000.0	1000.0	725000	677.55817	128.41644	834.7763	-495.6709	677.5578	128.41585	837.0536	-505.9088	-680.1257	60.510014	6625.479274272919
146	8984.76	122.17376	9109.235	8810.883	9593.998	182.36394	9823.233	9184.207	1000.0	1000.0	730000	678.6946	128.67464	834.16077	-548.2706	678.6952	128.6719	833.75867	-561.3927	-680.8154	63.026714	6676.233102321625
147	8847.455	267.53613	9177.796	8404.954	9708.91	108.41537	9879.539	9563.764	1000.0	1000.0	735000	680.5775	127.76395	833.1715	-559.8378	680.5773	127.76158	835.11743	-549.2017	-682.7984	60.02051	6726.638212680817
148	9134.084	128.38608	9360.699	8985.587	9713.63	176.54153	9947.085	9382.221	1000.0	1000.0	740000	681.7621	128.55566	838.1013	-465.14813	681.76276	128.55577	837.01044	-485.19772	-683.8486	60.72107	6778.102078437805
149	8809.506	239.36554	9026.445	8455.068	9715.197	113.48002	9976.798	9577.315	1000.0	1000.0	745000	683.1581	128.55359	838.3165	-345.77676	683.15784	128.554	850.16187	-349.67795	-685.3939	64.27038	6827.617897748947
150	8927.362	162.14365	9158.564	8770.781	9950.641	156.83987	10222.052	9682.301	1000.0	1000.0	750000	684.5311	128.04413	840.52734	-355.78204	684.531	128.04391	842.02136	-352.84494	-686.9598	63.216713	6878.6125111579895
151	8992.538	186.17412	9200.979	8642.637	9762.997	120.8038	9903.801	9459.191	1000.0	1000.0	755000	685.4871	128.90173	843.5093	-513.44305	685.48724	128.90292	848.5671	-465.98178	-688.0002	67.75276	6928.735276222229
152	9152.383	90.541435	9259.354	8986.17	10037.607	207.84915	10241.924	9518.02	1000.0	1000.0	760000	686.92255	129.42311	846.03125	-391.2533	686.92285	129.42238	845.98956	-461.08832	-689.1325	66.34387	6978.536244153976
153	9104.315	159.87762	9380.0	8912.955	10051.442	86.1582	10215.226	9886.902	1000.0	1000.0	765000	688.77026	128.75853	851.1279	-435.51306	688.7703	128.758	850.2208	-392.3958	-691.2428	62.266567	7028.094127416611
154	9210.27	68.1678	9301.016	9094.57	9538.481	127.522385	9712.306	9311.113	1000.0	1000.0	770000	690.80426	128.05864	851.28815	-351.9477	690.8042	128.05872	852.7311	-336.1365	-693.204	59.229675	7076.371333837509
155	9005.289	254.69162	9279.013	8571.85	9801.561	64.174736	9932.745	9690.145	1000.0	1000.0	775000	692.1299	129.01562	860.05365	-397.46118	692.13025	129.01393	860.37366	-322.04883	-694.46265	57.306713	7125.85334610939
156	9146.844	145.41666	9286.038	8925.33	9443.073	117.760994	9679.18	9285.193	1000.0	1000.0	780000	693.7836	129.48918	862.1339	-433.34476	693.7842	129.48836	861.599	-476.50525	-696.49884	63.1123	7175.738494873047
157	9029.922	146.83052	9292.531	8883.003	9696.914	198.55977	10083.249	9352.934	1000.0	1000.0	785000	696.0336	129.94467	863.6949	-470.63333	696.0342	129.94337	860.2522	-544.0569	-698.3058	65.8739	7226.010678529739
158	7409.8604	3312.8098	9375.689	804.03534	9930.761	196.34517	10250.213	9539.925	1000.0	1000.0	790000	697.17786	132.07178	860.7589	-334.04193	697.1789	132.06659	862.74896	-343.64294	-699.6418	67.654816	7276.2543613910675
159	8064.374	2264.531	9385.798	3544.5032	9735.807	137.38081	9964.631	9436.248	1000.0	1000.0	795000	697.51886	134.21156	864.06793	-337.69873	697.5191	134.20789	865.0213	-346.01047	-699.8401	67.64747	7325.338734388351
160	9227.709	123.0487	9459.73	9108.108	9879.052	100.02181	10023.855	9713.191	1000.0	1000.0	800000	699.01166	133.95015	865.54663	-196.34656	699.0117	133.94962	864.80225	-209.78442	-701.5837	65.969185	7374.6802043914795
161	9195.131	254.1683	9498.515	8802.036	10210.674	165.48955	10413.0	9828.608	1000.0	1000.0	805000	700.2827	134.79988	866.7557	-355.17847	700.2824	134.8009	865.9392	-311.36154	-703.28	73.39711	7425.104682922363
162	9339.777	163.9924	9582.005	9072.942	9741.45	113.680466	9949.743	9604.509	1000.0	1000.0	810000	701.55176	134.17563	870.7197	-275.8088	701.552	134.1724	869.92114	-276.5281	-703.6915	69.76302	7476.090220451355
163	9315.396	217.40944	9691.604	9063.164	10054.509	152.63118	10280.253	9854.752	1000.0	1000.0	815000	703.21454	134.1559	872.02905	-291.2959	703.2147	134.15414	873.29254	-270.6363	-705.49854	68.15985	7524.735143661499
164	9389.159	150.52634	9591.125	9201.876	10078.1875	155.33365	10350.725	9835.335	1000.0	1000.0	820000	705.2143	134.50314	876.0338	-272.96414	705.21497	134.50172	877.32733	-264.68704	-707.5466	71.35174	7573.367381572723
165	9228.979	270.11627	9544.02	8741.17	10019.749	154.81676	10223.162	9650.445	1000.0	1000.0	825000	705.97516	135.30946	872.97876	-288.89	705.9749	135.30882	876.55963	-279.09326	-708.3316	70.20874	7622.4305193424225
166	9328.194	188.5053	9534.137	9079.429	10118.936	176.71161	10508.917	9886.516	1000.0	1000.0	830000	708.0221	133.04698	876.7704	-363.4955	708.02203	133.04552	875.3605	-373.24466	-710.6505	69.16906	7671.6128516197205
167	8739.221	1328.9049	9521.173	6085.4814	10061.781	130.19417	10271.85	9874.631	1000.0	1000.0	835000	709.38776	134.267	876.3732	-358.03467	709.3885	134.26466	878.38544	-460.43918	-711.9998	68.12749	7721.101114749908
168	9255.619	266.2637	9630.369	8861.39	10213.541	203.4676	10559.449	9756.885	1000.0	1000.0	840000	711.17957	134.58415	881.51324	-630.12366	711.1793	134.58478	879.9071	-591.3519	-713.57605	70.7264	7771.11870098114
169	9458.39	242.05676	9814.782	9129.587	10082.936	197.31497	10294.867	9581.757	1000.0	1000.0	845000	712.34064	135.15244	885.66547	-795.1569	712.3404	135.15431	883.0692	-885.8578	-714.7639	70.32672	7820.643971920013
170	9508.235	151.32239	9748.969	9321.458	10008.791	147.03078	10212.5625	9733.792	1000.0	1000.0	850000	714.0544	134.56488	884.87006	-698.6343	714.0549	134.5616	888.4717	-682.26526	-716.4838	75.77764	7871.090569972992
171	9392.113	236.83012	9735.843	9031.626	10026.916	118.39691	10223.274	9855.934	1000.0	1000.0	855000	715.06696	134.22766	884.2676	-464.9674	715.06683	134.22705	885.0552	-486.7532	-717.3852	72.245995	7920.512980461121
172	9374.134	84.91966	9476.928	9243.149	10318.305	181.09715	10664.096	9873.174	1000.0	1000.0	860000	716.2603	134.20743	883.6171	-398.0789	716.2603	134.2064	883.8663	-356.7158	-718.6962	69.7954	7970.550168275833
173	9498.545	234.35818	9847.663	9112.086	9683.314	86.76466	9852.165	9547.55	1000.0	1000.0	865000	717.7158	133.98993	886.8254	-462.9425	717.71576	133.98785	885.65265	-503.62802	-720.0853	67.381996	8020.246358394623
174	9464.386	207.18315	9642.754	9084.744	10394.665	154.84169	10698.71	10148.872	1000.0	1000.0	870000	719.4264	134.03024	888.0045	-160.86852	719.4268	134.02748	887.68567	-174.37262	-721.938	70.437225	8069.776778936386
175	9447.033	420.82806	9795.981	8625.71	10458.942	208.92532	10725.815	10009.164	1000.0	1000.0	875000	720.70233	134.42374	889.40216	-244.9306	720.70294	134.41815	886.1974	-215.08763	-723.3979	69.99972	8119.590328216553
176	9615.088	288.41913	9930.748	9138.877	10294.57	123.06292	10526.645	10049.704	1000.0	1000.0	880000	722.49744	134.22205	887.507	-182.81647	722.49817	134.21713	887.2499	-208.0881	-724.8494	66.78107	8169.545590162277
177	9396.048	313.9741	9691.746	8831.241	10083.842	151.35532	10304.819	9851.535	1000.0	1000.0	885000	723.8087	134.28677	889.823	-287.65985	723.809	134.28362	890.82996	-290.41394	-726.2109	68.313614	8219.959943771362
178	9244.147	317.14282	9683.737	8919.9375	10315.022	188.93639	10567.482	9970.447	1000.0	1000.0	890000	725.081	133.95369	897.57996	-271.8894	725.0808	133.95284	895.6243	-237.34299	-727.23236	68.357414	8270.743854761124
179	9730.01	86.80487	9828.787	9627.727	10360.065	192.64468	10641.674	9903.348	1000.0	1000.0	895000	726.6833	134.17018	906.1557	-224.23216	726.68365	134.1682	905.4659	-236.61536	-729.1989	68.68862	8321.339833498001
180	9550.203	176.17686	9805.463	9385.296	10023.634	143.40079	10215.37	9761.527	1000.0	1000.0	900000	727.89075	134.67151	898.1226	-366.86664	727.89105	134.67203	898.78986	-340.3512	-730.56866	70.1795	8372.876449346542
181	9477.919	285.20428	9777.506	9113.386	10112.174	149.54102	10331.989	9812.211	1000.0	1000.0	905000	729.3756	134.62581	903.11945	-140.98659	729.37506	134.62663	909.8919	-187.78741	-732.24164	68.55177	8423.320549964905
182	9519.471	141.3203	9762.849	9322.1875	10189.678	160.1601	10430.621	9892.56	1000.0	1000.0	910000	730.3149	134.76978	906.38605	-256.23532	730.3156	134.76912	905.9335	-273.26526	-732.841	70.111984	8473.906984567642
183	9517.117	321.3663	9936.518	9104.63	10518.8	92.38076	10701.664	10412.466	1000.0	1000.0	915000	731.3106	135.20728	900.56415	-160.67482	731.3111	135.20683	908.9656	-145.7843	-733.9058	72.54899	8523.912539720535
184	9549.83	239.73878	9833.828	9135.88	10293.705	123.74991	10498.835	10095.222	1000.0	1000.0	920000	731.79474	135.16507	897.34924	-288.2771	731.79504	135.16147	901.4568	-277.17502	-734.223	71.715576	8574.092032670975
185	9439.834	83.24285	9580.279	9324.614	10525.003	114.58817	10694.473	10335.65	1000.0	1000.0	925000	732.8632	134.4585	899.56604	-201.71548	732.8625	134.4598	896.40625	-240.48964	-734.8856	69.30484	8625.652070760727
186	9496.559	136.26585	9592.905	9228.478	10450.495	60.835506	10588.36	10342.998	1000.0	1000.0	930000	733.94617	134.61433	900.8234	-234.84657	733.947	134.61081	904.476	-311.89575	-736.298	69.59874	8676.896421909332
187	9746.504	112.28737	9902.639	9640.234	10519.256	164.44946	10777.684	10175.291	1000.0	1000.0	935000	734.95197	134.60376	901.06335	-286.26025	734.95166	134.6012	907.8102	-283.8979	-737.4606	71.80959	8728.182383060455
188	9645.877	207.83942	9898.043	9308.5	10196.235	225.74205	10496.148	9859.134	1000.0	1000.0	940000	735.93	134.2566	908.7954	-135.07658	735.93066	134.25595	916.09467	-163.27069	-738.64856	70.96284	8779.80130815506
189	9591.631	87.36338	9688.867	9430.765	9933.444	144.60497	10130.182	9708.482	1000.0	1000.0	945000	736.7277	134.84268	904.1214	-247.79083	736.7276	134.84354	904.5084	-224.49495	-738.9949	70.18387	8830.765300989151
190	9434.717	307.3868	9836.989	9053.358	10205.615	103.89195	10449.791	10028.84	1000.0	1000.0	950000	737.8038	134.5337	904.92426	-404.20267	737.80414	134.53003	904.88794	-306.0325	-740.5889	72.05363	8881.760531663895
191	9635.495	311.7201	10039.317	9096.648	10562.122	193.32272	10875.034	10152.539	1000.0	1000.0	955000	739.04944	134.123	909.4091	-369.10065	739.0496	134.11938	905.70953	-380.08722	-741.3817	72.92873	8933.75885105133
192	9871.625	204.69049	10212.11	9630.248	10551.263	192.36966	10838.666	10250.943	1000.0	1000.0	960000	740.6445	134.46614	910.43744	-186.06592	740.64514	134.46497	917.57965	-255.66096	-742.76953	68.76015	8984.616238832474
193	9241.475	345.0843	9853.033	8901.117	10669.251	105.81394	10827.758	10510.073	1000.0	1000.0	965000	741.77246	135.76439	915.00256	-302.8947	741.7725	135.76372	916.0875	-356.11154	-744.3671	72.2429	9034.67238354683
194	9512.479	315.39758	9841.92	9087.417	10396.589	119.87573	10604.546	10231.688	1000.0	1000.0	970000	743.264	134.91705	911.7918	-243.21788	743.26447	134.91388	914.45715	-207.19356	-745.5628	71.1374	9085.364207267761
195	9562.675	229.19554	9724.696	9108.9375	10549.778	142.25749	10754.1875	10336.912	1000.0	1000.0	975000	744.4609	135.35445	924.10626	-337.56766	744.46094	135.35617	919.599	-331.8371	-746.865	72.59661	9136.009461402893
196	9674.65	274.07803	9986.409	9281.553	10424.833	129.0796	10616.836	10254.535	1000.0	1000.0	980000	745.34674	135.80115	912.89624	-407.99506	745.34686	135.79684	914.2783	-373.84427	-748.0676	72.86851	9186.948273181915
197	9695.975	88.61468	9786.563	9545.481	10656.508	222.39995	10915.306	10244.456	1000.0	1000.0	985000	746.17303	135.53938	915.3161	-326.55273	746.1737	135.53787	919.3416	-318.50223	-748.7491	72.01243	9238.366845369339
198	9852.853	191.9562	10008.75	9481.237	10740.896	153.24236	10991.468	10493.312	1000.0	1000.0	990000	747.0752	135.61282	916.5626	-359.05954	747.0756	135.61182	914.1134	-398.7112	-749.7616	75.23574	9288.901859045029
199	9808.356	242.59918	10200.327	9438.212	10572.613	128.02629	10794.028	10395.22	1000.0	1000.0	995000	748.1137	135.50273	925.13043	-464.94897	748.1138	135.4991	922.4523	-411.10648	-750.2667	75.58699	9340.079298257828
