Epoch	AverageEpRet	StdEpRet	MaxEpRet	MinEpRet	AverageTestEpRet	StdTestEpRet	MaxTestEpRet	MinTestEpRet	EpLen	TestEpLen	TotalEnvInteracts	AverageQVals	StdQVals	MaxQVals	MinQVals	LossPi	LossQ	Time
1	-265.58276	110.9589	-83.18451	-430.3762	-584.7292	11.3124895	-562.09595	-598.1547	1000.0	1000.0	5000	8.753595	8.4235325	44.543934	-3.370266	-10.003773	0.4585891	60.57617926597595
2	-282.50485	101.07399	-177.2663	-425.8487	-362.11432	261.722	23.970993	-627.03503	1000.0	1000.0	10000	48.80896	28.486124	130.60611	1.0209358	-52.408646	3.0176926	121.45333862304688
3	-585.14795	639.27747	-51.02384	-1797.0778	-1078.6428	64.93177	-953.06335	-1203.7461	1000.0	1000.0	15000	120.029465	44.889793	204.43138	35.39803	-123.49155	7.3701267	185.17398858070374
4	-637.3787	196.68823	-484.20862	-1001.4827	-452.26205	282.3753	87.44599	-754.63165	1000.0	1000.0	20000	129.13824	42.4753	205.54543	58.218727	-130.76045	5.2860994	246.64179062843323
5	-183.35234	186.9251	29.67062	-493.74982	337.07404	135.21902	602.99805	88.78937	1000.0	1000.0	25000	140.76411	48.849102	222.2892	65.592545	-143.08842	6.38983	308.78570342063904
6	601.1323	571.5234	1296.8698	-321.21387	827.2355	576.64777	1330.1456	-636.9235	1000.0	1000.0	30000	148.73814	47.482014	227.8916	70.8934	-150.5128	5.76485	371.0481433868408
7	1735.1625	357.49905	2195.0388	1274.8641	2000.2812	172.9414	2245.852	1730.6575	1000.0	1000.0	35000	155.41536	49.304417	242.25218	66.47833	-156.97943	5.595074	433.85836601257324
8	2150.3596	247.32164	2434.758	1771.8746	2527.147	136.5204	2800.2417	2350.09	1000.0	1000.0	40000	166.9981	53.134995	263.18127	63.132206	-168.68172	6.521263	496.40843296051025
9	2176.2412	472.82425	2491.3967	1236.8047	2481.2185	368.44406	2826.1736	1465.739	1000.0	1000.0	45000	183.89742	55.178444	289.29895	39.265602	-185.67662	7.7199736	559.0787615776062
10	2558.1174	221.24686	2812.3809	2266.0488	2065.4978	175.22601	2343.4343	1729.8983	1000.0	1000.0	50000	201.76645	56.67823	303.17444	34.284298	-203.50725	8.488421	622.1558656692505
11	2465.7974	223.08577	2697.3599	2109.2668	2562.1716	368.28687	2859.9138	1485.5504	1000.0	1000.0	55000	218.97057	58.76745	326.67816	49.547905	-220.7206	9.3009405	684.9162743091583
12	2596.1255	416.3052	2970.324	1815.1466	2932.702	81.77125	3001.1396	2714.4497	1000.0	1000.0	60000	234.78061	63.504353	341.26904	69.76869	-236.52295	10.028327	746.0079109668732
13	2623.1133	284.02658	3019.4443	2241.524	3285.9956	209.82657	3561.9604	3013.1965	1000.0	1000.0	65000	251.62497	68.32355	357.16504	74.33319	-253.3679	10.359079	807.1332218647003
14	3222.3855	122.27608	3380.6768	3074.9758	3291.0586	117.81479	3471.5981	3066.1904	1000.0	1000.0	70000	267.23337	73.11752	376.90536	75.08839	-268.985	10.839786	869.402242898941
15	3055.9465	238.95486	3316.0815	2654.9128	3288.4695	175.63547	3521.2888	2936.511	1000.0	1000.0	75000	283.36252	76.10622	388.31363	72.826866	-285.1626	11.168322	931.7018728256226
16	3263.4062	124.44515	3363.6782	3018.88	3030.3042	100.12684	3280.722	2917.9338	1000.0	1000.0	80000	298.5366	76.903564	404.84576	73.787155	-300.3004	11.282654	994.1295483112335
17	3267.5173	238.23221	3457.8726	2799.3955	3444.0269	111.42922	3593.7532	3242.1646	1000.0	1000.0	85000	312.16544	77.980255	421.34866	81.78326	-313.91254	11.76817	1057.480155467987
18	3400.9148	75.702866	3487.2646	3260.564	3529.5645	142.80988	3780.187	3342.8086	1000.0	1000.0	90000	325.17514	77.68624	428.7748	83.75367	-326.95584	12.236827	1120.1049699783325
19	3391.2896	92.30535	3544.6477	3258.4624	3445.9048	100.16228	3625.2534	3323.9536	1000.0	1000.0	95000	336.75983	76.83085	441.3949	54.053265	-338.4829	12.421693	1180.7259080410004
20	3357.388	89.83918	3522.87	3251.0154	3774.1003	166.5823	3994.0938	3412.1516	1000.0	1000.0	100000	346.817	76.234695	451.94516	50.52081	-348.5501	12.867779	1241.9296929836273
21	3537.6274	64.192505	3632.8655	3477.3364	3625.5344	122.51136	3836.0166	3413.8994	1000.0	1000.0	105000	356.79865	75.54661	456.55878	63.310394	-358.5358	12.261314	1303.4515812397003
22	3439.9058	234.73393	3730.0916	3171.904	3710.3406	97.20332	3897.9753	3559.441	1000.0	1000.0	110000	366.1634	76.72238	466.3848	84.44017	-367.9027	12.295646	1365.7795059680939
23	3550.591	182.5801	3778.918	3327.7393	3669.0942	145.91228	3832.6262	3410.9243	1000.0	1000.0	115000	375.04388	77.94536	477.43048	97.67326	-376.77325	12.622481	1427.984065771103
24	3581.4219	68.96949	3684.0344	3507.4998	3991.5156	104.50578	4200.374	3869.98	1000.0	1000.0	120000	383.04953	78.45347	482.37708	94.5312	-384.76425	12.896973	1490.6065423488617
25	3624.597	99.08435	3747.0288	3464.9104	3711.2903	94.04224	3849.1108	3517.4282	1000.0	1000.0	125000	389.9683	79.35285	487.78552	103.845566	-391.62943	12.756666	1552.0861496925354
26	3627.6445	239.86563	3984.7283	3246.6943	3929.6008	145.2014	4175.4165	3736.632	1000.0	1000.0	130000	395.77063	80.329216	492.29346	97.379906	-397.41946	13.305415	1614.6609582901
27	3856.6187	120.45888	4007.0671	3650.061	3991.7136	100.93576	4139.2983	3802.4983	1000.0	1000.0	135000	401.61063	80.64057	497.39532	101.78305	-403.25928	12.991769	1677.1999385356903
28	3538.4277	519.0712	4123.0835	2801.9707	4117.2153	106.599884	4332.5835	3960.5996	1000.0	1000.0	140000	406.9642	81.278465	504.28455	88.01276	-408.5764	13.211062	1741.0001306533813
29	3864.1406	126.952965	4001.0579	3701.227	3641.8052	1039.536	4154.95	533.7226	1000.0	1000.0	145000	411.22147	85.14221	511.00345	79.934906	-412.7769	13.803803	1805.8588950634003
30	3812.9536	272.07593	4036.1213	3289.6582	4020.8997	86.89732	4190.375	3898.7637	1000.0	1000.0	150000	414.3103	89.77043	512.60065	48.117207	-415.8224	14.01585	1870.3605632781982
31	3896.23	166.01344	4128.3413	3656.8801	3519.6003	1313.3341	4275.8022	502.34436	1000.0	1000.0	155000	417.26703	93.83161	513.8124	38.7672	-418.7198	13.961917	1934.8952522277832
32	3642.4812	451.52316	4005.6284	2829.116	4264.361	163.87178	4500.3887	4026.916	1000.0	1000.0	160000	419.23334	97.00377	514.69696	22.84142	-420.7058	14.281039	2000.4744973182678
33	3782.248	274.78964	4116.469	3293.9563	3692.4302	749.68475	4167.5273	1490.6641	1000.0	1000.0	165000	421.35632	98.50097	515.1367	8.796051	-422.7451	14.815916	2064.730530977249
34	3737.5352	252.96223	4076.0642	3290.7966	4174.866	194.53337	4476.858	3843.3333	1000.0	1000.0	170000	422.3698	100.12263	518.4814	-16.754211	-423.7444	14.372893	2128.940080165863
35	4094.7993	135.40433	4256.412	3922.243	4126.5947	116.337715	4338.3	3930.2583	1000.0	1000.0	175000	424.3718	100.40709	524.4349	-11.730949	-425.753	14.255485	2194.1166553497314
36	3958.896	194.66487	4284.1123	3750.7336	3884.6804	1221.2898	4435.5337	230.12592	1000.0	1000.0	180000	426.12646	100.44824	527.8	-8.617995	-427.48276	14.501333	2259.447117805481
37	3900.562	165.4409	4084.972	3618.227	4214.1533	122.35979	4486.05	3978.218	1000.0	1000.0	185000	427.62555	101.56235	529.5938	-27.514597	-428.9749	14.549772	2323.2740070819855
38	3892.5747	196.69351	4103.1577	3527.2761	4075.5742	75.110535	4171.603	3964.0054	1000.0	1000.0	190000	429.64966	101.81372	527.7935	-28.554693	-430.9914	15.009645	2387.31201004982
39	4034.6316	65.67878	4128.4004	3939.2852	4030.2554	109.15616	4212.595	3840.3298	1000.0	1000.0	195000	430.8333	101.439766	529.07086	14.82971	-432.13165	13.810708	2452.0276551246643
40	3904.3882	88.44601	4068.6602	3820.1248	3908.2134	446.2794	4287.163	2611.0771	1000.0	1000.0	200000	432.95694	101.22333	529.3435	-35.176918	-434.28134	14.115839	2516.6701192855835
41	3962.364	119.668304	4152.33	3785.167	4345.493	121.99157	4509.1978	4125.695	1000.0	1000.0	205000	433.90192	102.25927	530.04443	-74.196465	-435.14774	15.334719	2579.88356924057
42	3981.0535	185.07707	4200.6353	3724.3154	3774.5527	174.58292	3968.596	3462.6658	1000.0	1000.0	210000	435.1418	102.10213	530.1449	-81.67766	-436.39676	14.471986	2643.7226531505585
43	3883.5051	240.5639	4108.2656	3488.3074	4277.626	101.02733	4473.6426	4134.083	1000.0	1000.0	215000	437.09842	100.827545	529.8611	-37.63402	-438.39124	14.364412	2706.389443397522
44	4028.108	134.3683	4182.8735	3831.0366	4122.215	62.921722	4218.6255	3998.9492	1000.0	1000.0	220000	438.1857	99.94741	531.9471	-43.435547	-439.4194	14.001422	2771.117676973343
45	3987.8052	181.64119	4210.5737	3690.4346	3873.7195	164.80956	4166.537	3693.5686	1000.0	1000.0	225000	438.621	99.10689	528.35736	-39.7944	-439.7814	13.383104	2834.01433467865
46	3935.8196	185.05222	4137.313	3596.5334	3945.0737	155.66846	4196.014	3726.5767	1000.0	1000.0	230000	439.00052	99.00119	527.9584	-40.36899	-440.1921	13.902689	2898.9455230236053
47	4085.3567	228.61186	4363.178	3687.3064	4182.6387	178.17804	4512.86	3863.009	1000.0	1000.0	235000	440.18716	98.629814	528.0177	-58.150284	-441.3514	13.5363	2955.00341963768
48	4199.441	91.37217	4352.2827	4100.6113	4174.779	77.67183	4348.151	4072.5068	1000.0	1000.0	240000	440.66507	99.270584	529.33405	-40.693745	-441.81696	14.112253	3019.022782564163
49	4001.2554	325.8889	4343.788	3406.5908	4252.09	82.386	4375.659	4129.6187	1000.0	1000.0	245000	441.17502	99.271225	528.6791	-40.185734	-442.3028	13.558016	3075.6097464561462
50	4023.209	74.625984	4113.162	3911.4292	3808.433	149.4082	4077.3777	3585.5625	1000.0	1000.0	250000	441.65393	99.408005	528.1911	-40.17042	-442.82144	12.968211	3138.348557949066
51	3926.5	217.34367	4180.8374	3566.4639	4233.2627	98.50514	4419.034	4103.567	1000.0	1000.0	255000	441.9595	98.597946	526.42395	-94.9267	-443.04175	13.895586	3195.3905396461487
52	3941.8047	259.84494	4220.2666	3535.4941	4136.197	131.19489	4335.49	3950.964	1000.0	1000.0	260000	442.24014	97.86316	525.52295	-109.30065	-443.2959	13.78266	3259.5626039505005
53	3890.5657	49.95537	3941.3684	3799.218	4139.456	115.371826	4302.423	3929.0754	1000.0	1000.0	265000	442.51727	96.69852	524.08466	-129.53969	-443.5861	13.557036	3316.7533135414124
54	3704.1926	274.91327	3994.8872	3243.5972	3922.398	79.0194	4085.3074	3847.438	1000.0	1000.0	270000	442.4051	95.965294	524.1247	-74.55223	-443.4416	13.156808	3378.953939437866
55	4080.2563	213.99026	4355.454	3769.0547	4451.6025	83.95432	4560.432	4332.574	1000.0	1000.0	275000	442.63174	96.31951	524.83655	-83.451385	-443.69214	13.200778	3435.0625286102295
56	4032.8237	189.04247	4377.239	3800.9878	4394.6143	104.634056	4559.338	4223.857	1000.0	1000.0	280000	443.80676	95.79691	525.95496	-95.717575	-444.83856	14.31525	3498.153875350952
57	4170.0615	106.01792	4362.4453	4050.6812	4401.733	128.95093	4662.149	4229.028	1000.0	1000.0	285000	444.64905	95.22184	526.2099	-126.9287	-445.7038	13.618918	3560.638076543808
58	3384.482	1549.5879	4281.1787	289.25168	3895.67	1147.4935	4644.0464	1360.7932	1000.0	1000.0	290000	445.6667	95.64015	527.262	-64.548805	-446.73984	13.24745	3625.2621648311615
59	4078.5312	157.0817	4301.262	3888.131	4380.169	101.40276	4538.3994	4155.6826	1000.0	1000.0	295000	445.20636	97.795715	527.0485	-115.83886	-446.2003	13.973831	3689.1626496315002
60	4105.578	107.68963	4240.0234	3918.295	4341.2964	125.214745	4534.684	4071.1545	1000.0	1000.0	300000	445.35065	96.843025	526.4381	-89.15849	-446.3703	13.870266	3753.299660682678
61	3937.343	221.87836	4259.657	3629.5361	4374.594	131.6758	4680.11	4201.0063	1000.0	1000.0	305000	444.85306	95.892914	525.22943	-74.08923	-445.7751	13.848268	3818.443172454834
62	3996.9038	191.21664	4242.727	3663.391	4319.847	284.47296	4579.754	3611.8245	1000.0	1000.0	310000	444.89642	94.87915	525.33374	-41.065624	-445.89685	13.268794	3883.5980875492096
63	4133.337	108.439514	4332.342	4014.1052	4361.0283	131.97221	4587.6577	4126.77	1000.0	1000.0	315000	446.17776	95.020195	525.18024	-81.06611	-447.2143	13.780284	3948.973771572113
64	4141.624	146.36118	4432.3384	4042.6052	4186.8276	100.21382	4322.4395	4014.542	1000.0	1000.0	320000	447.54584	94.31377	530.651	-83.013115	-448.5499	14.359403	4013.4406814575195
65	3920.6138	225.97682	4065.2913	3477.4211	4440.8804	129.46631	4693.924	4227.2407	1000.0	1000.0	325000	448.2708	93.3875	529.01227	-94.43626	-449.2447	13.859431	4078.6636815071106
66	3978.0234	265.922	4300.39	3527.6406	4481.3477	102.71554	4639.7363	4257.66	1000.0	1000.0	330000	448.431	90.44092	528.81976	-126.5767	-449.38556	14.720184	4141.61009311676
67	4140.634	250.78319	4483.309	3819.5413	4425.606	96.74454	4629.301	4251.446	1000.0	1000.0	335000	449.4027	87.38092	525.1695	-74.50783	-450.3596	14.759117	4203.699459075928
68	4104.37	158.79112	4237.9736	3819.044	4078.941	103.675964	4239.701	3919.4258	1000.0	1000.0	340000	449.28586	86.980835	527.4427	-34.614273	-450.19016	14.77963	4265.936192274094
69	4194.258	111.675316	4336.316	4067.5217	4527.9775	120.57497	4700.867	4270.82	1000.0	1000.0	345000	449.18433	87.74247	530.93646	-92.10201	-450.1481	14.461407	4329.160405874252
70	4119.2104	257.9457	4269.9917	3606.12	4552.833	106.02148	4679.5244	4311.529	1000.0	1000.0	350000	450.49332	88.15765	528.00696	-99.01164	-451.4469	14.17525	4393.127770185471
71	4250.4136	108.009	4459.46	4158.508	4169.663	151.25266	4390.435	3881.5566	1000.0	1000.0	355000	451.45868	88.380974	527.9014	-96.82913	-452.3827	14.423097	4454.927142620087
72	4180.1904	210.82732	4452.2886	3834.3115	4458.751	102.88922	4581.7627	4291.6855	1000.0	1000.0	360000	452.2576	88.50719	529.5744	-89.544846	-453.2204	13.939096	4517.427832365036
73	4080.6226	145.43678	4226.8975	3808.4407	4009.0571	102.045876	4222.8345	3884.06	1000.0	1000.0	365000	452.57843	88.02129	529.0361	-85.12779	-453.4856	14.002435	4580.958876848221
74	3870.8945	281.87582	4122.5366	3357.8894	4191.663	346.0161	4433.171	3168.9744	1000.0	1000.0	370000	452.85168	87.27074	528.3451	-124.58069	-453.7523	13.948546	4643.839446544647
75	4208.4653	119.666336	4384.485	4027.9878	4269.472	119.1267	4519.206	4046.814	1000.0	1000.0	375000	452.47147	87.61766	529.5581	-62.1824	-453.3741	13.98927	4707.23068523407
76	3913.15	496.21094	4354.7134	3031.4656	4320.2695	101.90684	4493.713	4124.753	1000.0	1000.0	380000	451.95697	87.3779	528.8468	-71.137665	-452.7655	14.213353	4769.364976406097
77	4138.236	115.823586	4247.778	3938.0623	4469.036	139.93202	4721.9785	4274.453	1000.0	1000.0	385000	452.09167	87.48711	531.10706	-87.95796	-453.03464	12.941471	4833.914060354233
78	4202.7036	117.848	4415.6973	4065.4304	4472.187	139.2954	4670.9067	4173.6587	1000.0	1000.0	390000	454.1455	87.51772	530.50183	-92.41192	-455.08224	14.030161	4896.431537628174
79	3970.224	249.48038	4218.7695	3495.4094	4268.1943	104.10614	4487.305	4106.946	1000.0	1000.0	395000	453.66772	87.336	531.2777	-165.7361	-454.4925	14.753427	4958.950524330139
80	4130.992	220.41528	4438.2725	3829.7551	4443.6724	106.10154	4628.704	4267.4805	1000.0	1000.0	400000	454.59216	86.621216	528.7658	-95.71818	-455.4926	15.8416605	5022.405170679092
81	4288.841	146.09116	4431.7407	4008.4011	4259.337	94.115295	4400.136	4066.5322	1000.0	1000.0	405000	456.00848	84.79892	534.2876	-138.5791	-456.944	14.652924	5085.408926010132
82	4268.583	126.15475	4385.182	4038.233	4285.8467	184.53638	4613.9585	3888.3354	1000.0	1000.0	410000	457.60565	83.405205	533.19275	-89.77608	-458.56244	14.505607	5148.133600473404
83	4133.4946	319.30365	4553.204	3592.2024	4524.6353	108.19415	4752.0415	4395.6733	1000.0	1000.0	415000	458.83392	83.729805	533.3948	-44.19969	-459.7771	13.728306	5211.2806169986725
84	4210.773	123.28247	4398.8784	4102.0103	4342.267	122.27505	4538.587	4141.1177	1000.0	1000.0	420000	460.02063	84.17584	534.2272	-68.661865	-460.9162	14.794608	5275.618213653564
85	3976.8606	174.58289	4187.557	3749.0742	4243.0195	141.1623	4397.97	3912.17	1000.0	1000.0	425000	458.85547	82.89935	533.8296	-75.5054	-459.65744	14.452376	5340.433301687241
86	4165.6084	139.94301	4323.2383	3908.6428	4578.0503	115.017075	4778.7974	4442.776	1000.0	1000.0	430000	457.68268	83.061165	530.45886	-101.19258	-458.51865	14.994261	5408.1809248924255
87	4192.7534	173.35591	4372.678	3869.2886	4585.4053	82.05619	4747.286	4439.0483	1000.0	1000.0	435000	458.94202	82.72343	532.5334	-160.96136	-459.8567	14.197725	5474.313952922821
88	4141.209	258.1186	4451.5366	3739.1648	3573.0813	138.1067	3868.045	3329.8281	1000.0	1000.0	440000	460.01782	82.245316	533.70105	-35.28368	-460.8858	14.300953	5541.859696626663
89	4057.077	250.67793	4311.3467	3586.0825	4477.5757	130.17334	4706.511	4316.068	1000.0	1000.0	445000	460.95544	81.74246	534.506	-99.411835	-461.89194	14.297073	5608.639944553375
90	4255.376	121.24798	4405.476	4114.8345	4516.941	155.58536	4746.5176	4221.9604	1000.0	1000.0	450000	462.1876	81.09416	535.628	-51.704845	-463.0638	14.265606	5674.98352265358
91	4188.0635	149.95206	4433.403	4003.7847	4389.968	201.94029	4741.014	4029.701	1000.0	1000.0	455000	462.20984	81.50936	538.4184	-71.36567	-463.0646	14.92606	5742.3163204193115
92	4293.082	163.85204	4462.824	4048.4465	4550.0024	89.999825	4722.1987	4422.106	1000.0	1000.0	460000	462.361	82.19345	534.6246	-84.95602	-463.2393	15.271469	5809.097931861877
93	4187.964	112.144196	4319.0107	4013.7078	4450.813	158.49202	4638.458	4081.0386	1000.0	1000.0	465000	461.916	82.44306	536.5531	-53.97292	-462.71365	16.688913	5876.8914132118225
94	4142.3267	79.00042	4281.9873	4037.9517	4231.092	90.06164	4369.6484	4141.5566	1000.0	1000.0	470000	460.36816	82.45788	532.2596	-61.266674	-461.06934	15.125628	5943.365282297134
95	3950.0325	252.68558	4376.192	3651.0532	3971.5796	115.271835	4116.303	3788.3728	1000.0	1000.0	475000	457.91162	81.89839	529.8816	-73.415535	-458.67026	13.540419	6008.843242883682
96	4071.515	222.23183	4296.9736	3770.7498	4321.425	107.23339	4445.8745	4066.354	1000.0	1000.0	480000	456.48947	80.827415	526.8567	-73.770645	-457.2285	13.525822	6074.174461841583
97	4126.585	259.08972	4348.424	3705.0432	4365.554	100.28565	4503.8945	4192.37	1000.0	1000.0	485000	457.47168	81.41417	530.4339	-110.52757	-458.3137	15.255098	6141.4068031311035
98	4119.4976	200.11183	4503.751	3931.5884	4341.8804	139.45813	4530.676	4092.7236	1000.0	1000.0	490000	459.10092	81.71256	532.27515	-129.14	-459.9214	14.9919	6207.640906095505
99	4139.1455	142.1943	4387.4863	3985.885	4057.3276	89.80293	4245.7314	3917.2039	1000.0	1000.0	495000	460.00806	80.92271	533.00073	-114.02569	-460.81955	15.003586	6273.703008174896
100	4094.1812	186.9549	4252.155	3754.3755	4498.894	176.65465	4761.3022	4168.7466	1000.0	1000.0	500000	459.87164	80.559135	530.95557	-81.67047	-460.65274	14.020748	6340.793394804001
101	4072.1987	211.88708	4314.7427	3750.6484	4356.7554	150.5053	4604.3726	4130.7563	1000.0	1000.0	505000	460.5332	79.784775	533.21936	-128.93703	-461.3136	15.647204	6408.06889128685
102	4147.4443	163.99013	4303.7	3842.7214	4430.1704	74.84161	4547.679	4336.358	1000.0	1000.0	510000	459.89157	80.04829	532.57574	-95.705734	-460.6777	13.799146	6473.2171540260315
103	4051.016	80.68606	4160.293	3914.87	4376.0205	160.95827	4651.2417	4026.8708	1000.0	1000.0	515000	460.65762	80.32939	535.7033	-90.82477	-461.44025	14.123378	6537.713789463043
104	4092.2942	241.2809	4335.3965	3636.7483	4349.6914	148.91875	4611.085	4096.9297	1000.0	1000.0	520000	459.86014	79.52896	529.3251	-84.333435	-460.6232	14.110303	6602.618890285492
105	4078.3047	85.18827	4185.5146	3931.0283	4563.7515	145.49574	4759.741	4347.551	1000.0	1000.0	525000	459.70923	79.11389	530.5721	-119.97832	-460.4847	13.699564	6667.297242164612
106	4237.827	110.51777	4393.6685	4078.8342	4471.3564	191.82942	4639.789	4052.1497	1000.0	1000.0	530000	460.00076	78.83681	527.89435	-99.20741	-460.7527	13.38746	6731.887323141098
107	4120.626	198.16093	4305.178	3758.7695	4383.515	121.59983	4587.8115	4193.982	1000.0	1000.0	535000	460.36755	78.09879	530.908	-87.96678	-461.1502	13.634206	6796.255844593048
108	4136.1235	232.6522	4443.1685	3739.8977	4093.9688	131.0907	4319.849	3896.054	1000.0	1000.0	540000	460.39337	78.325935	533.3598	-89.14445	-461.1109	13.824566	6859.033950328827
109	4033.55	159.93211	4316.8447	3873.2666	3771.8804	164.8628	4007.2188	3527.8442	1000.0	1000.0	545000	459.2314	78.62056	530.671	-90.881584	-459.9499	14.886082	6922.461821079254
110	4141.0703	174.04976	4305.98	3804.318	2259.214	1621.9882	3902.4	134.43007	1000.0	1000.0	550000	457.1583	78.37274	527.64996	-92.85095	-457.8192	14.585091	6987.018683195114
111	3962.1582	254.1161	4285.5483	3626.359	3934.7	481.18784	4454.312	2797.1792	1000.0	1000.0	555000	456.77258	78.06148	527.0654	-97.381355	-457.49216	15.583634	7050.394861459732
112	3974.2917	189.03136	4241.763	3689.478	4391.871	73.32109	4515.8584	4252.8716	1000.0	1000.0	560000	455.67596	78.13215	529.0334	-86.36051	-456.3037	15.824138	7114.279115438461
113	4157.854	166.75221	4332.3975	3851.7625	4507.9253	99.80349	4713.0146	4351.221	1000.0	1000.0	565000	456.57837	76.721634	528.08777	-125.64522	-457.3737	15.094406	7178.214033842087
114	3902.685	340.21753	4395.7603	3471.6145	4534.128	109.757545	4753.36	4383.415	1000.0	1000.0	570000	456.87372	74.45835	530.2124	-92.401505	-457.45016	15.944671	7241.902141571045
115	4298.1416	99.28968	4421.3276	4174.9644	4424.6562	108.893105	4616.562	4242.877	1000.0	1000.0	575000	456.3506	74.47317	526.164	-102.01137	-457.1502	13.924242	7305.467276334763
116	4172.548	224.98825	4466.643	3797.69	4347.0283	187.0129	4639.4355	4003.3618	1000.0	1000.0	580000	458.06915	73.951546	528.8244	-48.46487	-458.7558	15.393457	7370.019046783447
117	4164.214	192.31174	4441.212	3913.557	4520.7485	73.38161	4636.543	4372.9897	1000.0	1000.0	585000	458.13412	73.5342	527.95105	-45.843094	-458.853	14.559543	7434.493445396423
118	4152.882	157.1466	4261.2393	3853.2766	4446.3877	118.78936	4669.7383	4162.0913	1000.0	1000.0	590000	458.87796	73.438446	529.6847	-54.709064	-459.63943	13.187969	7499.508800983429
119	4158.0234	169.89403	4428.5815	3965.677	4428.76	132.31247	4623.4463	4197.615	1000.0	1000.0	595000	458.88522	74.31204	530.53064	-58.41928	-459.6139	14.6049	7564.908584833145
120	4136.3813	264.02246	4510.033	3820.4377	4419.4673	119.199	4612.215	4240.5464	1000.0	1000.0	600000	460.04346	73.451164	528.79016	-122.254425	-460.7425	14.3203535	7630.265098571777
121	4029.0454	171.30527	4158.104	3707.6736	4464.3677	109.67131	4605.998	4243.37	1000.0	1000.0	605000	458.8085	73.66734	528.986	-61.914925	-459.453	14.617237	7696.152531862259
122	4130.512	107.897385	4320.823	3997.645	4405.341	114.09692	4632.992	4237.893	1000.0	1000.0	610000	459.0954	74.121124	528.7284	-137.9689	-459.78796	14.599259	7762.336781024933
123	4319.9385	68.96117	4430.5044	4220.5225	4414.3403	85.29336	4549.5547	4242.203	1000.0	1000.0	615000	459.43808	73.856834	529.04193	-98.63188	-460.1619	13.913734	7829.030503034592
124	4187.081	168.37048	4368.059	3869.1113	4586.2515	74.340454	4698.806	4477.1216	1000.0	1000.0	620000	460.38193	73.27666	526.40955	-88.0189	-461.1457	12.966372	7896.459238052368
125	4177.398	200.5159	4400.941	3846.273	3896.5522	150.36473	4111.7124	3573.6873	1000.0	1000.0	625000	461.23575	73.02539	530.70996	-80.366425	-461.9481	14.023895	7963.3121128082275
126	3865.5652	253.64514	4211.458	3528.3235	4304.574	121.56369	4486.595	4094.0493	1000.0	1000.0	630000	459.2379	72.33892	527.784	-102.12137	-459.83826	13.894607	8029.7522921562195
127	4061.905	144.81473	4276.6343	3864.629	4522.3555	138.20154	4699.693	4214.564	1000.0	1000.0	635000	458.99973	71.87173	526.0902	-86.33319	-459.7217	13.668122	8097.5973126888275
128	4210.6963	158.00607	4398.7466	3976.9702	4298.378	95.88219	4557.195	4210.057	1000.0	1000.0	640000	460.76028	71.64985	527.23267	-93.029755	-461.5374	14.044156	8165.355228662491
129	4054.271	228.59471	4262.299	3743.2458	4079.2266	101.989624	4263.4263	3949.1511	1000.0	1000.0	645000	460.90802	69.82435	528.6601	-77.41747	-461.4991	13.941625	8234.439864397049
130	4109.0615	168.01012	4295.9272	3897.965	4475.174	147.8856	4662.805	4140.201	1000.0	1000.0	650000	458.93716	69.786514	527.25696	-52.031948	-459.59976	14.393777	8301.799302816391
131	4257.259	83.80932	4395.203	4167.0728	4289.1187	152.87729	4525.6396	4055.0613	1000.0	1000.0	655000	460.0317	69.785446	525.29297	-43.10066	-460.7525	13.114864	8360.70680975914
132	3965.662	221.38197	4288.261	3675.2053	4565.345	156.69044	4846.198	4335.905	1000.0	1000.0	660000	458.23758	67.50616	527.206	-20.311724	-458.7697	14.526813	8427.967487812042
133	4084.4094	100.46435	4241.7114	3949.7527	4457.0215	120.00162	4636.7344	4274.6323	1000.0	1000.0	665000	458.1153	65.08346	525.2026	-10.307569	-458.8349	12.956348	8486.923310995102
134	4228.5957	48.342915	4286.486	4170.1953	4545.441	151.89738	4742.031	4341.602	1000.0	1000.0	670000	460.04343	62.558693	524.4195	-6.687513	-460.8289	12.574557	8554.293765544891
135	4015.8171	401.7412	4421.4863	3294.9016	4128.7397	170.98518	4517.457	3882.0344	1000.0	1000.0	675000	459.67163	60.065628	525.2408	32.411995	-460.2805	14.420145	8613.45448589325
136	4063.2786	183.55725	4247.046	3777.148	4290.305	98.37622	4436.284	4145.031	1000.0	1000.0	680000	458.69873	55.90085	523.0888	60.192368	-459.3801	13.220792	8681.081274986267
137	4071.9048	179.30069	4334.0415	3876.9062	4402.579	122.006	4538.354	4158.066	1000.0	1000.0	685000	459.99786	53.1935	525.7553	31.33957	-460.7295	14.214125	8740.27299618721
138	4178.779	77.74384	4258.2715	4040.5352	4281.591	69.00907	4425.844	4184.7676	1000.0	1000.0	690000	460.95648	48.86161	521.3735	4.7707787	-461.66055	14.469131	8807.519980430603
139	4079.7852	120.62273	4232.0103	3870.7292	4547.893	45.115322	4619.948	4488.4214	1000.0	1000.0	695000	460.97433	44.691704	522.1839	3.811257	-461.659	14.11206	8867.387934446335
140	4259.1763	92.43056	4404.913	4123.008	4651.0654	115.67212	4941.4116	4508.8916	1000.0	1000.0	700000	462.9047	43.692272	521.1931	-101.04261	-463.69736	12.298263	8933.43602514267
141	4259.9204	129.29483	4424.8843	4059.8315	4433.315	112.69293	4710.5254	4269.714	1000.0	1000.0	705000	464.53015	44.238426	526.3085	-215.78719	-465.25186	13.3680935	8996.940569162369
142	4228.871	118.251495	4453.0386	4105.59	4567.1167	63.051804	4704.5903	4464.1377	1000.0	1000.0	710000	465.5515	46.47716	526.67346	-282.51807	-466.3444	13.568528	9061.07969737053
143	4282.992	196.05301	4552.192	3954.98	4657.6914	100.59807	4841.8584	4468.021	1000.0	1000.0	715000	466.4917	47.44581	529.84564	-323.79327	-467.2168	13.560197	9124.904467105865
144	4277.2983	163.66418	4551.995	4100.1216	4384.846	88.70218	4556.914	4287.6475	1000.0	1000.0	720000	468.16614	47.673515	530.45905	-359.18314	-469.0028	12.964846	9188.90905380249
145	4065.293	214.0114	4339.0615	3771.3782	4618.294	158.76842	4893.3438	4432.0825	1000.0	1000.0	725000	469.15677	47.34221	531.73914	-316.0553	-469.8463	14.092805	9253.771617174149
146	4158.9155	173.46426	4348.047	3878.185	3151.7583	442.2747	3427.5784	1846.2087	1000.0	1000.0	730000	469.2496	45.71248	530.7791	-334.12155	-469.91776	14.449925	9319.321112394333
147	3428.065	1352.062	4321.9175	746.1893	4322.288	150.25887	4581.9873	4129.871	1000.0	1000.0	735000	464.63144	45.901352	526.90686	-399.3584	-465.22745	13.59002	9385.168819665909
148	4110.6685	186.45934	4363.8896	3891.937	3952.3574	227.00925	4275.8887	3582.305	1000.0	1000.0	740000	465.24854	51.446426	533.871	-351.89084	-465.9324	14.939769	9451.432758331299
149	3932.1782	292.81683	4298.726	3548.7322	4499.423	121.79372	4723.6196	4354.1875	1000.0	1000.0	745000	460.87247	54.99993	527.98834	-273.58945	-461.27054	17.175163	9518.788322925568
150	4233.9443	65.20157	4340.7397	4163.284	4505.143	102.80735	4662.0337	4301.4043	1000.0	1000.0	750000	459.47522	59.776245	525.1949	-286.37372	-460.1084	15.176859	9588.557485818863
151	4224.761	110.88684	4333.0337	4058.5308	4305.031	125.56719	4499.267	4072.077	1000.0	1000.0	755000	461.11	64.54474	529.5416	-269.29703	-461.8597	15.571139	9658.769375562668
152	4052.707	26.62395	4088.2021	4006.4646	4590.6123	130.28339	4733.947	4365.6655	1000.0	1000.0	760000	462.0863	67.25805	528.596	-281.14078	-462.6915	16.426853	9728.868194103241
153	4181.361	392.74136	4582.261	3452.7102	4435.002	132.79947	4635.6543	4196.7017	1000.0	1000.0	765000	462.905	68.64818	526.22253	-221.37231	-463.5416	16.588375	9798.350605726242
154	3956.9446	244.24213	4136.299	3480.6338	4270.4443	131.92259	4553.584	4095.2617	1000.0	1000.0	770000	461.89017	68.87904	528.2108	-207.7643	-462.4744	15.601269	9867.364510297775
155	4140.759	250.27924	4485.079	3832.105	4500.123	152.80293	4761.9814	4248.4077	1000.0	1000.0	775000	462.5906	70.98667	535.3444	-245.59908	-463.3118	16.538263	9935.554319858551
156	4126.239	121.53515	4342.6895	3973.358	4295.456	194.81865	4470.214	3830.8257	1000.0	1000.0	780000	465.27917	72.69978	532.7261	-356.49155	-466.02945	17.469463	10006.154121398926
157	4210.333	125.57432	4336.233	3987.7673	4355.1387	147.29582	4565.3774	4107.745	1000.0	1000.0	785000	467.18683	73.42597	538.6882	-351.35507	-467.92386	18.583445	10076.450731992722
158	4093.6606	330.46344	4484.5527	3599.7974	4758.8867	93.319786	4926.09	4635.332	1000.0	1000.0	790000	468.97574	72.91472	537.7557	-305.1791	-469.6865	17.027906	10145.805464744568
159	4379.031	134.99013	4576.884	4201.306	4506.411	187.44292	4734.0107	4105.1797	1000.0	1000.0	795000	469.62848	73.08488	535.86743	-291.50812	-470.4213	16.141874	10215.900775909424
160	3146.7546	1858.4126	4390.2876	-509.11438	4103.8154	218.06602	4348.1157	3631.105	1000.0	1000.0	800000	470.57642	75.80423	539.62335	-290.9779	-471.23895	17.979118	10284.847081899643
161	4228.8896	165.03241	4383.1953	3910.9727	4207.5063	147.77252	4419.377	3987.6863	1000.0	1000.0	805000	468.59744	75.892654	537.16174	-290.39273	-469.2434	18.608189	10354.387252807617
162	4289.3203	118.226135	4425.4526	4145.925	4698.9634	100.504074	4924.6406	4564.87	1000.0	1000.0	810000	466.92847	76.133835	537.1789	-280.77466	-467.56226	17.547457	10424.903940916061
163	4361.552	205.36401	4695.7725	4058.13	4210.059	168.35112	4480.98	3931.0537	1000.0	1000.0	815000	469.1949	77.79027	539.16583	-306.64273	-469.96045	18.2122	10493.811759710312
164	4185.1953	142.19069	4452.8115	4038.967	4408.543	140.81445	4562.552	4085.466	1000.0	1000.0	820000	470.19922	79.210884	540.5273	-359.69247	-470.911	20.469837	10564.291457414627
165	4167.095	176.29025	4371.5938	3943.0098	3758.1802	235.02176	4213.0327	3282.537	1000.0	1000.0	825000	468.9185	78.33637	543.28015	-363.89127	-469.43906	23.94873	10633.036333322525
166	4008.5718	340.1042	4368.579	3396.3484	4531.6924	103.452995	4723.8657	4352.2446	1000.0	1000.0	830000	467.34036	79.00648	537.2038	-410.8031	-468.006	18.51277	10703.8709461689
167	4278.4897	228.98352	4554.532	3948.7947	4384.911	132.46695	4603.1504	4126.1597	1000.0	1000.0	835000	468.61557	80.05545	539.3747	-424.11002	-469.3394	17.705833	10764.185655117035
168	3979.6934	463.81586	4472.387	3107.1792	4092.6973	95.5416	4231.1484	3974.2314	1000.0	1000.0	840000	469.88867	78.550705	540.38354	-394.44797	-470.50504	18.416452	10833.058729887009
169	4026.8352	245.6055	4321.119	3668.1135	3801.4207	148.0999	4035.4353	3518.2798	1000.0	1000.0	845000	465.766	77.90392	536.07996	-382.40408	-466.1663	21.286839	10893.001533269882
170	3880.726	206.3579	4218.6167	3657.2473	4223.1123	82.3431	4378.4346	4126.527	1000.0	1000.0	850000	460.01413	76.48364	527.9326	-343.61765	-460.37726	20.193035	10961.624487400055
171	4026.2246	114.57052	4199.1787	3881.613	4284.663	122.26138	4466.999	4049.8923	1000.0	1000.0	855000	457.73264	75.15023	527.2691	-300.9996	-458.2341	17.906843	11023.52457165718
172	3985.375	308.53403	4235.633	3377.8071	4349.132	139.04333	4474.923	3971.8235	1000.0	1000.0	860000	455.90002	73.2312	523.60626	-256.1523	-456.3742	17.655174	11090.766938209534
173	4187.141	94.92483	4292.5996	4043.2087	4278.719	73.57482	4393.09	4177.1104	1000.0	1000.0	865000	456.00534	72.90403	522.5426	-342.7846	-456.6113	15.550272	11153.766813278198
174	4288.4946	161.9838	4474.277	4061.868	4276.1514	141.45259	4472.624	3988.7273	1000.0	1000.0	870000	458.48907	72.33429	525.5774	-230.61377	-459.15024	16.193157	11220.13064455986
175	4117.5415	97.84457	4293.0386	4025.3916	4570.4795	172.71086	4861.578	4196.589	1000.0	1000.0	875000	462.19846	70.95588	533.7194	-167.5539	-462.9038	16.20575	11284.611482143402
176	4061.8054	205.86792	4329.1533	3706.7546	3687.847	927.61993	4448.721	1595.1638	1000.0	1000.0	880000	464.22507	69.65066	530.4603	-130.34981	-464.91574	17.457077	11353.519990444183
177	4159.293	284.1729	4509.5312	3663.4998	4074.1406	152.80148	4295.0557	3837.001	1000.0	1000.0	885000	466.52863	69.78424	533.7931	-109.45915	-467.23355	17.835087	11421.108855724335
178	3989.98	237.7169	4235.5303	3696.4138	4334.509	124.76245	4444.9116	3980.1538	1000.0	1000.0	890000	466.71957	69.754715	538.4144	-116.18128	-467.3172	16.1316	11488.687264919281
179	4251.9536	111.30831	4360.6978	4094.7778	4690.2295	117.44239	4862.103	4545.7124	1000.0	1000.0	895000	467.17603	69.20437	535.3271	-99.40356	-467.93185	15.604122	11556.126232147217
180	4402.0635	96.79801	4537.449	4258.905	4087.1265	282.40427	4580.8667	3611.1938	1000.0	1000.0	900000	469.74963	68.63198	537.22876	-110.749596	-470.4956	14.582178	11625.248042821884
181	4218.307	256.7257	4470.11	3760.4382	4447.006	231.99806	4932.431	4108.223	1000.0	1000.0	905000	471.45398	69.315056	543.6472	-94.033134	-472.1739	16.357119	11691.872089624405
182	4252.3364	189.30917	4616.845	4089.2617	4583.612	106.0603	4842.059	4481.7446	1000.0	1000.0	910000	472.8136	69.59978	542.7803	-122.45505	-473.55664	16.422476	11758.787906885147
183	4328.07	208.55171	4464.0005	3915.4026	4478.2417	126.11183	4643.8066	4229.211	1000.0	1000.0	915000	473.75714	68.977615	542.6814	-95.9146	-474.4901	16.038748	11824.497189044952
184	4141.446	190.63152	4363.927	3882.2534	4538.6772	102.52113	4668.31	4319.489	1000.0	1000.0	920000	473.62936	68.542015	540.87726	-88.39477	-474.3057	16.364313	11890.900547742844
185	4372.249	105.56593	4493.145	4227.7856	4468.629	75.353195	4571.037	4356.4116	1000.0	1000.0	925000	472.6294	68.641075	539.80786	-80.817154	-473.31946	14.625741	11958.053885698318
186	4260.022	238.44032	4526.0664	3854.4248	4368.6006	83.617424	4517.282	4257.203	1000.0	1000.0	930000	473.70996	67.5529	539.9726	-94.24008	-474.4652	15.136141	12027.92247891426
187	4123.5376	106.855286	4229.4478	3918.5332	4354.429	89.91395	4531.367	4239.771	1000.0	1000.0	935000	471.92087	66.92577	540.9978	-83.944565	-472.45886	15.074902	12100.2077896595
188	4144.7256	153.23216	4395.952	3969.5125	4330.396	184.9807	4687.1045	4051.992	1000.0	1000.0	940000	469.81357	66.712425	536.0114	-82.22712	-470.43015	15.093689	12171.659533500671
189	3973.0898	148.49088	4136.006	3745.2273	4278.0464	183.72823	4625.5737	4072.795	1000.0	1000.0	945000	467.25894	66.52748	532.0703	-89.632225	-467.72766	15.415625	12242.876001358032
190	4050.0989	47.570065	4100.8286	3992.794	4605.21	118.049355	4779.4907	4371.2544	1000.0	1000.0	950000	463.70453	65.92439	530.9972	-122.482635	-464.2549	13.793614	12315.193439483643
191	4270.84	120.790344	4492.2163	4164.773	4401.1084	190.85323	4745.2236	4007.9639	1000.0	1000.0	955000	463.89786	66.83358	531.48175	-162.56844	-464.56854	15.013023	12386.739352464676
192	4166.4346	408.9662	4452.2363	3362.079	4507.282	147.84912	4709.6685	4194.5483	1000.0	1000.0	960000	463.53134	67.81395	530.7064	-293.81534	-464.0361	17.468063	12458.484350681305
193	4220.4375	127.021545	4380.5547	4094.506	4344.5654	142.2583	4556.5005	4099.3237	1000.0	1000.0	965000	464.49005	68.22625	532.9915	-184.08516	-465.2162	14.185422	12527.437046289444
194	4223.5537	355.8536	4434.946	3515.469	4528.657	129.74327	4645.884	4215.1904	1000.0	1000.0	970000	465.41443	67.22231	532.9378	-219.75822	-465.99	17.869951	12593.627714395523
195	4450.7773	81.41282	4554.633	4361.133	4193.593	169.03972	4421.9365	3909.051	1000.0	1000.0	975000	467.6522	67.53384	536.16547	-178.57663	-468.433	16.691315	12659.039517879486
196	4270.3003	169.50311	4527.1484	4026.2727	4515.2983	139.74342	4740.201	4307.3403	1000.0	1000.0	980000	470.49808	68.862495	537.8929	-203.6193	-471.2276	15.239825	12724.371531486511
197	4195.1963	143.07848	4336.6924	3936.1433	4400.7593	105.17827	4541.011	4235.313	1000.0	1000.0	985000	472.07196	69.01554	540.47046	-189.61967	-472.7653	15.829472	12789.483597040176
198	4307.8794	41.438843	4359.3696	4245.3076	4399.272	158.6723	4779.2754	4204.456	1000.0	1000.0	990000	471.87717	68.46555	537.534	-164.52208	-472.48816	15.377298	12854.280886411667
199	4051.143	116.80234	4237.9683	3917.812	4578.644	116.16836	4836.4004	4406.046	1000.0	1000.0	995000	471.09003	67.681	535.63074	-133.1069	-471.69174	14.595737	12919.385864019394
