Epoch	AverageEpRet	StdEpRet	MaxEpRet	MinEpRet	AverageTestEpRet	StdTestEpRet	MaxTestEpRet	MinTestEpRet	EpLen	TestEpLen	TotalEnvInteracts	AverageQ1Vals	StdQ1Vals	MaxQ1Vals	MinQ1Vals	AverageQ2Vals	StdQ2Vals	MaxQ2Vals	MinQ2Vals	AverageVVals	StdVVals	MaxVVals	MinVVals	AverageLogPi	StdLogPi	MaxLogPi	MinLogPi	LossPi	LossQ1	LossQ2	LossV	Time
1	-280.96835	54.940346	-188.85994	-361.2141	-284.3009	60.139397	-209.16644	-383.39636	1000.0	1000.0	5000	6.2825236	5.4687595	33.54828	-3.4880943	6.282538	5.469311	32.464115	-4.1612544	7.313056	5.5547876	33.668213	-11.872846	-1.6880827	2.7381172	69.83861	-13.766307	-7.584943	0.12914518	0.12558275	0.2566699	40.24424505233765
2	-252.66936	28.093918	-217.66452	-299.11063	-275.30194	96.807106	-156.7224	-525.61237	1000.0	1000.0	10000	27.639301	8.254932	61.405506	-0.60796785	27.639608	8.255071	61.52756	-1.0428908	29.201433	8.491814	65.31631	2.9597154	0.45534295	3.4787946	23.36201	-15.377412	-29.902754	0.30354857	0.29648265	0.6167182	80.52658081054688
3	-1.0218382	172.50645	199.47511	-313.60748	1028.7512	373.38516	1334.4791	133.30228	1000.0	1000.0	15000	45.274273	10.594334	79.85485	22.861734	45.274326	10.593782	79.68974	22.848858	46.174206	10.683072	79.702194	24.884037	-0.9174539	3.1684575	28.391094	-13.506888	-46.87138	0.40807626	0.40219188	0.7963257	123.61485600471497
4	859.35583	359.52438	1083.472	146.45447	1914.4014	346.85117	2098.0845	881.95636	1000.0	1000.0	20000	49.018497	14.402292	92.738785	22.059275	49.018597	14.402228	93.13013	21.737518	49.644203	14.294703	91.994064	24.325577	-1.78056	2.5182936	23.620289	-13.361814	-50.233593	0.4027981	0.40245795	0.7247787	167.0819993019104
5	1626.3691	496.34113	2299.2087	1060.3451	2604.427	55.998253	2719.2366	2546.1558	1000.0	1000.0	25000	58.666096	20.105404	116.25712	23.041218	58.66602	20.105833	117.14095	22.499651	59.31091	19.886354	115.34776	24.54858	-1.1379986	2.8598022	33.11037	-13.522258	-59.943718	0.6010984	0.5938946	0.99770314	210.6573462486267
6	2455.2114	209.74641	2731.2412	2175.763	3413.1577	64.20788	3507.204	3330.931	1000.0	1000.0	30000	76.3761	29.023647	151.33846	23.85139	76.37621	29.023659	149.91501	23.257	77.05857	28.664974	151.74298	24.999344	-0.14628795	3.308099	28.984215	-16.504362	-77.81425	0.91063356	0.9042	1.4592661	254.82828187942505
7	2799.2612	357.09378	3181.8506	2151.1465	3807.437	94.64413	3996.1926	3598.818	1000.0	1000.0	35000	97.378395	38.035587	175.29767	23.648247	97.37849	38.035652	175.92424	23.190434	98.03646	37.58304	175.43713	24.49283	0.45006308	3.5431826	45.517838	-14.002841	-98.91208	1.351827	1.3221017	2.0045843	298.26015543937683
8	3324.2554	130.58807	3459.035	3107.3228	4113.695	92.21395	4285.7666	3928.75	1000.0	1000.0	40000	120.29154	45.53806	206.02235	22.253445	120.29156	45.538486	209.91656	23.058924	120.8895	44.999466	206.51295	25.334381	0.8875334	3.6664045	27.721127	-14.684192	-121.8243	1.6164609	1.5810834	2.3583992	342.20451283454895
9	3614.724	195.59862	3946.4153	3388.3918	4487.3633	154.38052	4689.972	4171.32	1000.0	1000.0	45000	143.03766	52.441727	234.47493	23.355839	143.03812	52.441856	234.43852	21.951866	143.57439	51.856575	235.32661	24.537077	1.2687378	3.7722394	29.11401	-13.418471	-144.553	1.7512544	1.7128072	2.5848858	385.8950021266937
10	3785.4038	207.39114	4063.8694	3436.5464	4381.039	90.79043	4508.9585	4240.5825	1000.0	1000.0	50000	165.17412	58.44519	262.6273	21.547045	165.17435	58.44444	262.0901	21.674423	165.65758	57.82703	261.57697	23.824762	1.5977619	3.8906846	30.578667	-13.296337	-166.66037	2.0512438	2.043336	2.960474	430.02440118789673
11	4268.5596	188.18697	4516.356	4035.9475	4908.046	125.47	5099.9805	4669.9463	1000.0	1000.0	55000	186.55493	63.937458	287.80405	21.254671	186.55534	63.936928	289.5091	21.368803	187.0224	63.28143	287.40103	21.465807	1.9034737	4.0487976	31.825695	-14.735613	-188.06163	2.2395024	2.2159343	3.2230597	473.7877733707428
12	4615.4717	68.84482	4696.5684	4496.568	4600.8896	101.10323	4818.562	4475.4976	1000.0	1000.0	60000	208.06958	69.18572	312.7507	20.299911	208.06984	69.18498	312.60648	21.40693	208.51572	68.49146	315.0179	20.265259	2.209847	4.1324267	39.554985	-14.374788	-209.57172	2.2647827	2.267279	3.3376102	516.8085882663727
13	4458.6484	284.0445	4836.1543	4020.41	4928.7803	80.130905	5102.1753	4794.074	1000.0	1000.0	65000	228.20534	73.25823	333.42764	20.14345	228.20578	73.256996	332.66898	20.225338	228.61385	72.52968	336.14587	20.381683	2.4018302	4.171846	36.246983	-12.806194	-229.6804	2.4195712	2.420333	3.6202617	560.6318829059601
14	4689.712	150.1776	4897.0576	4442.35	5376.8735	77.43403	5463.963	5260.783	1000.0	1000.0	70000	246.65755	76.269905	348.96436	20.686747	246.65733	76.269455	351.33728	18.862085	247.00859	75.52173	349.27844	18.349192	2.5000029	4.202987	35.523933	-12.667637	-248.08235	2.451071	2.4797542	3.7343524	604.1895925998688
15	4797.9893	141.07251	5055.226	4657.042	5334.3965	81.103004	5449.631	5204.0327	1000.0	1000.0	75000	262.93494	78.82992	364.39294	18.229	262.9352	78.82895	366.43256	17.292507	263.23474	78.07791	364.0546	17.800766	2.608646	4.209485	33.925472	-13.525166	-264.3199	2.6016982	2.6419802	3.9128985	648.0189845561981
16	5025.0996	76.623314	5109.522	4880.9966	5515.3613	46.063087	5582.0312	5426.9873	1000.0	1000.0	80000	277.80374	81.12349	386.37372	15.790324	277.804	81.1221	385.00064	17.998613	278.06207	80.3559	382.86768	15.018487	2.75269	4.256778	39.722755	-16.337065	-279.13358	2.7875206	2.8395174	4.122592	690.9965641498566
17	5081.807	135.12383	5224.007	4878.661	5599.89	79.367516	5762.981	5471.4155	1000.0	1000.0	85000	291.731	83.05681	398.7687	10.818438	291.73105	83.05645	397.06546	9.86005	291.94724	82.27564	393.21625	15.503924	2.8925407	4.2818484	46.211666	-13.0303955	-293.0202	2.885971	2.8942416	4.2884493	735.1375641822815
18	5122.56	129.65613	5297.264	4898.88	5267.2573	929.5139	5729.34	2495.4998	1000.0	1000.0	90000	304.7472	84.60459	408.1804	6.485614	304.7473	84.60255	405.1428	12.687516	304.94507	83.81371	404.29318	17.26965	3.0483608	4.3121915	40.444977	-13.093625	-306.03342	2.8872726	2.9667382	4.333732	778.219799041748
19	5288.585	145.06908	5543.8906	5092.3193	5942.191	91.97972	6059.4795	5771.265	1000.0	1000.0	95000	317.03622	86.029076	419.10272	4.1133394	317.03616	86.02816	421.0776	12.671621	317.22974	85.23259	419.41318	16.784529	3.1365032	4.3470845	36.85396	-13.998465	-318.31094	2.9450312	3.0301144	4.417773	821.6443839073181
20	5328.927	162.38884	5569.4297	5142.6445	5651.888	321.384	5952.672	4741.7886	1000.0	1000.0	100000	328.6401	87.137764	427.8875	14.629581	328.6399	87.13676	427.83292	13.290249	328.79657	86.32558	427.22745	18.716671	3.1884985	4.3524966	50.108364	-14.693539	-329.87634	3.018567	3.086314	4.5004125	864.2431311607361
21	5443.236	101.18622	5530.2407	5318.8486	5852.3906	414.4277	6060.913	4612.9604	1000.0	1000.0	105000	339.33157	87.978424	439.7975	18.010565	339.33173	87.978355	441.75778	15.044237	339.46942	87.1689	439.9271	18.806519	3.2576249	4.380017	38.250607	-13.354221	-340.5403	3.0802765	3.1363206	4.5881157	908.5163331031799
22	5564.356	138.66316	5724.136	5335.754	6139.3613	70.34531	6249.6396	6018.146	1000.0	1000.0	110000	348.8819	88.63406	449.02576	14.205945	348.8817	88.63315	450.4234	15.449945	348.9785	87.82169	446.89902	17.61277	3.3664227	4.3715453	51.25907	-14.041711	-350.0474	3.275284	3.3108964	4.7713466	952.2469544410706
23	4710.3584	1800.6461	5792.7354	1115.8804	5708.3154	100.43069	5892.8315	5550.2666	1000.0	1000.0	115000	356.6889	90.88685	460.9576	2.6246202	356.68906	90.88573	461.17578	8.864055	356.76614	90.08597	460.94012	12.708537	3.3914952	4.3584394	41.243076	-15.81576	-357.8354	3.33765	3.4460108	4.860719	995.7664031982422
24	5731.2827	188.90013	5933.417	5395.4204	6241.379	47.93732	6312.9526	6160.8003	1000.0	1000.0	120000	363.65164	93.79611	466.4215	-8.406207	363.65164	93.79524	469.26346	-7.7378464	363.70337	93.0028	467.83612	0.049774528	3.4043944	4.398957	35.97211	-15.189386	-364.77887	3.4810703	3.5805247	5.094626	1039.7834277153015
25	5826.97	106.71567	5981.4473	5659.7354	6239.9893	62.32296	6349.601	6154.1587	1000.0	1000.0	125000	371.44965	94.24511	474.6387	-15.815376	371.44977	94.24402	475.42078	-12.536422	371.47058	93.44295	471.8986	-18.7299	3.500829	4.42272	47.24756	-12.855482	-372.5568	3.7329519	3.8146923	5.4606256	1084.1918745040894
26	5801.0073	149.63716	5956.4775	5515.0693	5796.6294	1041.6469	6405.7236	2690.9282	1000.0	1000.0	130000	378.94186	94.57228	480.0894	-6.2488317	378.9415	94.57114	480.07352	-2.5691726	378.95193	93.76325	477.69135	4.929997	3.5198445	4.394263	36.873592	-14.928731	-380.014	3.6040719	3.7225664	5.2136383	1128.0130693912506
27	6032.7124	123.95345	6187.1313	5855.7393	6211.454	106.40706	6347.767	6080.0127	1000.0	1000.0	135000	386.48163	94.32565	487.1957	4.1527624	386.48172	94.32459	488.3468	0.5304806	386.4729	93.50423	486.13675	0.8003278	3.59777	4.384908	34.683865	-17.665045	-387.53192	3.7417579	3.7968547	5.409054	1172.5015232563019
28	5949.29	78.619804	6059.493	5823.685	6525.1655	151.61395	6800.8813	6272.5	1000.0	1000.0	140000	393.2576	94.72646	493.54257	3.532786	393.2575	94.72599	494.8852	-8.446714	393.22992	93.90505	493.8202	3.439858	3.6733708	4.409265	38.565586	-14.360712	-394.27603	3.6201282	3.6679866	5.23305	1216.9513292312622
29	6137.7295	118.18921	6323.4277	5972.217	6475.009	168.97232	6789.964	6225.9194	1000.0	1000.0	145000	399.53217	94.779526	508.8325	12.76548	399.53207	94.778275	507.63336	6.7995834	399.47556	93.95899	507.36795	11.201507	3.6771655	4.4194613	40.884	-14.482002	-400.5136	3.4854753	3.577229	5.1397414	1261.8295135498047
30	6062.141	139.6731	6306.8047	5910.431	6497.8623	140.28644	6733.454	6267.8877	1000.0	1000.0	150000	405.95264	94.75858	512.07043	-4.7453947	405.95258	94.75757	512.5006	1.6693816	405.87592	93.936134	509.6679	5.309113	3.7460275	4.4188433	39.669174	-12.384228	-406.9011	3.4299939	3.5024922	5.0581155	1305.101887702942
31	6050.795	61.925636	6103.2915	5964.143	6633.112	127.36183	6848.316	6431.7563	1000.0	1000.0	155000	411.4854	94.774284	516.75214	8.451768	411.48526	94.77357	520.9985	7.2201653	411.39722	93.93691	514.5435	-6.850009	3.7897537	4.444698	44.57831	-11.971037	-412.415	3.552322	3.6200383	5.171083	1349.1962587833405
32	6208.8013	156.86221	6422.2676	6062.8223	6555.4937	124.5741	6731.3784	6367.175	1000.0	1000.0	160000	416.62442	94.55801	522.4081	-0.17075777	416.62448	94.557014	520.0545	-2.1512277	416.5013	93.71297	517.24835	7.531905	3.8034089	4.4104524	39.40551	-11.947498	-417.51398	3.5101414	3.5953734	5.147839	1394.3112959861755
33	6092.977	157.08865	6267.7993	5849.473	6864.0054	106.992645	7021.692	6642.427	1000.0	1000.0	165000	422.2048	93.8713	526.1033	0.2447114	422.20532	93.869934	526.6356	9.8265505	422.07916	93.02869	523.0823	-5.193302	3.8853967	4.4466243	43.299053	-13.8940525	-423.0875	3.6634707	3.6859403	5.2892423	1438.2225561141968
34	6263.086	141.88412	6518.9316	6092.9585	6819.0522	146.7641	7037.2607	6625.173	1000.0	1000.0	170000	426.8659	94.00618	533.249	10.511312	426.8655	94.00527	532.20306	8.25654	426.71725	93.15584	530.59155	8.408991	3.888639	4.432058	38.5567	-14.150417	-427.7127	3.5295203	3.651022	5.149517	1483.961515903473
35	6362.1274	199.85751	6609.7056	6018.495	6963.6665	119.38887	7121.6826	6753.633	1000.0	1000.0	175000	431.48706	93.97024	536.21875	-5.540124	431.48718	93.96911	535.30145	-6.9562793	431.3215	93.13929	537.29407	-0.35364962	3.876172	4.4351153	44.40264	-14.615961	-432.3133	3.7483516	3.7730005	5.431839	1528.4962470531464
36	6429.374	118.017166	6566.0493	6232.7773	6996.2725	91.78253	7134.97	6824.267	1000.0	1000.0	180000	435.90768	93.76115	538.78674	-8.244633	435.90762	93.75994	541.15106	-8.368553	435.7463	92.91786	539.49286	1.2427399	3.9857237	4.4790797	51.404446	-13.019747	-436.7509	3.6977804	3.7859015	5.3187265	1574.436960697174
37	5918.514	1216.4799	6636.2446	3490.208	7050.186	112.65322	7215.287	6838.3853	1000.0	1000.0	185000	440.38223	94.1126	543.92084	-51.466026	440.3821	94.11231	544.13007	-77.56386	440.1853	93.27936	543.06244	-52.456024	4.032859	4.502377	45.968014	-14.8953705	-441.20114	3.8907132	3.983561	5.5041265	1620.322116613388
38	6551.6704	145.13373	6697.4346	6305.344	7043.724	115.08908	7260.6177	6880.841	1000.0	1000.0	190000	443.43008	96.11084	552.35364	-66.94366	443.43036	96.107124	550.1049	-73.05314	443.2226	95.291855	551.66534	-94.17258	4.041694	4.500516	44.968334	-16.717607	-444.2449	3.9384403	4.0942354	5.691362	1665.4931123256683
39	6534.7886	186.37498	6884.1963	6339.5835	6501.5996	150.45244	6738.7334	6260.484	1000.0	1000.0	195000	448.14633	95.45609	565.5357	-63.82062	448.14667	95.45375	565.84247	-81.03398	447.93015	94.63556	563.86053	-67.62763	4.1285553	4.505014	52.063583	-12.75113	-448.9433	4.0278087	4.076747	5.5659833	1711.4036631584167
40	6627.94	218.45576	6746.319	6191.373	7198.997	86.75303	7389.6943	7097.068	1000.0	1000.0	200000	452.0753	96.04852	566.98096	-37.78074	452.0756	96.04677	568.5337	-56.141182	451.8481	95.2365	570.9361	-33.10639	4.163232	4.5227304	54.699997	-14.478218	-452.858	4.015276	4.063067	5.625423	1757.69060587883
41	6566.007	79.70757	6709.368	6468.722	7350.9873	117.09495	7532.189	7125.868	1000.0	1000.0	205000	456.2705	96.12694	569.5808	-30.633604	456.271	96.12409	570.694	-36.45623	456.02948	95.30689	572.8612	-40.11386	4.180247	4.532999	48.98459	-16.211609	-457.04355	3.962403	4.048656	5.558261	1803.5485706329346
42	6650.811	80.205315	6723.5015	6507.971	6732.3696	1329.7025	7281.6265	2750.33	1000.0	1000.0	210000	460.3434	96.42862	572.7158	-29.02393	460.34366	96.4253	572.2128	-42.121864	460.1166	95.61394	574.0564	-25.722712	4.224372	4.562141	47.725777	-15.866289	-461.1188	4.029017	4.09899	5.6728244	1849.2787899971008
43	6753.6797	67.07197	6874.4746	6681.413	7423.7485	105.4765	7585.373	7203.607	1000.0	1000.0	215000	464.53162	96.80881	577.67194	-43.0305	464.53165	96.80835	579.27136	-44.5693	464.29446	95.99302	577.9519	-40.370377	4.2656236	4.530065	42.09343	-16.545809	-465.2978	4.0792174	4.1243095	5.7002044	1895.3195543289185
44	6750.2344	101.71645	6911.3184	6593.368	7443.4834	95.06985	7591.0537	7244.808	1000.0	1000.0	220000	468.7725	96.337776	580.11206	-36.019196	468.77295	96.33628	581.81586	-28.461994	468.51004	95.52221	581.88464	-41.931034	4.2756395	4.52846	50.63569	-13.444471	-469.51624	4.0405827	4.0743976	5.4688044	1941.81396818161
45	6163.7686	1169.0347	6948.143	3862.6484	7551.6157	136.3421	7861.497	7313.461	1000.0	1000.0	225000	471.8822	97.71184	586.5335	-89.26169	471.8822	97.7095	584.65686	-90.91868	471.62277	96.8997	582.67096	-89.888626	4.315416	4.486556	45.00439	-14.122869	-472.638	4.363587	4.4253983	5.987336	1988.2903594970703
46	5683.6455	2317.148	6957.339	1052.7106	7633.1235	97.010155	7771.3423	7503.6143	1000.0	1000.0	230000	473.8037	100.81606	586.1549	-122.67423	473.80365	100.81481	586.4061	-129.12897	473.51984	100.02047	585.25665	-132.77312	4.3124967	4.525794	56.49683	-12.624014	-474.56464	4.435069	4.580142	5.986637	2034.7260632514954
47	6831.418	130.51031	7042.9517	6690.5156	7764.5312	142.9397	7949.3984	7461.25	1000.0	1000.0	235000	476.48303	101.49574	590.68286	-102.90925	476.48343	101.49437	589.8876	-102.99318	476.19403	100.719826	592.8633	-88.53994	4.3699727	4.5639343	50.41501	-13.401442	-477.2315	4.902517	5.0042744	6.1910667	2080.8179790973663
48	7111.083	60.93474	7218.9844	7047.701	7399.379	94.91007	7627.1577	7282.7007	1000.0	1000.0	240000	479.57007	102.40292	593.1408	-132.99529	479.57025	102.39969	594.9675	-117.52082	479.26773	101.62773	591.3777	-111.34739	4.4329	4.5750036	44.62199	-14.3874445	-480.3277	5.253392	5.455807	6.624103	2126.357246398926
49	7147.521	240.38148	7481.1978	6834.3613	7687.9976	97.2065	7821.5234	7552.2285	1000.0	1000.0	245000	483.1658	101.79437	599.59576	-154.30354	483.1661	101.79194	597.6887	-137.01178	482.84802	101.00656	595.06177	-145.67345	4.528113	4.5734024	51.370396	-16.125286	-483.9076	5.163598	5.22097	6.554711	2173.0871102809906
50	7210.2007	243.71844	7510.537	6942.8867	7811.2437	113.33445	8014.575	7679.5674	1000.0	1000.0	250000	486.51938	101.99096	604.9436	-124.08673	486.5195	101.99028	604.6095	-96.737366	486.19388	101.18907	602.1931	-89.92861	4.6008925	4.6056166	46.97265	-13.329759	-487.2681	4.858684	4.9241023	6.3045435	2219.96626663208
51	7119.28	107.10717	7294.578	7000.4414	7792.3193	122.01492	7936.6445	7570.3887	1000.0	1000.0	255000	489.82068	101.52481	609.1157	-81.70466	489.82062	101.523766	610.1368	-78.14321	489.4854	100.736206	607.09033	-115.012054	4.6047244	4.586285	44.566917	-14.635341	-490.5511	4.917867	4.9807243	6.293437	2266.0887064933777
52	7176.8447	274.06323	7538.298	6727.921	8101.5576	146.19232	8292.305	7855.8623	1000.0	1000.0	260000	493.38898	101.60256	608.91626	-69.57863	493.3892	101.60098	610.2096	-58.93773	493.07697	100.80317	610.04425	-53.607418	4.6288376	4.6379833	45.61749	-13.934487	-494.1348	4.8336225	4.9129434	6.3202467	2312.027126312256
53	7323.329	119.75624	7557.1367	7217.143	7663.72	169.79999	7820.1216	7234.518	1000.0	1000.0	265000	496.97552	101.75673	617.6322	-135.04073	496.97598	101.75541	617.70917	-137.27116	496.62698	100.96787	621.0207	-110.06347	4.691047	4.586265	40.317574	-13.71954	-497.7054	5.434536	5.543714	6.7934194	2358.760313272476
54	7463.8984	209.27878	7868.0537	7281.2817	7743.0195	165.68184	8023.4336	7454.91	1000.0	1000.0	270000	500.44803	101.37072	621.3324	-134.74915	500.44812	101.36734	620.3378	-134.5522	500.0766	100.56617	621.946	-135.96773	4.745575	4.6023974	46.39289	-13.642408	-501.1747	5.500349	5.6425276	6.893754	2405.23508143425
55	7380.3936	74.70695	7462.879	7256.784	7945.0874	68.61375	8055.6904	7804.6743	1000.0	1000.0	275000	503.74252	101.63954	625.04706	-127.37316	503.74255	101.63788	626.1849	-124.09259	503.39236	100.839806	623.9818	-171.89484	4.738533	4.601296	41.42633	-12.201011	-504.4799	5.2545924	5.337414	6.734567	2451.5443308353424
56	7554.919	160.49779	7714.3516	7319.609	7989.587	148.6557	8220.995	7770.4917	1000.0	1000.0	280000	507.3273	101.71656	630.5407	-114.1956	507.3274	101.7156	629.4544	-119.75429	506.9639	100.9094	626.48553	-113.11772	4.775545	4.569563	44.96094	-11.582138	-508.0406	5.26224	5.3174376	6.6280766	2498.6717522144318
57	6497.4106	1870.1698	7636.936	2768.3806	7824.139	87.21775	7966.1777	7704.618	1000.0	1000.0	285000	510.32544	102.59015	631.6994	-82.96349	510.32544	102.58921	631.48004	-86.42276	509.9536	101.77673	632.4291	-92.30413	4.8193326	4.56718	54.39598	-16.184252	-511.0381	5.160366	5.1941433	6.6818585	2545.4936830997467
58	7466.1924	200.70152	7741.777	7118.0024	8063.2397	103.6983	8171.5645	7873.2334	1000.0	1000.0	290000	512.8782	103.91978	635.2023	-113.08171	512.8782	103.91885	634.4652	-116.432526	512.50226	103.10041	632.01587	-119.36272	4.8142195	4.5580726	42.528336	-11.568941	-513.6179	5.5332866	5.576077	6.9174857	2592.8139402866364
59	7599.358	186.86943	7912.84	7355.5605	8096.59	110.025345	8246.789	7901.751	1000.0	1000.0	295000	516.6284	104.341866	638.9316	-117.70661	516.62897	104.34031	639.5893	-123.849106	516.25287	103.54624	637.52026	-121.86351	4.8906465	4.588952	43.44356	-12.517262	-517.36316	5.6585727	5.6651635	7.0330377	2639.1968007087708
60	7774.513	73.40728	7891.3843	7688.4985	7892.823	134.86688	8116.775	7688.221	1000.0	1000.0	300000	520.1122	104.395256	642.11053	-146.38715	520.11206	104.39382	643.75964	-133.47818	519.7333	103.58749	644.0187	-116.672005	4.8973737	4.6063976	57.34412	-16.317402	-520.8513	5.4657345	5.535377	6.7049108	2686.029104948044
61	7702.8193	183.01457	7983.427	7415.273	8056.4976	115.841995	8199.285	7864.1025	1000.0	1000.0	305000	523.43524	105.195175	649.306	-108.814926	523.43494	105.196106	650.12164	-122.90004	523.07104	104.37959	645.5423	-129.88057	5.000179	4.638082	52.296967	-14.72179	-524.18695	5.576119	5.664294	7.0563674	2733.0755121707916
62	7637.6187	202.21205	7939.733	7407.187	8323.961	69.999435	8420.454	8208.083	1000.0	1000.0	310000	527.0027	104.86868	649.8022	-126.98023	527.0028	104.867004	649.9252	-149.32562	526.6202	104.04842	648.18896	-104.797455	5.015677	4.5884395	46.138573	-11.819503	-527.7266	5.734823	5.810319	7.12345	2779.9237587451935
63	7785.9385	187.4525	7947.9287	7494.4355	8491.404	118.15575	8689.039	8330.615	1000.0	1000.0	315000	530.39075	105.123695	666.08136	-112.63919	530.39087	105.12207	663.42816	-128.30397	530.0075	104.30098	660.4796	-142.0778	5.0425305	4.6110272	49.77941	-14.07531	-531.1251	5.606711	5.626305	7.010567	2827.143172264099
64	7810.827	176.37976	8160.9805	7690.6714	8647.949	108.19898	8771.379	8470.27	1000.0	1000.0	320000	533.66266	105.48258	668.01465	-120.41319	533.66296	105.48164	665.92584	-111.39063	533.26575	104.65798	664.3342	-96.31112	5.070832	4.604233	51.592834	-14.498787	-534.3976	5.8822293	5.9464054	7.4616866	2874.058046579361
65	7826.2827	328.3511	8185.2837	7252.4463	7944.0664	1289.4656	8521.427	4087.3274	1000.0	1000.0	325000	536.68036	105.1518	668.9921	-115.59039	536.6807	105.14933	668.15607	-105.07952	536.24695	104.32556	666.7874	-127.478065	5.09409	4.5647774	55.12681	-12.624123	-537.4093	5.8799706	5.8664494	7.2861657	2920.7479841709137
66	7960.0537	171.41444	8131.594	7664.176	8596.541	103.64866	8755.201	8351.456	1000.0	1000.0	330000	539.6013	105.58517	672.5307	-90.8752	539.6014	105.583984	674.47345	-98.718765	539.21497	104.74546	673.9769	-100.83576	5.1494217	4.6030664	57.005604	-12.264095	-540.35205	5.874301	5.958178	7.4482937	2968.1721482276917
67	7999.163	219.11176	8218.819	7614.589	7995.5845	177.06363	8163.0845	7533.5635	1000.0	1000.0	335000	543.2562	105.226715	673.1403	-88.44727	543.25653	105.22494	674.12134	-100.67761	542.86395	104.38862	675.9422	-90.41374	5.232574	4.614232	44.698807	-14.026119	-544.0106	5.7872033	5.8091702	7.081051	3015.1755895614624
68	8164.3896	163.12941	8295.683	7856.6	8838.439	107.31753	9021.285	8667.2	1000.0	1000.0	340000	546.7526	105.48151	680.9671	-53.90347	546.7527	105.48068	681.3348	-63.263176	546.32825	104.65521	678.12756	-37.431774	5.2478714	4.601096	51.31313	-12.861762	-547.48	5.8361297	5.82365	7.242564	3061.963184595108
69	8207.68	138.87756	8334.639	7956.2603	8634.978	114.049835	8755.566	8401.242	1000.0	1000.0	345000	549.97705	105.77791	687.9126	-35.71184	549.9773	105.7763	686.7547	-36.97102	549.5848	104.93622	687.4823	-29.891994	5.2814693	4.566006	49.37887	-12.599613	-550.7115	5.666739	5.7816544	7.0100546	3108.405673265457
70	8247.409	183.02692	8543.486	7998.7295	8300.4	103.7053	8445.649	8059.1006	1000.0	1000.0	350000	553.80334	105.68749	688.82733	-54.795437	553.80347	105.68621	689.3976	-62.520462	553.4131	104.82814	686.3948	-62.78496	5.28311	4.5777383	42.305626	-14.167456	-554.5676	5.730457	5.8307	7.1018767	3155.9240782260895
71	8204.321	109.8206	8349.066	8013.528	8789.947	101.59647	8950.556	8626.825	1000.0	1000.0	355000	557.24963	106.4576	691.6302	-53.3203	557.2496	106.45717	692.85876	-62.14858	556.8487	105.61039	689.4828	-42.81984	5.352513	4.5722404	54.013283	-12.952277	-558.0001	5.759122	5.818258	7.024584	3203.391357421875
72	6905.913	2615.916	8380.841	1677.5573	8658.05	158.17137	8968.782	8430.991	1000.0	1000.0	360000	560.22003	107.51515	698.5147	-84.33969	560.22015	107.514595	699.9685	-84.14269	559.804	106.6672	696.4024	-79.994286	5.3313756	4.5533915	54.540657	-15.064354	-560.96716	6.198909	6.1683836	7.5270123	3251.5652544498444
73	8127.986	119.665886	8258.328	7943.9443	8822.344	159.64003	9053.453	8463.21	1000.0	1000.0	365000	562.80927	109.27293	696.82043	-91.86568	562.8093	109.271736	698.4537	-79.89867	562.416	108.42825	695.50073	-102.3653	5.360354	4.591238	45.88139	-11.944888	-563.57245	6.5059104	6.590119	7.7133865	3299.4011738300323
74	8329.197	189.01524	8664.148	8153.7466	8729.868	121.10256	8917.6875	8481.578	1000.0	1000.0	370000	566.2738	109.43771	699.8841	-152.04204	566.27386	109.43795	699.7174	-127.207794	565.8792	108.59615	699.74634	-135.06467	5.465053	4.606955	51.507195	-15.451479	-567.0358	6.425577	6.359255	7.813975	3348.0174453258514
75	8237.347	482.2301	8683.603	7341.2173	8496.682	1029.2412	9120.732	5463.002	1000.0	1000.0	375000	569.3765	109.46113	706.9797	-141.06061	569.3767	109.45938	709.27606	-157.58713	568.9556	108.620384	703.613	-148.23035	5.449368	4.600906	74.15134	-15.093367	-570.1308	6.355989	6.490578	7.770635	3395.232079744339
76	6768.22	2336.013	8626.881	2305.178	8978.567	79.55995	9145.114	8890.095	1000.0	1000.0	380000	571.6563	110.90362	708.9409	-132.03973	571.65674	110.90212	711.3085	-138.71092	571.2026	110.07269	707.56854	-130.04141	5.494101	4.600435	60.04937	-13.008225	-572.4028	7.231953	7.300862	8.561331	3443.653259754181
77	8477.248	118.263916	8634.094	8314.674	8489.467	2322.0466	9528.892	1532.9922	1000.0	1000.0	385000	573.3079	113.76473	713.0773	-149.29327	573.30786	113.76129	712.4549	-130.71582	572.89233	112.92364	711.1981	-72.396484	5.534359	4.613226	59.111225	-11.962575	-574.0853	7.2525406	7.27905	8.589692	3491.8643333911896
78	8429.778	184.80284	8790.937	8274.045	9017.259	536.7855	9293.814	7435.823	1000.0	1000.0	390000	575.95483	113.990204	715.66064	-127.26383	575.955	113.9892	716.3257	-130.07097	575.5087	113.14377	713.7012	-120.08451	5.538786	4.59505	63.34036	-12.550307	-576.7088	7.283639	7.307058	8.4717045	3539.9692080020905
79	8426.652	185.50595	8785.8545	8269.318	8914.939	101.45557	9075.957	8782.2	1000.0	1000.0	395000	579.26306	113.35351	721.1077	-96.72245	579.2635	113.3505	720.1813	-90.69723	578.797	112.521164	716.06384	-120.92375	5.5815363	4.627171	59.86419	-16.76564	-580.0117	7.1626086	7.27768	8.473688	3588.87695646286
80	8496.708	68.57239	8599.313	8416.14	8941.046	105.169136	9133.63	8778.265	1000.0	1000.0	400000	582.008	113.70441	720.72046	-142.96886	582.0084	113.701706	723.0962	-134.62347	581.576	112.8565	718.84064	-138.31645	5.6225743	4.6152563	59.428802	-12.514998	-582.7824	7.284796	7.267627	8.537625	3637.852902173996
81	8568.389	215.32698	8855.677	8225.954	8245.9795	2278.5703	9367.569	1427.9268	1000.0	1000.0	405000	584.8919	113.52537	723.0752	-84.36634	584.8924	113.52287	724.88666	-94.001816	584.42865	112.677414	724.1675	-131.61359	5.6155653	4.6289253	57.162945	-11.834712	-585.6325	7.0590343	7.1200404	8.436262	3687.135452747345
82	8149.3735	852.6851	8786.14	6469.4	9128.558	75.50768	9243.8545	9012.833	1000.0	1000.0	410000	586.8749	115.14472	727.1336	-63.062298	586.87537	115.14131	727.86304	-92.65866	586.4122	114.30657	725.9105	-165.03374	5.6776156	4.6317377	69.62611	-16.928293	-587.6279	7.4897923	7.5327845	8.744583	3735.839320898056
83	8778.739	190.99498	9028.7295	8461.724	9196.638	72.705124	9297.696	9097.465	1000.0	1000.0	415000	589.64667	115.10672	727.184	-107.55694	589.64667	115.10476	726.9522	-88.344505	589.17426	114.26484	727.70197	-114.11048	5.71603	4.6147223	62.885025	-13.153437	-590.4014	7.9865475	7.932709	8.995164	3783.8654839992523
84	8863.422	171.18703	9186.035	8690.404	9439.58	111.45612	9696.878	9285.71	1000.0	1000.0	420000	592.12616	116.13011	731.96747	-64.92297	592.12665	116.12621	732.7763	-73.79317	591.653	115.29475	728.25745	-88.60971	5.7186556	4.618657	57.50342	-12.103386	-592.8686	7.35895	7.535307	8.670379	3831.8500938415527
85	8857.576	123.783066	9006.238	8710.605	8735.511	1316.0979	9441.008	4810.228	1000.0	1000.0	425000	595.4675	115.96569	733.6068	-124.00552	595.4681	115.96345	736.21356	-131.16124	595.02234	115.11435	733.82715	-137.64427	5.768456	4.6291823	64.08776	-12.288919	-596.2482	7.182402	7.236465	8.419496	3880.0787723064423
86	8747.93	229.5357	9106.789	8502.879	9276.097	44.429832	9378.473	9218.972	1000.0	1000.0	430000	598.7792	115.85548	745.31665	-98.54313	598.77997	115.85071	742.36536	-99.123314	598.31384	114.9954	741.5428	-99.09761	5.8345776	4.6259828	65.03758	-12.600285	-599.5394	7.511009	7.585675	8.669959	3929.7926228046417
87	8846.063	153.36046	9065.484	8642.848	8612.197	1652.546	9528.247	3675.634	1000.0	1000.0	435000	601.8354	115.66152	745.8892	-81.333466	601.83575	115.66014	744.4868	-54.117096	601.3774	114.80368	744.55164	-98.66686	5.8240995	4.612499	51.77592	-12.791458	-602.6063	7.4491687	7.541094	8.661264	3978.734611272812
88	8816.791	227.038	9022.038	8402.487	9627.782	118.00428	9808.916	9346.602	1000.0	1000.0	440000	604.89246	116.43226	748.1713	-91.47202	604.8929	116.430534	751.37445	-63.30243	604.42334	115.57542	750.52747	-83.48061	5.8289557	4.612484	66.3473	-13.061551	-605.6752	7.772123	7.6780577	9.07284	4027.338186264038
89	8938.738	226.82799	9117.945	8517.653	9562.476	71.140686	9684.101	9476.282	1000.0	1000.0	445000	607.7856	116.53586	755.48083	-55.019444	607.78613	116.532394	755.5997	-74.547844	607.3023	115.685974	752.3017	-111.41488	5.8727837	4.591728	55.292927	-17.139698	-608.5671	7.8044124	7.8789024	8.994934	4076.581366300583
90	8892.521	151.11948	9084.208	8699.882	9376.363	91.44217	9482.149	9177.149	1000.0	1000.0	450000	610.22943	117.51385	755.2671	-77.82273	610.23	117.511444	756.6798	-91.93466	609.737	116.65372	756.57587	-86.88097	5.970605	4.6087627	68.822876	-11.342049	-611.0121	8.701844	8.627474	9.376084	4124.512536048889
91	9085.935	129.714	9273.999	8929.225	9690.845	127.67714	9956.38	9499.468	1000.0	1000.0	455000	612.82336	117.68023	758.58075	-104.10855	612.82385	117.67741	758.1119	-91.19323	612.3319	116.82841	755.828	-65.16957	5.9651985	4.5738373	54.37789	-14.909645	-613.5988	8.644171	8.722542	9.306817	4173.307200193405
92	9073.973	90.70676	9222.6455	8947.593	8933.155	869.4608	9386.579	6337.0215	1000.0	1000.0	460000	615.23773	118.30117	764.1974	-117.252464	615.23834	118.29768	764.2305	-85.73865	614.761	117.446724	758.675	-106.15131	6.0220747	4.644246	64.98461	-13.277027	-616.0138	8.041548	8.170425	9.173553	4222.551630735397
93	8808.7295	244.45062	9069.383	8417.176	9394.702	105.31298	9576.507	9183.115	1000.0	1000.0	465000	618.52203	118.11709	769.70276	-90.69218	618.5235	118.10901	768.97974	-92.13521	618.0514	117.23269	765.4115	-93.41422	6.026747	4.621149	67.85783	-14.728211	-619.3289	8.121145	8.226478	9.489705	4270.353597640991
94	8999.298	159.65842	9226.097	8834.537	8774.914	2302.5574	9692.345	1874.0033	1000.0	1000.0	470000	621.22455	118.690346	769.6018	-100.47065	621.22626	118.68133	770.47943	-146.96799	620.7362	117.8133	768.77576	-126.50362	6.0789347	4.6037626	77.16666	-14.655188	-622.0184	8.108362	8.185808	9.280432	4319.22904586792
95	9059.242	231.73001	9378.471	8750.752	9749.091	109.57536	9905.399	9536.294	1000.0	1000.0	475000	623.7588	118.92305	770.30096	-47.698097	623.76	118.91362	773.55554	-83.647575	623.2745	118.052956	771.6036	-58.135612	6.097227	4.5957675	56.693764	-12.3823395	-624.55664	8.006882	8.217504	9.192072	4366.898636341095
96	9070.251	134.73814	9230.854	8872.581	9824.326	85.65507	10020.14	9670.223	1000.0	1000.0	480000	626.5952	119.09525	777.74164	-179.34323	626.5978	119.08275	776.0356	-158.91325	626.10046	118.21103	777.41736	-167.96132	6.1287217	4.617388	57.41489	-14.314959	-627.40717	8.312594	8.3684	9.349475	4415.254790306091
97	9151.8125	77.46894	9255.34	9022.9795	9636.451	102.75113	9816.716	9425.491	1000.0	1000.0	485000	629.6547	118.78632	782.14325	-121.10633	629.656	118.77806	781.01605	-112.03362	629.17804	117.899506	782.6439	-95.30978	6.181396	4.6062374	55.600452	-15.032612	-630.4788	8.477473	8.733342	9.417722	4464.556809902191
98	7619.831	3359.5217	9590.823	919.5561	9653.513	89.13367	9836.42	9554.645	1000.0	1000.0	490000	631.4937	122.47662	788.1587	-59.5995	631.49524	122.467255	790.6662	-52.515118	631.0113	121.60837	790.08813	-66.58438	6.168356	4.6331873	63.76214	-13.209457	-632.3095	8.507577	8.563994	9.508297	4513.419398069382
99	9098.824	167.49203	9288.781	8880.668	9778.204	140.2888	9947.08	9535.625	1000.0	1000.0	495000	633.7219	123.281944	795.9066	-55.938488	633.7234	123.27425	797.7498	-59.499626	633.2263	122.41178	798.64136	-83.99223	6.179976	4.569807	65.62505	-13.79748	-634.5311	8.380025	8.359098	9.257156	4562.935554265976
100	9252.252	149.4059	9412.49	8990.534	9722.8125	91.451546	9856.66	9531.3	1000.0	1000.0	500000	636.64557	121.98127	797.6314	-133.89366	636.6478	121.96966	798.93195	-89.02753	636.12695	121.097534	802.576	-89.67544	6.1699023	4.5894127	68.34507	-11.531999	-637.4411	8.658039	8.651557	9.74834	4612.751737833023
101	9040.673	394.60797	9414.543	8331.138	9957.653	169.97108	10188.2	9608.893	1000.0	1000.0	505000	638.9823	122.27607	802.041	-100.22783	638.9837	122.268265	798.8358	-129.97964	638.48895	121.40087	797.5028	-129.18964	6.2484	4.6006107	71.18566	-12.265333	-639.8068	8.67773	8.620464	9.700958	4662.344410419464
102	9415.341	156.92506	9613.972	9192.253	9249.323	1912.5427	10061.131	3521.09	1000.0	1000.0	510000	641.7175	121.95181	804.01746	-67.934235	641.7185	121.94504	803.5117	-80.36186	641.2264	121.05851	803.4069	-70.894264	6.246066	4.599405	66.037544	-12.690855	-642.5223	8.654209	8.812486	9.470476	4711.692367553711
103	9306.246	104.11899	9456.231	9168.964	10095.568	127.45777	10237.108	9886.601	1000.0	1000.0	515000	644.34033	123.240746	807.3796	-93.68088	644.3428	123.22657	804.1589	-128.42038	643.8679	122.34747	802.20123	-122.5824	6.3035975	4.5770774	59.08091	-12.534698	-645.1977	8.915179	8.992032	9.760808	4761.036091804504
104	9266.536	212.78018	9537.617	8940.691	9926.061	82.39055	10075.72	9827.071	1000.0	1000.0	520000	646.74097	123.52903	807.0015	-135.52951	646.7421	123.522224	808.79553	-121.937004	646.2291	122.64126	806.6042	-141.94307	6.3081946	4.598237	62.097267	-13.583762	-647.5878	9.327682	9.427101	10.193803	4811.051868200302
105	7148.286	3044.8438	9702.191	2753.274	10082.561	119.793976	10243.99	9837.666	1000.0	1000.0	525000	648.4071	125.64533	809.4684	-97.94316	648.40814	125.63896	811.43677	-245.91165	647.90796	124.77002	815.3681	-108.85116	6.323761	4.617682	72.56899	-12.875836	-649.2629	9.674897	9.731201	10.410841	4860.590625286102
106	9514.882	133.44707	9647.4	9271.54	9887.888	83.773796	10039.772	9743.11	1000.0	1000.0	530000	649.8842	128.04132	815.1881	-101.477585	649.88556	128.03188	815.28845	-107.542465	649.38855	127.1645	814.3656	-50.610584	6.3711624	4.6552143	53.01186	-12.988189	-650.7407	9.7556	9.800467	9.966398	4910.453962802887
107	9428.369	160.63106	9616.722	9185.743	10277.388	75.59778	10411.265	10153.63	1000.0	1000.0	535000	652.81396	128.09544	819.01624	-84.50044	652.8157	128.08878	816.7277	-92.51231	652.3391	127.22143	815.42004	-109.027245	6.450004	4.6718044	58.55916	-14.09288	-653.6921	9.6543045	9.660348	10.329036	4959.313760280609
108	9647.82	124.7686	9877.138	9516.961	10157.801	147.85303	10441.515	9924.836	1000.0	1000.0	540000	656.58716	127.722115	825.2318	-132.41289	656.5874	127.72064	824.94025	-98.59946	656.1312	126.8396	820.14154	-106.595245	6.5455594	4.633227	59.98362	-12.552384	-657.5115	9.89566	9.932179	10.40885	5009.458306789398
109	9455.939	198.70818	9701.395	9178.351	9745.635	323.11267	10064.486	8857.257	1000.0	1000.0	545000	659.13275	128.57329	827.7282	-118.13222	659.1346	128.56331	822.793	-90.92101	658.6623	127.70967	828.8312	-82.986145	6.5182037	4.655648	58.71165	-12.502418	-660.02423	9.437809	9.636241	10.123345	5059.697460651398
110	9545.417	189.42865	9879.487	9341.466	10213.719	140.72006	10407.217	9915.411	1000.0	1000.0	550000	661.79126	128.31017	826.42645	-160.03204	661.79254	128.30122	829.2766	-123.93136	661.2861	127.420746	822.9512	-126.52045	6.519882	4.684957	54.27735	-12.900803	-662.6816	10.040653	9.926712	10.655872	5109.702973842621
111	9592.01	175.89929	9830.126	9313.864	9846.908	70.40536	9920.418	9713.003	1000.0	1000.0	555000	664.2636	128.58539	825.70667	-67.79146	664.2645	128.57967	829.08124	-69.11844	663.7774	127.70848	827.76685	-118.254074	6.4893494	4.6554127	89.742485	-12.624449	-665.1661	9.697454	9.801148	10.247176	5159.492804050446
112	9622.041	308.7181	10118.389	9272.772	10054.342	135.78596	10236.959	9814.885	1000.0	1000.0	560000	667.1699	128.81026	834.00323	-58.26097	667.1719	128.80191	833.9254	-48.67218	666.7119	127.93161	830.034	-64.0861	6.531229	4.680563	59.53444	-11.996286	-668.0885	10.03636	10.069116	10.506481	5209.459443092346
113	9675.372	173.29242	9918.014	9448.748	9524.674	1768.5292	10268.178	4228.252	1000.0	1000.0	565000	670.0164	129.38895	839.2492	-104.55226	670.0176	129.38068	841.1881	-111.890854	669.57007	128.49655	835.1595	-74.77325	6.6291447	4.6996565	59.572117	-12.032775	-670.9462	9.609199	9.577717	10.23026	5259.95831489563
114	9796.101	258.18356	10040.843	9325.97	10229.6455	129.8968	10436.86	10025.435	1000.0	1000.0	570000	673.0676	128.85968	844.88916	-60.363777	673.0701	128.84695	841.0744	-62.46794	672.5885	127.968834	839.7432	-61.77887	6.6307373	4.688518	65.54269	-14.097183	-673.9678	10.007423	10.135282	10.600018	5309.908712148666
115	9850.584	147.2368	9988.427	9565.133	10103.6455	67.70338	10229.192	9996.071	1000.0	1000.0	575000	674.65295	129.6887	843.6654	-127.730774	674.65466	129.67894	844.24744	-87.28818	674.1662	128.795	845.10254	-100.33855	6.6341677	4.6864195	64.39696	-11.927997	-675.55206	10.095603	10.119644	10.445232	5360.262195587158
116	9375.901	450.08304	9889.951	8606.509	10310.083	107.20683	10480.001	10100.982	1000.0	1000.0	580000	677.2857	129.99425	846.94586	-63.21746	677.2881	129.98169	847.41144	-64.66346	676.7913	129.09363	844.29156	-102.26434	6.629885	4.690919	58.451607	-12.068217	-678.2058	10.498892	10.465719	10.775061	5410.231049537659
117	9514.592	228.29823	9723.027	9115.378	10372.42	109.38438	10570.706	10202.691	1000.0	1000.0	585000	679.2168	129.48615	844.5073	-96.15842	679.219	129.4727	843.35205	-93.63029	678.6842	128.58386	850.33276	-142.26982	6.7099433	4.6829185	63.845127	-13.525156	-680.1241	10.932569	11.069793	11.197825	5460.54292845726
118	9585.588	298.93015	9814.89	9004.845	9729.795	127.48519	9873.137	9511.063	1000.0	1000.0	590000	680.9959	129.95287	855.0676	-63.75593	680.9973	129.94373	852.2321	-72.85681	680.4932	129.05473	849.17676	-67.53172	6.6237154	4.6691813	56.577984	-13.993199	-681.897	10.469571	10.570757	10.617251	5511.6569175720215
119	9552.08	445.19193	10032.967	8758.889	10093.097	107.18193	10223.923	9903.977	1000.0	1000.0	595000	683.43695	130.13712	855.4458	-70.52214	683.4396	130.12451	854.6907	-63.367027	682.9149	129.25647	851.6148	-64.53484	6.7020226	4.70492	56.854233	-13.235982	-684.3253	9.507773	9.62779	10.131973	5562.093511104584
120	9731.747	229.12714	9982.811	9313.772	10169.434	127.16184	10443.587	9965.071	1000.0	1000.0	600000	684.89087	130.43382	852.7626	-111.099945	684.8926	130.42322	855.549	-122.37903	684.35767	129.52287	850.96387	-85.15575	6.7042627	4.675774	61.025387	-15.87354	-685.7859	10.696658	10.701822	10.979639	5612.865169048309
121	9888.213	203.08694	10136.331	9636.246	9854.502	157.58257	10089.266	9621.859	1000.0	1000.0	605000	687.50885	129.67644	864.466	-77.99744	687.5104	129.66821	866.41406	-87.841064	686.9924	128.78148	865.87695	-106.37674	6.720304	4.6541576	55.44248	-12.131902	-688.39764	10.297544	10.421778	10.719093	5663.548138618469
122	9697.036	54.451973	9777.45	9630.199	10015.738	87.04845	10131.83	9867.364	1000.0	1000.0	610000	689.5626	130.50626	870.3507	-91.98851	689.56476	130.49286	867.174	-143.3066	689.03937	129.60933	865.3839	-84.638985	6.733572	4.6838603	63.720314	-11.907798	-690.4502	10.483474	10.652106	10.842102	5714.544756412506
123	9827.05	208.8579	10142.782	9611.827	9302.566	2563.946	10402.863	1633.6378	1000.0	1000.0	615000	691.4941	130.58194	869.563	-106.30724	691.4958	130.57356	870.2533	-114.35953	690.9715	129.6712	867.0388	-129.84607	6.7226834	4.689187	53.227016	-14.125277	-692.3983	10.54478	10.578637	10.968082	5765.283492803574
124	9891.916	223.38263	10188.664	9511.613	10659.319	147.2229	10927.319	10439.664	1000.0	1000.0	620000	693.4045	130.4594	878.9178	-120.788284	693.4062	130.44926	876.57764	-104.92351	692.8826	129.5392	871.5677	-115.667175	6.7449045	4.7182813	60.678314	-14.423874	-694.30646	10.899881	10.823693	11.119676	5814.484372377396
125	9917.689	266.39197	10205.782	9463.917	9737.69	99.113625	9917.988	9549.623	1000.0	1000.0	625000	696.0213	130.70087	872.96674	-146.04942	696.0238	130.68875	873.221	-139.04411	695.48883	129.77585	872.21857	-177.17606	6.859488	4.7683997	58.676453	-12.686962	-696.9288	11.6422	11.598622	11.5908	5864.660554647446
126	9900.732	336.4593	10391.816	9365.92	10429.346	57.665913	10538.596	10326.514	1000.0	1000.0	630000	697.5103	130.78447	877.1861	-154.66179	697.5121	130.77573	877.1723	-171.64313	696.97363	129.85652	872.9961	-172.6263	6.7899985	4.661218	57.973827	-12.0283165	-698.4235	11.381914	11.481638	11.325508	5916.143239021301
127	9900.314	248.80276	10197.427	9591.668	10510.621	67.17726	10575.024	10352.804	1000.0	1000.0	635000	699.6141	130.93245	877.1527	-75.13653	699.6158	130.92302	879.2299	-74.71998	699.0962	130.01144	876.5384	-71.08016	6.787174	4.6682596	59.67206	-12.8322315	-700.5295	10.552475	10.618901	10.781986	5968.097817897797
128	9889.804	329.28665	10506.627	9518.735	10418.761	136.92363	10791.559	10271.674	1000.0	1000.0	640000	701.7584	131.6221	896.171	-150.50566	701.75977	131.6151	895.1252	-147.23012	701.22235	130.68546	892.71216	-70.2031	6.792569	4.665385	57.91849	-16.903526	-702.6492	10.924516	10.97713	11.210903	6019.008734226227
129	10110.263	171.12183	10438.659	9975.584	10635.105	115.319405	10805.531	10476.614	1000.0	1000.0	645000	703.934	132.07039	895.44965	-79.467255	703.936	132.05873	893.076	-67.77127	703.4465	131.14175	892.6876	-67.94606	6.8713307	4.698514	76.8019	-12.168674	-704.8818	10.652572	10.728587	10.929003	6071.159196853638
130	9936.749	359.46747	10302.541	9249.49	10214.359	986.24835	10715.906	7279.632	1000.0	1000.0	650000	706.3311	131.72365	895.7183	-75.33775	706.3334	131.71068	896.05804	-70.042015	705.76843	130.79552	894.3041	-104.70567	6.879738	4.6655087	54.908905	-15.635507	-707.2276	10.787652	10.910808	10.872342	6122.599901676178
131	9980.467	382.84744	10237.428	9223.142	10638.049	136.72414	10837.565	10412.13	1000.0	1000.0	655000	707.8705	132.37	900.41504	-76.24911	707.87164	132.3631	899.4889	-92.28846	707.3491	131.452	895.32306	-90.36535	6.824851	4.6629596	65.82873	-11.4027195	-708.7856	10.481892	10.662841	10.507425	6174.861653327942
132	10113.969	282.48438	10478.433	9668.158	9693.662	64.54177	9830.685	9585.885	1000.0	1000.0	660000	710.319	131.717	900.4188	-80.95498	710.32	131.71123	899.71844	-77.10055	709.8057	130.7977	901.3273	-87.124916	6.840617	4.6306844	56.8249	-13.152607	-711.2207	10.516693	10.401115	10.38932	6227.652071237564
133	9125.8545	865.4108	10110.058	7533.4546	10252.127	99.395294	10469.19	10098.378	1000.0	1000.0	665000	711.92725	133.32756	904.7664	-80.02775	711.9294	133.31589	902.5622	-76.06144	711.383	132.41592	904.26373	-109.50645	6.898975	4.639306	50.501972	-13.551444	-712.8351	11.11531	11.317738	11.070763	6279.735857725143
134	10056.555	224.29514	10470.776	9830.517	9640.241	2103.6074	10632.617	3469.4563	1000.0	1000.0	670000	712.9413	134.0915	905.2592	-76.77944	712.9432	134.08473	905.9435	-92.1437	712.397	133.17267	902.5306	-93.21146	6.8752203	4.6496296	58.35504	-14.180949	-713.863	12.208964	12.440054	11.710878	6332.232105016708
135	10077.456	266.246	10497.859	9662.979	10370.659	724.1486	10883.743	8256.524	1000.0	1000.0	675000	715.8678	133.00111	903.84705	-141.95557	715.86847	132.99644	905.33636	-173.06155	715.29517	132.09639	902.99603	-103.588234	6.9122586	4.693051	60.858826	-13.702898	-716.7685	11.448485	11.399425	11.455771	6384.728120803833
136	8089.366	2802.4893	10541.653	3266.1545	9734.336	312.59296	10035.108	8899.477	1000.0	1000.0	680000	716.75946	135.18977	916.48987	-348.40045	716.7627	135.17215	915.2039	-142.09564	716.2098	134.25555	907.55414	-80.13357	6.8994236	4.6803603	67.33108	-12.368227	-717.7018	12.302251	12.265305	11.897953	6437.554964542389
137	10156.58	290.6964	10425.154	9632.08	9602.592	2805.7395	10788.83	1195.2021	1000.0	1000.0	685000	717.6473	137.33438	908.2889	-104.99937	717.6486	137.32173	909.8918	-181.35918	717.09564	136.42729	905.5445	-128.85654	6.964585	4.666649	66.23786	-12.758545	-718.5991	13.842629	13.943509	12.532088	6490.583626508713
138	10122.971	261.9485	10412.64	9737.21	10053.38	112.684685	10165.125	9782.486	1000.0	1000.0	690000	719.4565	137.0704	909.2594	-77.06194	719.45734	137.06438	911.6547	-73.91385	718.8943	136.17532	908.4492	-75.40772	6.972146	4.7018633	63.146275	-13.118271	-720.3614	11.789735	11.860686	11.1953535	6542.540724992752
139	10071.227	292.1826	10377.398	9647.848	10500.846	138.4306	10699.638	10260.878	1000.0	1000.0	695000	721.6475	136.48827	910.51624	-85.21668	721.6497	136.4775	912.0816	-80.07961	721.0754	135.59085	909.7744	-147.2049	6.973493	4.651312	77.74055	-11.044443	-722.5626	12.265079	12.461723	11.958705	6594.479019165039
140	8104.3936	2707.4768	10548.085	3444.6794	10666.48	105.03615	10886.803	10497.653	1000.0	1000.0	700000	721.24304	140.20296	910.8189	-85.20645	721.24536	140.19157	911.0383	-111.875435	720.649	139.31343	908.0456	-107.776024	6.939909	4.663566	60.561317	-12.9120655	-722.1444	12.328991	12.395895	11.960473	6646.703894853592
141	10111.884	157.13629	10353.316	9934.064	9933.478	2621.815	11093.081	2088.7913	1000.0	1000.0	705000	722.71814	139.76279	916.9973	-91.13774	722.7194	139.75443	914.00934	-94.43368	722.13916	138.8739	912.4213	-82.14823	7.0335174	4.6802063	67.94155	-13.165683	-723.6362	13.305147	13.449622	12.274511	6697.391950845718
142	10164.256	274.4404	10469.991	9663.963	10755.904	156.95952	11048.807	10499.121	1000.0	1000.0	710000	724.6162	140.07906	915.8585	-108.66422	724.6179	140.06541	916.0004	-124.62551	724.03925	139.18645	916.1628	-146.9782	7.0274844	4.669476	57.76858	-14.677517	-725.56915	12.861994	13.35993	12.403938	6747.623924255371
143	9008.25	2163.6797	10401.157	4710.679	10923.256	77.00199	11069.228	10815.549	1000.0	1000.0	715000	726.1819	141.1704	916.0012	-118.94387	726.18365	141.16208	917.3401	-107.98716	725.59314	140.28162	914.9673	-92.57171	7.045845	4.6821604	55.463516	-13.882857	-727.1392	12.674556	12.4472475	12.02972	6800.234198331833
144	10062.934	289.09393	10341.649	9662.129	10647.408	106.968864	10731.531	10400.316	1000.0	1000.0	720000	727.54565	142.22563	920.5869	-93.41347	727.5466	142.22217	918.61224	-96.799095	726.96936	141.34929	916.3201	-118.322075	7.014204	4.7039065	72.6252	-12.716174	-728.4923	12.947014	12.973569	12.002339	6853.060102462769
145	10347.363	182.14738	10635.311	10159.912	10907.167	192.51053	11293.356	10520.792	1000.0	1000.0	725000	729.3708	142.2096	924.2027	-96.65915	729.3718	142.20396	924.49615	-104.82112	728.7709	141.30667	928.3568	-90.31073	6.983843	4.687774	73.39072	-12.878701	-730.2784	13.569213	13.536466	12.783075	6905.325372695923
146	10384.771	142.2648	10539.24	10176.753	10846.89	90.42581	11030.364	10697.834	1000.0	1000.0	730000	731.27313	141.54166	926.50696	-90.98496	731.27515	141.53133	924.9618	-88.68378	730.67975	140.62546	923.843	-91.88392	7.065594	4.7012787	69.6203	-13.135439	-732.1672	13.091083	13.345528	12.13388	6958.597783088684
147	9209.854	2691.2427	10776.348	3834.6802	10170.248	72.750404	10313.541	10064.077	1000.0	1000.0	735000	733.0423	142.31783	930.24255	-218.74348	733.0434	142.30698	926.2435	-193.46172	732.43115	141.44467	926.9075	-195.22273	7.0381694	4.708389	59.83264	-13.888964	-733.9241	12.798743	12.950319	11.947577	7012.188277959824
148	9129.221	1561.8334	10563.12	6272.429	10776.111	230.3787	11062.057	10388.704	1000.0	1000.0	740000	732.6048	145.79134	931.9632	-231.45586	732.607	145.78012	931.2551	-219.05711	732.0044	144.96254	925.4976	-222.58899	7.110323	4.695001	70.302345	-11.863272	-733.5278	14.426128	14.647847	12.709332	7064.861894369125
149	10091.734	294.9285	10558.039	9677.158	10088.785	182.15797	10366.61	9859.786	1000.0	1000.0	745000	734.67487	145.85419	932.5995	-257.77237	734.67676	145.8389	930.7425	-239.23155	734.0734	144.98459	925.8298	-244.45338	7.1257715	4.652547	70.49329	-12.35082	-735.6189	14.617026	14.755372	13.048851	7117.3082365989685
150	10158.882	448.20425	10642.877	9377.485	11078.893	117.06574	11251.268	10897.283	1000.0	1000.0	750000	736.1532	146.50352	935.6305	-268.89395	736.15674	146.48698	932.948	-256.52588	735.55884	145.64653	927.7408	-261.97165	7.1526184	4.6881022	64.555405	-14.99801	-737.1146	13.90835	13.671597	13.069678	7169.574027061462
151	9733.541	1490.3062	10792.852	6788.001	10702.568	111.90618	10997.666	10588.147	1000.0	1000.0	755000	737.69434	147.30838	934.8756	-276.09796	737.6972	147.2932	935.8531	-256.88486	737.0794	146.44319	933.38074	-261.85175	7.177232	4.6655073	65.570274	-11.9720955	-738.6079	15.376178	15.493898	13.420555	7222.053614139557
152	10301.66	239.57486	10615.914	9936.77	10878.614	137.47511	11044.892	10603.03	1000.0	1000.0	760000	738.5228	147.37645	932.6053	-295.6663	738.5256	147.36835	935.77106	-251.8763	737.89935	146.49997	930.1022	-255.9511	7.1817656	4.6952205	102.721565	-11.608263	-739.4536	16.884398	16.81978	13.665849	7274.957329034805
153	9383.195	1889.0077	10576.878	5620.5483	10529.837	169.03435	10796.634	10241.618	1000.0	1000.0	765000	739.4153	147.71065	930.422	-274.70938	739.41656	147.69667	933.8789	-251.79636	738.77344	146.85538	928.0827	-253.52547	7.1767035	4.683472	74.659454	-15.523718	-740.3295	15.474093	15.615781	13.606597	7329.037478923798
154	10057.537	266.81982	10378.533	9640.329	10773.231	95.897255	10902.4375	10616.984	1000.0	1000.0	770000	740.0947	149.6463	935.39795	-263.81482	740.0969	149.63655	935.2404	-255.50504	739.4528	148.7895	936.41437	-256.91626	7.23153	4.70493	62.34869	-13.329756	-741.0051	16.145044	16.040512	13.610053	7382.12682723999
155	10449.664	317.07553	10761.058	9884.625	10591.596	176.62105	10990.517	10279.071	1000.0	1000.0	775000	741.92645	148.63858	936.0437	-280.12033	741.9285	148.62735	937.10443	-258.7969	741.3006	147.78256	930.4806	-271.7069	7.240861	4.726371	74.26736	-12.424867	-742.84235	15.275513	14.896394	13.6370535	7435.8757519721985
156	10212.902	103.88821	10327.061	10083.943	10701.154	136.88289	10914.619	10470.442	1000.0	1000.0	780000	743.189	149.07742	935.6626	-272.69687	743.1894	149.07697	936.46906	-267.67575	742.5519	148.22107	937.6416	-267.2293	7.2391534	4.6599603	72.81298	-12.37327	-744.1	16.335653	16.475363	13.942714	7489.384967803955
157	10305.836	369.78415	10628.301	9642.629	10889.379	84.459595	10992.289	10713.924	1000.0	1000.0	785000	744.7683	148.83943	938.62573	-277.77216	744.77075	148.8262	937.2082	-260.92624	744.1137	147.98373	940.6759	-270.74597	7.247209	4.688825	73.45853	-16.592182	-745.7043	15.948022	15.711588	14.00235	7543.501155138016
158	10417.729	339.44424	10823.901	9869.346	10858.755	81.82815	10983.568	10735.029	1000.0	1000.0	790000	746.2836	148.74757	941.5039	-298.6199	746.2848	148.74062	945.53906	-258.76123	745.6109	147.90117	939.6033	-266.21994	7.226978	4.72908	68.86026	-13.153942	-747.19476	14.944581	15.136189	13.640409	7596.914515972137
159	10512.6	257.15643	10842.155	10178.142	10922.283	136.90163	11053.254	10638.041	1000.0	1000.0	795000	746.6622	148.72618	941.98145	-276.08813	746.66394	148.71652	942.8355	-267.20447	745.9864	147.85974	942.17474	-267.37735	7.317484	4.71666	67.47896	-11.267847	-747.56604	15.53875	15.813961	13.543642	7650.605793714523
160	10128.992	661.8957	10716.981	8909.818	10997.724	147.92728	11271.655	10814.636	1000.0	1000.0	800000	748.3917	148.17554	947.7009	-303.19623	748.3938	148.16653	945.257	-270.1163	747.74585	147.30246	942.9189	-270.88666	7.296194	4.7263536	72.26447	-11.666615	-749.3045	15.228562	15.347541	13.662846	7704.449078321457
161	10529.207	222.18672	10797.504	10204.757	9793.778	2561.5508	11013.183	2123.2363	1000.0	1000.0	805000	749.2546	148.50778	945.7548	-296.54813	749.2572	148.4945	948.6736	-268.73102	748.577	147.6374	943.83496	-273.4497	7.242943	4.7567396	65.55726	-13.455759	-750.1473	16.428885	16.315641	13.8724	7756.497218847275
162	10362.7705	120.046455	10500.938	10177.049	11023.225	183.29022	11403.593	10750.868	1000.0	1000.0	810000	751.4801	148.19994	945.6756	-300.7354	751.4812	148.19026	943.4459	-272.01575	750.8274	147.33661	939.9857	-280.64694	7.2049365	4.7157464	65.7406	-12.441624	-752.363	14.0556	13.925606	12.909515	7807.963650941849
163	10589.537	159.12865	10895.128	10450.773	11023.307	142.07965	11260.548	10826.164	1000.0	1000.0	815000	752.1296	149.7033	949.8814	-297.21564	752.132	149.68987	949.3507	-275.2324	751.45575	148.83304	952.1025	-281.9684	7.221685	4.679645	80.71771	-12.883644	-753.0176	15.927823	16.136274	13.445643	7859.683281183243
164	10361.334	409.06473	10904.961	9866.44	10660.118	132.45644	10852.84	10389.781	1000.0	1000.0	820000	753.3484	148.62856	948.8727	-301.46756	753.35016	148.6222	949.39453	-276.9452	752.6566	147.75407	946.9125	-278.66144	7.3363433	4.701257	74.93888	-13.769201	-754.20514	16.38035	16.499895	13.950834	7910.78973531723
165	10432.987	58.703045	10518.303	10356.052	10865.488	117.74997	10996.603	10643.874	1000.0	1000.0	825000	753.96765	147.91766	948.3175	-296.80505	753.9699	147.90662	944.08264	-279.4418	753.2777	147.03415	942.3234	-290.14627	7.306042	4.673819	81.7784	-13.284072	-754.84125	15.830205	15.970104	14.03848	7963.419635772705
166	10252.706	387.24704	10608.81	9504.411	11170.92	99.12739	11302.221	11020.436	1000.0	1000.0	830000	754.6863	148.55832	946.80914	-301.74396	754.6869	148.55443	948.5438	-282.9812	754.01697	147.67525	948.6097	-289.0407	7.3339944	4.651253	62.767517	-10.737007	-755.5632	15.082712	15.0576315	12.834349	8015.552649021149
167	10540.561	295.70682	10870.076	10025.178	10728.205	183.76028	11033.68	10462.882	1000.0	1000.0	835000	755.8145	149.38513	952.09625	-338.0302	755.81586	149.37796	950.60205	-534.7904	755.1374	148.51381	945.34973	-284.78537	7.2529693	4.6341147	63.61548	-13.228964	-756.65344	14.487116	14.801597	13.751038	8068.163757801056
168	10340.554	354.04288	10584.035	9647.324	10923.044	166.15498	11169.545	10657.199	1000.0	1000.0	840000	757.309	149.28065	948.87024	-298.5107	757.31006	149.27406	949.70306	-289.96423	756.62604	148.40746	951.8061	-286.4688	7.3315554	4.632552	61.696857	-13.07035	-758.1533	15.200697	15.080766	12.850226	8120.677270889282
169	10490.951	207.77486	10687.745	10170.05	10862.745	104.771416	11093.351	10738.776	1000.0	1000.0	845000	758.8364	148.76309	954.54175	-298.84924	758.83765	148.75705	953.4299	-285.55887	758.14044	147.87358	946.5176	-289.74634	7.359867	4.725173	69.119514	-11.959396	-759.6951	14.819869	14.729758	13.009332	8172.873908996582
170	10495.684	353.02087	10922.018	9899.202	10934.627	146.46092	11296.984	10775.549	1000.0	1000.0	850000	760.43097	147.76762	965.226	-311.76044	760.43304	147.75917	963.9164	-299.25403	759.7388	146.91153	962.3927	-302.70673	7.294199	4.7427106	68.38432	-11.974451	-761.28644	14.22965	14.4883	12.61385	8225.091285705566
171	9286.193	2777.292	10853.08	3747.2136	10991.572	203.24857	11308.482	10621.765	1000.0	1000.0	855000	760.8828	149.84647	968.40405	-323.02133	760.8859	149.83159	969.97656	-309.0622	760.17523	148.98569	963.81036	-307.2811	7.229831	4.645213	74.7454	-13.674902	-761.7225	15.410994	15.208013	13.633331	8276.93987751007
172	10721.807	166.91635	10901.8125	10414.66	10752.471	102.497055	10945.723	10598.027	1000.0	1000.0	860000	762.1192	150.59499	969.87787	-336.3447	762.1211	150.5824	971.19385	-317.29895	761.4129	149.74263	967.8207	-316.92447	7.26794	4.665349	80.37267	-13.645657	-762.95624	15.098275	15.323063	13.478811	8329.195481300354
173	10620.464	167.85547	10825.225	10380.75	11081.859	142.32529	11216.552	10733.377	1000.0	1000.0	865000	763.0112	150.43457	970.74316	-340.0898	763.01306	150.4247	972.185	-323.64728	762.25775	149.55708	970.0169	-326.40433	7.301194	4.723836	75.20719	-11.774327	-763.8395	17.198738	17.332312	13.933916	8383.434091806412
174	10716.561	300.83917	10982.831	10138.803	11037.559	924.77704	11452.965	8287.884	1000.0	1000.0	870000	763.4316	150.39267	965.7543	-335.5045	763.43256	150.38632	966.79987	-322.37164	762.71906	149.51527	972.7793	-333.41504	7.3283625	4.710612	69.467545	-10.925041	-764.2675	14.745465	14.834993	13.702225	8438.51889038086
175	10537.049	192.84908	10704.599	10232.155	11146.639	120.523094	11371.263	11009.386	1000.0	1000.0	875000	765.1438	150.155	972.6595	-374.1295	765.14404	150.15164	973.9084	-324.08908	764.46	149.2821	972.1536	-332.19595	7.327856	4.6651983	67.57376	-11.9422	-765.9951	14.461977	14.481847	12.801532	8493.903202533722
176	10718.584	238.38445	10909.755	10290.349	10044.101	1272.2965	10607.618	6234.5874	1000.0	1000.0	880000	766.0088	151.1106	973.4695	-328.88348	766.01044	151.10194	976.0709	-310.13275	765.27014	150.25575	970.97656	-313.77515	7.3373456	4.624821	70.483986	-12.242825	-766.8191	14.709709	14.744467	12.647842	8548.442638874054
177	10543.935	304.03125	10769.905	9965.926	11443.265	133.35919	11632.672	11179.9375	1000.0	1000.0	885000	767.55786	150.31796	974.3082	-334.97495	767.55945	150.31003	975.6591	-308.86118	766.81683	149.43419	972.5011	-309.82965	7.341056	4.6372676	71.83813	-12.959917	-768.417	16.43995	16.121784	14.111118	8603.127209424973
178	10604.167	202.27098	10813.831	10257.313	9931.073	650.31274	10321.653	8008.1855	1000.0	1000.0	890000	768.53503	149.78145	971.4195	-330.87756	768.535	149.781	972.3328	-315.596	767.7738	148.91269	971.5626	-320.23608	7.272167	4.6571894	84.112595	-14.914568	-769.3381	16.003979	15.979578	13.786797	8657.398970365524
179	10489.0625	245.53104	10759.11	10046.667	10505.412	1184.8049	11142.732	6965.777	1000.0	1000.0	895000	769.08044	150.80798	972.8652	-363.34912	769.08295	150.7952	973.13184	-324.23657	768.3265	149.93657	974.42847	-329.003	7.4127226	4.695162	68.06484	-12.533546	-769.8795	15.5236435	16.026257	13.8833685	8710.797072410583
180	10247.74	371.58517	10559.1875	9521.165	11121.559	126.343185	11379.67	10912.166	1000.0	1000.0	900000	770.29846	149.19655	972.73987	-352.38586	770.2999	149.18976	974.8105	-321.64102	769.49896	148.31483	969.2323	-330.19235	7.324623	4.659695	61.496105	-13.282137	-771.0775	16.681671	16.51051	14.044738	8765.814749240875
181	9862.779	1449.9617	10956.019	6999.009	11121.564	111.94343	11299.333	10913.564	1000.0	1000.0	905000	770.4463	149.78674	971.7588	-339.50726	770.4467	149.78603	972.3156	-315.2171	769.70953	148.938	971.7988	-322.9866	7.2979946	4.647853	73.94698	-13.21304	-771.237	16.94843	16.819044	13.968414	8820.16755604744
182	10828.209	254.42282	11124.355	10435.288	11031.114	130.6958	11278.992	10843.597	1000.0	1000.0	910000	772.1649	149.79037	973.4851	-316.381	772.1668	149.78236	976.8254	-308.6829	771.39746	148.92818	971.8786	-315.07764	7.326279	4.6542473	64.62077	-11.581174	-772.9466	16.840242	16.667881	14.495653	8874.921580553055
183	10692.659	151.47572	10889.421	10544.159	11286.416	219.31163	11641.26	11011.507	1000.0	1000.0	915000	773.4195	149.66795	978.83203	-322.56604	773.42053	149.66228	980.43774	-313.5948	772.6626	148.81209	974.77734	-320.06052	7.464767	4.6971226	80.944824	-10.263283	-774.2481	16.832941	16.799343	14.193972	8929.488740682602
184	10650.088	175.50699	10842.725	10323.29	11005.638	894.3827	11402.773	8330.644	1000.0	1000.0	920000	774.5143	150.35858	974.009	-335.06735	774.51495	150.3512	975.3624	-314.08505	773.744	149.4672	972.76697	-326.07397	7.480574	4.7094646	71.13574	-13.7029915	-775.3229	16.962992	17.41069	14.312097	8983.654724359512
185	10583.826	267.25815	10896.963	10192.774	11237.291	141.7239	11480.577	10982.24	1000.0	1000.0	925000	775.47656	150.24095	975.4626	-340.61194	775.4778	150.23473	976.9588	-314.30698	774.7284	149.37076	976.8506	-318.13818	7.3698196	4.6796865	66.37392	-14.894062	-776.237	15.387647	15.342636	13.363775	9038.106829166412
186	10585.531	229.51028	10822.059	10155.35	10673.432	667.4729	11077.575	8706.143	1000.0	1000.0	930000	777.0367	150.16403	976.21857	-329.46555	777.0384	150.15729	977.75934	-325.65927	776.29297	149.29924	979.97144	-327.23642	7.40496	4.6650844	71.15816	-12.263548	-777.8228	17.518513	17.465271	13.710914	9093.526523590088
187	10539.4375	170.71684	10856.064	10372.261	11226.954	117.96864	11440.498	11070.823	1000.0	1000.0	935000	777.7466	150.8092	978.1444	-373.2344	777.7475	150.8046	979.8762	-335.32428	776.95166	149.95807	978.9642	-342.0663	7.360392	4.7225046	65.897026	-11.111545	-778.5317	17.47341	17.334776	14.010953	9148.95456814766
188	10937.016	241.89137	11273.404	10624.029	10580.455	2297.6506	11451.932	3696.2563	1000.0	1000.0	940000	779.43176	149.79347	978.1843	-349.09763	779.4311	149.79341	978.6104	-334.1077	778.6644	148.92212	978.4025	-341.01654	7.386925	4.7049065	65.90976	-14.775911	-780.2068	15.490214	15.484597	13.693668	9203.68778181076
189	10821.703	176.24434	11039.639	10599.776	11354.696	168.69815	11618.641	11159.923	1000.0	1000.0	945000	780.10266	150.17728	982.3442	-339.2124	780.1037	150.17041	982.0878	-331.377	779.32367	149.30696	978.19214	-333.1249	7.3991137	4.70859	75.66005	-11.931406	-780.87994	15.426638	15.456488	13.197212	9258.237858057022
190	10768.6	271.0078	11107.479	10372.086	11259.615	152.2135	11561.943	10970.389	1000.0	1000.0	950000	781.1524	149.58636	978.62695	-357.99548	781.1536	149.58127	983.25854	-327.20898	780.3584	148.69244	978.3945	-347.40164	7.375198	4.6934958	67.67298	-12.223904	-781.9043	16.72125	17.08724	14.019137	9314.31944322586
191	9924.239	1850.6835	11060.763	6231.944	11182.475	159.29944	11521.311	10970.722	1000.0	1000.0	955000	782.17615	149.8236	980.0903	-359.5186	782.1778	149.8136	981.5857	-336.96088	781.41364	148.96503	976.3588	-352.05014	7.3419995	4.652384	67.2597	-13.3298855	-782.95667	16.793064	16.74642	13.699982	9369.010840654373
192	10639.847	233.62755	10997.474	10302.585	11247.432	184.66927	11545.424	10966.641	1000.0	1000.0	960000	783.4244	151.1397	982.47107	-345.45596	783.4251	151.1354	984.46783	-329.19214	782.6376	150.26338	982.6771	-336.40097	7.3835216	4.6276054	63.888382	-11.513036	-784.2054	17.879538	18.03635	14.3761215	9424.414179086685
193	10718.681	258.73312	10976.718	10224.207	11287.528	66.428566	11409.204	11158.467	1000.0	1000.0	965000	784.4322	152.24706	987.138	-336.9485	784.4337	152.24063	989.5163	-323.42578	783.6807	151.37376	992.3647	-329.43127	7.3028855	4.620165	64.450005	-12.499005	-785.2364	17.596462	17.57375	14.288468	9478.977802276611
194	10817.982	212.84914	11180.202	10598.4	11331.291	179.38028	11620.785	11016.718	1000.0	1000.0	970000	786.07983	151.1413	986.515	-347.05347	786.08167	151.13338	988.12354	-334.72058	785.3018	150.25978	985.1966	-333.93713	7.4227376	4.690318	68.65588	-14.85078	-786.88104	16.628408	16.5747	13.788421	9533.752195119858
195	10753.686	129.47879	10990.979	10643.749	11317.76	125.4292	11446.005	11093.07	1000.0	1000.0	975000	787.2612	150.834	986.7638	-355.70294	787.2631	150.82388	983.0436	-331.6356	786.4549	149.96915	983.7282	-347.26147	7.3799624	4.631507	72.22913	-11.782144	-788.05585	17.196447	17.265917	14.194066	9589.046876192093
196	10828.311	186.76582	11006.9	10477.368	11233.486	133.93631	11522.113	11034.743	1000.0	1000.0	980000	788.1722	151.67859	988.50793	-372.67923	788.17474	151.664	988.4609	-348.53152	787.3845	150.81432	981.16815	-358.83044	7.311829	4.6409955	73.5808	-11.648542	-788.92993	17.304665	17.23177	13.705634	9644.819746494293
197	10807.869	409.63565	11297.991	10337.391	11112.983	104.64735	11280.75	10977.917	1000.0	1000.0	985000	789.2633	151.57625	987.3677	-362.3796	789.2652	151.56723	988.9664	-342.51584	788.48706	150.6991	986.5713	-349.96167	7.460857	4.6205244	76.50386	-10.645718	-790.0629	16.405157	16.21977	14.0072155	9700.08538722992
198	10835.524	130.62419	11042.245	10642.131	11211.204	136.64864	11522.306	11057.661	1000.0	1000.0	990000	789.992	151.84723	990.89685	-365.162	789.9933	151.84193	989.59357	-338.92023	789.2118	150.95845	990.5717	-341.38562	7.398289	4.6627216	88.75528	-12.722613	-790.7869	19.191069	19.239729	14.458239	9756.376167535782
199	10017.947	1154.4039	11075.526	7796.724	10939.64	126.01663	11097.132	10681.022	1000.0	1000.0	995000	791.1726	151.36365	989.00415	-359.26562	791.17377	151.3538	987.7597	-333.32867	790.3539	150.48476	989.832	-341.64825	7.388054	4.7264056	98.10767	-12.608154	-791.93866	17.58517	17.62837	13.932859	9811.856494903564
