Epoch	AverageEpRet	StdEpRet	MaxEpRet	MinEpRet	AverageTestEpRet	StdTestEpRet	MaxTestEpRet	MinTestEpRet	EpLen	TestEpLen	TotalEnvInteracts	AverageQ1Vals	StdQ1Vals	MaxQ1Vals	MinQ1Vals	AverageQ2Vals	StdQ2Vals	MaxQ2Vals	MinQ2Vals	LossPi	LossQ	Time
1	-286.00058	67.327034	-215.15111	-388.10883	-256.05148	111.7553	-178.689	-583.01355	1000.0	1000.0	5000	3.5887487	3.9923062	28.784414	-7.7032027	3.588875	3.9919126	29.006462	-7.0955925	-5.216536	0.5969062	40.353302001953125
2	-212.61057	48.851395	-143.86888	-286.03745	-599.57715	43.781322	-519.8836	-682.8475	1000.0	1000.0	10000	22.575022	9.290952	58.01171	-3.165234	22.575354	9.2900915	59.15012	-2.9371655	-26.303331	3.1587222	79.13072681427002
3	320.658	559.7584	1276.3418	-292.26978	568.54944	1127.4729	1778.001	-1136.9683	1000.0	1000.0	15000	40.70419	13.011008	94.61972	-3.621751	40.70383	13.009357	92.70134	0.25800693	-42.967743	5.471359	121.4345211982727
4	666.8887	994.0922	1950.6978	-432.67953	2429.3826	421.2969	2690.0032	1203.7439	1000.0	1000.0	20000	47.868847	21.652367	106.33375	-2.1403875	47.868694	21.652042	106.482796	-1.3134089	-50.16579	5.6922755	164.0546669960022
5	2540.6704	481.2888	3132.4067	1689.8021	3283.3833	106.00132	3436.7065	3050.682	1000.0	1000.0	25000	62.89296	31.820938	136.65851	-2.7625704	62.892323	31.8213	136.51968	-1.9664856	-65.06751	6.491374	206.45979619026184
6	2709.776	1270.482	3451.5603	176.01593	3474.6824	137.86281	3664.51	3163.0671	1000.0	1000.0	30000	82.29431	41.628704	176.04489	-3.415893	82.29433	41.629425	178.35387	-4.1735563	-84.4884	7.5473194	248.74472832679749
7	2864.1218	1371.4504	3653.5374	124.059586	3824.724	124.286804	4094.3174	3620.542	1000.0	1000.0	35000	98.89262	52.943237	202.1769	-13.271917	98.89277	52.942524	200.44157	-9.547914	-101.03658	9.123428	290.35300755500793
8	3697.584	132.16188	3835.4453	3484.8643	3341.7336	1127.5585	3962.0146	-12.9085245	1000.0	1000.0	40000	120.7488	60.837933	223.42372	-14.747748	120.74988	60.836742	222.81102	-16.26118	-122.89337	11.025544	332.2957978248596
9	3611.3364	606.8519	4076.6338	2413.4172	3964.282	131.05197	4199.762	3821.2292	1000.0	1000.0	45000	140.23262	67.74881	247.48886	-32.941135	140.23332	67.74765	248.01224	-32.328167	-142.32332	13.738922	374.9507386684418
10	3948.293	227.6109	4259.344	3599.6995	4285.2705	210.9382	4495.0093	3847.0295	1000.0	1000.0	50000	160.52524	72.70534	266.37772	-43.33786	160.52563	72.70474	266.50327	-40.227222	-162.84413	15.57042	417.01412081718445
11	4166.3057	116.58825	4351.814	4011.5889	4301.6772	133.70454	4456.745	3978.0461	1000.0	1000.0	55000	179.79674	75.871506	282.86145	-47.434288	179.79732	75.87179	282.92798	-43.140938	-182.07214	16.824913	459.65279841423035
12	2797.1165	1664.8951	4273.0664	141.85512	4325.3047	100.48106	4441.9453	4104.697	1000.0	1000.0	60000	192.49982	82.83106	299.45328	-41.24141	192.49992	82.83113	302.6128	-40.92407	-194.5266	17.855896	501.70122241973877
13	4256.0396	94.37786	4401.591	4112.7466	4205.8066	848.1742	4632.4736	1670.5232	1000.0	1000.0	65000	206.70895	87.667816	319.66437	-67.30203	206.70937	87.66718	317.2907	-73.6908	-208.85657	20.217628	542.7562069892883
14	4368.9917	96.0642	4543.7593	4268.9316	3996.6401	652.6626	4380.0454	2058.0195	1000.0	1000.0	70000	221.86574	90.12157	333.009	-77.10838	221.86589	90.12066	332.5716	-74.49583	-223.95065	21.405424	584.9873144626617
15	4301.2334	119.36936	4419.573	4118.4697	4539.6064	140.09068	4784.5244	4340.1997	1000.0	1000.0	75000	235.09612	92.21149	342.3026	-58.169964	235.09673	92.210785	340.58417	-66.03166	-237.10155	22.141624	627.6600439548492
16	4526.5264	82.79454	4578.02	4362.2593	4597.7896	151.64009	4805.1836	4288.7856	1000.0	1000.0	80000	247.71146	93.48446	355.5367	-57.563198	247.71175	93.48385	353.44006	-61.118694	-250.01033	22.980606	670.677627325058
17	3645.2085	1977.0663	4881.9673	-296.1385	4400.026	1158.7654	4895.908	931.8831	1000.0	1000.0	85000	256.8106	97.81012	361.32025	-59.00763	256.81122	97.80898	362.436	-48.134426	-258.69736	23.606009	713.4650146961212
18	4278.8135	667.01544	4714.7554	2950.042	4933.5312	83.81432	5082.853	4802.5728	1000.0	1000.0	90000	266.67453	100.41661	373.13068	-77.0682	266.67526	100.415146	373.80164	-73.28849	-268.8658	24.303722	756.2767362594604
19	4826.923	121.78939	4957.01	4667.0327	4903.609	82.729164	5024.6895	4779.0796	1000.0	1000.0	95000	275.34616	103.329956	380.18402	-101.987335	275.3466	103.32871	380.15216	-96.280594	-277.30927	26.070719	798.9828283786774
20	4794.331	140.05885	4972.7817	4555.366	3286.522	1767.0829	5213.5195	-126.18602	1000.0	1000.0	100000	284.771	104.53029	388.26978	-101.93071	284.771	104.52926	389.99673	-108.09492	-286.7795	25.911932	841.6461665630341
21	4815.365	140.73553	4952.688	4588.463	4976.2783	681.6242	5360.2817	2956.3896	1000.0	1000.0	105000	293.99408	105.595825	398.4165	-97.23442	293.99457	105.594025	398.64365	-120.085625	-295.9938	26.22115	884.190842628479
22	4470.3647	758.7479	5011.5503	2979.559	5208.9663	101.38603	5352.6104	5031.1665	1000.0	1000.0	110000	301.34702	107.18074	404.30585	-108.32969	301.34772	107.178444	404.26248	-133.0136	-303.28244	28.153812	927.0800819396973
23	4915.551	107.01252	5094.802	4763.4204	5271.5317	112.320366	5483.929	5094.638	1000.0	1000.0	115000	308.77875	108.57666	411.42917	-90.202965	308.7787	108.57553	411.0796	-103.043365	-310.5789	27.0345	969.3479368686676
24	4950.8296	138.41391	5135.3877	4818.448	5171.3345	109.19039	5359.1553	4979.8496	1000.0	1000.0	120000	316.12415	109.549225	417.52356	-136.2653	316.12488	109.54731	417.14944	-114.98262	-318.11224	28.33035	1011.9118864536285
25	4038.0317	1800.5317	5044.946	445.00635	5355.2725	90.16678	5512.5835	5234.206	1000.0	1000.0	125000	322.6513	111.24249	423.8778	-124.29455	322.65176	111.24128	422.17267	-143.39746	-324.23	28.461319	1053.9710021018982
26	5107.321	171.03514	5381.6123	4842.361	5370.5674	85.10013	5496.3193	5234.829	1000.0	1000.0	130000	328.2244	113.56241	441.28415	-114.91391	328.22522	113.560394	440.38882	-119.85617	-330.3664	28.907005	1096.676560163498
27	5188.2827	92.84287	5255.932	5012.0093	5443.5093	91.909805	5586.2266	5259.835	1000.0	1000.0	135000	335.09958	114.25467	444.77823	-117.12973	335.1001	114.25374	446.5337	-139.34079	-337.0112	28.3713	1139.4706807136536
28	5244.302	123.99082	5369.0425	5044.1226	5368.8438	94.13478	5514.597	5241.6235	1000.0	1000.0	140000	341.66	114.18211	449.81128	-125.36263	341.66025	114.18029	449.54858	-136.38004	-343.16766	28.011438	1182.6329917907715
29	4819.5205	1212.6929	5576.6133	2401.5051	5521.266	128.20694	5700.7305	5297.754	1000.0	1000.0	145000	347.64523	114.8099	457.1712	-142.03293	347.64594	114.8079	456.32028	-126.651	-349.2185	27.569475	1225.6776232719421
30	5358.485	58.16629	5442.577	5265.8765	5696.9077	72.915306	5810.2285	5583.8247	1000.0	1000.0	150000	353.25525	116.093155	464.0079	-172.60652	353.25598	116.09185	461.621	-155.7783	-355.0464	28.105188	1269.1323363780975
31	5380.24	86.48324	5526.4688	5256.601	5762.115	99.97124	5883.7817	5527.0522	1000.0	1000.0	155000	358.95322	117.46145	464.6107	-135.93423	358.9533	117.46052	464.5291	-152.51392	-360.82632	28.178093	1312.573543548584
32	5513.5303	67.37466	5584.069	5401.107	5784.969	55.73681	5902.8896	5713.3184	1000.0	1000.0	160000	364.9191	118.136765	471.4723	-158.53854	364.91965	118.134834	470.9255	-160.41983	-366.87173	28.42675	1356.8867182731628
33	5572.661	172.85284	5820.1313	5277.581	5997.4243	79.2882	6117.858	5868.8735	1000.0	1000.0	165000	371.41028	117.56434	475.2646	-137.81364	371.41098	117.56212	473.41156	-188.2279	-373.3012	29.527912	1399.728039264679
34	5561.344	84.06027	5633.1313	5396.9473	5908.917	117.87489	6067.0425	5687.784	1000.0	1000.0	170000	377.04794	118.2667	482.60266	-142.21596	377.04813	118.26502	481.61987	-146.298	-379.11993	29.962568	1442.93856716156
35	5788.151	96.02384	5930.2446	5635.622	5971.5093	76.95413	6056.0034	5846.9004	1000.0	1000.0	175000	382.61346	118.78871	489.00812	-141.15761	382.61374	118.78804	485.02484	-163.93193	-384.39896	29.31425	1486.8659980297089
36	5715.3145	117.86273	5908.2285	5588.3164	5951.111	134.92772	6099.0464	5668.03	1000.0	1000.0	180000	388.33377	118.890755	498.9964	-106.8996	388.33444	118.88857	503.6273	-114.57882	-390.21283	29.55485	1529.2702069282532
37	5774.956	172.63403	6011.417	5487.0796	6282.4736	186.30534	6573.4775	5952.999	1000.0	1000.0	185000	393.73276	118.82285	506.53177	-112.12748	393.73312	118.8223	509.61575	-123.45858	-395.49194	31.137278	1572.7918906211853
38	5871.167	185.25534	6114.162	5616.328	6012.4	820.4009	6443.958	3596.1375	1000.0	1000.0	190000	399.28296	118.32462	529.379	-119.19966	399.28317	118.32399	532.1264	-119.99446	-401.1923	29.79045	1617.107877254486
39	5838.552	207.42787	6036.8228	5447.423	6694.0312	187.21605	7053.8237	6355.844	1000.0	1000.0	195000	405.26334	117.93649	533.34	-108.322136	405.2634	117.93379	532.09906	-154.48187	-407.11273	30.131882	1660.1350700855255
40	6193.6978	147.25972	6389.7827	5971.397	6516.364	104.2986	6601.6953	6292.0356	1000.0	1000.0	200000	411.0652	118.22227	548.20856	-102.706474	411.06564	118.220924	546.4924	-109.873764	-413.1334	31.09233	1704.2351541519165
41	5095.493	1463.2974	6288.5464	2660.725	6187.3696	1124.8921	6834.4497	2855.6636	1000.0	1000.0	205000	415.21887	120.933365	548.8176	-145.76277	415.2195	120.93107	552.6022	-139.08635	-417.27957	34.15097	1748.7492530345917
42	6253.1323	200.00815	6554.755	6022.131	6254.7725	918.50397	6796.7334	3520.4912	1000.0	1000.0	210000	420.42514	122.884575	561.90625	-177.30956	420.42575	122.88264	564.66895	-206.08575	-422.3467	36.71195	1791.9305772781372
43	6344.8047	329.20056	6722.34	5768.165	6771.065	184.21082	7009.9995	6329.155	1000.0	1000.0	215000	426.83755	122.35008	570.37866	-171.49342	426.83807	122.34845	571.33575	-189.33427	-428.9324	38.599083	1836.2554490566254
44	6389.5293	212.3252	6641.6846	6026.2007	6561.72	216.93901	6766.828	5983.1655	1000.0	1000.0	220000	432.61575	122.85222	573.66547	-154.12172	432.61557	122.8518	577.2888	-166.89012	-434.6418	41.188408	1880.4226372241974
45	6517.7803	221.05382	6815.413	6150.7593	6797.947	501.08536	7187.647	5342.715	1000.0	1000.0	225000	438.2307	123.64037	585.63934	-166.8388	438.23083	123.63856	583.316	-139.9809	-440.4923	39.486893	1925.22221493721
46	6647.263	101.18159	6729.138	6451.4277	6838.654	172.02559	7237.5083	6571.87	1000.0	1000.0	230000	444.72794	123.14061	589.88806	-170.85558	444.7282	123.139336	589.13	-203.57607	-446.86945	41.497456	1969.6167736053467
47	6664.505	135.95767	6896.4414	6503.554	7258.675	124.134346	7466.8184	7068.567	1000.0	1000.0	235000	449.72998	124.383385	597.3619	-196.00941	449.73007	124.38085	597.0027	-163.50378	-451.8234	41.62069	2013.9976842403412
48	6732.0664	247.91493	7188.9805	6462.7397	7264.1133	177.0764	7618.8945	6977.392	1000.0	1000.0	240000	456.2214	124.16485	607.84235	-163.92944	456.22226	124.16254	606.36865	-201.60568	-458.3618	42.98079	2058.928098678589
49	6967.1055	353.54178	7333.9614	6409.586	7203.9297	155.12167	7442.1167	6908.4473	1000.0	1000.0	245000	462.3605	124.45893	612.9787	-205.68355	462.3599	124.45801	613.9568	-221.36598	-464.7318	43.00542	2103.290456056595
50	6993.185	240.0144	7398.9487	6749.0767	7297.8203	138.81825	7502.814	7068.7983	1000.0	1000.0	250000	468.45932	125.26679	620.04944	-195.61348	468.45984	125.26503	622.5946	-213.93414	-470.4437	44.118286	2148.0678894519806
51	6968.8936	82.908264	7112.9355	6868.6826	7629.8584	120.565636	7856.417	7386.003	1000.0	1000.0	255000	474.73233	125.68329	627.9697	-182.36761	474.73233	125.68048	628.527	-195.0004	-477.2212	44.75084	2193.4535970687866
52	7404.331	247.22043	7778.7563	7116.5063	7434.475	112.22695	7598.2803	7252.1514	1000.0	1000.0	260000	481.6274	125.25309	646.41425	-168.57504	481.62775	125.25113	643.11505	-193.95677	-483.9928	45.576237	2238.825347185135
53	7291.139	333.62436	7769.2363	6825.8965	7199.128	1826.9199	8252.892	1785.0444	1000.0	1000.0	265000	488.1078	125.56719	652.5591	-185.74736	488.10803	125.5654	648.7766	-236.70981	-490.42996	47.043404	2283.632933139801
54	7380.221	426.30914	8112.168	6787.0864	8090.218	193.49193	8426.367	7794.371	1000.0	1000.0	270000	494.56726	126.19836	661.301	-141.6887	494.5673	126.19572	661.6472	-136.25795	-497.06546	46.785458	2328.3574352264404
55	7885.6797	209.95143	8112.8926	7497.2773	7925.9624	155.95638	8253.807	7692.3457	1000.0	1000.0	275000	501.69562	127.14079	671.74396	-184.10957	501.6959	127.13922	672.0357	-183.07709	-504.62036	50.996204	2373.4621057510376
56	7669.5103	157.35062	7910.963	7447.017	8053.655	307.56958	8537.204	7331.919	1000.0	1000.0	280000	508.91806	128.81522	673.44196	-189.87738	508.91812	128.81364	676.84985	-191.33424	-511.6816	52.509045	2419.238632917404
57	8080.3384	283.08398	8614.0	7790.1562	8591.967	98.95601	8751.901	8445.609	1000.0	1000.0	285000	516.67255	129.16022	688.65857	-181.96393	516.67267	129.15787	695.2993	-168.15369	-519.5537	54.223576	2464.3528442382812
58	8029.1416	154.27315	8337.155	7935.8057	8556.533	125.78624	8824.655	8356.93	1000.0	1000.0	290000	523.74445	131.39699	698.0677	-210.24524	523.7442	131.3961	699.92566	-196.14333	-526.7614	57.64836	2508.8810272216797
59	8101.378	307.9608	8544.834	7587.9517	8578.904	139.41467	8784.019	8335.474	1000.0	1000.0	295000	531.6057	132.07419	712.31995	-184.47293	531.606	132.07161	706.87054	-201.91447	-534.5148	60.237217	2551.5393600463867
60	8016.587	259.02618	8242.432	7682.2275	8180.8623	997.65533	9021.364	5263.317	1000.0	1000.0	300000	538.76025	133.50171	718.5969	-217.84247	538.7603	133.49956	719.895	-258.3085	-541.64526	62.240925	2596.240861415863
61	8297.714	365.97794	8822.298	7728.551	8988.645	193.8454	9306.849	8629.091	1000.0	1000.0	305000	545.7809	134.44417	729.841	-202.46439	545.7814	134.44157	729.9785	-219.00568	-548.7333	63.621975	2641.013429403305
62	8266.231	132.14783	8482.096	8096.2383	8739.872	137.96944	8965.499	8542.155	1000.0	1000.0	310000	553.00226	135.07184	742.77576	-213.49081	553.0022	135.06996	752.16077	-188.9694	-555.79114	69.24436	2687.2436294555664
63	8437.157	229.07541	8833.644	8127.2236	8752.443	167.35342	9021.626	8456.458	1000.0	1000.0	315000	559.1142	136.01068	752.94543	-202.31853	559.1139	136.00867	752.6404	-214.78297	-562.3078	70.44313	2733.5723440647125
64	8376.748	241.7377	8678.159	8127.666	9034.541	162.7166	9300.627	8767.914	1000.0	1000.0	320000	565.774	136.81311	754.1084	-173.81638	565.7745	136.81099	752.07184	-246.77567	-568.8177	73.19329	2778.4081869125366
65	8633.698	270.7105	8960.35	8155.999	8407.584	1185.492	9008.012	4871.3594	1000.0	1000.0	325000	572.62445	137.50697	769.9211	-136.75653	572.62494	137.50583	765.0695	-152.87085	-576.1134	73.631546	2824.149044752121
66	8650.131	146.20393	8827.644	8453.463	9067.189	195.10349	9485.731	8733.367	1000.0	1000.0	330000	579.3991	138.83293	774.39484	-201.89424	579.3989	138.83058	771.21106	-177.63968	-582.68195	74.29049	2870.0662002563477
67	8591.948	197.7947	8884.76	8279.706	9301.556	225.30844	9717.115	9021.135	1000.0	1000.0	335000	585.257	139.53972	779.06464	-196.38377	585.25775	139.5363	776.1736	-173.39676	-588.4047	75.27866	2916.422831773758
68	8698.518	352.9296	9088.715	8060.301	9079.455	275.1434	9538.696	8499.056	1000.0	1000.0	340000	591.12213	140.57149	786.2788	-160.93318	591.12225	140.57019	784.42737	-156.68834	-594.4173	75.8628	2961.194830417633
69	8764.984	345.1367	9212.713	8334.387	9058.211	267.49118	9635.794	8691.918	1000.0	1000.0	345000	596.7686	141.72154	794.601	-218.11797	596.76825	141.7197	788.6626	-164.89304	-600.1422	80.03338	3006.257982969284
70	8673.811	657.49274	9107.849	7366.494	9149.242	93.464264	9258.992	8928.917	1000.0	1000.0	350000	602.4935	142.97142	795.83826	-189.81955	602.4938	142.96956	795.96277	-197.2821	-605.59125	82.098366	3052.656915664673
71	9013.253	239.85144	9243.947	8596.598	9117.894	157.32344	9297.51	8794.463	1000.0	1000.0	355000	608.04486	143.52972	798.1623	-171.25728	608.0452	143.52902	795.63574	-187.52701	-611.36816	82.85518	3099.656121492386
72	9043.509	217.15892	9316.307	8730.468	9382.104	140.61678	9588.004	9193.337	1000.0	1000.0	360000	613.2425	145.01329	805.4223	-144.69283	613.2427	145.01172	803.96564	-159.55872	-616.7694	85.36257	3146.619126558304
73	8793.709	609.9604	9401.551	7655.8545	9256.93	146.58453	9488.414	9082.109	1000.0	1000.0	365000	618.9687	144.8963	807.9529	-164.27911	618.9687	144.89331	805.23895	-143.76248	-622.3408	84.72682	3193.3186106681824
74	9091.23	242.82884	9423.361	8705.759	9534.508	312.779	9831.339	8730.225	1000.0	1000.0	370000	624.32117	145.36787	810.6873	-172.48117	624.3213	145.36687	808.04755	-175.67026	-627.6545	86.30305	3239.1378676891327
75	8971.661	132.09988	9151.627	8804.316	9725.37	119.36407	9928.546	9570.29	1000.0	1000.0	375000	629.1893	147.51195	819.3983	-149.83968	629.1897	147.50926	815.05133	-135.02682	-632.6161	86.69509	3283.928176879883
76	8356.126	791.35547	9119.397	6942.4946	9382.056	337.7914	9798.616	8835.431	1000.0	1000.0	380000	633.69977	148.97752	824.86176	-176.45168	633.70044	148.97392	819.021	-187.85791	-637.0647	88.276024	3329.312518596649
77	9015.037	319.92297	9432.021	8474.018	9713.086	187.11867	9958.082	9416.723	1000.0	1000.0	385000	638.3378	148.9718	832.78796	-195.82678	638.33746	148.97237	825.6486	-199.9064	-641.7348	93.53609	3374.734878540039
78	9245.307	162.06651	9404.882	8952.222	9850.986	205.77274	10235.188	9524.789	1000.0	1000.0	390000	642.726	148.98459	835.4514	-201.07608	642.72614	148.98656	832.6323	-266.9695	-645.976	99.82776	3419.62003326416
79	9289.735	184.15456	9475.367	8962.865	9533.857	168.80533	9757.797	9187.768	1000.0	1000.0	395000	646.7651	149.39995	836.1123	-263.3235	646.76526	149.39607	836.6816	-258.57416	-650.22424	96.36873	3463.219270467758
80	9255.101	185.7791	9394.625	8886.966	9628.144	654.4771	10086.049	7748.262	1000.0	1000.0	400000	650.95087	149.01575	843.55505	-192.84526	650.95135	149.01376	840.7724	-183.38379	-654.4905	94.85339	3507.6120944023132
81	9132.881	264.61646	9514.0625	8800.957	9819.915	169.44926	10051.706	9481.077	1000.0	1000.0	405000	654.6154	150.23454	849.10364	-242.10686	654.6151	150.22989	848.4783	-240.02087	-657.8522	96.973854	3553.3052229881287
82	9372.884	390.05978	10073.891	9038.859	9584.425	236.49002	10203.677	9313.932	1000.0	1000.0	410000	658.22284	150.85405	846.9847	-266.12247	658.2229	150.85356	845.36426	-257.62537	-661.5776	100.72015	3599.219933986664
83	9302.047	243.2488	9513.491	8846.448	9744.051	164.17441	9946.907	9390.565	1000.0	1000.0	415000	662.4982	150.44768	849.97437	-239.37486	662.4985	150.44687	847.4726	-220.35635	-665.9968	102.336174	3645.6479699611664
84	9453.375	255.447	9763.72	9042.67	9758.254	133.20401	9967.3545	9547.081	1000.0	1000.0	420000	665.978	150.67776	850.13745	-329.78497	665.97894	150.67502	851.3858	-295.47446	-669.69385	102.092674	3691.054322719574
85	9479.938	212.63344	9819.861	9210.38	10120.681	225.55295	10430.804	9597.489	1000.0	1000.0	425000	669.566	150.3636	857.4118	-269.8013	669.56555	150.36124	856.50195	-232.8714	-672.9978	101.273865	3736.06227684021
86	9542.3125	172.04984	9698.562	9251.519	9964.082	197.10432	10275.815	9641.945	1000.0	1000.0	430000	672.4334	150.63234	857.395	-196.96417	672.43384	150.62903	858.8462	-222.88708	-675.92456	98.64224	3781.5721957683563
87	9468.934	174.19011	9652.425	9143.154	9533.514	1518.7827	10193.227	4991.7456	1000.0	1000.0	435000	676.292	150.1749	859.85706	-265.86356	676.292	150.17375	858.24255	-214.58795	-679.8787	101.9417	3827.7962176799774
88	9660.9795	243.44914	10019.527	9279.766	10118.375	154.41019	10383.22	9829.425	1000.0	1000.0	440000	679.13776	150.55888	860.4993	-231.51363	679.1381	150.5561	863.85175	-259.22778	-682.6312	102.59882	3873.9293689727783
89	8948.719	1417.9824	10088.199	6196.5312	10089.875	138.39397	10396.423	9862.408	1000.0	1000.0	445000	682.1062	150.41223	872.51526	-131.45981	682.1064	150.41121	870.7783	-119.99261	-685.4965	99.31103	3919.308351755142
90	9505.866	244.50037	9727.421	9067.425	10255.863	132.25887	10568.0	10072.569	1000.0	1000.0	450000	684.9042	150.63777	867.96655	-163.94104	684.90436	150.6369	867.9339	-160.3824	-688.4473	96.85752	3964.6589477062225
91	9683.861	267.31705	10064.832	9255.114	10220.639	182.35149	10664.93	9928.76	1000.0	1000.0	455000	688.3574	150.09297	877.1506	-131.38466	688.3583	150.09085	875.00543	-173.9374	-691.6908	97.681076	4010.429674386978
92	9347.762	471.38947	9789.365	8476.55	10076.039	99.89674	10252.68	9947.347	1000.0	1000.0	460000	691.7667	150.72289	876.2061	-178.58961	691.76697	150.72089	873.4435	-230.80397	-695.2201	100.21355	4057.1614139080048
93	9414.12	339.99362	9698.79	8767.807	10229.635	159.50616	10494.276	9994.666	1000.0	1000.0	465000	694.6487	151.16704	884.2436	-133.80148	694.64844	151.16707	880.26434	-114.84032	-697.78	101.64538	4103.59158873558
94	9786.643	118.29822	9942.303	9644.765	10352.623	152.16129	10651.387	10160.454	1000.0	1000.0	470000	697.97784	151.11491	889.983	-158.96284	697.9779	151.1138	881.4483	-128.45386	-701.4157	96.984695	4149.239808320999
95	9661.463	286.0308	9953.207	9257.753	10263.541	220.43863	10663.862	9927.048	1000.0	1000.0	475000	701.20465	151.60423	884.60266	-171.74014	701.2043	151.60286	883.9546	-158.79839	-704.6199	99.01611	4196.020704507828
96	9587.088	231.82413	9992.276	9352.244	10289.944	159.40791	10461.606	9915.946	1000.0	1000.0	480000	704.34973	151.33502	888.01514	-159.07013	704.34955	151.33391	888.39935	-184.88434	-707.553	102.02592	4241.2666029930115
97	9577.828	147.82318	9863.274	9433.853	10042.007	107.037766	10228.726	9785.465	1000.0	1000.0	485000	706.7619	152.19023	894.91693	-131.03877	706.762	152.18945	888.76843	-129.04338	-709.9294	102.67317	4287.5665555000305
98	9531.325	295.51947	9837.902	9127.219	10228.37	114.6345	10399.344	10042.518	1000.0	1000.0	490000	709.7884	151.9006	892.4729	-113.65821	709.7883	151.89734	893.647	-136.92194	-713.0288	99.82233	4334.354858160019
99	9845.303	234.85391	10299.213	9661.008	10354.8	187.70862	10545.805	10030.872	1000.0	1000.0	495000	713.08307	150.84608	895.8846	-155.17918	713.0831	150.8442	895.64764	-156.77126	-716.5923	102.25926	4380.8316016197205
100	9617.802	217.66034	10034.876	9435.601	9434.848	157.42613	9849.68	9282.267	1000.0	1000.0	500000	714.97406	151.77158	900.00214	-123.80442	714.97473	151.77069	896.44073	-123.86858	-718.05206	102.58375	4427.34010887146
101	9501.086	273.20773	9920.554	9181.739	9941.941	198.30894	10316.342	9715.717	1000.0	1000.0	505000	717.3185	151.3614	900.36743	-136.83037	717.3185	151.35936	898.041	-116.27068	-720.58954	102.69612	4473.410497426987
102	9871.861	152.33195	10055.95	9613.258	9995.951	159.90834	10201.602	9746.758	1000.0	1000.0	510000	719.9608	150.93562	897.4509	-105.89054	719.96063	150.93477	898.1155	-125.58994	-722.9064	98.580055	4520.170802593231
103	9656.693	339.52527	9994.429	9086.837	9868.861	202.93567	10085.619	9460.954	1000.0	1000.0	515000	722.4203	151.2073	900.7578	-146.62306	722.4203	151.20554	901.89124	-86.54138	-725.48334	101.79303	4566.369522571564
104	9594.948	97.19284	9751.193	9494.993	9230.987	198.43208	9557.379	8950.071	1000.0	1000.0	520000	724.0503	152.9174	904.47327	-199.91087	724.05066	152.91525	904.7951	-195.00009	-726.9764	100.55639	4612.956613302231
105	9723.679	469.4473	10022.613	8787.663	9047.013	218.16487	9466.837	8757.201	1000.0	1000.0	525000	727.0901	152.20415	904.8984	-166.59969	727.08997	152.20564	901.85535	-159.04803	-730.4385	101.96996	4660.724055051804
106	9672.255	388.38177	9947.499	8909.171	10267.65	146.55989	10501.042	10032.707	1000.0	1000.0	530000	729.35693	151.87874	905.92554	-189.49696	729.3568	151.8764	903.6322	-202.90192	-732.1559	101.1458	4707.779131650925
107	9868.411	208.16399	10087.895	9526.299	9894.545	61.29049	9968.236	9753.298	1000.0	1000.0	535000	731.762	151.88281	908.1855	-221.51268	731.7628	151.88026	908.12256	-274.02533	-735.035	101.899826	4754.740211725235
108	9782.042	309.77457	10162.56	9267.291	10210.902	114.917336	10470.631	10048.279	1000.0	1000.0	540000	733.2274	151.97415	910.7067	-138.0463	733.2277	151.9719	909.901	-203.2843	-736.4578	101.23414	4801.913444757462
109	9793.037	234.42044	10090.219	9373.08	10553.466	114.41303	10772.447	10388.258	1000.0	1000.0	545000	735.23035	151.9083	915.3716	-147.51881	735.23016	151.9074	909.81085	-194.50922	-738.68146	103.13716	4849.085175991058
110	9933.358	161.39775	10159.451	9678.93	10462.631	127.190025	10618.564	10130.464	1000.0	1000.0	550000	737.5202	151.98853	912.3976	-130.11765	737.52045	151.98817	913.49347	-121.49941	-740.4414	99.30355	4896.129404067993
111	9954.83	202.06335	10340.125	9790.911	10261.8545	84.6782	10412.843	10081.85	1000.0	1000.0	555000	739.6048	152.08244	914.27606	-117.75919	739.6053	152.07767	916.5115	-129.24446	-742.9974	101.06052	4941.90482544899
112	9869.631	313.50854	10253.158	9439.244	10249.662	77.043526	10421.103	10143.696	1000.0	1000.0	560000	741.7138	152.64867	920.8885	-163.42087	741.7137	152.64708	920.35767	-151.25885	-744.3149	99.05347	4988.24884724617
113	9871.917	236.45436	10162.34	9510.288	10340.658	90.7435	10524.817	10192.364	1000.0	1000.0	565000	744.03046	151.90242	922.91895	-129.61615	744.031	151.90106	920.70825	-132.62668	-746.7983	102.262886	5034.788811922073
114	10074.863	71.78639	10132.546	9937.499	10105.177	159.16318	10323.296	9839.078	1000.0	1000.0	570000	745.57434	152.63216	922.31726	-134.99773	745.57416	152.63046	921.3399	-121.78888	-748.6329	99.32887	5082.927374839783
115	9863.647	209.7168	10258.612	9637.686	10329.897	96.905334	10527.6045	10175.546	1000.0	1000.0	575000	747.76025	151.76459	924.6216	-110.34186	747.75995	151.76465	922.76117	-181.12476	-750.8155	97.530174	5130.623342752457
116	9943.928	225.39218	10227.818	9538.228	10275.733	108.46374	10404.072	10012.007	1000.0	1000.0	580000	749.43646	152.16632	925.88477	-143.24307	749.4365	152.16374	928.16724	-143.44633	-752.8578	102.88373	5178.323024272919
117	9863.808	196.68631	9987.251	9471.999	10576.004	137.73149	10886.486	10397.991	1000.0	1000.0	585000	751.1817	151.94463	923.0666	-116.191055	751.18176	151.94464	923.99176	-104.68671	-754.54126	104.39516	5225.432948112488
118	10149.308	257.12686	10392.742	9690.062	10027.164	212.24248	10359.134	9538.032	1000.0	1000.0	590000	752.8846	151.93733	926.0769	-100.48129	752.8852	151.93385	927.7267	-117.188286	-755.9045	100.71568	5272.9702780246735
119	9843.212	336.03928	10164.964	9220.288	10613.976	205.96979	10825.011	10133.683	1000.0	1000.0	595000	755.04803	151.74062	930.54205	-166.79156	755.04767	151.73831	927.927	-193.07974	-757.7934	102.75403	5321.344671726227
120	9890.051	191.14505	10072.116	9536.722	10009.998	85.826096	10107.407	9846.686	1000.0	1000.0	600000	756.6037	152.718	928.7612	-192.17116	756.60443	152.71602	930.8272	-193.65562	-759.6946	102.3465	5369.387716054916
121	10062.083	276.6597	10501.971	9787.239	10621.671	174.12833	10883.928	10299.337	1000.0	1000.0	605000	758.55023	151.76009	935.53204	-145.3826	758.55066	151.75958	932.00885	-140.34325	-761.4523	105.82315	5416.6053767204285
122	10028.507	349.1867	10474.41	9622.961	10863.258	187.46124	11084.607	10480.978	1000.0	1000.0	610000	760.3529	152.30399	936.1281	-247.67915	760.3526	152.30081	936.0737	-209.88528	-763.39484	103.87427	5463.506390094757
123	9702.695	546.877	10320.379	8777.316	10744.049	275.33234	11084.282	10136.066	1000.0	1000.0	615000	762.6288	151.26195	938.83624	-130.70132	762.6293	151.25774	937.5701	-120.599014	-765.55963	99.333336	5511.735308647156
124	9995.626	70.8221	10101.4795	9920.485	10589.242	112.881935	10853.025	10431.667	1000.0	1000.0	620000	764.06793	151.3482	941.1706	-171.42815	764.068	151.3477	941.3956	-133.01234	-767.21716	102.292564	5561.419298887253
125	10146.608	148.37517	10401.724	9974.343	9990.376	140.27667	10163.121	9757.285	1000.0	1000.0	625000	765.9431	150.32922	947.3027	-168.44669	765.9432	150.32558	945.69995	-118.46728	-769.2786	101.23055	5610.061583042145
126	10066.471	191.22914	10325.731	9859.785	10650.663	161.29796	10883.389	10380.089	1000.0	1000.0	630000	767.82104	149.477	950.0526	-148.77809	767.8216	149.47716	947.1213	-184.4008	-771.1285	101.291336	5657.570863246918
127	9987.179	170.28857	10227.187	9758.909	10126.487	501.90863	10614.437	8785.139	1000.0	1000.0	635000	769.7766	149.05714	944.8302	-183.6856	769.7766	149.05623	945.03033	-147.16463	-772.7579	107.791176	5704.570680141449
128	9878.794	389.95218	10265.555	9261.404	10273.295	133.32724	10458.26	10093.665	1000.0	1000.0	640000	771.00476	149.51566	949.9177	-145.35977	771.00446	149.51491	950.92126	-151.89717	-774.157	105.62605	5752.045603275299
129	10154.167	367.69968	10557.785	9560.844	10779.163	105.063324	10949.66	10628.918	1000.0	1000.0	645000	772.697	150.43858	950.5503	-153.1478	772.69617	150.43828	947.3587	-119.06488	-775.8318	102.527084	5799.468297958374
130	10070.057	168.31699	10287.626	9795.145	10661.326	138.42232	10905.144	10441.619	1000.0	1000.0	650000	775.01355	149.55243	954.36206	-91.10135	775.0137	149.55235	953.04803	-93.0305	-778.0788	101.96393	5847.189009189606
131	10191.969	137.99632	10414.02	9997.175	10730.948	107.76188	10860.822	10490.892	1000.0	1000.0	655000	776.888	149.34612	955.5582	-117.992386	776.88824	149.3438	951.6442	-88.920204	-779.71216	105.452965	5894.660375595093
132	10205.003	106.86296	10319.416	10030.749	10666.407	139.5433	10918.628	10461.324	1000.0	1000.0	660000	778.16315	149.82889	953.3824	-151.71173	778.16254	149.82794	952.3931	-148.22774	-780.8051	103.62534	5940.846155405045
133	10138.739	164.85498	10360.609	9878.146	10792.869	164.83597	11122.437	10606.831	1000.0	1000.0	665000	779.53357	149.65753	952.40765	-148.77786	779.5342	149.65446	951.1634	-122.48671	-782.3437	106.71514	5988.501699924469
134	10120.422	365.57083	10475.199	9490.197	10427.192	1333.5532	10995.311	6444.6924	1000.0	1000.0	670000	780.7968	149.05057	956.68945	-115.3055	780.79596	149.05333	954.48566	-94.04297	-784.0155	109.61558	6035.6993227005005
135	10169.371	216.53116	10512.33	9936.088	10786.053	124.87169	10924.152	10540.454	1000.0	1000.0	675000	782.4464	149.16434	955.3385	-99.93541	782.4468	149.16298	957.67365	-110.44309	-785.628	106.29774	6084.104266643524
136	10272.709	223.4097	10660.443	10077.255	10849.757	184.19144	11096.495	10532.226	1000.0	1000.0	680000	783.68744	149.4534	955.67065	-153.60977	783.6874	149.45056	957.67444	-60.5319	-786.58734	105.44675	6132.34662270546
137	10114.896	184.54681	10349.756	9804.065	10824.91	243.87874	11263.587	10448.94	1000.0	1000.0	685000	784.8764	149.65414	954.313	-143.03627	784.87634	149.65062	953.573	-95.23754	-787.6232	105.4939	6179.415615558624
138	10194.333	91.34204	10313.885	10085.966	10897.229	94.21322	11118.3545	10771.648	1000.0	1000.0	690000	786.4476	149.98956	962.22217	-73.23119	786.4472	149.98961	957.5044	-113.57903	-789.4143	104.584404	6227.106299161911
139	10169.594	202.60498	10517.779	9991.071	9595.929	2171.0608	10902.008	3266.133	1000.0	1000.0	695000	788.6229	150.02658	963.3234	-100.011795	788.6233	150.02318	963.1426	-115.576775	-791.5941	103.64021	6275.004252195358
140	10120.138	273.54486	10489.394	9702.245	10603.445	170.19543	10940.537	10356.712	1000.0	1000.0	700000	790.41974	150.21466	966.3318	-115.8339	790.41943	150.21506	961.65106	-151.22485	-792.9385	103.90233	6323.956064224243
141	10206.032	158.56786	10470.024	10009.342	10104.117	124.88703	10293.702	9936.262	1000.0	1000.0	705000	791.86304	149.96799	964.29803	-83.02117	791.863	149.96738	963.3589	-103.90026	-794.5494	104.54561	6372.06578707695
142	9894.57	435.38412	10371.922	9263.504	10713.836	200.14868	11067.101	10438.807	1000.0	1000.0	710000	793.25	149.9635	964.965	-173.07475	793.2503	149.96132	965.43195	-112.50879	-796.2085	105.82023	6419.5284831523895
143	10021.51	256.67426	10248.708	9548.52	10742.294	127.45881	10919.018	10470.79	1000.0	1000.0	715000	794.5902	150.478	964.8393	-151.74225	794.5902	150.4761	968.64954	-141.37407	-797.7783	103.80287	6467.480157852173
144	10287.975	67.69013	10353.177	10185.872	10589.178	129.07025	10847.255	10419.003	1000.0	1000.0	720000	796.4828	149.40799	969.61664	-136.81985	796.4824	149.409	970.3948	-138.69885	-799.3627	101.50717	6515.280044078827
145	10080.045	245.69635	10405.339	9766.843	10787.114	133.0273	10963.709	10530.797	1000.0	1000.0	725000	797.99695	149.99652	977.72614	-164.75772	797.9965	149.99535	971.7342	-127.51196	-801.0863	103.12618	6563.8516256809235
146	10120.868	397.48257	10614.04	9417.434	10802.722	197.15312	11116.523	10550.347	1000.0	1000.0	730000	799.4541	150.22821	973.97455	-185.41083	799.4541	150.22589	973.01196	-200.30853	-802.4325	104.92516	6611.853261232376
147	10127.178	282.9072	10617.255	9849.204	10886.054	133.78482	11050.247	10668.122	1000.0	1000.0	735000	800.5578	149.52258	972.7071	-126.60029	800.5584	149.52248	972.4248	-135.8992	-803.1095	103.36928	6660.43031334877
148	10347.511	180.69028	10580.897	10080.385	9498.62	134.735	9686.729	9284.872	1000.0	1000.0	740000	801.3794	150.15263	976.6078	-152.32637	801.3789	150.15225	973.7427	-140.02135	-804.1018	104.15952	6707.674897909164
149	10014.303	429.65244	10536.267	9374.168	10732.307	98.52809	10861.649	10523.882	1000.0	1000.0	745000	802.6217	149.61041	977.0766	-155.08455	802.62177	149.60864	971.6004	-135.59811	-805.1527	103.50591	6757.738696813583
150	10283.641	242.9933	10579.308	9927.972	10804.561	112.39076	10993.318	10576.238	1000.0	1000.0	750000	804.2361	149.50055	976.2627	-86.2759	804.23596	149.49939	978.7443	-91.03448	-807.3805	105.51817	6807.697953462601
151	10254.929	238.39801	10591.608	9938.787	10829.965	76.53953	10972.545	10715.235	1000.0	1000.0	755000	805.8867	149.72635	975.4491	-187.84528	805.8865	149.72522	979.5761	-223.40399	-809.2145	108.03393	6856.8776569366455
152	10418.404	227.30032	10675.48	10064.629	11017.745	216.80894	11442.305	10644.227	1000.0	1000.0	760000	807.1045	148.95894	985.017	-162.93529	807.10406	148.95963	978.7798	-121.694176	-809.97754	103.651276	6906.679084777832
153	10372.74	218.23616	10630.11	10035.943	11013.682	142.36674	11288.532	10796.651	1000.0	1000.0	765000	808.6862	149.22807	982.5742	-86.9085	808.68695	149.22525	980.7311	-134.78824	-811.4976	103.975334	6954.97526550293
154	10322.326	501.1324	10755.85	9369.579	10936.176	134.0774	11226.547	10767.928	1000.0	1000.0	770000	809.6485	149.74467	983.6209	-146.1693	809.64856	149.74239	982.4702	-138.33923	-812.4169	108.88377	7004.1981291770935
155	10339.533	170.08086	10553.564	10081.852	10668.07	128.7005	10809.095	10473.777	1000.0	1000.0	775000	809.95764	150.87906	984.69214	-148.20609	809.958	150.87756	984.90485	-138.23709	-812.53314	110.146286	7053.6333611011505
156	10399.705	286.77652	10784.339	10020.363	11034.249	94.40278	11217.53	10914.628	1000.0	1000.0	780000	811.693	150.35297	986.6195	-70.056496	811.6937	150.34813	983.7615	-73.62072	-814.9327	108.06015	7103.169201374054
157	10346.334	223.61775	10686.115	10057.836	11011.087	217.2985	11268.052	10554.867	1000.0	1000.0	785000	813.5969	149.77469	985.57947	-98.32853	813.5965	149.77306	984.4706	-91.567215	-816.3272	105.72275	7154.140023231506
158	10352.877	307.82843	10626.781	9789.103	11163.008	156.40298	11368.949	10896.987	1000.0	1000.0	790000	814.93713	148.92247	987.9601	-143.07542	814.9374	148.92084	987.4981	-177.54175	-817.8409	113.447914	7204.583957433701
159	10332.15	267.45218	10674.065	10006.298	10284.975	116.355095	10479.611	10086.863	1000.0	1000.0	795000	816.10284	149.39395	987.9056	-155.06885	816.1029	149.39383	988.85547	-122.52245	-818.95636	110.77518	7255.223924875259
160	10151.12	422.7834	10602.705	9386.463	10928.483	147.00394	11160.049	10655.773	1000.0	1000.0	800000	817.162	149.31258	989.67975	-161.81201	817.1615	149.31264	987.03827	-150.77579	-819.9732	106.9168	7306.161900043488
161	10358.236	125.32073	10511.493	10167.273	10361.605	214.61542	10586.3125	9812.333	1000.0	1000.0	805000	819.02185	148.55481	987.8772	-117.04405	819.0221	148.55426	993.7511	-136.07892	-822.0361	110.413475	7354.944637298584
162	10152.808	165.00243	10340.94	9880.455	10560.626	133.79648	10928.068	10421.907	1000.0	1000.0	810000	819.7444	149.12695	986.9242	-99.60306	819.74457	149.12477	985.3479	-76.45323	-822.68463	106.961235	7404.209785461426
163	10581.232	229.84605	10919.544	10303.344	11129.577	141.81964	11312.376	10820.54	1000.0	1000.0	815000	821.3688	149.31815	994.52496	-103.876015	821.3685	149.31804	990.90216	-88.8877	-824.4061	103.72917	7453.596412181854
164	10372.303	140.2794	10537.769	10184.016	10203.528	257.4879	10693.169	9859.479	1000.0	1000.0	820000	822.8291	149.32996	991.2555	-73.54072	822.82916	149.33124	990.8885	-106.77437	-825.50476	107.381134	7502.925889968872
165	8398.403	4120.1084	10603.899	161.35918	10687.926	115.75298	10809.635	10413.969	1000.0	1000.0	825000	822.4011	152.80865	993.8716	-165.41661	822.40063	152.81073	993.8266	-131.29936	-825.5128	107.241425	7552.36808848381
166	10436.342	261.61737	10773.678	10016.527	10426.444	139.53523	10679.292	10256.103	1000.0	1000.0	830000	823.8096	152.54607	994.40765	-138.91469	823.80975	152.5446	995.693	-131.79486	-826.8206	108.9638	7603.827290773392
167	10252.687	474.78763	10701.757	9420.418	11172.111	84.58426	11310.212	11008.23	1000.0	1000.0	835000	825.3089	151.47871	996.0842	-101.50308	825.30945	151.4781	996.21436	-126.80331	-828.3484	111.050186	7653.8065004348755
168	10532.958	125.8281	10675.768	10322.779	11040.779	186.29855	11298.178	10631.574	1000.0	1000.0	840000	826.1848	151.98987	1004.0269	-78.94541	826.18445	151.98868	1000.2791	-83.10111	-829.1558	108.93316	7704.149892807007
169	10654.668	139.83574	10815.473	10414.8955	10917.6455	100.87242	11051.277	10751.617	1000.0	1000.0	845000	828.0755	150.76099	994.5509	-73.6296	828.0756	150.76048	994.2884	-109.24928	-831.08905	111.10898	7755.186256408691
170	10301.369	377.11575	10696.603	9595.071	11242.253	189.39864	11591.503	10981.39	1000.0	1000.0	850000	829.0861	149.6897	997.81104	-99.64858	829.0864	149.68886	997.5167	-95.084724	-832.0111	112.86388	7806.0560619831085
171	8728.465	3254.8464	10617.362	2245.0679	10598.376	161.71051	10842.7295	10331.266	1000.0	1000.0	855000	829.28796	152.08777	997.0594	-157.16322	829.2873	152.08739	998.97186	-170.60295	-832.0816	113.6906	7856.629530906677
172	10322.242	160.72432	10559.199	10109.503	10644.013	176.26173	10869.416	10377.843	1000.0	1000.0	860000	830.52045	152.30385	1001.79913	-147.40198	830.521	152.298	999.8634	-142.4029	-833.46466	115.64625	7906.355818271637
173	10240.342	203.92339	10522.3955	9908.135	11033.385	142.54942	11279.143	10881.603	1000.0	1000.0	865000	831.72455	151.56535	998.41406	-153.98688	831.72406	151.56506	1001.2477	-105.656784	-834.8997	117.13978	7957.282687425613
174	10527.984	155.53062	10789.655	10384.056	11162.588	155.51128	11332.325	10888.809	1000.0	1000.0	870000	832.47253	151.51709	998.8318	-128.76665	832.4732	151.5137	1000.1628	-136.69	-835.1749	115.25918	8006.75182723999
175	10552.08	317.1804	10976.319	10172.342	10601.997	93.46456	10737.602	10479.761	1000.0	1000.0	875000	833.5483	151.26437	999.80005	-155.62735	833.54785	151.26373	1001.0824	-99.92398	-836.8966	114.77739	8058.157070875168
176	10448.776	309.49734	10740.871	10015.998	11232.164	117.960945	11502.23	11094.408	1000.0	1000.0	880000	834.0892	150.60316	1002.50085	-173.43654	834.08936	150.60123	1000.7744	-180.55347	-836.9193	116.237976	8109.419853925705
177	10675.244	216.34595	10880.494	10390.167	10479.522	1872.683	11352.035	4894.6294	1000.0	1000.0	885000	834.94604	149.84294	1002.2776	-253.13882	834.9463	149.83926	1008.46356	-213.07083	-837.6214	111.04735	8160.515949249268
178	10642.248	101.626045	10793.687	10484.829	11143.99	143.43321	11363.28	10922.531	1000.0	1000.0	890000	836.7238	149.05916	1001.5242	-92.663246	836.7234	149.05846	1002.7179	-131.1422	-839.7111	107.159775	8210.359815359116
179	10593.981	120.00305	10821.045	10490.1875	11133.875	163.587	11452.874	10932.6875	1000.0	1000.0	895000	837.7236	149.82552	1006.45013	-87.56567	837.72327	149.82486	1007.50824	-237.68619	-840.2643	107.64174	8259.95774769783
180	10537.334	175.6033	10830.942	10292.344	10794.435	125.87889	10990.014	10626.411	1000.0	1000.0	900000	838.4822	149.8151	1005.1846	-92.75046	838.48267	149.81442	1005.8665	-152.68669	-841.3214	113.448425	8309.1035323143
181	10415.047	242.8416	10821.628	10104.209	11137.55	124.68065	11337.966	10913.309	1000.0	1000.0	905000	839.8178	149.38142	1008.642	-197.97859	839.8178	149.3777	1006.0111	-226.6823	-842.8992	115.82994	8359.265229940414
182	10612.985	94.42988	10723.882	10452.291	11078.513	136.1364	11395.874	10908.866	1000.0	1000.0	910000	840.6732	149.74132	1014.65643	-159.75735	840.6732	149.73892	1013.7163	-132.47964	-843.3024	112.5709	8410.026560544968
183	10577.092	443.43396	10904.051	9699.106	11252.112	135.88496	11446.261	10989.061	1000.0	1000.0	915000	841.76514	150.0705	1012.3794	-157.62215	841.7654	150.06923	1011.7885	-156.25363	-844.5022	111.75558	8460.228263378143
184	10497.564	274.9146	10949.93	10183.209	10709.36	148.59868	10895.304	10432.231	1000.0	1000.0	920000	842.37134	150.84984	1018.2317	-148.80879	842.37134	150.84846	1012.0178	-200.3193	-844.9187	114.935036	8510.145931243896
185	10467.268	426.132	10847.603	9698.336	10949.382	222.11176	11186.339	10362.6045	1000.0	1000.0	925000	843.3931	151.10803	1012.02594	-255.61325	843.3931	151.10619	1013.29156	-309.79883	-846.0112	113.47654	8560.021419525146
186	10662.155	139.06108	10805.488	10455.165	10926.859	150.238	11177.299	10668.171	1000.0	1000.0	930000	844.3484	150.86296	1011.4818	-273.89215	844.34845	150.85876	1011.83594	-165.71332	-846.8496	114.981926	8609.144588947296
187	10458.993	157.27887	10638.661	10248.685	10109.143	110.70251	10234.468	9920.813	1000.0	1000.0	935000	844.7849	150.30656	1008.43756	-126.90074	844.78485	150.30505	1009.66235	-154.45851	-847.8852	114.60687	8658.816246509552
188	10410.446	236.52313	10661.371	10000.962	11370.108	119.813255	11556.187	11205.241	1000.0	1000.0	940000	845.60974	151.1229	1009.49664	-163.08344	845.6095	151.12352	1012.9783	-168.08727	-848.4655	114.973976	8709.213644504547
189	10615.427	327.12167	10885.011	9994.472	9833.928	123.73495	9971.716	9627.37	1000.0	1000.0	945000	845.68713	151.45367	1013.6881	-134.96202	845.68756	151.44704	1017.19214	-123.288315	-848.568	113.81656	8759.372100830078
190	10388.507	373.4322	10601.112	9642.606	10860.275	117.23266	10998.711	10549.131	1000.0	1000.0	950000	846.6643	152.47504	1015.5797	-143.77885	846.6644	152.4736	1016.46497	-174.89494	-849.5036	115.02173	8810.047811031342
191	10605.217	205.07942	10888.547	10259.25	11131.898	221.67467	11439.518	10607.746	1000.0	1000.0	955000	847.6909	152.12764	1014.32434	-82.00616	847.69086	152.12585	1014.18256	-135.33168	-850.7127	111.31677	8860.194364070892
192	10386.924	149.02081	10641.03	10184.997	11240.502	109.142876	11409.216	11103.746	1000.0	1000.0	960000	848.4471	151.84967	1017.7186	-129.2195	848.44727	151.84819	1019.57056	-107.89179	-850.8493	115.59585	8910.649704933167
193	10251.252	763.1434	10689.909	8728.002	11335.687	110.73792	11591.913	11204.493	1000.0	1000.0	965000	849.70856	151.88824	1018.44415	-138.62886	849.7088	151.88817	1018.8994	-148.52893	-852.4308	111.47735	8960.629640579224
194	10474.362	390.70694	10830.414	9719.141	10682.608	1252.4972	11276.523	6941.54	1000.0	1000.0	970000	850.6458	151.4945	1018.8001	-126.260635	850.6458	151.49084	1016.68207	-145.08134	-853.2444	112.632225	9011.031331539154
195	10544.015	191.28947	10756.306	10215.798	11157.454	135.54803	11376.148	10920.8125	1000.0	1000.0	975000	851.74097	150.90463	1019.03204	-173.04033	851.7409	150.90085	1022.8484	-109.61453	-854.2466	109.2364	9061.146402597427
196	10400.993	281.95367	10890.406	10024.839	11151.8125	184.09853	11434.248	10833.44	1000.0	1000.0	980000	852.2156	151.42003	1019.8179	-105.55744	852.21576	151.41759	1018.3453	-152.31612	-855.0445	112.87079	9111.077625274658
197	10652.965	121.02329	10843.011	10502.046	11323.917	128.24223	11627.97	11102.286	1000.0	1000.0	985000	852.7004	152.0823	1019.7528	-122.19674	852.70056	152.07616	1020.97504	-114.94044	-855.3976	110.54531	9162.172001123428
198	9920.619	1577.7946	10960.296	6777.8364	11019.524	118.09684	11293.279	10782.993	1000.0	1000.0	990000	853.11096	153.41615	1018.0879	-241.57077	853.11163	153.41136	1016.2811	-187.33809	-855.8979	115.66815	9213.553911924362
199	10145.924	423.6953	10482.768	9323.91	10779.354	222.1693	11120.445	10430.003	1000.0	1000.0	995000	854.1844	153.2806	1021.5757	-204.53754	854.1847	153.27798	1022.56995	-234.06949	-856.7696	117.63385	9263.52650141716
